0,000000 -0,524729 
0,100000 -0,527893 
0,200000 -0,530844 
0,300000 -0,527062 
0,400000 -0,526412 
0,500000 -0,529395 
0,600000 -0,528394 
0,700000 -0,529255 
0,800000 -0,530098 
0,900000 -0,530662 
1,000000 -0,529745 
1,100000 -0,530174 
1,200000 -0,530361 
1,300000 -0,530017 
1,400000 -0,528404 
1,500000 -0,527998 
1,600000 -0,531531 
1,700000 -0,530544 
1,800000 -0,523456 
1,900000 -0,527584 
2,000000 -0,528925 
2,100000 -0,528420 
2,200000 -0,526905 
2,300000 -0,529052 
2,400000 -0,529885 
2,500000 -0,510883 
2,600000 -0,410278 
2,700000 -0,353561 
2,800000 -0,319741 
2,900000 -0,285233 
3,000000 -0,263822 
3,100000 -0,250998 
3,200000 -0,245532 
3,300000 -0,252775 
3,400000 -0,336375 
3,500000 -0,483863 
3,600000 -0,579078 
3,700000 -0,484558 
3,800000 -0,370970 
3,900000 -0,305515 
4,000000 -0,268112 
4,100000 -0,247797 
4,200000 -0,235961 
4,300000 -0,228629 
4,400000 -0,225625 
4,500000 -0,223736 
4,600000 -0,222059 
4,700000 -0,220005 
4,800000 -0,218758 
4,900000 -0,219154 
5,000000 -0,218127 
5,100000 -0,217914 
5,200000 -0,218154 
5,300000 -0,218555 
5,400000 -0,217821 
5,500000 -0,218318 
5,600000 -0,217023 
5,700000 -0,217414 
5,800000 -0,218947 
5,900000 -0,217462 
6,000000 -0,218953 
6,100000 -0,217896 
6,200000 -0,216794 
6,300000 -0,217147 
6,400000 -0,218414 
6,500000 -0,217986 
6,600000 -0,217807 
6,700000 -0,218572 
6,800000 -0,216937 
6,900000 -0,217076 
7,000000 -0,218696 
7,100000 -0,216593 
7,200000 -0,217671 
7,300000 -0,217783 
7,400000 -0,218030 
7,500000 -0,217325 
7,600000 -0,217230 
7,700000 -0,216215 
7,800000 -0,217781 
7,900000 -0,218430 
8,000000 -0,219158 
8,100000 -0,219072 
8,200000 -0,217823 
8,300000 -0,219212 
8,400000 -0,219356 
8,500000 -0,217255 
8,600000 -0,216988 
8,700000 -0,216067 
8,800000 -0,216790 
8,900000 -0,216380 
9,000000 -0,217175 
9,100000 -0,218822 
9,200000 -0,219188 
9,300000 -0,217346 
9,400000 -0,219239 
9,500000 -0,217945 
9,600000 -0,217880 
9,700000 -0,217568 
9,800000 -0,217165 
9,900000 -0,218287 
10,000000 -0,218411 
10,100000 -0,219559 
10,200000 -0,217818 
10,300000 -0,217576 
10,400000 -0,218465 
10,500000 -0,218670 
10,600000 -0,217673 
10,700000 -0,219037 
10,800000 -0,219237 
10,900000 -0,217333 
11,000000 -0,217581 
11,100000 -0,216227 
11,200000 -0,216892 
11,300000 -0,215932 
11,400000 -0,218101 
11,500000 -0,218073 
11,600000 -0,218959 
11,700000 -0,220749 
11,800000 -0,219036 
11,900000 -0,218338 
12,000000 -0,217287 
12,100000 -0,217886 
12,200000 -0,218182 
12,300000 -0,218384 
12,400000 -0,219777 
12,500000 -0,220601 
12,600000 -0,223595 
12,700000 -0,236338 
12,800000 -0,257745 
12,900000 -0,274597 
13,000000 -0,286563 
13,100000 -0,288826 
13,200000 -0,283872 
13,300000 -0,266199 
13,400000 -0,246990 
13,500000 -0,236975 
13,600000 -0,236016 
13,700000 -0,248414 
13,800000 -0,267526 
13,900000 -0,285437 
14,000000 -0,293430 
14,100000 -0,296540 
14,200000 -0,292250 
14,300000 -0,273016 
14,400000 -0,256599 
14,500000 -0,256850 
14,600000 -0,291405 
14,700000 -0,379750 
14,800000 -0,484748 
14,900000 -0,565013 
15,000000 -0,606950 
15,100000 -0,603880 
15,200000 -0,554706 
15,300000 -0,445498 
15,400000 -0,361388 
15,500000 -0,343592 
15,600000 -0,432629 
15,700000 -0,662782 
15,800000 -0,912887 
15,900000 -1,104640 
16,000000 -1,189491 
16,100000 -1,172630 
16,200000 -1,039381 
16,300000 -0,759827 
16,400000 -0,534534 
16,500000 -0,426555 
16,600000 -0,414539 
16,700000 -0,477541 
16,800000 -0,555519 
16,900000 -0,608490 
17,000000 -0,628095 
17,100000 -0,607406 
17,200000 -0,542473 
17,300000 -0,431346 
17,400000 -0,344636 
17,500000 -0,318028 
17,600000 -0,340564 
17,700000 -0,392650 
17,800000 -0,443766 
17,900000 -0,474087 
18,000000 -0,478331 
18,100000 -0,458250 
18,200000 -0,406293 
18,300000 -0,339240 
18,400000 -0,300354 
18,500000 -0,348281 
18,600000 -0,496243 
18,700000 -0,678364 
18,800000 -0,821259 
18,900000 -0,899405 
19,000000 -0,912426 
19,100000 -0,852094 
19,200000 -0,695170 
19,300000 -0,507161 
19,400000 -0,388089 
19,500000 -0,319637 
19,600000 -0,290192 
19,700000 -0,277208 
19,800000 -0,271128 
19,900000 -0,268277 
20,000000 -0,263515 
20,100000 -0,259574 
20,200000 -0,252114 
20,300000 -0,244609 
20,400000 -0,245487 
20,500000 -0,271439 
20,600000 -0,318198 
20,700000 -0,361942 
20,800000 -0,390846 
20,900000 -0,406326 
21,000000 -0,401801 
21,100000 -0,380402 
21,200000 -0,332089 
21,300000 -0,284493 
21,400000 -0,257501 
21,500000 -0,242516 
21,600000 -0,233860 
21,700000 -0,229924 
21,800000 -0,227079 
21,900000 -0,225218 
22,000000 -0,223767 
22,100000 -0,223521 
22,200000 -0,222090 
22,300000 -0,220982 
22,400000 -0,219805 
22,500000 -0,220895 
22,600000 -0,221336 
22,700000 -0,222652 
22,800000 -0,223843 
22,900000 -0,221840 
23,000000 -0,221148 
23,100000 -0,222003 
23,200000 -0,222565 
23,300000 -0,220585 
23,400000 -0,218552 
23,500000 -0,217469 
23,600000 -0,218078 
23,700000 -0,219882 
23,800000 -0,219129 
23,900000 -0,219933 
24,000000 -0,218081 
24,100000 -0,219521 
24,200000 -0,218712 
24,300000 -0,219215 
24,400000 -0,222386 
24,500000 -0,226447 
24,600000 -0,235389 
24,700000 -0,242094 
24,800000 -0,245707 
24,900000 -0,246554 
25,000000 -0,247108 
25,100000 -0,240748 
25,200000 -0,231100 
25,300000 -0,227310 
25,400000 -0,230431 
25,500000 -0,245185 
25,600000 -0,273530 
25,700000 -0,299325 
25,800000 -0,310655 
25,900000 -0,315087 
26,000000 -0,309143 
26,100000 -0,292112 
26,200000 -0,269883 
26,300000 -0,261402 
26,400000 -0,284746 
26,500000 -0,360042 
26,600000 -0,495851 
26,700000 -0,608479 
26,800000 -0,675456 
26,900000 -0,689117 
27,000000 -0,667918 
27,100000 -0,579468 
27,200000 -0,451442 
27,300000 -0,367904 
27,400000 -0,358071 
27,500000 -0,429874 
27,600000 -0,577548 
27,700000 -0,697014 
27,800000 -0,765480 
27,900000 -0,784796 
28,000000 -0,755266 
28,100000 -0,673303 
28,200000 -0,561427 
28,300000 -0,609903 
28,400000 -0,934862 
28,500000 -1,728623 
28,600000 -2,930726 
28,700000 -3,886114 
28,800000 -4,290939 
28,900000 -4,237678 
29,000000 -3,825073 
29,100000 -2,849480 
29,200000 -1,721198 
29,300000 -1,047289 
29,400000 -0,726395 
29,500000 -0,583671 
29,600000 -0,532514 
29,700000 -0,524707 
29,800000 -0,514159 
29,900000 -0,500293 
30,000000 -0,462067 
30,100000 -0,408642 
30,200000 -0,339543 
30,300000 -0,294257 
30,400000 -0,272324 
30,500000 -0,270155 
30,600000 -0,277178 
30,700000 -0,287958 
30,800000 -0,291396 
30,900000 -0,290131 
31,000000 -0,283504 
31,100000 -0,272430 
31,200000 -0,255778 
31,300000 -0,254052 
31,400000 -0,272824 
31,500000 -0,317796 
31,600000 -0,380017 
31,700000 -0,432377 
31,800000 -0,461233 
31,900000 -0,464424 
32,000000 -0,441927 
32,100000 -0,392288 
32,200000 -0,331723 
32,300000 -0,300863 
32,400000 -0,309800 
32,500000 -0,356889 
32,600000 -0,411192 
32,700000 -0,453117 
32,800000 -0,467786 
32,900000 -0,463750 
33,000000 -0,434081 
33,100000 -0,369160 
33,200000 -0,307334 
33,300000 -0,271284 
33,400000 -0,251170 
33,500000 -0,240544 
33,600000 -0,235851 
33,700000 -0,232541 
33,800000 -0,231308 
33,900000 -0,229641 
34,000000 -0,228817 
34,100000 -0,225943 
34,200000 -0,222967 
34,300000 -0,223034 
34,400000 -0,223238 
34,500000 -0,224778 
34,600000 -0,223369 
34,700000 -0,225458 
34,800000 -0,227243 
34,900000 -0,225924 
35,000000 -0,225698 
35,100000 -0,224378 
35,200000 -0,222346 
35,300000 -0,222464 
35,400000 -0,219907 
35,500000 -0,218454 
35,600000 -0,220957 
35,700000 -0,218808 
35,800000 -0,220546 
35,900000 -0,219314 
36,000000 -0,218205 
36,100000 -0,218525 
36,200000 -0,219322 
36,300000 -0,220635 
36,400000 -0,222772 
36,500000 -0,226552 
36,600000 -0,231323 
36,700000 -0,234299 
36,800000 -0,237246 
36,900000 -0,236773 
37,000000 -0,235133 
37,100000 -0,229973 
37,200000 -0,226604 
37,300000 -0,227093 
37,400000 -0,232618 
37,500000 -0,243980 
37,600000 -0,257261 
37,700000 -0,267455 
37,800000 -0,272455 
37,900000 -0,271498 
38,000000 -0,263867 
38,100000 -0,251993 
38,200000 -0,239733 
38,300000 -0,235812 
38,400000 -0,239981 
38,500000 -0,253474 
38,600000 -0,269525 
38,700000 -0,280515 
38,800000 -0,287463 
38,900000 -0,285765 
39,000000 -0,278352 
39,100000 -0,263261 
39,200000 -0,247490 
39,300000 -0,244656 
39,400000 -0,256516 
39,500000 -0,286268 
39,600000 -0,322692 
39,700000 -0,351499 
39,800000 -0,370142 
39,900000 -0,366718 
40,000000 -0,350814 
40,100000 -0,315705 
40,200000 -0,281792 
40,300000 -0,264692 
40,400000 -0,271078 
40,500000 -0,298627 
40,600000 -0,333733 
40,700000 -0,358725 
40,800000 -0,369624 
40,900000 -0,365378 
41,000000 -0,346039 
41,100000 -0,308407 
41,200000 -0,274843 
41,300000 -0,262001 
41,400000 -0,268792 
41,500000 -0,296779 
41,600000 -0,335476 
41,700000 -0,368500 
41,800000 -0,385298 
41,900000 -0,382638 
42,000000 -0,365005 
42,100000 -0,323725 
42,200000 -0,288611 
42,300000 -0,271093 
42,400000 -0,281637 
42,500000 -0,318937 
42,600000 -0,365855 
42,700000 -0,401759 
42,800000 -0,422028 
42,900000 -0,424519 
43,000000 -0,403667 
43,100000 -0,366066 
43,200000 -0,350826 
43,300000 -0,416871 
43,400000 -0,625101 
43,500000 -1,037093 
43,600000 -1,520868 
43,700000 -1,918582 
43,800000 -2,136980 
43,900000 -2,097127 
44,000000 -1,820011 
44,100000 -1,311781 
44,200000 -0,863895 
44,300000 -0,600803 
44,400000 -0,476030 
44,500000 -0,436284 
44,600000 -0,430274 
44,700000 -0,438197 
44,800000 -0,438131 
44,900000 -0,425313 
45,000000 -0,390056 
45,100000 -0,334483 
45,200000 -0,288064 
45,300000 -0,266409 
45,400000 -0,259662 
45,500000 -0,268368 
45,600000 -0,284901 
45,700000 -0,298939 
45,800000 -0,310710 
45,900000 -0,311161 
46,000000 -0,301106 
46,100000 -0,277864 
46,200000 -0,254921 
46,300000 -0,241150 
46,400000 -0,239229 
46,500000 -0,242968 
46,600000 -0,252316 
46,700000 -0,257747 
46,800000 -0,263025 
46,900000 -0,264969 
47,000000 -0,258708 
47,100000 -0,250688 
47,200000 -0,238153 
47,300000 -0,230106 
47,400000 -0,228826 
47,500000 -0,234463 
47,600000 -0,239384 
47,700000 -0,242734 
47,800000 -0,245147 
47,900000 -0,243447 
48,000000 -0,238384 
48,100000 -0,232815 
48,200000 -0,228503 
48,300000 -0,224608 
48,400000 -0,222007 
48,500000 -0,221933 
48,600000 -0,222640 
48,700000 -0,221679 
48,800000 -0,222360 
48,900000 -0,222576 
49,000000 -0,222121 
49,100000 -0,220034 
49,200000 -0,219971 
49,300000 -0,219546 
49,400000 -0,220817 
49,500000 -0,221646 
49,600000 -0,221353 
49,700000 -0,223042 
49,800000 -0,223215 
49,900000 -0,224344 
50,000000 -0,222952 
50,100000 -0,221587 
50,200000 -0,220746 
50,300000 -0,222053 
50,400000 -0,222922 
50,500000 -0,227719 
50,600000 -0,231850 
50,700000 -0,237766 
50,800000 -0,239317 
50,900000 -0,239759 
51,000000 -0,237208 
51,100000 -0,231106 
51,200000 -0,226699 
51,300000 -0,223630 
51,400000 -0,224488 
51,500000 -0,226558 
51,600000 -0,228841 
51,700000 -0,232677 
51,800000 -0,233757 
51,900000 -0,234605 
52,000000 -0,234101 
52,100000 -0,229217 
52,200000 -0,225078 
52,300000 -0,221946 
52,400000 -0,221620 
52,500000 -0,223546 
52,600000 -0,225635 
52,700000 -0,227116 
52,800000 -0,229404 
52,900000 -0,228905 
53,000000 -0,228385 
53,100000 -0,226491 
53,200000 -0,223846 
53,300000 -0,221685 
53,400000 -0,220864 
53,500000 -0,224090 
53,600000 -0,225565 
53,700000 -0,228456 
53,800000 -0,230515 
53,900000 -0,231207 
54,000000 -0,229622 
54,100000 -0,226802 
54,200000 -0,223260 
54,300000 -0,221424 
54,400000 -0,221760 
54,500000 -0,222350 
54,600000 -0,220776 
54,700000 -0,222221 
54,800000 -0,224095 
54,900000 -0,224504 
55,000000 -0,224991 
55,100000 -0,223205 
55,200000 -0,219571 
55,300000 -0,219891 
55,400000 -0,219375 
55,500000 -0,222122 
55,600000 -0,224350 
55,700000 -0,225834 
55,800000 -0,226019 
55,900000 -0,226250 
56,000000 -0,226022 
56,100000 -0,223902 
56,200000 -0,223354 
56,300000 -0,220187 
56,400000 -0,220611 
56,500000 -0,221597 
56,600000 -0,222897 
56,700000 -0,223548 
56,800000 -0,225258 
56,900000 -0,226025 
57,000000 -0,224597 
57,100000 -0,223940 
57,200000 -0,222101 
57,300000 -0,220755 
57,400000 -0,221602 
57,500000 -0,224467 
57,600000 -0,227554 
57,700000 -0,231500 
57,800000 -0,234885 
57,900000 -0,235862 
58,000000 -0,237288 
58,100000 -0,236137 
58,200000 -0,234149 
58,300000 -0,239920 
58,400000 -0,262434 
58,500000 -0,322495 
58,600000 -0,427982 
58,700000 -0,544190 
58,800000 -0,628708 
58,900000 -0,659891 
59,000000 -0,651492 
59,100000 -0,583384 
59,200000 -0,444224 
59,300000 -0,342258 
59,400000 -0,291528 
59,500000 -0,262647 
59,600000 -0,251923 
59,700000 -0,246783 
59,800000 -0,242134 
59,900000 -0,241616 
60,000000 -0,239008 
60,100000 -0,233625 
60,200000 -0,229442 
60,300000 -0,224456 
60,400000 -0,222509 
60,500000 -0,220759 
60,600000 -0,221897 
60,700000 -0,221329 
60,800000 -0,219813 
60,900000 -0,220065 
61,000000 -0,220648 
61,100000 -0,220773 
61,200000 -0,218940 
61,300000 -0,219338 
61,400000 -0,221273 
61,500000 -0,220461 
61,600000 -0,219405 
61,700000 -0,220092 
61,800000 -0,220118 
61,900000 -0,220013 
62,000000 -0,218656 
62,100000 -0,218545 
62,200000 -0,218900 
62,300000 -0,218800 
62,400000 -0,219073 
62,500000 -0,220268 
62,600000 -0,220355 
62,700000 -0,219101 
62,800000 -0,220444 
62,900000 -0,219795 
63,000000 -0,220903 
63,100000 -0,219425 
63,200000 -0,218763 
63,300000 -0,217550 
63,400000 -0,219339 
63,500000 -0,218411 
63,600000 -0,219007 
63,700000 -0,220521 
63,800000 -0,219728 
63,900000 -0,220153 
64,000000 -0,219018 
64,100000 -0,219481 
64,200000 -0,221368 
64,300000 -0,218732 
64,400000 -0,218119 
64,500000 -0,219436 
64,600000 -0,220212 
64,700000 -0,218226 
64,800000 -0,220580 
64,900000 -0,221090 
65,000000 -0,219911 
65,100000 -0,219594 
65,200000 -0,219387 
65,300000 -0,219131 
65,400000 -0,218665 
65,500000 -0,220494 
65,600000 -0,219211 
65,700000 -0,220036 
65,800000 -0,220200 
65,900000 -0,219471 
66,000000 -0,221305 
66,100000 -0,219194 
66,200000 -0,219707 
66,300000 -0,219565 
66,400000 -0,219347 
66,500000 -0,219300 
66,600000 -0,221223 
66,700000 -0,224087 
66,800000 -0,226461 
66,900000 -0,226848 
67,000000 -0,225663 
67,100000 -0,224600 
67,200000 -0,220772 
67,300000 -0,220310 
67,400000 -0,220163 
67,500000 -0,218459 
67,600000 -0,220142 
67,700000 -0,220036 
67,800000 -0,219574 
67,900000 -0,219160 
68,000000 -0,218995 
68,100000 -0,217721 
68,200000 -0,218978 
68,300000 -0,218635 
68,400000 -0,219453 
68,500000 -0,218196 
68,600000 -0,218303 
68,700000 -0,218965 
68,800000 -0,219287 
68,900000 -0,219095 
69,000000 -0,220376 
69,100000 -0,220114 
69,200000 -0,220653 
69,300000 -0,219364 
69,400000 -0,221895 
69,500000 -0,224287 
69,600000 -0,233685 
69,700000 -0,245816 
69,800000 -0,254789 
69,900000 -0,259423 
70,000000 -0,259468 
70,100000 -0,249562 
70,200000 -0,238585 
70,300000 -0,229811 
70,400000 -0,224628 
70,500000 -0,221400 
70,600000 -0,221553 
70,700000 -0,220162 
70,800000 -0,221100 
70,900000 -0,221059 
71,000000 -0,220560 
71,100000 -0,219008 
71,200000 -0,218641 
71,300000 -0,218155 
71,400000 -0,218634 
71,500000 -0,219038 
71,600000 -0,217711 
71,700000 -0,218130 
71,800000 -0,218555 
71,900000 -0,218653 
72,000000 -0,218125 
72,100000 -0,219260 
72,200000 -0,219549 
72,300000 -0,218496 
72,400000 -0,217794 
72,500000 -0,218318 
72,600000 -0,218844 
72,700000 -0,218062 
72,800000 -0,218285 
72,900000 -0,219524 
73,000000 -0,218799 
73,100000 -0,218012 
73,200000 -0,218516 
73,300000 -0,218789 
73,400000 -0,218396 
73,500000 -0,218047 
73,600000 -0,218269 
73,700000 -0,218923 
73,800000 -0,219411 
73,900000 -0,217962 
74,000000 -0,219761 
74,100000 -0,219062 
74,200000 -0,218045 
74,300000 -0,218629 
74,400000 -0,219381 
74,500000 -0,219059 
74,600000 -0,219666 
74,700000 -0,218237 
74,800000 -0,218660 
74,900000 -0,217969 
75,000000 -0,219437 
75,100000 -0,219927 
75,200000 -0,219389 
75,300000 -0,218422 
75,400000 -0,218696 
75,500000 -0,219208 
75,600000 -0,218883 
75,700000 -0,218752 
75,800000 -0,219012 
75,900000 -0,217948 
76,000000 -0,218297 
76,100000 -0,221882 
76,200000 -0,219906 
76,300000 -0,218733 
76,400000 -0,218563 
76,500000 -0,218015 
76,600000 -0,218530 
76,700000 -0,219160 
76,800000 -0,219782 
76,900000 -0,219327 
77,000000 -0,217714 
77,100000 -0,218521 
77,200000 -0,218718 
77,300000 -0,218439 
77,400000 -0,218794 
77,500000 -0,219349 
77,600000 -0,218439 
77,700000 -0,217929 
77,800000 -0,218913 
77,900000 -0,219216 
78,000000 -0,220408 
78,100000 -0,220465 
78,200000 -0,218638 
78,300000 -0,219570 
78,400000 -0,218889 
78,500000 -0,220117 
78,600000 -0,218889 
78,700000 -0,220052 
78,800000 -0,219621 
78,900000 -0,220573 
79,000000 -0,218864 
79,100000 -0,217726 
79,200000 -0,218907 
79,300000 -0,219402 
79,400000 -0,219281 
79,500000 -0,217311 
79,600000 -0,218247 
79,700000 -0,218856 
79,800000 -0,218755 
79,900000 -0,219217 
80,000000 -0,221506 
80,100000 -0,219332 
80,200000 -0,218923 
80,300000 -0,218846 
80,400000 -0,219118 
80,500000 -0,218975 
80,600000 -0,220088 
80,700000 -0,217840 
80,800000 -0,217748 
80,900000 -0,218491 
81,000000 -0,219157 
81,100000 -0,218880 
81,200000 -0,218799 
81,300000 -0,219313 
81,400000 -0,219499 
81,500000 -0,218348 
81,600000 -0,219451 
81,700000 -0,218457 
81,800000 -0,218993 
81,900000 -0,219421 
82,000000 -0,220487 
82,100000 -0,220181 
82,200000 -0,220005 
82,300000 -0,220353 
82,400000 -0,218969 
82,500000 -0,218783 
82,600000 -0,218978 
82,700000 -0,218804 
82,800000 -0,219036 
82,900000 -0,220177 
83,000000 -0,220304 
83,100000 -0,219604 
83,200000 -0,219452 
83,300000 -0,218671 
83,400000 -0,219149 
83,500000 -0,219682 
83,600000 -0,220682 
83,700000 -0,219526 
83,800000 -0,219973 
83,900000 -0,218439 
84,000000 -0,218417 
84,100000 -0,216665 
84,200000 -0,219000 
84,300000 -0,219676 
84,400000 -0,218308 
84,500000 -0,218270 
84,600000 -0,219424 
84,700000 -0,218514 
84,800000 -0,219740 
84,900000 -0,219026 
85,000000 -0,218560 
85,100000 -0,218825 
85,200000 -0,218421 
85,300000 -0,218233 
85,400000 -0,220024 
85,500000 -0,221319 
85,600000 -0,219286 
85,700000 -0,218360 
85,800000 -0,219129 
85,900000 -0,219917 
86,000000 -0,219830 
86,100000 -0,219277 
86,200000 -0,220214 
86,300000 -0,219957 
86,400000 -0,217815 
86,500000 -0,219279 
86,600000 -0,218622 
86,700000 -0,219620 
86,800000 -0,219678 
86,900000 -0,219794 
87,000000 -0,220380 
87,100000 -0,219494 
87,200000 -0,219143 
87,300000 -0,218678 
87,400000 -0,219490 
87,500000 -0,219184 
87,600000 -0,219084 
87,700000 -0,218222 
87,800000 -0,219706 
87,900000 -0,219037 
88,000000 -0,219397 
88,100000 -0,218957 
88,200000 -0,218910 
88,300000 -0,219024 
88,400000 -0,218866 
88,500000 -0,217323 
88,600000 -0,218757 
88,700000 -0,218763 
88,800000 -0,219574 
88,900000 -0,219594 
89,000000 -0,218670 
89,100000 -0,219300 
89,200000 -0,220038 
89,300000 -0,219036 
89,400000 -0,219207 
89,500000 -0,219781 
89,600000 -0,220352 
89,700000 -0,219149 
89,800000 -0,219925 
89,900000 -0,219880 
90,000000 -0,220258 
90,100000 -0,219903 
90,200000 -0,219185 
90,300000 -0,218885 
90,400000 -0,219291 
90,500000 -0,219325 
90,600000 -0,219154 
90,700000 -0,219676 
90,800000 -0,219646 
90,900000 -0,218866 
91,000000 -0,219827 
91,100000 -0,219727 
91,200000 -0,219004 
91,300000 -0,219775 
91,400000 -0,218065 
91,500000 -0,218768 
91,600000 -0,218385 
91,700000 -0,218518 
91,800000 -0,219495 
91,900000 -0,218323 
92,000000 -0,218787 
92,100000 -0,218834 
92,200000 -0,219641 
92,300000 -0,219826 
92,400000 -0,218927 
92,500000 -0,219614 
92,600000 -0,220093 
92,700000 -0,220065 
92,800000 -0,219702 
92,900000 -0,218972 
93,000000 -0,220698 
93,100000 -0,219724 
93,200000 -0,219101 
93,300000 -0,219099 
93,400000 -0,217626 
93,500000 -0,219100 
93,600000 -0,218128 
93,700000 -0,218863 
93,800000 -0,218619 
93,900000 -0,218427 
94,000000 -0,218471 
94,100000 -0,219010 
94,200000 -0,218051 
94,300000 -0,218768 
94,400000 -0,219169 
94,500000 -0,218202 
94,600000 -0,218320 
94,700000 -0,217503 
94,800000 -0,218274 
94,900000 -0,219392 
95,000000 -0,218516 
95,100000 -0,219399 
95,200000 -0,218921 
95,300000 -0,217885 
95,400000 -0,218736 
95,500000 -0,219127 
95,600000 -0,219005 
95,700000 -0,219052 
95,800000 -0,219364 
95,900000 -0,219740 
96,000000 -0,218576 
96,100000 -0,219013 
96,200000 -0,218193 
96,300000 -0,218201 
96,400000 -0,218646 
96,500000 -0,218406 
96,600000 -0,219901 
96,700000 -0,218467 
96,800000 -0,218597 
96,900000 -0,219219 
97,000000 -0,218576 
97,100000 -0,217235 
97,200000 -0,219744 
97,300000 -0,218164 
97,400000 -0,218901 
97,500000 -0,218031 
97,600000 -0,218040 
97,700000 -0,218116 
97,800000 -0,217421 
97,900000 -0,218549 
98,000000 -0,220179 
98,100000 -0,220946 
98,200000 -0,219168 
98,300000 -0,220345 
98,400000 -0,219708 
98,500000 -0,221097 
98,600000 -0,220185 
98,700000 -0,220566 
98,800000 -0,221046 
98,900000 -0,220549 
99,000000 -0,220384 
99,100000 -0,219770 
99,200000 -0,221076 
99,300000 -0,220644 
99,400000 -0,219208 
99,500000 -0,221031 
99,600000 -0,220703 
99,700000 -0,219925 
99,800000 -0,221195 
99,900000 -0,220850 
100,000000 -0,220708 
