20,000000 -0,643067 
20,100000 -1,050713 
20,200000 -1,309117 
20,300000 -1,403618 
20,400000 -1,374512 
20,500000 -1,062133 
20,600000 -0,725109 
20,700000 -0,506385 
20,800000 -0,386855 
20,900000 -0,317679 
21,000000 -0,277652 
21,100000 -0,253890 
21,200000 -0,238153 
21,300000 -0,229008 
21,400000 -0,223893 
21,500000 -0,220385 
21,600000 -0,219589 
21,700000 -0,216924 
21,800000 -0,215490 
21,900000 -0,216309 
22,000000 -0,214699 
22,100000 -0,214399 
22,200000 -0,215981 
22,300000 -0,214943 
22,400000 -0,214028 
22,500000 -0,214671 
22,600000 -0,213001 
22,700000 -0,213179 
22,800000 -0,211943 
22,900000 -0,213300 
23,000000 -0,211047 
23,100000 -0,212862 
23,200000 -0,212145 
23,300000 -0,211456 
23,400000 -0,212024 
23,500000 -0,211226 
23,600000 -0,211467 
23,700000 -0,212764 
23,800000 -0,211147 
23,900000 -0,211807 
24,000000 -0,212380 
24,100000 -0,211687 
24,200000 -0,212393 
24,300000 -0,213746 
24,400000 -0,210748 
24,500000 -0,211198 
24,600000 -0,210233 
24,700000 -0,207750 
24,800000 -0,210490 
24,900000 -0,210351 
25,000000 -0,210131 
25,100000 -0,209963 
25,200000 -0,211273 
25,300000 -0,211382 
25,400000 -0,210083 
25,500000 -0,209778 
25,600000 -0,207833 
25,700000 -0,207495 
25,800000 -0,210576 
25,900000 -0,215226 
26,000000 -0,222290 
26,100000 -0,225778 
26,200000 -0,227697 
26,300000 -0,230344 
26,400000 -0,228599 
26,500000 -0,222861 
26,600000 -0,219357 
26,700000 -0,218521 
26,800000 -0,226509 
26,900000 -0,244579 
27,000000 -0,266082 
27,100000 -0,285587 
27,200000 -0,298314 
27,300000 -0,306799 
27,400000 -0,314393 
27,500000 -0,323478 
27,600000 -0,457094 
27,700000 -0,855321 
27,800000 -1,933797 
27,900000 -3,919874 
28,000000 -6,246576 
28,100000 -7,944381 
28,200000 -8,527713 
28,300000 -8,255008 
28,400000 -7,267696 
28,500000 -5,248552 
28,600000 -2,912923 
28,700000 -1,551945 
28,800000 -0,946639 
28,900000 -0,683215 
29,000000 -0,542567 
29,100000 -0,461288 
29,200000 -0,409031 
29,300000 -0,377447 
29,400000 -0,344776 
29,500000 -0,314170 
29,600000 -0,289328 
29,700000 -0,299731 
29,800000 -0,363575 
29,900000 -0,478356 
30,000000 -0,591739 
30,100000 -0,676080 
30,200000 -0,714949 
30,300000 -0,711817 
30,400000 -0,662076 
30,500000 -0,553299 
30,600000 -0,424914 
30,700000 -0,345313 
30,800000 -0,309361 
30,900000 -0,301566 
31,000000 -0,304191 
31,100000 -0,310013 
31,200000 -0,312368 
31,300000 -0,309819 
31,400000 -0,302193 
31,500000 -0,291574 
31,600000 -0,289978 
31,700000 -0,368320 
31,800000 -0,576967 
31,900000 -0,886057 
32,000000 -1,178924 
32,100000 -1,389035 
32,200000 -1,478603 
32,300000 -1,428370 
32,400000 -1,289947 
32,500000 -0,982652 
32,600000 -0,675865 
32,700000 -0,485191 
32,800000 -0,377095 
32,900000 -0,314766 
33,000000 -0,278450 
33,100000 -0,257351 
33,200000 -0,243946 
33,300000 -0,235142 
33,400000 -0,228250 
33,500000 -0,224238 
33,600000 -0,220383 
33,700000 -0,219436 
33,800000 -0,218545 
33,900000 -0,220044 
34,000000 -0,219531 
34,100000 -0,220844 
34,200000 -0,218858 
34,300000 -0,220424 
34,400000 -0,220473 
34,500000 -0,218142 
34,600000 -0,216624 
34,700000 -0,215547 
34,800000 -0,215636 
34,900000 -0,214945 
35,000000 -0,216253 
35,100000 -0,216121 
35,200000 -0,214680 
35,300000 -0,214790 
35,400000 -0,213615 
35,500000 -0,213287 
35,600000 -0,215242 
35,700000 -0,213885 
35,800000 -0,219642 
35,900000 -0,224266 
36,000000 -0,227000 
36,100000 -0,230666 
36,200000 -0,231797 
36,300000 -0,229268 
36,400000 -0,226101 
36,500000 -0,222919 
36,600000 -0,218801 
36,700000 -0,217368 
36,800000 -0,215796 
36,900000 -0,215788 
37,000000 -0,215233 
37,100000 -0,214546 
37,200000 -0,215606 
37,300000 -0,214150 
37,400000 -0,213563 
37,500000 -0,213939 
37,600000 -0,213921 
37,700000 -0,215300 
37,800000 -0,216808 
37,900000 -0,216530 
38,000000 -0,216962 
38,100000 -0,219006 
38,200000 -0,218617 
38,300000 -0,219220 
38,400000 -0,216807 
38,500000 -0,218709 
38,600000 -0,218564 
38,700000 -0,218381 
38,800000 -0,217698 
38,900000 -0,218753 
39,000000 -0,220540 
39,100000 -0,223106 
39,200000 -0,228605 
39,300000 -0,235825 
39,400000 -0,250229 
39,500000 -0,288994 
39,600000 -0,409653 
39,700000 -0,712099 
39,800000 -1,425163 
39,900000 -2,875877 
40,000000 -4,322675 
40,100000 -5,044208 
40,200000 -5,143602 
40,300000 -4,743127 
40,400000 -3,734385 
40,500000 -2,248644 
40,600000 -1,307181 
40,700000 -0,808072 
40,800000 -0,566992 
40,900000 -0,432534 
41,000000 -0,353852 
41,100000 -0,306508 
41,200000 -0,275929 
41,300000 -0,255630 
41,400000 -0,244175 
41,500000 -0,234503 
41,600000 -0,229535 
41,700000 -0,225474 
41,800000 -0,221797 
41,900000 -0,222671 
