0,000000 -0,030917 
0,100000 -0,039299 
0,200000 -0,043496 
0,300000 -0,046147 
0,400000 -0,047395 
0,500000 -0,048317 
0,600000 -0,048648 
0,700000 -0,049288 
0,800000 -0,049076 
0,900000 -0,049447 
1,000000 -0,049547 
1,100000 -0,049799 
1,200000 -0,049788 
1,300000 -0,049473 
1,400000 -0,049619 
1,500000 -0,049840 
1,600000 -0,049813 
1,700000 -0,050065 
1,800000 -0,050024 
1,900000 -0,044393 
2,000000 -0,035722 
2,100000 -0,030602 
2,200000 -0,027418 
2,300000 -0,025431 
2,400000 -0,024021 
2,500000 -0,023137 
2,600000 -0,022762 
2,700000 -0,022591 
2,800000 -0,022970 
2,900000 -0,023601 
3,000000 -0,023898 
3,100000 -0,023076 
3,200000 -0,022793 
3,300000 -0,022375 
3,400000 -0,022205 
3,500000 -0,022213 
3,600000 -0,022125 
3,700000 -0,021936 
3,800000 -0,021964 
3,900000 -0,021963 
4,000000 -0,022040 
4,100000 -0,021933 
4,200000 -0,021772 
4,300000 -0,021955 
4,400000 -0,021760 
4,500000 -0,021959 
4,600000 -0,021944 
4,700000 -0,022004 
4,800000 -0,021926 
4,900000 -0,021857 
5,000000 -0,021907 
5,100000 -0,021924 
5,200000 -0,021945 
5,300000 -0,021972 
5,400000 -0,021931 
5,500000 -0,021837 
5,600000 -0,021917 
5,700000 -0,021966 
5,800000 -0,021741 
5,900000 -0,021879 
6,000000 -0,022004 
6,100000 -0,021866 
6,200000 -0,021898 
6,300000 -0,021881 
6,400000 -0,021765 
6,500000 -0,021939 
6,600000 -0,021953 
6,700000 -0,021734 
6,800000 -0,021966 
6,900000 -0,021985 
7,000000 -0,022025 
7,100000 -0,021957 
7,200000 -0,022018 
7,300000 -0,021948 
7,400000 -0,022021 
7,500000 -0,022029 
7,600000 -0,021943 
7,700000 -0,022054 
7,800000 -0,021884 
7,900000 -0,022032 
8,000000 -0,022013 
8,100000 -0,021920 
8,200000 -0,021887 
8,300000 -0,021928 
8,400000 -0,021994 
8,500000 -0,022075 
8,600000 -0,021825 
8,700000 -0,022116 
8,800000 -0,022103 
8,900000 -0,021898 
9,000000 -0,021774 
9,100000 -0,022006 
9,200000 -0,022148 
9,300000 -0,021949 
9,400000 -0,022041 
9,500000 -0,022104 
9,600000 -0,021963 
9,700000 -0,021947 
9,800000 -0,022003 
9,900000 -0,021990 
10,000000 -0,022014 
10,100000 -0,022014 
10,200000 -0,021958 
10,300000 -0,021917 
10,400000 -0,022074 
10,500000 -0,021905 
10,600000 -0,022082 
10,700000 -0,022009 
10,800000 -0,021928 
10,900000 -0,021933 
11,000000 -0,021828 
11,100000 -0,021983 
11,200000 -0,021892 
11,300000 -0,022064 
11,400000 -0,021914 
11,500000 -0,021947 
11,600000 -0,021914 
11,700000 -0,021936 
11,800000 -0,021861 
11,900000 -0,022051 
12,000000 -0,021955 
12,100000 -0,022126 
12,200000 -0,022535 
12,300000 -0,022844 
12,400000 -0,022965 
12,500000 -0,023016 
12,600000 -0,022762 
12,700000 -0,022333 
12,800000 -0,022173 
12,900000 -0,022121 
13,000000 -0,022119 
13,100000 -0,022200 
13,200000 -0,022148 
13,300000 -0,022597 
13,400000 -0,024590 
13,500000 -0,026363 
13,600000 -0,027505 
13,700000 -0,027936 
13,800000 -0,027958 
13,900000 -0,027225 
14,000000 -0,026697 
14,100000 -0,027934 
14,200000 -0,029859 
14,300000 -0,031360 
14,400000 -0,031867 
14,500000 -0,030928 
14,600000 -0,028184 
14,700000 -0,025904 
14,800000 -0,024218 
14,900000 -0,023385 
15,000000 -0,022952 
15,100000 -0,022960 
15,200000 -0,023506 
15,300000 -0,023528 
15,400000 -0,023474 
15,500000 -0,023369 
15,600000 -0,022978 
15,700000 -0,022405 
15,800000 -0,022277 
15,900000 -0,022395 
16,000000 -0,023375 
16,100000 -0,024377 
16,200000 -0,025660 
16,300000 -0,026248 
16,400000 -0,026270 
16,500000 -0,025532 
16,600000 -0,024207 
16,700000 -0,023221 
16,800000 -0,023029 
16,900000 -0,023689 
17,000000 -0,025920 
17,100000 -0,028741 
17,200000 -0,031127 
17,300000 -0,032747 
17,400000 -0,032492 
17,500000 -0,030878 
17,600000 -0,027616 
17,700000 -0,025604 
17,800000 -0,025503 
17,900000 -0,028955 
18,000000 -0,037782 
18,100000 -0,048316 
18,200000 -0,056277 
18,300000 -0,060208 
18,400000 -0,060710 
18,500000 -0,054083 
18,600000 -0,042038 
18,700000 -0,033550 
18,800000 -0,028490 
18,900000 -0,025888 
19,000000 -0,024506 
19,100000 -0,023834 
19,200000 -0,023452 
19,300000 -0,023547 
19,400000 -0,023630 
19,500000 -0,023819 
19,600000 -0,025014 
19,700000 -0,030514 
19,800000 -0,051982 
19,900000 -0,104359 
20,000000 -0,181032 
20,100000 -0,254861 
20,200000 -0,297050 
20,300000 -0,310474 
20,400000 -0,297260 
20,500000 -0,213330 
20,600000 -0,129486 
20,700000 -0,081721 
20,800000 -0,055603 
20,900000 -0,041904 
21,000000 -0,033878 
21,100000 -0,029399 
21,200000 -0,026731 
21,300000 -0,025023 
21,400000 -0,023977 
21,500000 -0,023460 
21,600000 -0,023108 
21,700000 -0,022897 
21,800000 -0,022769 
21,900000 -0,022519 
22,000000 -0,022554 
22,100000 -0,022375 
22,200000 -0,022281 
22,300000 -0,022404 
22,400000 -0,022394 
22,500000 -0,022332 
22,600000 -0,022093 
22,700000 -0,022064 
22,800000 -0,022048 
22,900000 -0,022077 
23,000000 -0,022089 
23,100000 -0,022035 
23,200000 -0,022124 
23,300000 -0,022087 
23,400000 -0,022059 
23,500000 -0,021986 
23,600000 -0,022069 
23,700000 -0,022194 
23,800000 -0,021943 
23,900000 -0,021937 
24,000000 -0,021978 
24,100000 -0,021951 
24,200000 -0,022044 
24,300000 -0,021962 
24,400000 -0,021871 
24,500000 -0,021960 
24,600000 -0,021789 
24,700000 -0,021817 
24,800000 -0,021766 
24,900000 -0,021702 
25,000000 -0,021895 
25,100000 -0,021911 
25,200000 -0,021898 
25,300000 -0,021985 
25,400000 -0,021940 
25,500000 -0,021902 
25,600000 -0,021701 
25,700000 -0,021681 
25,800000 -0,021879 
25,900000 -0,022251 
26,000000 -0,022378 
26,100000 -0,022899 
26,200000 -0,022861 
26,300000 -0,022976 
26,400000 -0,022972 
26,500000 -0,022856 
26,600000 -0,022346 
26,700000 -0,022333 
26,800000 -0,022706 
26,900000 -0,023494 
27,000000 -0,024967 
27,100000 -0,025923 
27,200000 -0,026543 
27,300000 -0,026749 
27,400000 -0,026582 
27,500000 -0,026148 
27,600000 -0,027197 
27,700000 -0,034714 
27,800000 -0,055530 
27,900000 -0,092839 
28,000000 -0,134707 
28,100000 -0,163569 
28,200000 -0,178588 
28,300000 -0,177892 
28,400000 -0,165886 
28,500000 -0,130853 
28,600000 -0,086199 
28,700000 -0,057943 
28,800000 -0,043092 
28,900000 -0,035272 
29,000000 -0,031134 
29,100000 -0,028728 
29,200000 -0,027524 
29,300000 -0,026791 
29,400000 -0,025762 
29,500000 -0,024840 
29,600000 -0,023927 
29,700000 -0,024569 
29,800000 -0,027083 
29,900000 -0,031942 
30,000000 -0,036561 
30,100000 -0,039575 
30,200000 -0,041115 
30,300000 -0,040841 
30,400000 -0,039198 
30,500000 -0,034504 
30,600000 -0,029708 
30,700000 -0,026559 
30,800000 -0,025490 
30,900000 -0,025825 
31,000000 -0,026560 
31,100000 -0,026751 
31,200000 -0,027131 
31,300000 -0,026943 
31,400000 -0,026523 
31,500000 -0,025656 
31,600000 -0,024470 
31,700000 -0,024727 
31,800000 -0,027413 
31,900000 -0,031330 
32,000000 -0,035379 
32,100000 -0,037675 
32,200000 -0,038860 
32,300000 -0,038490 
32,400000 -0,036709 
32,500000 -0,032147 
32,600000 -0,027796 
32,700000 -0,025458 
32,800000 -0,024063 
32,900000 -0,023405 
33,000000 -0,023101 
33,100000 -0,022593 
33,200000 -0,022431 
33,300000 -0,022290 
33,400000 -0,022268 
33,500000 -0,022230 
33,600000 -0,022184 
33,700000 -0,022078 
33,800000 -0,021976 
33,900000 -0,022047 
34,000000 -0,022226 
34,100000 -0,022254 
34,200000 -0,022188 
34,300000 -0,022124 
34,400000 -0,021930 
34,500000 -0,022175 
34,600000 -0,022058 
34,700000 -0,022073 
34,800000 -0,022057 
34,900000 -0,021854 
35,000000 -0,021823 
35,100000 -0,022043 
35,200000 -0,022234 
35,300000 -0,022099 
35,400000 -0,022015 
35,500000 -0,022076 
35,600000 -0,022208 
35,700000 -0,022342 
35,800000 -0,023172 
35,900000 -0,024326 
36,000000 -0,025495 
36,100000 -0,025889 
36,200000 -0,026088 
36,300000 -0,025827 
36,400000 -0,025037 
36,500000 -0,024020 
36,600000 -0,023103 
36,700000 -0,022760 
36,800000 -0,022335 
36,900000 -0,022195 
37,000000 -0,022102 
37,100000 -0,022175 
37,200000 -0,022096 
37,300000 -0,022053 
37,400000 -0,022052 
37,500000 -0,022120 
37,600000 -0,022032 
37,700000 -0,022238 
37,800000 -0,022152 
37,900000 -0,022432 
38,000000 -0,022632 
38,100000 -0,022728 
38,200000 -0,022814 
38,300000 -0,022829 
38,400000 -0,022669 
38,500000 -0,022594 
38,600000 -0,022665 
38,700000 -0,022629 
38,800000 -0,022862 
38,900000 -0,023082 
39,000000 -0,023523 
39,100000 -0,024116 
39,200000 -0,025413 
39,300000 -0,026691 
39,400000 -0,029986 
39,500000 -0,038524 
39,600000 -0,067417 
39,700000 -0,141536 
39,800000 -0,335805 
39,900000 -0,761269 
40,000000 -1,120162 
40,100000 -1,271306 
40,200000 -1,261020 
40,300000 -1,132783 
40,400000 -0,843429 
40,500000 -0,451161 
40,600000 -0,224527 
40,700000 -0,128318 
40,800000 -0,083812 
40,900000 -0,059353 
41,000000 -0,045845 
41,100000 -0,036926 
41,200000 -0,031978 
41,300000 -0,028782 
41,400000 -0,026908 
41,500000 -0,025694 
41,600000 -0,024757 
41,700000 -0,024028 
41,800000 -0,023724 
41,900000 -0,023188 
42,000000 -0,023161 
42,100000 -0,023164 
42,200000 -0,023148 
42,300000 -0,022863 
42,400000 -0,022977 
42,500000 -0,022674 
42,600000 -0,022460 
42,700000 -0,022576 
42,800000 -0,022726 
42,900000 -0,022607 
43,000000 -0,022721 
43,100000 -0,022817 
43,200000 -0,022923 
43,300000 -0,022899 
43,400000 -0,022897 
43,500000 -0,022656 
43,600000 -0,022417 
43,700000 -0,022667 
43,800000 -0,023379 
43,900000 -0,025381 
44,000000 -0,026847 
44,100000 -0,027916 
44,200000 -0,028381 
44,300000 -0,028052 
44,400000 -0,027324 
44,500000 -0,025670 
44,600000 -0,023896 
44,700000 -0,023208 
44,800000 -0,022640 
44,900000 -0,022797 
45,000000 -0,023051 
45,100000 -0,023338 
45,200000 -0,023459 
45,300000 -0,023319 
45,400000 -0,023159 
45,500000 -0,022946 
45,600000 -0,022478 
45,700000 -0,022436 
45,800000 -0,022280 
45,900000 -0,022287 
46,000000 -0,022488 
46,100000 -0,022729 
46,200000 -0,022744 
46,300000 -0,022825 
46,400000 -0,022703 
46,500000 -0,022452 
46,600000 -0,022474 
46,700000 -0,022474 
46,800000 -0,022546 
46,900000 -0,022802 
47,000000 -0,023243 
47,100000 -0,023437 
47,200000 -0,023923 
47,300000 -0,023692 
47,400000 -0,023660 
47,500000 -0,022936 
47,600000 -0,022473 
47,700000 -0,022282 
47,800000 -0,022148 
47,900000 -0,022100 
48,000000 -0,022147 
48,100000 -0,022107 
48,200000 -0,022122 
48,300000 -0,022148 
48,400000 -0,021931 
48,500000 -0,022093 
48,600000 -0,022030 
48,700000 -0,022140 
48,800000 -0,021883 
48,900000 -0,021916 
49,000000 -0,022090 
49,100000 -0,022059 
49,200000 -0,022078 
49,300000 -0,022165 
49,400000 -0,021941 
49,500000 -0,021918 
49,600000 -0,021981 
49,700000 -0,021911 
49,800000 -0,022115 
49,900000 -0,022317 
50,000000 -0,022322 
50,100000 -0,022571 
50,200000 -0,022686 
50,300000 -0,022777 
50,400000 -0,022868 
50,500000 -0,022426 
50,600000 -0,022234 
50,700000 -0,022026 
50,800000 -0,022065 
50,900000 -0,022212 
51,000000 -0,022179 
51,100000 -0,022114 
51,200000 -0,021953 
51,300000 -0,022192 
51,400000 -0,022156 
51,500000 -0,022352 
51,600000 -0,021962 
51,700000 -0,022138 
51,800000 -0,021918 
51,900000 -0,021989 
52,000000 -0,021950 
52,100000 -0,021932 
52,200000 -0,021989 
52,300000 -0,021977 
52,400000 -0,022067 
52,500000 -0,021918 
52,600000 -0,022023 
52,700000 -0,021770 
52,800000 -0,022131 
52,900000 -0,021997 
53,000000 -0,021963 
53,100000 -0,021795 
53,200000 -0,021843 
53,300000 -0,021885 
53,400000 -0,022102 
53,500000 -0,021919 
53,600000 -0,022014 
53,700000 -0,021968 
53,800000 -0,022044 
53,900000 -0,022022 
54,000000 -0,021974 
54,100000 -0,022020 
54,200000 -0,022047 
54,300000 -0,022068 
54,400000 -0,021969 
54,500000 -0,022011 
54,600000 -0,021957 
54,700000 -0,021835 
54,800000 -0,021914 
54,900000 -0,021866 
55,000000 -0,022007 
55,100000 -0,022023 
55,200000 -0,021937 
55,300000 -0,022102 
55,400000 -0,022014 
55,500000 -0,022022 
55,600000 -0,021916 
55,700000 -0,021930 
55,800000 -0,021937 
55,900000 -0,021902 
56,000000 -0,021954 
56,100000 -0,021980 
56,200000 -0,022055 
56,300000 -0,022103 
56,400000 -0,022020 
56,500000 -0,021900 
56,600000 -0,021960 
56,700000 -0,021863 
56,800000 -0,022000 
56,900000 -0,021967 
57,000000 -0,021961 
57,100000 -0,021949 
57,200000 -0,022002 
57,300000 -0,021886 
57,400000 -0,021933 
57,500000 -0,021911 
57,600000 -0,021852 
57,700000 -0,021981 
57,800000 -0,022196 
57,900000 -0,022152 
58,000000 -0,022023 
58,100000 -0,022023 
58,200000 -0,021981 
58,300000 -0,022021 
58,400000 -0,021977 
58,500000 -0,021982 
58,600000 -0,022105 
58,700000 -0,021990 
58,800000 -0,021842 
58,900000 -0,021843 
59,000000 -0,021888 
59,100000 -0,022081 
59,200000 -0,022097 
59,300000 -0,022022 
59,400000 -0,022008 
59,500000 -0,022010 
59,600000 -0,022038 
59,700000 -0,021948 
59,800000 -0,021860 
59,900000 -0,022012 
60,000000 -0,022041 
60,100000 -0,022033 
60,200000 -0,021855 
60,300000 -0,021960 
60,400000 -0,022009 
60,500000 -0,021993 
60,600000 -0,021962 
60,700000 -0,022063 
60,800000 -0,021911 
60,900000 -0,021984 
61,000000 -0,021909 
61,100000 -0,022117 
61,200000 -0,021903 
61,300000 -0,022085 
61,400000 -0,022014 
61,500000 -0,021979 
61,600000 -0,021928 
61,700000 -0,021970 
61,800000 -0,022007 
61,900000 -0,022007 
62,000000 -0,022056 
62,100000 -0,021965 
62,200000 -0,021851 
62,300000 -0,022049 
62,400000 -0,021849 
62,500000 -0,021994 
62,600000 -0,022027 
62,700000 -0,021985 
62,800000 -0,021854 
62,900000 -0,021898 
63,000000 -0,021963 
63,100000 -0,021850 
63,200000 -0,022002 
63,300000 -0,022062 
63,400000 -0,021895 
63,500000 -0,021896 
63,600000 -0,021993 
63,700000 -0,021880 
63,800000 -0,021967 
63,900000 -0,021779 
64,000000 -0,022147 
64,100000 -0,022025 
64,200000 -0,022124 
64,300000 -0,022156 
64,400000 -0,021954 
64,500000 -0,021888 
64,600000 -0,022023 
64,700000 -0,021874 
64,800000 -0,022006 
64,900000 -0,021958 
65,000000 -0,021952 
65,100000 -0,021909 
65,200000 -0,022004 
65,300000 -0,021947 
65,400000 -0,022041 
65,500000 -0,022149 
65,600000 -0,022148 
65,700000 -0,022016 
65,800000 -0,022004 
65,900000 -0,022014 
66,000000 -0,022315 
66,100000 -0,022328 
66,200000 -0,022405 
66,300000 -0,022515 
66,400000 -0,022474 
66,500000 -0,022393 
66,600000 -0,022320 
66,700000 -0,022190 
66,800000 -0,022062 
66,900000 -0,021937 
67,000000 -0,021999 
67,100000 -0,021907 
67,200000 -0,021909 
67,300000 -0,021939 
67,400000 -0,022064 
67,500000 -0,022078 
67,600000 -0,022037 
67,700000 -0,022026 
67,800000 -0,021852 
67,900000 -0,022022 
68,000000 -0,022078 
68,100000 -0,022004 
68,200000 -0,021988 
68,300000 -0,022029 
68,400000 -0,022076 
68,500000 -0,022115 
68,600000 -0,022005 
68,700000 -0,021967 
68,800000 -0,021973 
68,900000 -0,022177 
69,000000 -0,022596 
69,100000 -0,023283 
69,200000 -0,023880 
69,300000 -0,024878 
69,400000 -0,024840 
69,500000 -0,024128 
69,600000 -0,023407 
69,700000 -0,022689 
69,800000 -0,022349 
69,900000 -0,022157 
70,000000 -0,021999 
70,100000 -0,022052 
70,200000 -0,022071 
70,300000 -0,022014 
70,400000 -0,021977 
70,500000 -0,022058 
70,600000 -0,022019 
70,700000 -0,022106 
70,800000 -0,021997 
70,900000 -0,021930 
71,000000 -0,021934 
71,100000 -0,021931 
71,200000 -0,021926 
71,300000 -0,021859 
71,400000 -0,022018 
71,500000 -0,021872 
71,600000 -0,021941 
71,700000 -0,021958 
71,800000 -0,022018 
71,900000 -0,021926 
72,000000 -0,022068 
72,100000 -0,021986 
72,200000 -0,021922 
72,300000 -0,021889 
72,400000 -0,022073 
72,500000 -0,022009 
72,600000 -0,021949 
72,700000 -0,021872 
72,800000 -0,021934 
72,900000 -0,021907 
73,000000 -0,021924 
73,100000 -0,021967 
73,200000 -0,021897 
73,300000 -0,021820 
73,400000 -0,021945 
73,500000 -0,022030 
73,600000 -0,021797 
73,700000 -0,021964 
73,800000 -0,021812 
73,900000 -0,021911 
74,000000 -0,021800 
74,100000 -0,021865 
74,200000 -0,021835 
74,300000 -0,021994 
74,400000 -0,021948 
74,500000 -0,021920 
74,600000 -0,021916 
74,700000 -0,021860 
74,800000 -0,022063 
74,900000 -0,021849 
75,000000 -0,021894 
75,100000 -0,021808 
75,200000 -0,021958 
75,300000 -0,022133 
75,400000 -0,022043 
75,500000 -0,021993 
75,600000 -0,021816 
75,700000 -0,021807 
75,800000 -0,022008 
75,900000 -0,021808 
76,000000 -0,021808 
76,100000 -0,021937 
76,200000 -0,021867 
76,300000 -0,021855 
76,400000 -0,021943 
76,500000 -0,021992 
76,600000 -0,021888 
76,700000 -0,021936 
76,800000 -0,021932 
76,900000 -0,022046 
77,000000 -0,021805 
77,100000 -0,021982 
77,200000 -0,021823 
77,300000 -0,021881 
77,400000 -0,021878 
77,500000 -0,021900 
77,600000 -0,021863 
77,700000 -0,021907 
77,800000 -0,021827 
77,900000 -0,021935 
78,000000 -0,021837 
78,100000 -0,021878 
78,200000 -0,021909 
78,300000 -0,021943 
78,400000 -0,021935 
78,500000 -0,021894 
78,600000 -0,021933 
78,700000 -0,021963 
78,800000 -0,021968 
78,900000 -0,022110 
79,000000 -0,022000 
79,100000 -0,021959 
79,200000 -0,021990 
79,300000 -0,021931 
79,400000 -0,021996 
79,500000 -0,021928 
79,600000 -0,022089 
79,700000 -0,021997 
79,800000 -0,021935 
79,900000 -0,021915 
80,000000 -0,021941 
80,100000 -0,022123 
80,200000 -0,022114 
80,300000 -0,021943 
80,400000 -0,021980 
80,500000 -0,022072 
80,600000 -0,021928 
80,700000 -0,021947 
80,800000 -0,021964 
80,900000 -0,021947 
81,000000 -0,022011 
81,100000 -0,021934 
81,200000 -0,022114 
81,300000 -0,022051 
81,400000 -0,021774 
81,500000 -0,021909 
81,600000 -0,021904 
81,700000 -0,022142 
81,800000 -0,022001 
81,900000 -0,021959 
82,000000 -0,022016 
82,100000 -0,022019 
82,200000 -0,021873 
82,300000 -0,022064 
82,400000 -0,021957 
82,500000 -0,021993 
82,600000 -0,022015 
82,700000 -0,021963 
82,800000 -0,022015 
82,900000 -0,021846 
83,000000 -0,022147 
83,100000 -0,022008 
83,200000 -0,021937 
83,300000 -0,021971 
83,400000 -0,022080 
83,500000 -0,022146 
83,600000 -0,022011 
83,700000 -0,021956 
83,800000 -0,021889 
83,900000 -0,021989 
84,000000 -0,022057 
84,100000 -0,022013 
84,200000 -0,021933 
84,300000 -0,021950 
84,400000 -0,021917 
84,500000 -0,021971 
84,600000 -0,022053 
84,700000 -0,022060 
84,800000 -0,021988 
84,900000 -0,021963 
85,000000 -0,021982 
85,100000 -0,022039 
85,200000 -0,022035 
85,300000 -0,022020 
85,400000 -0,022005 
85,500000 -0,022220 
85,600000 -0,021964 
85,700000 -0,022092 
85,800000 -0,022032 
85,900000 -0,022067 
86,000000 -0,022039 
86,100000 -0,021899 
86,200000 -0,021931 
86,300000 -0,022052 
86,400000 -0,022152 
86,500000 -0,022014 
86,600000 -0,022226 
86,700000 -0,022138 
86,800000 -0,022140 
86,900000 -0,021964 
87,000000 -0,022007 
87,100000 -0,022225 
87,200000 -0,021994 
87,300000 -0,022029 
87,400000 -0,021931 
87,500000 -0,021991 
87,600000 -0,022023 
87,700000 -0,022017 
87,800000 -0,021894 
87,900000 -0,021930 
88,000000 -0,021972 
88,100000 -0,022129 
88,200000 -0,022131 
88,300000 -0,022125 
88,400000 -0,022018 
88,500000 -0,022033 
88,600000 -0,022110 
88,700000 -0,022109 
88,800000 -0,022095 
88,900000 -0,022091 
89,000000 -0,021955 
89,100000 -0,022010 
89,200000 -0,022186 
89,300000 -0,022201 
89,400000 -0,022060 
89,500000 -0,021977 
89,600000 -0,022161 
89,700000 -0,022000 
89,800000 -0,022057 
89,900000 -0,022008 
90,000000 -0,022156 
90,100000 -0,022046 
90,200000 -0,021961 
90,300000 -0,022157 
90,400000 -0,022146 
90,500000 -0,022266 
90,600000 -0,022105 
90,700000 -0,022053 
90,800000 -0,021910 
90,900000 -0,021956 
91,000000 -0,022084 
91,100000 -0,021999 
91,200000 -0,022025 
91,300000 -0,022027 
91,400000 -0,022096 
91,500000 -0,022039 
91,600000 -0,021986 
91,700000 -0,022157 
91,800000 -0,021963 
91,900000 -0,022006 
92,000000 -0,022030 
92,100000 -0,022068 
92,200000 -0,022111 
92,300000 -0,022078 
92,400000 -0,022000 
92,500000 -0,021816 
92,600000 -0,021853 
92,700000 -0,022003 
92,800000 -0,022063 
92,900000 -0,022062 
93,000000 -0,022018 
93,100000 -0,022081 
93,200000 -0,021916 
93,300000 -0,022022 
93,400000 -0,021962 
93,500000 -0,021910 
93,600000 -0,021827 
93,700000 -0,021787 
93,800000 -0,022029 
93,900000 -0,022158 
94,000000 -0,022023 
94,100000 -0,022057 
94,200000 -0,022000 
94,300000 -0,021913 
94,400000 -0,021995 
94,500000 -0,022015 
94,600000 -0,022060 
94,700000 -0,022172 
94,800000 -0,022112 
94,900000 -0,022187 
95,000000 -0,022043 
95,100000 -0,022172 
95,200000 -0,022181 
95,300000 -0,022390 
95,400000 -0,022145 
95,500000 -0,022065 
95,600000 -0,022136 
95,700000 -0,022238 
95,800000 -0,022207 
95,900000 -0,022166 
96,000000 -0,022090 
96,100000 -0,022081 
96,200000 -0,022008 
96,300000 -0,022012 
96,400000 -0,022315 
96,500000 -0,022162 
96,600000 -0,022345 
96,700000 -0,022075 
96,800000 -0,022316 
96,900000 -0,022216 
97,000000 -0,022316 
97,100000 -0,022202 
97,200000 -0,022204 
97,300000 -0,022131 
97,400000 -0,022334 
97,500000 -0,022306 
97,600000 -0,022343 
97,700000 -0,022348 
97,800000 -0,022283 
97,900000 -0,022350 
98,000000 -0,022066 
98,100000 -0,021953 
98,200000 -0,022012 
98,300000 -0,022154 
98,400000 -0,022246 
98,500000 -0,022225 
98,600000 -0,022378 
98,700000 -0,022172 
98,800000 -0,022295 
98,900000 -0,022086 
99,000000 -0,022138 
99,100000 -0,022000 
99,200000 -0,022336 
99,300000 -0,022175 
99,400000 -0,022202 
99,500000 -0,022090 
99,600000 -0,022171 
99,700000 -0,022180 
99,800000 -0,022376 
99,900000 -0,022152 
100,000000 -0,022281 
