0,000000 -0,217275 
0,100000 -0,222601 
0,200000 -0,225011 
0,300000 -0,226794 
0,400000 -0,227898 
0,500000 -0,228652 
0,600000 -0,228928 
0,700000 -0,229158 
0,800000 -0,229186 
0,900000 -0,229165 
1,000000 -0,229077 
1,100000 -0,229051 
1,200000 -0,228937 
1,300000 -0,229120 
1,400000 -0,229237 
1,500000 -0,229099 
1,600000 -0,229118 
1,700000 -0,229289 
1,800000 -0,229249 
1,900000 -0,229205 
2,000000 -0,229261 
2,100000 -0,229346 
2,200000 -0,229270 
2,300000 -0,229121 
2,400000 -0,228958 
2,500000 -0,227507 
2,600000 -0,220714 
2,700000 -0,217677 
2,800000 -0,215443 
2,900000 -0,214359 
3,000000 -0,212732 
3,100000 -0,211701 
3,200000 -0,211406 
3,300000 -0,212477 
3,400000 -0,216947 
3,500000 -0,225293 
3,600000 -0,231283 
3,700000 -0,225663 
3,800000 -0,218853 
3,900000 -0,214996 
4,000000 -0,213608 
4,100000 -0,212129 
4,200000 -0,211210 
4,300000 -0,210836 
4,400000 -0,210651 
4,500000 -0,210690 
4,600000 -0,210544 
4,700000 -0,210553 
4,800000 -0,210567 
4,900000 -0,210647 
5,000000 -0,210643 
5,100000 -0,210538 
5,200000 -0,210359 
5,300000 -0,210356 
5,400000 -0,210341 
5,500000 -0,210315 
5,600000 -0,210391 
5,700000 -0,210423 
5,800000 -0,210373 
5,900000 -0,210301 
6,000000 -0,210288 
6,100000 -0,210325 
6,200000 -0,210301 
6,300000 -0,210304 
6,400000 -0,210333 
6,500000 -0,210442 
6,600000 -0,210435 
6,700000 -0,210487 
6,800000 -0,210599 
6,900000 -0,210659 
7,000000 -0,210623 
7,100000 -0,210604 
7,200000 -0,210569 
7,300000 -0,210621 
7,400000 -0,210637 
7,500000 -0,210692 
7,600000 -0,210753 
7,700000 -0,210679 
7,800000 -0,210661 
7,900000 -0,210739 
8,000000 -0,210647 
8,100000 -0,210830 
8,200000 -0,210949 
8,300000 -0,211355 
8,400000 -0,211065 
8,500000 -0,210831 
8,600000 -0,210712 
8,700000 -0,210602 
8,800000 -0,210644 
8,900000 -0,210790 
9,000000 -0,210774 
9,100000 -0,210852 
9,200000 -0,211005 
9,300000 -0,211225 
9,400000 -0,211235 
9,500000 -0,211041 
9,600000 -0,210984 
9,700000 -0,210844 
9,800000 -0,210663 
9,900000 -0,210565 
10,000000 -0,210565 
10,100000 -0,210559 
10,200000 -0,210647 
10,300000 -0,210612 
10,400000 -0,210681 
10,500000 -0,210529 
10,600000 -0,210631 
10,700000 -0,210510 
10,800000 -0,210567 
10,900000 -0,210585 
11,000000 -0,210492 
11,100000 -0,210570 
11,200000 -0,210494 
11,300000 -0,210400 
11,400000 -0,210415 
11,500000 -0,210461 
11,600000 -0,210497 
11,700000 -0,210705 
11,800000 -0,210751 
11,900000 -0,210684 
12,000000 -0,210600 
12,100000 -0,210641 
12,200000 -0,210463 
12,300000 -0,210428 
12,400000 -0,210337 
12,500000 -0,210431 
12,600000 -0,210631 
12,700000 -0,211779 
12,800000 -0,213566 
12,900000 -0,214422 
13,000000 -0,214719 
13,100000 -0,214789 
13,200000 -0,214642 
13,300000 -0,213698 
13,400000 -0,212247 
13,500000 -0,211298 
13,600000 -0,211274 
13,700000 -0,212184 
13,800000 -0,213754 
13,900000 -0,214570 
14,000000 -0,214879 
14,100000 -0,214887 
14,200000 -0,214848 
14,300000 -0,214315 
14,400000 -0,213311 
14,500000 -0,213199 
14,600000 -0,214993 
14,700000 -0,221827 
14,800000 -0,228673 
14,900000 -0,233984 
15,000000 -0,235162 
15,100000 -0,234938 
15,200000 -0,233097 
15,300000 -0,225390 
15,400000 -0,219109 
15,500000 -0,215686 
15,600000 -0,217268 
15,700000 -0,222590 
15,800000 -0,228316 
15,900000 -0,232098 
16,000000 -0,233820 
16,100000 -0,233493 
16,200000 -0,230435 
16,300000 -0,223595 
16,400000 -0,218269 
16,500000 -0,215678 
16,600000 -0,218834 
16,700000 -0,223642 
16,800000 -0,228202 
16,900000 -0,230910 
17,000000 -0,232104 
17,100000 -0,230608 
17,200000 -0,228343 
17,300000 -0,222038 
17,400000 -0,217391 
17,500000 -0,215251 
17,600000 -0,217846 
17,700000 -0,220917 
17,800000 -0,224188 
17,900000 -0,224891 
18,000000 -0,224990 
18,100000 -0,224598 
18,200000 -0,222423 
18,300000 -0,218420 
18,400000 -0,215238 
18,500000 -0,217144 
18,600000 -0,225597 
18,700000 -0,234624 
18,800000 -0,240716 
18,900000 -0,243995 
19,000000 -0,243708 
19,100000 -0,240779 
19,200000 -0,233975 
19,300000 -0,224312 
19,400000 -0,218470 
19,500000 -0,215460 
19,600000 -0,215115 
19,700000 -0,215393 
19,800000 -0,215806 
19,900000 -0,215956 
20,000000 -0,215859 
20,100000 -0,215220 
20,200000 -0,214823 
20,300000 -0,213681 
20,400000 -0,212786 
20,500000 -0,213137 
20,600000 -0,214218 
20,700000 -0,214746 
20,800000 -0,214888 
20,900000 -0,214966 
21,000000 -0,214904 
21,100000 -0,214797 
21,200000 -0,214011 
21,300000 -0,212693 
21,400000 -0,211541 
21,500000 -0,211013 
21,600000 -0,210782 
21,700000 -0,210701 
21,800000 -0,210704 
21,900000 -0,210683 
22,000000 -0,210729 
22,100000 -0,210688 
22,200000 -0,210773 
22,300000 -0,210715 
22,400000 -0,210590 
22,500000 -0,210392 
22,600000 -0,210460 
22,700000 -0,210440 
22,800000 -0,210365 
22,900000 -0,210285 
23,000000 -0,210242 
23,100000 -0,210182 
23,200000 -0,210139 
23,300000 -0,210125 
23,400000 -0,210133 
23,500000 -0,210124 
23,600000 -0,210069 
23,700000 -0,210093 
23,800000 -0,210208 
23,900000 -0,210207 
24,000000 -0,210212 
24,100000 -0,210192 
24,200000 -0,210219 
24,300000 -0,210215 
24,400000 -0,210266 
24,500000 -0,210572 
24,600000 -0,211264 
24,700000 -0,211800 
24,800000 -0,212058 
24,900000 -0,212018 
25,000000 -0,211928 
25,100000 -0,211442 
25,200000 -0,210838 
25,300000 -0,210523 
25,400000 -0,210560 
25,500000 -0,212081 
25,600000 -0,214209 
25,700000 -0,214948 
25,800000 -0,215340 
25,900000 -0,215608 
26,000000 -0,215312 
26,100000 -0,214907 
26,200000 -0,214050 
26,300000 -0,213030 
26,400000 -0,214506 
26,500000 -0,220682 
26,600000 -0,230507 
26,700000 -0,237965 
26,800000 -0,241311 
26,900000 -0,241486 
27,000000 -0,239585 
27,100000 -0,235177 
27,200000 -0,225906 
27,300000 -0,219887 
27,400000 -0,219765 
27,500000 -0,228750 
27,600000 -0,243467 
27,700000 -0,253685 
27,800000 -0,258625 
27,900000 -0,258475 
28,000000 -0,254970 
28,100000 -0,248586 
28,200000 -0,236478 
28,300000 -0,233565 
28,400000 -0,261468 
28,500000 -0,352118 
28,600000 -0,451836 
28,700000 -0,501183 
28,800000 -0,506056 
28,900000 -0,485897 
29,000000 -0,452422 
29,100000 -0,388100 
29,200000 -0,295470 
29,300000 -0,246665 
29,400000 -0,233968 
29,500000 -0,236554 
29,600000 -0,243706 
29,700000 -0,249177 
29,800000 -0,251326 
29,900000 -0,249381 
30,000000 -0,245783 
30,100000 -0,237980 
30,200000 -0,226520 
30,300000 -0,219382 
30,400000 -0,217173 
30,500000 -0,218423 
30,600000 -0,219820 
30,700000 -0,221128 
30,800000 -0,222361 
30,900000 -0,221989 
31,000000 -0,221036 
31,100000 -0,219673 
31,200000 -0,217430 
31,300000 -0,217848 
31,400000 -0,227248 
31,500000 -0,253633 
31,600000 -0,283493 
31,700000 -0,301844 
31,800000 -0,307499 
31,900000 -0,302835 
32,000000 -0,293017 
32,100000 -0,272253 
32,200000 -0,244210 
32,300000 -0,228215 
32,400000 -0,225811 
32,500000 -0,230438 
32,600000 -0,235373 
32,700000 -0,238618 
32,800000 -0,239048 
32,900000 -0,237504 
33,000000 -0,234096 
33,100000 -0,226243 
33,200000 -0,219278 
33,300000 -0,215114 
33,400000 -0,213921 
33,500000 -0,212858 
33,600000 -0,212357 
33,700000 -0,211767 
33,800000 -0,211623 
33,900000 -0,211393 
34,000000 -0,211412 
34,100000 -0,211377 
34,200000 -0,211100 
34,300000 -0,211150 
34,400000 -0,211182 
34,500000 -0,211059 
34,600000 -0,210858 
34,700000 -0,210683 
34,800000 -0,210663 
34,900000 -0,210685 
35,000000 -0,210640 
35,100000 -0,210503 
35,200000 -0,210320 
35,300000 -0,210390 
35,400000 -0,210333 
35,500000 -0,210190 
35,600000 -0,210184 
35,700000 -0,210179 
35,800000 -0,210086 
35,900000 -0,210170 
36,000000 -0,210210 
36,100000 -0,210242 
36,200000 -0,210284 
36,300000 -0,210296 
36,400000 -0,210324 
36,500000 -0,210391 
36,600000 -0,210354 
36,700000 -0,210420 
36,800000 -0,210223 
36,900000 -0,210279 
37,000000 -0,210230 
37,100000 -0,210215 
37,200000 -0,210271 
37,300000 -0,210234 
37,400000 -0,210201 
37,500000 -0,210266 
37,600000 -0,210415 
37,700000 -0,210430 
37,800000 -0,210479 
37,900000 -0,210497 
38,000000 -0,210405 
38,100000 -0,210304 
38,200000 -0,210327 
38,300000 -0,210284 
38,400000 -0,210295 
38,500000 -0,210486 
38,600000 -0,210608 
38,700000 -0,211115 
38,800000 -0,211197 
38,900000 -0,211385 
39,000000 -0,211159 
39,100000 -0,210721 
39,200000 -0,210464 
39,300000 -0,210461 
39,400000 -0,210815 
39,500000 -0,211998 
39,600000 -0,213328 
39,700000 -0,214037 
39,800000 -0,214191 
39,900000 -0,214053 
40,000000 -0,213748 
40,100000 -0,212730 
40,200000 -0,211798 
40,300000 -0,212302 
40,400000 -0,214570 
40,500000 -0,217089 
40,600000 -0,219579 
40,700000 -0,220318 
40,800000 -0,220558 
40,900000 -0,220015 
41,000000 -0,219145 
41,100000 -0,215676 
41,200000 -0,214432 
41,300000 -0,213361 
41,400000 -0,213912 
41,500000 -0,215050 
41,600000 -0,217231 
41,700000 -0,218910 
41,800000 -0,219580 
41,900000 -0,219564 
42,000000 -0,219021 
42,100000 -0,216635 
42,200000 -0,214732 
42,300000 -0,213939 
42,400000 -0,214204 
42,500000 -0,215078 
42,600000 -0,216861 
42,700000 -0,218381 
42,800000 -0,219166 
42,900000 -0,219087 
43,000000 -0,218351 
43,100000 -0,215977 
43,200000 -0,214770 
43,300000 -0,214252 
43,400000 -0,214897 
43,500000 -0,218594 
43,600000 -0,221860 
43,700000 -0,224491 
43,800000 -0,225330 
43,900000 -0,225109 
44,000000 -0,224296 
44,100000 -0,220532 
44,200000 -0,217104 
44,300000 -0,215054 
44,400000 -0,215404 
44,500000 -0,218021 
44,600000 -0,219716 
44,700000 -0,220747 
44,800000 -0,221486 
44,900000 -0,220870 
45,000000 -0,219869 
45,100000 -0,217612 
45,200000 -0,215053 
45,300000 -0,214828 
45,400000 -0,218168 
45,500000 -0,225726 
45,600000 -0,234570 
45,700000 -0,240694 
45,800000 -0,243720 
45,900000 -0,243385 
46,000000 -0,239080 
46,100000 -0,230862 
46,200000 -0,222603 
46,300000 -0,218212 
46,400000 -0,217166 
46,500000 -0,220094 
46,600000 -0,224260 
46,700000 -0,226859 
46,800000 -0,228747 
46,900000 -0,228569 
47,000000 -0,226031 
47,100000 -0,222621 
47,200000 -0,218047 
47,300000 -0,215024 
47,400000 -0,214272 
47,500000 -0,213811 
47,600000 -0,213725 
47,700000 -0,213739 
47,800000 -0,213691 
47,900000 -0,213425 
48,000000 -0,213425 
48,100000 -0,212821 
48,200000 -0,212273 
48,300000 -0,211859 
48,400000 -0,211705 
48,500000 -0,211694 
48,600000 -0,211713 
48,700000 -0,211667 
48,800000 -0,211709 
48,900000 -0,211418 
49,000000 -0,211585 
49,100000 -0,211452 
49,200000 -0,211522 
49,300000 -0,211612 
49,400000 -0,211646 
49,500000 -0,211658 
49,600000 -0,211711 
49,700000 -0,211496 
49,800000 -0,211590 
49,900000 -0,211441 
50,000000 -0,211559 
50,100000 -0,211500 
50,200000 -0,211354 
50,300000 -0,211367 
50,400000 -0,211325 
50,500000 -0,211750 
50,600000 -0,211892 
50,700000 -0,211947 
50,800000 -0,211656 
50,900000 -0,211429 
51,000000 -0,211245 
51,100000 -0,210949 
51,200000 -0,210953 
51,300000 -0,210871 
51,400000 -0,210930 
51,500000 -0,210983 
51,600000 -0,210997 
51,700000 -0,211407 
51,800000 -0,211437 
51,900000 -0,211293 
52,000000 -0,211174 
52,100000 -0,210992 
52,200000 -0,210746 
52,300000 -0,210724 
52,400000 -0,210517 
52,500000 -0,210728 
52,600000 -0,210765 
52,700000 -0,210878 
52,800000 -0,210850 
52,900000 -0,210880 
53,000000 -0,210748 
53,100000 -0,210738 
53,200000 -0,210644 
53,300000 -0,210585 
53,400000 -0,210594 
53,500000 -0,210728 
53,600000 -0,210827 
53,700000 -0,210925 
53,800000 -0,210968 
53,900000 -0,210920 
54,000000 -0,210981 
54,100000 -0,210923 
54,200000 -0,210848 
54,300000 -0,210602 
54,400000 -0,210645 
54,500000 -0,210652 
54,600000 -0,210740 
54,700000 -0,210723 
54,800000 -0,210798 
54,900000 -0,210833 
55,000000 -0,210929 
55,100000 -0,210713 
55,200000 -0,210690 
55,300000 -0,210647 
55,400000 -0,210656 
55,500000 -0,210727 
55,600000 -0,211028 
55,700000 -0,211300 
55,800000 -0,211531 
55,900000 -0,211806 
56,000000 -0,211849 
56,100000 -0,211929 
56,200000 -0,211834 
56,300000 -0,211771 
56,400000 -0,211847 
56,500000 -0,212279 
56,600000 -0,213023 
56,700000 -0,213812 
56,800000 -0,214350 
56,900000 -0,214390 
57,000000 -0,214403 
57,100000 -0,214366 
57,200000 -0,213836 
57,300000 -0,213022 
57,400000 -0,212368 
57,500000 -0,212404 
57,600000 -0,213425 
57,700000 -0,213979 
57,800000 -0,214389 
57,900000 -0,214421 
58,000000 -0,214361 
58,100000 -0,214303 
58,200000 -0,213669 
58,300000 -0,212752 
58,400000 -0,212224 
58,500000 -0,212210 
58,600000 -0,212122 
58,700000 -0,212117 
58,800000 -0,212116 
58,900000 -0,212119 
59,000000 -0,212087 
59,100000 -0,212125 
59,200000 -0,211901 
59,300000 -0,211705 
59,400000 -0,211325 
59,500000 -0,211311 
59,600000 -0,211370 
59,700000 -0,211371 
59,800000 -0,211517 
59,900000 -0,211545 
60,000000 -0,211156 
60,100000 -0,211069 
60,200000 -0,211408 
60,300000 -0,211391 
60,400000 -0,211547 
60,500000 -0,211518 
60,600000 -0,211494 
60,700000 -0,211476 
60,800000 -0,211596 
60,900000 -0,211599 
61,000000 -0,211400 
61,100000 -0,211353 
61,200000 -0,211531 
61,300000 -0,211802 
61,400000 -0,211815 
61,500000 -0,211717 
61,600000 -0,211626 
61,700000 -0,211433 
61,800000 -0,211188 
61,900000 -0,211501 
62,000000 -0,211335 
62,100000 -0,211013 
62,200000 -0,211116 
62,300000 -0,211282 
62,400000 -0,210942 
62,500000 -0,210843 
62,600000 -0,210985 
62,700000 -0,210938 
62,800000 -0,211238 
62,900000 -0,211270 
63,000000 -0,211206 
63,100000 -0,211182 
63,200000 -0,211175 
63,300000 -0,211288 
63,400000 -0,211270 
63,500000 -0,211107 
63,600000 -0,211054 
63,700000 -0,210986 
63,800000 -0,211058 
63,900000 -0,211004 
64,000000 -0,210989 
64,100000 -0,210989 
64,200000 -0,211002 
64,300000 -0,210943 
64,400000 -0,210978 
64,500000 -0,210958 
64,600000 -0,211007 
64,700000 -0,210779 
64,800000 -0,210697 
64,900000 -0,210632 
65,000000 -0,210634 
65,100000 -0,210594 
65,200000 -0,210490 
65,300000 -0,210494 
65,400000 -0,210591 
65,500000 -0,210448 
65,600000 -0,210548 
65,700000 -0,210599 
65,800000 -0,210600 
65,900000 -0,210562 
66,000000 -0,210575 
66,100000 -0,210614 
66,200000 -0,210585 
66,300000 -0,210659 
66,400000 -0,210652 
66,500000 -0,210706 
66,600000 -0,210970 
66,700000 -0,211150 
66,800000 -0,211122 
66,900000 -0,211344 
67,000000 -0,211243 
67,100000 -0,211101 
67,200000 -0,210932 
67,300000 -0,210988 
67,400000 -0,211159 
67,500000 -0,211175 
67,600000 -0,210990 
67,700000 -0,210854 
67,800000 -0,210915 
67,900000 -0,211099 
68,000000 -0,210972 
68,100000 -0,210850 
68,200000 -0,210861 
68,300000 -0,211021 
68,400000 -0,211208 
68,500000 -0,211101 
68,600000 -0,211200 
68,700000 -0,211100 
68,800000 -0,211157 
68,900000 -0,211341 
69,000000 -0,211168 
69,100000 -0,211316 
69,200000 -0,211571 
69,300000 -0,211742 
69,400000 -0,211424 
69,500000 -0,211547 
69,600000 -0,211761 
69,700000 -0,212214 
69,800000 -0,212353 
69,900000 -0,212483 
70,000000 -0,212403 
70,100000 -0,212112 
70,200000 -0,211678 
70,300000 -0,211406 
70,400000 -0,210878 
70,500000 -0,210759 
70,600000 -0,211016 
70,700000 -0,211240 
70,800000 -0,211455 
70,900000 -0,211449 
71,000000 -0,211513 
71,100000 -0,211581 
71,200000 -0,211402 
71,300000 -0,211087 
71,400000 -0,211036 
71,500000 -0,211151 
71,600000 -0,211174 
71,700000 -0,211269 
71,800000 -0,211853 
71,900000 -0,212017 
72,000000 -0,212030 
72,100000 -0,212167 
72,200000 -0,211917 
72,300000 -0,211616 
72,400000 -0,211422 
72,500000 -0,211129 
72,600000 -0,210907 
72,700000 -0,210746 
72,800000 -0,210667 
72,900000 -0,210789 
73,000000 -0,210949 
73,100000 -0,210919 
73,200000 -0,210730 
73,300000 -0,210829 
73,400000 -0,210701 
73,500000 -0,210959 
73,600000 -0,210848 
73,700000 -0,210889 
73,800000 -0,210880 
73,900000 -0,210871 
74,000000 -0,210778 
74,100000 -0,210780 
74,200000 -0,210885 
74,300000 -0,211113 
74,400000 -0,211201 
74,500000 -0,211333 
74,600000 -0,211409 
74,700000 -0,211816 
74,800000 -0,212299 
74,900000 -0,212319 
75,000000 -0,212189 
75,100000 -0,212193 
75,200000 -0,212127 
75,300000 -0,211907 
75,400000 -0,211982 
75,500000 -0,212037 
75,600000 -0,212276 
75,700000 -0,212204 
75,800000 -0,212354 
75,900000 -0,212333 
76,000000 -0,212191 
76,100000 -0,212327 
76,200000 -0,212472 
76,300000 -0,212379 
76,400000 -0,212213 
76,500000 -0,212234 
76,600000 -0,212054 
76,700000 -0,212080 
76,800000 -0,212260 
76,900000 -0,212279 
77,000000 -0,212191 
77,100000 -0,211964 
77,200000 -0,212136 
77,300000 -0,212063 
77,400000 -0,212176 
77,500000 -0,212184 
77,600000 -0,212001 
77,700000 -0,212046 
77,800000 -0,212177 
77,900000 -0,212094 
78,000000 -0,211984 
78,100000 -0,212028 
78,200000 -0,212008 
78,300000 -0,212086 
78,400000 -0,212069 
78,500000 -0,211809 
78,600000 -0,211633 
78,700000 -0,211475 
78,800000 -0,211638 
78,900000 -0,211602 
79,000000 -0,211427 
79,100000 -0,211257 
79,200000 -0,211290 
79,300000 -0,211356 
79,400000 -0,211260 
79,500000 -0,211156 
79,600000 -0,211322 
79,700000 -0,211075 
79,800000 -0,210616 
79,900000 -0,210636 
80,000000 -0,210475 
80,100000 -0,210390 
80,200000 -0,210394 
80,300000 -0,210519 
80,400000 -0,210624 
80,500000 -0,210676 
80,600000 -0,210702 
80,700000 -0,210670 
80,800000 -0,210579 
80,900000 -0,210555 
81,000000 -0,210445 
81,100000 -0,210555 
81,200000 -0,210639 
81,300000 -0,210573 
81,400000 -0,210610 
81,500000 -0,210436 
81,600000 -0,210415 
81,700000 -0,210447 
81,800000 -0,210424 
81,900000 -0,210488 
82,000000 -0,210561 
82,100000 -0,210630 
82,200000 -0,210671 
82,300000 -0,210589 
82,400000 -0,210626 
82,500000 -0,210727 
82,600000 -0,210548 
82,700000 -0,210547 
82,800000 -0,210758 
82,900000 -0,210976 
83,000000 -0,210925 
83,100000 -0,211184 
83,200000 -0,211414 
83,300000 -0,211265 
83,400000 -0,211551 
83,500000 -0,211648 
83,600000 -0,211565 
83,700000 -0,211333 
83,800000 -0,210906 
83,900000 -0,210796 
84,000000 -0,210880 
84,100000 -0,210919 
84,200000 -0,210921 
84,300000 -0,210618 
84,400000 -0,210531 
84,500000 -0,210438 
84,600000 -0,210444 
84,700000 -0,210613 
84,800000 -0,210499 
84,900000 -0,210649 
85,000000 -0,210824 
85,100000 -0,210917 
85,200000 -0,210898 
85,300000 -0,210898 
85,400000 -0,210887 
85,500000 -0,210733 
85,600000 -0,210715 
85,700000 -0,210623 
85,800000 -0,210704 
85,900000 -0,210591 
86,000000 -0,210723 
86,100000 -0,210667 
86,200000 -0,210752 
86,300000 -0,210698 
86,400000 -0,210660 
86,500000 -0,210624 
86,600000 -0,210648 
86,700000 -0,210501 
86,800000 -0,210586 
86,900000 -0,210596 
87,000000 -0,210769 
87,100000 -0,210767 
87,200000 -0,210949 
87,300000 -0,210854 
87,400000 -0,210642 
87,500000 -0,210617 
87,600000 -0,210549 
87,700000 -0,210578 
87,800000 -0,210449 
87,900000 -0,210427 
88,000000 -0,210486 
88,100000 -0,210612 
88,200000 -0,210645 
88,300000 -0,210689 
88,400000 -0,210736 
88,500000 -0,210697 
88,600000 -0,210690 
88,700000 -0,210652 
88,800000 -0,210617 
88,900000 -0,210389 
89,000000 -0,210385 
89,100000 -0,210410 
89,200000 -0,210575 
89,300000 -0,210694 
89,400000 -0,210807 
89,500000 -0,210800 
89,600000 -0,210806 
89,700000 -0,210838 
89,800000 -0,210999 
89,900000 -0,210866 
90,000000 -0,210800 
90,100000 -0,210730 
90,200000 -0,210787 
90,300000 -0,210621 
90,400000 -0,210680 
90,500000 -0,210753 
90,600000 -0,210930 
90,700000 -0,210981 
90,800000 -0,210927 
90,900000 -0,210988 
91,000000 -0,210808 
91,100000 -0,210891 
91,200000 -0,210950 
91,300000 -0,210936 
91,400000 -0,211036 
91,500000 -0,210972 
91,600000 -0,210869 
91,700000 -0,210875 
91,800000 -0,210740 
91,900000 -0,210735 
92,000000 -0,210691 
92,100000 -0,210627 
92,200000 -0,210628 
92,300000 -0,210907 
92,400000 -0,210924 
92,500000 -0,211017 
92,600000 -0,211259 
92,700000 -0,211235 
92,800000 -0,211401 
92,900000 -0,211200 
93,000000 -0,211211 
93,100000 -0,211350 
93,200000 -0,211292 
93,300000 -0,211157 
93,400000 -0,211328 
93,500000 -0,211253 
93,600000 -0,211400 
93,700000 -0,211422 
93,800000 -0,211534 
93,900000 -0,211331 
94,000000 -0,211432 
94,100000 -0,211582 
94,200000 -0,211486 
94,300000 -0,211500 
94,400000 -0,211514 
94,500000 -0,211458 
94,600000 -0,211502 
94,700000 -0,211399 
94,800000 -0,211260 
94,900000 -0,211258 
95,000000 -0,211420 
95,100000 -0,211660 
95,200000 -0,211989 
95,300000 -0,212010 
95,400000 -0,212219 
95,500000 -0,212382 
95,600000 -0,212404 
95,700000 -0,212553 
95,800000 -0,212452 
95,900000 -0,212441 
96,000000 -0,212311 
96,100000 -0,212016 
96,200000 -0,211853 
96,300000 -0,211638 
96,400000 -0,211457 
96,500000 -0,211453 
96,600000 -0,211480 
96,700000 -0,211376 
96,800000 -0,211200 
96,900000 -0,211192 
97,000000 -0,211309 
97,100000 -0,211464 
97,200000 -0,211254 
97,300000 -0,211327 
97,400000 -0,211557 
97,500000 -0,211483 
97,600000 -0,211490 
97,700000 -0,211498 
97,800000 -0,211432 
97,900000 -0,211460 
98,000000 -0,211509 
98,100000 -0,211466 
98,200000 -0,211913 
98,300000 -0,211587 
98,400000 -0,211442 
98,500000 -0,211815 
98,600000 -0,211818 
98,700000 -0,211622 
98,800000 -0,211799 
98,900000 -0,211977 
99,000000 -0,211938 
99,100000 -0,211840 
99,200000 -0,211649 
99,300000 -0,211872 
99,400000 -0,211902 
99,500000 -0,211775 
99,600000 -0,211675 
99,700000 -0,211677 
99,800000 -0,211892 
99,900000 -0,211999 
100,000000 -0,212331 
