0,000000 -0,050620 
0,100000 -0,050333 
0,200000 -0,050656 
0,300000 -0,050345 
0,400000 -0,050162 
0,500000 -0,050271 
0,600000 -0,050437 
0,700000 -0,050629 
0,800000 -0,050366 
0,900000 -0,050114 
1,000000 -0,050418 
1,100000 -0,050291 
1,200000 -0,050167 
1,300000 -0,050057 
1,400000 -0,050370 
1,500000 -0,050121 
1,600000 -0,050250 
1,700000 -0,050620 
1,800000 -0,050425 
1,900000 -0,050700 
2,000000 -0,050397 
2,100000 -0,050382 
2,200000 -0,050205 
2,300000 -0,050487 
2,400000 -0,050211 
2,500000 -0,048896 
2,600000 -0,038934 
2,700000 -0,032903 
2,800000 -0,029287 
2,900000 -0,027168 
3,000000 -0,025161 
3,100000 -0,024118 
3,200000 -0,023705 
3,300000 -0,023483 
3,400000 -0,024244 
3,500000 -0,026428 
3,600000 -0,027866 
3,700000 -0,026500 
3,800000 -0,024538 
3,900000 -0,023598 
4,000000 -0,023335 
4,100000 -0,023002 
4,200000 -0,022934 
4,300000 -0,022881 
4,400000 -0,022826 
4,500000 -0,022641 
4,600000 -0,022754 
4,700000 -0,022602 
4,800000 -0,022610 
4,900000 -0,022553 
5,000000 -0,022732 
5,100000 -0,022781 
5,200000 -0,022731 
5,300000 -0,022480 
5,400000 -0,022651 
5,500000 -0,022567 
5,600000 -0,022738 
5,700000 -0,022687 
5,800000 -0,022622 
5,900000 -0,022575 
6,000000 -0,022449 
6,100000 -0,022699 
6,200000 -0,022437 
6,300000 -0,022631 
6,400000 -0,022509 
6,500000 -0,022456 
6,600000 -0,022517 
6,700000 -0,022537 
6,800000 -0,022650 
6,900000 -0,022745 
7,000000 -0,022713 
7,100000 -0,022640 
7,200000 -0,022669 
7,300000 -0,022731 
7,400000 -0,022688 
7,500000 -0,022531 
7,600000 -0,022601 
7,700000 -0,022616 
7,800000 -0,022622 
7,900000 -0,022719 
8,000000 -0,022892 
8,100000 -0,022924 
8,200000 -0,023051 
8,300000 -0,023008 
8,400000 -0,022895 
8,500000 -0,022769 
8,600000 -0,022603 
8,700000 -0,022724 
8,800000 -0,022691 
8,900000 -0,022782 
9,000000 -0,022737 
9,100000 -0,022678 
9,200000 -0,022785 
9,300000 -0,022579 
9,400000 -0,022620 
9,500000 -0,022613 
9,600000 -0,022789 
9,700000 -0,022653 
9,800000 -0,022712 
9,900000 -0,022745 
10,000000 -0,022426 
10,100000 -0,022618 
10,200000 -0,022519 
10,300000 -0,022536 
10,400000 -0,022496 
10,500000 -0,022589 
10,600000 -0,022626 
10,700000 -0,022715 
10,800000 -0,022593 
10,900000 -0,022494 
11,000000 -0,022679 
11,100000 -0,022682 
11,200000 -0,022705 
11,300000 -0,022678 
11,400000 -0,022622 
11,500000 -0,022376 
11,600000 -0,022537 
11,700000 -0,022578 
11,800000 -0,022630 
11,900000 -0,022549 
12,000000 -0,022551 
12,100000 -0,022556 
12,200000 -0,022623 
12,300000 -0,022678 
12,400000 -0,022517 
12,500000 -0,022552 
12,600000 -0,022821 
12,700000 -0,023382 
12,800000 -0,023723 
12,900000 -0,024462 
13,000000 -0,024680 
13,100000 -0,024564 
13,200000 -0,024390 
13,300000 -0,023984 
13,400000 -0,023489 
13,500000 -0,023158 
13,600000 -0,022985 
13,700000 -0,022772 
13,800000 -0,023048 
13,900000 -0,023091 
14,000000 -0,023139 
14,100000 -0,023214 
14,200000 -0,023337 
14,300000 -0,023531 
14,400000 -0,024828 
14,500000 -0,031708 
14,600000 -0,049460 
14,700000 -0,077801 
14,800000 -0,104357 
14,900000 -0,123453 
15,000000 -0,131458 
15,100000 -0,128237 
15,200000 -0,113381 
15,300000 -0,082734 
15,400000 -0,056501 
15,500000 -0,042598 
15,600000 -0,035530 
15,700000 -0,031274 
15,800000 -0,029361 
15,900000 -0,028403 
16,000000 -0,027666 
16,100000 -0,026747 
16,200000 -0,026001 
16,300000 -0,024901 
16,400000 -0,024811 
16,500000 -0,027304 
16,600000 -0,032200 
16,700000 -0,038569 
16,800000 -0,043460 
16,900000 -0,046394 
17,000000 -0,046936 
17,100000 -0,045142 
17,200000 -0,040917 
17,300000 -0,034066 
17,400000 -0,029440 
17,500000 -0,029036 
17,600000 -0,031894 
17,700000 -0,035803 
17,800000 -0,038742 
17,900000 -0,040244 
18,000000 -0,040359 
18,100000 -0,038974 
18,200000 -0,036115 
18,300000 -0,031135 
18,400000 -0,028981 
18,500000 -0,033818 
18,600000 -0,043701 
18,700000 -0,053334 
18,800000 -0,060803 
18,900000 -0,063344 
19,000000 -0,062998 
19,100000 -0,059938 
19,200000 -0,051343 
19,300000 -0,040199 
19,400000 -0,032316 
19,500000 -0,028286 
19,600000 -0,026142 
19,700000 -0,024893 
19,800000 -0,023982 
19,900000 -0,023630 
20,000000 -0,023631 
20,100000 -0,023463 
20,200000 -0,023304 
20,300000 -0,023543 
20,400000 -0,024311 
20,500000 -0,028519 
20,600000 -0,034197 
20,700000 -0,038669 
20,800000 -0,041293 
20,900000 -0,042298 
21,000000 -0,041388 
21,100000 -0,039056 
21,200000 -0,034283 
21,300000 -0,028967 
21,400000 -0,026383 
21,500000 -0,024644 
21,600000 -0,023764 
21,700000 -0,023404 
21,800000 -0,023236 
21,900000 -0,022982 
22,000000 -0,022804 
22,100000 -0,023020 
22,200000 -0,022846 
22,300000 -0,022916 
22,400000 -0,022918 
22,500000 -0,022869 
22,600000 -0,022822 
22,700000 -0,023079 
22,800000 -0,023204 
22,900000 -0,023028 
23,000000 -0,023050 
23,100000 -0,022838 
23,200000 -0,022620 
23,300000 -0,022869 
23,400000 -0,022724 
23,500000 -0,022720 
23,600000 -0,022640 
23,700000 -0,022653 
23,800000 -0,022649 
23,900000 -0,022433 
24,000000 -0,022604 
24,100000 -0,022571 
24,200000 -0,022421 
24,300000 -0,022528 
24,400000 -0,022654 
24,500000 -0,022625 
24,600000 -0,022436 
24,700000 -0,022563 
24,800000 -0,022596 
24,900000 -0,022552 
25,000000 -0,022376 
25,100000 -0,022605 
25,200000 -0,022334 
25,300000 -0,022219 
25,400000 -0,022353 
25,500000 -0,022324 
25,600000 -0,022484 
25,700000 -0,022459 
25,800000 -0,022388 
25,900000 -0,022333 
26,000000 -0,022381 
26,100000 -0,022143 
26,200000 -0,022169 
26,300000 -0,022141 
26,400000 -0,022609 
26,500000 -0,023137 
26,600000 -0,023703 
26,700000 -0,023951 
26,800000 -0,024087 
26,900000 -0,024128 
27,000000 -0,023941 
27,100000 -0,023781 
27,200000 -0,023462 
27,300000 -0,023861 
27,400000 -0,025654 
27,500000 -0,028846 
27,600000 -0,032967 
27,700000 -0,036469 
27,800000 -0,038664 
27,900000 -0,041406 
28,000000 -0,045780 
28,100000 -0,058279 
28,200000 -0,103355 
28,300000 -0,225205 
28,400000 -0,519427 
28,500000 -1,011359 
28,600000 -1,493685 
28,700000 -1,735443 
28,800000 -1,756718 
28,900000 -1,650585 
29,000000 -1,435013 
29,100000 -1,042014 
29,200000 -0,541849 
29,300000 -0,264775 
29,400000 -0,152183 
29,500000 -0,102396 
29,600000 -0,077413 
29,700000 -0,063172 
29,800000 -0,054262 
29,900000 -0,048178 
30,000000 -0,043881 
30,100000 -0,039615 
30,200000 -0,036621 
30,300000 -0,037573 
30,400000 -0,044500 
30,500000 -0,055256 
30,600000 -0,065147 
30,700000 -0,071288 
30,800000 -0,073475 
30,900000 -0,071906 
31,000000 -0,066458 
31,100000 -0,057107 
31,200000 -0,044207 
31,300000 -0,035002 
31,400000 -0,030545 
31,500000 -0,028743 
31,600000 -0,028250 
31,700000 -0,028031 
31,800000 -0,027782 
31,900000 -0,027915 
32,000000 -0,028639 
32,100000 -0,032523 
32,200000 -0,043452 
32,300000 -0,071925 
32,400000 -0,122813 
32,500000 -0,185439 
32,600000 -0,236933 
32,700000 -0,263914 
32,800000 -0,270844 
32,900000 -0,259496 
33,000000 -0,227815 
33,100000 -0,170652 
33,200000 -0,110006 
33,300000 -0,071331 
33,400000 -0,051439 
33,500000 -0,039998 
33,600000 -0,033696 
33,700000 -0,029672 
33,800000 -0,027642 
33,900000 -0,026413 
34,000000 -0,024962 
34,100000 -0,024193 
34,200000 -0,023930 
34,300000 -0,023797 
34,400000 -0,023869 
34,500000 -0,023732 
34,600000 -0,023799 
34,700000 -0,023797 
34,800000 -0,023877 
34,900000 -0,023745 
35,000000 -0,023584 
35,100000 -0,023508 
35,200000 -0,023268 
35,300000 -0,023050 
35,400000 -0,023088 
35,500000 -0,023036 
35,600000 -0,022950 
35,700000 -0,022813 
35,800000 -0,022870 
35,900000 -0,022833 
36,000000 -0,022917 
36,100000 -0,022790 
36,200000 -0,022875 
36,300000 -0,022923 
36,400000 -0,022944 
36,500000 -0,023086 
36,600000 -0,022917 
36,700000 -0,022940 
36,800000 -0,023124 
36,900000 -0,023151 
37,000000 -0,022869 
37,100000 -0,022869 
37,200000 -0,022919 
37,300000 -0,022824 
37,400000 -0,022847 
37,500000 -0,022769 
37,600000 -0,022851 
37,700000 -0,022838 
37,800000 -0,022825 
37,900000 -0,022851 
38,000000 -0,022776 
38,100000 -0,022981 
38,200000 -0,022797 
38,300000 -0,022931 
38,400000 -0,022917 
38,500000 -0,022835 
38,600000 -0,022772 
38,700000 -0,022926 
38,800000 -0,022838 
38,900000 -0,022852 
39,000000 -0,022771 
39,100000 -0,022679 
39,200000 -0,022966 
39,300000 -0,022839 
39,400000 -0,022732 
39,500000 -0,022912 
39,600000 -0,022927 
39,700000 -0,022812 
39,800000 -0,022984 
39,900000 -0,023289 
40,000000 -0,023201 
40,100000 -0,023757 
40,200000 -0,025761 
40,300000 -0,029830 
40,400000 -0,035476 
40,500000 -0,040076 
40,600000 -0,043555 
40,700000 -0,045016 
40,800000 -0,045092 
40,900000 -0,043212 
41,000000 -0,039260 
41,100000 -0,033489 
41,200000 -0,028429 
41,300000 -0,026157 
41,400000 -0,024551 
41,500000 -0,023945 
41,600000 -0,023724 
41,700000 -0,023497 
41,800000 -0,023269 
41,900000 -0,023200 
42,000000 -0,023154 
42,100000 -0,023127 
42,200000 -0,022991 
42,300000 -0,022907 
42,400000 -0,022933 
42,500000 -0,022881 
42,600000 -0,023034 
42,700000 -0,023251 
42,800000 -0,023005 
42,900000 -0,023060 
43,000000 -0,023035 
43,100000 -0,023049 
43,200000 -0,023095 
43,300000 -0,023179 
43,400000 -0,023323 
43,500000 -0,023523 
43,600000 -0,023642 
43,700000 -0,023887 
43,800000 -0,023954 
43,900000 -0,023977 
44,000000 -0,023923 
44,100000 -0,024038 
44,200000 -0,024785 
44,300000 -0,027615 
44,400000 -0,031441 
44,500000 -0,035440 
44,600000 -0,038115 
44,700000 -0,039374 
44,800000 -0,039830 
44,900000 -0,038845 
45,000000 -0,036428 
45,100000 -0,031747 
45,200000 -0,027855 
45,300000 -0,025658 
45,400000 -0,024418 
45,500000 -0,023993 
45,600000 -0,023837 
45,700000 -0,023730 
45,800000 -0,023612 
45,900000 -0,023523 
46,000000 -0,023417 
46,100000 -0,023307 
46,200000 -0,023132 
46,300000 -0,022904 
46,400000 -0,023154 
46,500000 -0,023134 
46,600000 -0,023074 
46,700000 -0,023080 
46,800000 -0,023135 
46,900000 -0,022964 
47,000000 -0,023058 
47,100000 -0,023000 
47,200000 -0,023249 
47,300000 -0,023403 
47,400000 -0,023867 
47,500000 -0,024503 
47,600000 -0,024602 
47,700000 -0,024938 
47,800000 -0,025197 
47,900000 -0,024828 
48,000000 -0,024521 
48,100000 -0,023917 
48,200000 -0,023540 
48,300000 -0,023148 
48,400000 -0,023091 
48,500000 -0,023132 
48,600000 -0,022971 
48,700000 -0,023050 
48,800000 -0,022922 
48,900000 -0,023020 
49,000000 -0,022799 
49,100000 -0,022646 
49,200000 -0,022861 
49,300000 -0,022749 
49,400000 -0,022724 
49,500000 -0,022643 
49,600000 -0,022754 
49,700000 -0,022786 
49,800000 -0,022733 
49,900000 -0,022754 
