0,000000 -0,050129 
0,100000 -0,050110 
0,200000 -0,050101 
0,300000 -0,050549 
0,400000 -0,050109 
0,500000 -0,050124 
0,600000 -0,050186 
0,700000 -0,050129 
0,800000 -0,049940 
0,900000 -0,050334 
1,000000 -0,050273 
1,100000 -0,050460 
1,200000 -0,050401 
1,300000 -0,050246 
1,400000 -0,049954 
1,500000 -0,049884 
1,600000 -0,050023 
1,700000 -0,050342 
1,800000 -0,050412 
1,900000 -0,050189 
2,000000 -0,050069 
2,100000 -0,050034 
2,200000 -0,050310 
2,300000 -0,050720 
2,400000 -0,049869 
2,500000 -0,048564 
2,600000 -0,039417 
2,700000 -0,033479 
2,800000 -0,029927 
2,900000 -0,027611 
3,000000 -0,025256 
3,100000 -0,024241 
3,200000 -0,023788 
3,300000 -0,024414 
3,400000 -0,026587 
3,500000 -0,028510 
3,600000 -0,029574 
3,700000 -0,027683 
3,800000 -0,025239 
3,900000 -0,023873 
4,000000 -0,023324 
4,100000 -0,023039 
4,200000 -0,022914 
4,300000 -0,022888 
4,400000 -0,022737 
4,500000 -0,022644 
4,600000 -0,022667 
4,700000 -0,022660 
4,800000 -0,022620 
4,900000 -0,022653 
5,000000 -0,022627 
5,100000 -0,022630 
5,200000 -0,022603 
5,300000 -0,022612 
5,400000 -0,022588 
5,500000 -0,022584 
5,600000 -0,022554 
5,700000 -0,022609 
5,800000 -0,022645 
5,900000 -0,022519 
6,000000 -0,022496 
6,100000 -0,022612 
6,200000 -0,022662 
6,300000 -0,022493 
6,400000 -0,022488 
6,500000 -0,022509 
6,600000 -0,022453 
6,700000 -0,022460 
6,800000 -0,022557 
6,900000 -0,022767 
7,000000 -0,022539 
7,100000 -0,022399 
7,200000 -0,022564 
7,300000 -0,022524 
7,400000 -0,022680 
7,500000 -0,022799 
7,600000 -0,022882 
7,700000 -0,022901 
7,800000 -0,023080 
7,900000 -0,023152 
8,000000 -0,023068 
8,100000 -0,023275 
8,200000 -0,023169 
8,300000 -0,023209 
8,400000 -0,023177 
8,500000 -0,023045 
8,600000 -0,023024 
8,700000 -0,023008 
8,800000 -0,022686 
8,900000 -0,022713 
9,000000 -0,022724 
9,100000 -0,022667 
9,200000 -0,022780 
9,300000 -0,022617 
9,400000 -0,022668 
9,500000 -0,022696 
9,600000 -0,022718 
9,700000 -0,022714 
9,800000 -0,022604 
9,900000 -0,022638 
10,000000 -0,022608 
10,100000 -0,022518 
10,200000 -0,022722 
10,300000 -0,022731 
10,400000 -0,022730 
10,500000 -0,022668 
10,600000 -0,022722 
10,700000 -0,022616 
10,800000 -0,022582 
10,900000 -0,022612 
11,000000 -0,022396 
11,100000 -0,022607 
11,200000 -0,022535 
11,300000 -0,022617 
11,400000 -0,022666 
11,500000 -0,022765 
11,600000 -0,022646 
11,700000 -0,022660 
11,800000 -0,022512 
11,900000 -0,022818 
12,000000 -0,023097 
12,100000 -0,023779 
12,200000 -0,024557 
12,300000 -0,025466 
12,400000 -0,026476 
12,500000 -0,027161 
12,600000 -0,027311 
12,700000 -0,027305 
12,800000 -0,027438 
12,900000 -0,027452 
13,000000 -0,027234 
13,100000 -0,027268 
13,200000 -0,027050 
13,300000 -0,026690 
13,400000 -0,025806 
13,500000 -0,025074 
13,600000 -0,025654 
13,700000 -0,029816 
13,800000 -0,044161 
13,900000 -0,078688 
14,000000 -0,121373 
14,100000 -0,162746 
14,200000 -0,196792 
14,300000 -0,217891 
14,400000 -0,233777 
14,500000 -0,243590 
14,600000 -0,246259 
14,700000 -0,245281 
14,800000 -0,242847 
14,900000 -0,234797 
15,000000 -0,224560 
15,100000 -0,213211 
15,200000 -0,195936 
15,300000 -0,173965 
15,400000 -0,125775 
15,500000 -0,085239 
15,600000 -0,065315 
15,700000 -0,059299 
15,800000 -0,061852 
15,900000 -0,067970 
16,000000 -0,072728 
16,100000 -0,077425 
16,200000 -0,079582 
16,300000 -0,080776 
16,400000 -0,080842 
16,500000 -0,081434 
16,600000 -0,083706 
16,700000 -0,089130 
16,800000 -0,094928 
16,900000 -0,098029 
17,000000 -0,100885 
17,100000 -0,100815 
17,200000 -0,098957 
17,300000 -0,094399 
17,400000 -0,087180 
17,500000 -0,086222 
17,600000 -0,095652 
17,700000 -0,109949 
17,800000 -0,121938 
17,900000 -0,131888 
18,000000 -0,138253 
18,100000 -0,141603 
18,200000 -0,140617 
18,300000 -0,139024 
18,400000 -0,135228 
18,500000 -0,126895 
18,600000 -0,121106 
18,700000 -0,115962 
18,800000 -0,111590 
18,900000 -0,106790 
19,000000 -0,101959 
19,100000 -0,096941 
19,200000 -0,089219 
19,300000 -0,082845 
19,400000 -0,073142 
19,500000 -0,066404 
19,600000 -0,064831 
19,700000 -0,065280 
19,800000 -0,066788 
19,900000 -0,068181 
20,000000 -0,069129 
20,100000 -0,069621 
20,200000 -0,069656 
20,300000 -0,069141 
20,400000 -0,069449 
20,500000 -0,068110 
20,600000 -0,066806 
20,700000 -0,065152 
20,800000 -0,063078 
20,900000 -0,061228 
21,000000 -0,058617 
21,100000 -0,056673 
21,200000 -0,053017 
21,300000 -0,048362 
21,400000 -0,042008 
21,500000 -0,034818 
21,600000 -0,029622 
21,700000 -0,027378 
21,800000 -0,025671 
21,900000 -0,024642 
22,000000 -0,024384 
22,100000 -0,024110 
22,200000 -0,023718 
22,300000 -0,023667 
22,400000 -0,023662 
22,500000 -0,023598 
22,600000 -0,023546 
22,700000 -0,023364 
22,800000 -0,023410 
22,900000 -0,023304 
23,000000 -0,023270 
23,100000 -0,023367 
23,200000 -0,023325 
23,300000 -0,023232 
23,400000 -0,023118 
23,500000 -0,022942 
23,600000 -0,022807 
23,700000 -0,022911 
23,800000 -0,022820 
23,900000 -0,022759 
24,000000 -0,022855 
24,100000 -0,022838 
24,200000 -0,022870 
24,300000 -0,022907 
24,400000 -0,022837 
24,500000 -0,023021 
24,600000 -0,022899 
24,700000 -0,022974 
24,800000 -0,022937 
24,900000 -0,023068 
25,000000 -0,023641 
25,100000 -0,024430 
25,200000 -0,025814 
25,300000 -0,026950 
25,400000 -0,027613 
25,500000 -0,027969 
25,600000 -0,027979 
25,700000 -0,028335 
25,800000 -0,029102 
25,900000 -0,032365 
26,000000 -0,037744 
26,100000 -0,043904 
26,200000 -0,049534 
26,300000 -0,055333 
26,400000 -0,061412 
26,500000 -0,068760 
26,600000 -0,105834 
26,700000 -0,219144 
26,800000 -0,560496 
26,900000 -1,320461 
27,000000 -2,335182 
27,100000 -3,152851 
27,200000 -3,666089 
27,300000 -3,975467 
27,400000 -4,195388 
27,500000 -4,314547 
27,600000 -4,416899 
27,700000 -4,439056 
27,800000 -4,437077 
27,900000 -4,432766 
28,000000 -4,431063 
28,100000 -4,417280 
28,200000 -4,356167 
28,300000 -4,268736 
28,400000 -4,135459 
28,500000 -4,012199 
28,600000 -3,804283 
28,700000 -3,645408 
28,800000 -3,494060 
28,900000 -3,336094 
29,000000 -3,108502 
29,100000 -2,834972 
29,200000 -2,539334 
29,300000 -2,174077 
29,400000 -1,648542 
29,500000 -0,934736 
29,600000 -0,505114 
29,700000 -0,340850 
29,800000 -0,277477 
29,900000 -0,248498 
30,000000 -0,233865 
30,100000 -0,222886 
30,200000 -0,214144 
30,300000 -0,208792 
30,400000 -0,208830 
30,500000 -0,221665 
30,600000 -0,280859 
30,700000 -0,420359 
30,800000 -0,569153 
30,900000 -0,674781 
31,000000 -0,739809 
31,100000 -0,779874 
31,200000 -0,803979 
31,300000 -0,818334 
31,400000 -0,804670 
31,500000 -0,791952 
31,600000 -0,773054 
31,700000 -0,767156 
31,800000 -0,761250 
31,900000 -0,756473 
32,000000 -0,749579 
32,100000 -0,742906 
32,200000 -0,729767 
32,300000 -0,715228 
32,400000 -0,690715 
32,500000 -0,661164 
32,600000 -0,637868 
32,700000 -0,605907 
32,800000 -0,576220 
32,900000 -0,544074 
33,000000 -0,504632 
33,100000 -0,461336 
33,200000 -0,415516 
33,300000 -0,363475 
33,400000 -0,291107 
33,500000 -0,194733 
33,600000 -0,120533 
33,700000 -0,079734 
33,800000 -0,059561 
33,900000 -0,047504 
34,000000 -0,040276 
34,100000 -0,035973 
34,200000 -0,033136 
34,300000 -0,031455 
34,400000 -0,029730 
34,500000 -0,028783 
34,600000 -0,028248 
34,700000 -0,027748 
34,800000 -0,027251 
34,900000 -0,026665 
35,000000 -0,026334 
35,100000 -0,025947 
35,200000 -0,025740 
35,300000 -0,025438 
35,400000 -0,025062 
35,500000 -0,024686 
35,600000 -0,024185 
35,700000 -0,024118 
35,800000 -0,023890 
35,900000 -0,023835 
36,000000 -0,023850 
36,100000 -0,023743 
36,200000 -0,023591 
36,300000 -0,023749 
36,400000 -0,023766 
36,500000 -0,023685 
36,600000 -0,023752 
36,700000 -0,023625 
36,800000 -0,023680 
36,900000 -0,023691 
37,000000 -0,023709 
37,100000 -0,023613 
37,200000 -0,023744 
37,300000 -0,023825 
37,400000 -0,023841 
37,500000 -0,024008 
37,600000 -0,023951 
37,700000 -0,024007 
37,800000 -0,024456 
37,900000 -0,025407 
38,000000 -0,028296 
38,100000 -0,035697 
38,200000 -0,047079 
38,300000 -0,059363 
38,400000 -0,070050 
38,500000 -0,079072 
38,600000 -0,085584 
38,700000 -0,090493 
38,800000 -0,094754 
38,900000 -0,097373 
39,000000 -0,099777 
39,100000 -0,100894 
39,200000 -0,101917 
39,300000 -0,102167 
39,400000 -0,102213 
39,500000 -0,101556 
39,600000 -0,101889 
39,700000 -0,102266 
39,800000 -0,101307 
39,900000 -0,100491 
40,000000 -0,098911 
40,100000 -0,097616 
40,200000 -0,096976 
40,300000 -0,095332 
40,400000 -0,092561 
40,500000 -0,089506 
40,600000 -0,087976 
40,700000 -0,086185 
40,800000 -0,082956 
40,900000 -0,080136 
41,000000 -0,076529 
41,100000 -0,073175 
41,200000 -0,069054 
41,300000 -0,065076 
41,400000 -0,059708 
41,500000 -0,052431 
41,600000 -0,044296 
41,700000 -0,039386 
41,800000 -0,037967 
41,900000 -0,041988 
42,000000 -0,049997 
42,100000 -0,059267 
42,200000 -0,067425 
42,300000 -0,073967 
42,400000 -0,078693 
42,500000 -0,082698 
42,600000 -0,085262 
42,700000 -0,087006 
42,800000 -0,088484 
42,900000 -0,090719 
43,000000 -0,091945 
43,100000 -0,092582 
43,200000 -0,092484 
43,300000 -0,092490 
43,400000 -0,092538 
43,500000 -0,092051 
43,600000 -0,091285 
43,700000 -0,091664 
43,800000 -0,091120 
43,900000 -0,090702 
44,000000 -0,088610 
44,100000 -0,087171 
44,200000 -0,086269 
44,300000 -0,084240 
44,400000 -0,082028 
44,500000 -0,079420 
44,600000 -0,077724 
44,700000 -0,076438 
44,800000 -0,075494 
44,900000 -0,074672 
45,000000 -0,073334 
45,100000 -0,071687 
45,200000 -0,069025 
45,300000 -0,066543 
45,400000 -0,063595 
45,500000 -0,059182 
45,600000 -0,053545 
45,700000 -0,047545 
45,800000 -0,044065 
45,900000 -0,042602 
46,000000 -0,041282 
46,100000 -0,040579 
46,200000 -0,039811 
46,300000 -0,039625 
46,400000 -0,039070 
46,500000 -0,038852 
46,600000 -0,038513 
46,700000 -0,038071 
46,800000 -0,037840 
46,900000 -0,037593 
47,000000 -0,037180 
47,100000 -0,036137 
47,200000 -0,035981 
47,300000 -0,035291 
47,400000 -0,034730 
47,500000 -0,034372 
47,600000 -0,034208 
47,700000 -0,034519 
47,800000 -0,034703 
47,900000 -0,034845 
48,000000 -0,034739 
48,100000 -0,034645 
48,200000 -0,034365 
48,300000 -0,034143 
48,400000 -0,033498 
48,500000 -0,032925 
48,600000 -0,032147 
48,700000 -0,031228 
48,800000 -0,030793 
48,900000 -0,030374 
49,000000 -0,030548 
49,100000 -0,030290 
49,200000 -0,030691 
49,300000 -0,030679 
49,400000 -0,030878 
49,500000 -0,030801 
49,600000 -0,030815 
49,700000 -0,031172 
49,800000 -0,031238 
49,900000 -0,031298 
