0,000000 -0,493173 
0,100000 -0,495239 
0,200000 -0,496724 
0,300000 -0,497311 
0,400000 -0,498432 
0,500000 -0,497412 
0,600000 -0,498259 
0,700000 -0,499505 
0,800000 -0,498886 
0,900000 -0,499880 
1,000000 -0,497992 
1,100000 -0,494600 
1,200000 -0,498132 
1,300000 -0,501636 
1,400000 -0,498130 
1,500000 -0,499942 
1,600000 -0,496961 
1,700000 -0,497326 
1,800000 -0,498553 
1,900000 -0,493522 
2,000000 -0,499871 
2,100000 -0,500174 
2,200000 -0,503273 
2,300000 -0,501701 
2,400000 -0,499728 
2,500000 -0,482823 
2,600000 -0,388356 
2,700000 -0,329590 
2,800000 -0,293005 
2,900000 -0,268003 
3,000000 -0,250543 
3,100000 -0,239828 
3,200000 -0,235206 
3,300000 -0,231108 
3,400000 -0,245343 
3,500000 -0,282977 
3,600000 -0,313870 
3,700000 -0,291272 
3,800000 -0,260605 
3,900000 -0,243252 
4,000000 -0,231186 
4,100000 -0,224737 
4,200000 -0,222610 
4,300000 -0,223014 
4,400000 -0,221317 
4,500000 -0,220801 
4,600000 -0,220289 
4,700000 -0,219722 
4,800000 -0,220262 
4,900000 -0,218697 
5,000000 -0,219761 
5,100000 -0,219496 
5,200000 -0,218807 
5,300000 -0,219529 
5,400000 -0,218246 
5,500000 -0,218398 
5,600000 -0,219512 
5,700000 -0,219515 
5,800000 -0,219117 
5,900000 -0,219333 
6,000000 -0,218618 
6,100000 -0,219455 
6,200000 -0,218575 
6,300000 -0,219243 
6,400000 -0,220195 
6,500000 -0,219381 
6,600000 -0,219245 
6,700000 -0,220966 
6,800000 -0,219293 
6,900000 -0,219034 
7,000000 -0,218963 
7,100000 -0,218477 
7,200000 -0,220691 
7,300000 -0,220406 
7,400000 -0,218951 
7,500000 -0,219661 
7,600000 -0,220754 
7,700000 -0,220714 
7,800000 -0,219982 
7,900000 -0,219682 
8,000000 -0,220838 
8,100000 -0,221341 
8,200000 -0,222030 
8,300000 -0,221386 
8,400000 -0,220807 
8,500000 -0,221437 
8,600000 -0,220375 
8,700000 -0,218951 
8,800000 -0,218811 
8,900000 -0,219068 
9,000000 -0,219721 
9,100000 -0,220272 
9,200000 -0,221228 
9,300000 -0,220664 
9,400000 -0,221125 
9,500000 -0,220066 
9,600000 -0,220483 
9,700000 -0,220513 
9,800000 -0,219795 
9,900000 -0,220003 
10,000000 -0,219097 
10,100000 -0,219369 
10,200000 -0,217269 
10,300000 -0,218691 
10,400000 -0,220478 
10,500000 -0,219883 
10,600000 -0,220452 
10,700000 -0,219693 
10,800000 -0,220189 
10,900000 -0,220745 
11,000000 -0,219659 
11,100000 -0,220109 
11,200000 -0,218677 
11,300000 -0,219299 
11,400000 -0,218190 
11,500000 -0,217281 
11,600000 -0,219286 
11,700000 -0,219757 
11,800000 -0,219448 
11,900000 -0,218853 
12,000000 -0,218368 
12,100000 -0,219283 
12,200000 -0,219414 
12,300000 -0,218557 
12,400000 -0,219385 
12,500000 -0,220693 
12,600000 -0,220541 
12,700000 -0,226011 
12,800000 -0,237647 
12,900000 -0,248921 
13,000000 -0,256092 
13,100000 -0,258664 
13,200000 -0,257304 
13,300000 -0,244655 
13,400000 -0,234509 
13,500000 -0,227573 
13,600000 -0,224930 
13,700000 -0,224679 
13,800000 -0,226057 
13,900000 -0,227041 
14,000000 -0,227163 
14,100000 -0,228237 
14,200000 -0,231183 
14,300000 -0,230122 
14,400000 -0,234283 
14,500000 -0,254572 
14,600000 -0,337284 
14,700000 -0,529176 
14,800000 -0,775144 
14,900000 -0,955282 
15,000000 -1,048581 
15,100000 -1,046339 
15,200000 -0,933148 
15,300000 -0,678043 
15,400000 -0,480493 
15,500000 -0,368952 
15,600000 -0,312379 
15,700000 -0,287395 
15,800000 -0,277582 
15,900000 -0,274325 
16,000000 -0,270289 
16,100000 -0,266407 
16,200000 -0,258433 
16,300000 -0,246472 
16,400000 -0,240239 
16,500000 -0,246990 
16,600000 -0,281809 
16,700000 -0,341528 
16,800000 -0,399469 
16,900000 -0,435879 
17,000000 -0,449153 
17,100000 -0,438542 
17,200000 -0,393119 
17,300000 -0,328776 
17,400000 -0,283750 
17,500000 -0,269368 
17,600000 -0,291899 
17,700000 -0,335893 
17,800000 -0,376808 
17,900000 -0,404281 
18,000000 -0,413052 
18,100000 -0,401699 
18,200000 -0,363692 
18,300000 -0,311242 
18,400000 -0,275873 
18,500000 -0,291973 
18,600000 -0,369499 
18,700000 -0,480148 
18,800000 -0,569365 
18,900000 -0,621516 
19,000000 -0,628782 
19,100000 -0,595474 
19,200000 -0,497820 
19,300000 -0,385363 
19,400000 -0,315506 
19,500000 -0,274984 
19,600000 -0,254212 
19,700000 -0,244526 
19,800000 -0,236822 
19,900000 -0,232614 
20,000000 -0,231212 
20,100000 -0,228896 
20,200000 -0,226889 
20,300000 -0,226018 
20,400000 -0,228812 
20,500000 -0,254501 
20,600000 -0,301447 
20,700000 -0,348485 
20,800000 -0,382259 
20,900000 -0,398423 
21,000000 -0,394822 
21,100000 -0,373889 
21,200000 -0,323743 
21,300000 -0,279728 
21,400000 -0,252173 
21,500000 -0,238919 
21,600000 -0,232517 
21,700000 -0,227703 
21,800000 -0,224468 
21,900000 -0,221240 
22,000000 -0,221111 
22,100000 -0,220867 
22,200000 -0,219844 
22,300000 -0,219918 
22,400000 -0,220470 
22,500000 -0,221189 
22,600000 -0,222284 
22,700000 -0,224341 
22,800000 -0,224361 
22,900000 -0,224698 
23,000000 -0,224089 
23,100000 -0,224679 
23,200000 -0,222537 
23,300000 -0,219995 
23,400000 -0,220090 
23,500000 -0,220822 
23,600000 -0,220001 
23,700000 -0,220553 
23,800000 -0,217794 
23,900000 -0,218047 
24,000000 -0,218617 
24,100000 -0,219522 
24,200000 -0,219521 
24,300000 -0,218549 
24,400000 -0,220115 
24,500000 -0,219983 
24,600000 -0,218998 
24,700000 -0,221143 
24,800000 -0,222296 
24,900000 -0,220896 
25,000000 -0,221738 
25,100000 -0,219895 
25,200000 -0,217464 
25,300000 -0,217671 
25,400000 -0,217061 
25,500000 -0,220046 
25,600000 -0,220631 
25,700000 -0,223062 
25,800000 -0,225339 
25,900000 -0,224747 
26,000000 -0,224298 
26,100000 -0,222458 
26,200000 -0,221223 
26,300000 -0,219426 
26,400000 -0,223648 
26,500000 -0,237526 
26,600000 -0,259865 
26,700000 -0,279106 
26,800000 -0,288967 
26,900000 -0,292614 
27,000000 -0,288093 
27,100000 -0,273593 
27,200000 -0,256590 
27,300000 -0,244560 
27,400000 -0,257890 
27,500000 -0,301235 
27,600000 -0,379170 
27,700000 -0,448528 
27,800000 -0,488031 
27,900000 -0,510193 
