0,000000 -0,049707 
0,100000 -0,049730 
0,200000 -0,049999 
0,300000 -0,050255 
0,400000 -0,050285 
0,500000 -0,049859 
0,600000 -0,049800 
0,700000 -0,050216 
0,800000 -0,049653 
0,900000 -0,050336 
1,000000 -0,049838 
1,100000 -0,050103 
1,200000 -0,050044 
1,300000 -0,050406 
1,400000 -0,050024 
1,500000 -0,049948 
1,600000 -0,049716 
1,700000 -0,049987 
1,800000 -0,050016 
1,900000 -0,050052 
2,000000 -0,050122 
2,100000 -0,049860 
2,200000 -0,050191 
2,300000 -0,050182 
2,400000 -0,050118 
2,500000 -0,048720 
2,600000 -0,038874 
2,700000 -0,032821 
2,800000 -0,028980 
2,900000 -0,026681 
3,000000 -0,025003 
3,100000 -0,024132 
3,200000 -0,023564 
3,300000 -0,023269 
3,400000 -0,023750 
3,500000 -0,025198 
3,600000 -0,026829 
3,700000 -0,025240 
3,800000 -0,024018 
3,900000 -0,023506 
4,000000 -0,023161 
4,100000 -0,023003 
4,200000 -0,022865 
4,300000 -0,022883 
4,400000 -0,022567 
4,500000 -0,022623 
4,600000 -0,022626 
4,700000 -0,022779 
4,800000 -0,022743 
4,900000 -0,022548 
5,000000 -0,022348 
5,100000 -0,022585 
5,200000 -0,022477 
5,300000 -0,022806 
5,400000 -0,022496 
5,500000 -0,022492 
5,600000 -0,022429 
5,700000 -0,022237 
5,800000 -0,022512 
5,900000 -0,022560 
6,000000 -0,022383 
6,100000 -0,022473 
6,200000 -0,022561 
6,300000 -0,022564 
6,400000 -0,022566 
6,500000 -0,022578 
6,600000 -0,022633 
6,700000 -0,022385 
6,800000 -0,022508 
6,900000 -0,022603 
7,000000 -0,022481 
7,100000 -0,022589 
7,200000 -0,022575 
7,300000 -0,022532 
7,400000 -0,022508 
7,500000 -0,022742 
7,600000 -0,022698 
7,700000 -0,022454 
7,800000 -0,022600 
7,900000 -0,022670 
8,000000 -0,022797 
8,100000 -0,022757 
8,200000 -0,022830 
8,300000 -0,022842 
8,400000 -0,022748 
8,500000 -0,022699 
8,600000 -0,022675 
8,700000 -0,022523 
8,800000 -0,022629 
8,900000 -0,022476 
9,000000 -0,022630 
9,100000 -0,022760 
9,200000 -0,022546 
9,300000 -0,022536 
9,400000 -0,022534 
9,500000 -0,022743 
9,600000 -0,022648 
9,700000 -0,022687 
9,800000 -0,022672 
9,900000 -0,022675 
10,000000 -0,022724 
10,100000 -0,022627 
10,200000 -0,022625 
10,300000 -0,022600 
10,400000 -0,022661 
10,500000 -0,022754 
10,600000 -0,022790 
10,700000 -0,022871 
10,800000 -0,022723 
10,900000 -0,022783 
11,000000 -0,022729 
11,100000 -0,022673 
11,200000 -0,022734 
11,300000 -0,022794 
11,400000 -0,022782 
11,500000 -0,022761 
11,600000 -0,022656 
11,700000 -0,022555 
11,800000 -0,022710 
11,900000 -0,022623 
12,000000 -0,022678 
12,100000 -0,022635 
12,200000 -0,022501 
12,300000 -0,022570 
12,400000 -0,022777 
12,500000 -0,022640 
12,600000 -0,022589 
12,700000 -0,022764 
12,800000 -0,022926 
12,900000 -0,023174 
13,000000 -0,023468 
13,100000 -0,023697 
13,200000 -0,023617 
13,300000 -0,023281 
13,400000 -0,023086 
13,500000 -0,022929 
13,600000 -0,022851 
13,700000 -0,022781 
13,800000 -0,022643 
13,900000 -0,022641 
14,000000 -0,022864 
14,100000 -0,022881 
14,200000 -0,022841 
14,300000 -0,023027 
14,400000 -0,022996 
14,500000 -0,023268 
14,600000 -0,023664 
14,700000 -0,026452 
14,800000 -0,034670 
14,900000 -0,051850 
15,000000 -0,069857 
15,100000 -0,079310 
15,200000 -0,070654 
15,300000 -0,052438 
15,400000 -0,039147 
15,500000 -0,031898 
15,600000 -0,028230 
15,700000 -0,025808 
15,800000 -0,024881 
15,900000 -0,024389 
16,000000 -0,024536 
16,100000 -0,024545 
16,200000 -0,024022 
16,300000 -0,023560 
16,400000 -0,023280 
16,500000 -0,023190 
16,600000 -0,023206 
16,700000 -0,023743 
16,800000 -0,025728 
16,900000 -0,029175 
17,000000 -0,032692 
17,100000 -0,033566 
17,200000 -0,030442 
17,300000 -0,027256 
17,400000 -0,025041 
17,500000 -0,023905 
17,600000 -0,023571 
17,700000 -0,023731 
17,800000 -0,024960 
17,900000 -0,027497 
18,000000 -0,029585 
18,100000 -0,029969 
18,200000 -0,028059 
18,300000 -0,025485 
18,400000 -0,024242 
18,500000 -0,023662 
18,600000 -0,023637 
18,700000 -0,024729 
18,800000 -0,028205 
18,900000 -0,034113 
19,000000 -0,039166 
19,100000 -0,039498 
19,200000 -0,034188 
19,300000 -0,028688 
19,400000 -0,025949 
19,500000 -0,024305 
19,600000 -0,023682 
19,700000 -0,023400 
19,800000 -0,023139 
19,900000 -0,023076 
20,000000 -0,023028 
20,100000 -0,023092 
20,200000 -0,022990 
20,300000 -0,022775 
20,400000 -0,023005 
20,500000 -0,022708 
20,600000 -0,023029 
20,700000 -0,023695 
20,800000 -0,025223 
20,900000 -0,028027 
21,000000 -0,029404 
21,100000 -0,028845 
21,200000 -0,026525 
21,300000 -0,024547 
21,400000 -0,023632 
21,500000 -0,023280 
21,600000 -0,023081 
21,700000 -0,022786 
21,800000 -0,022796 
21,900000 -0,022821 
22,000000 -0,022595 
22,100000 -0,022531 
22,200000 -0,022776 
22,300000 -0,022621 
22,400000 -0,022469 
22,500000 -0,022503 
22,600000 -0,022662 
22,700000 -0,022665 
22,800000 -0,022773 
22,900000 -0,022676 
23,000000 -0,022705 
23,100000 -0,022625 
23,200000 -0,022556 
23,300000 -0,022609 
23,400000 -0,022573 
23,500000 -0,022688 
23,600000 -0,022569 
23,700000 -0,022556 
23,800000 -0,022323 
23,900000 -0,022365 
24,000000 -0,022336 
24,100000 -0,022536 
24,200000 -0,022375 
24,300000 -0,022483 
24,400000 -0,022562 
24,500000 -0,022659 
24,600000 -0,022467 
24,700000 -0,022444 
24,800000 -0,022819 
24,900000 -0,022371 
25,000000 -0,022503 
25,100000 -0,022513 
25,200000 -0,022561 
25,300000 -0,022473 
25,400000 -0,022235 
25,500000 -0,022392 
25,600000 -0,022375 
25,700000 -0,022486 
25,800000 -0,022413 
25,900000 -0,022220 
26,000000 -0,022315 
26,100000 -0,022095 
26,200000 -0,022278 
26,300000 -0,022382 
26,400000 -0,022176 
26,500000 -0,022244 
26,600000 -0,022125 
26,700000 -0,022342 
26,800000 -0,022327 
26,900000 -0,022629 
27,000000 -0,022889 
27,100000 -0,022567 
27,200000 -0,022416 
27,300000 -0,022296 
27,400000 -0,022332 
27,500000 -0,022514 
27,600000 -0,022595 
27,700000 -0,023250 
27,800000 -0,023690 
27,900000 -0,024693 
28,000000 -0,025813 
28,100000 -0,025232 
28,200000 -0,024806 
28,300000 -0,025438 
28,400000 -0,027264 
28,500000 -0,030244 
28,600000 -0,046878 
28,700000 -0,089269 
28,800000 -0,183592 
28,900000 -0,321853 
29,000000 -0,374006 
29,100000 -0,248645 
29,200000 -0,139962 
29,300000 -0,086924 
29,400000 -0,060130 
29,500000 -0,045283 
29,600000 -0,036452 
29,700000 -0,031706 
29,800000 -0,029149 
29,900000 -0,028396 
30,000000 -0,027717 
30,100000 -0,026085 
30,200000 -0,024636 
30,300000 -0,023826 
30,400000 -0,023576 
30,500000 -0,023490 
30,600000 -0,023460 
30,700000 -0,024347 
30,800000 -0,027097 
30,900000 -0,029940 
31,000000 -0,030794 
31,100000 -0,028043 
31,200000 -0,025343 
31,300000 -0,024206 
31,400000 -0,023622 
31,500000 -0,023369 
31,600000 -0,023086 
31,700000 -0,023146 
31,800000 -0,023262 
31,900000 -0,023376 
32,000000 -0,023341 
32,100000 -0,023176 
32,200000 -0,023174 
32,300000 -0,023263 
32,400000 -0,023322 
32,500000 -0,023710 
32,600000 -0,024479 
32,700000 -0,029508 
32,800000 -0,039777 
32,900000 -0,052516 
33,000000 -0,052579 
33,100000 -0,041663 
33,200000 -0,033166 
33,300000 -0,028530 
33,400000 -0,026037 
33,500000 -0,024516 
33,600000 -0,023831 
33,700000 -0,023463 
33,800000 -0,023225 
33,900000 -0,023147 
34,000000 -0,022881 
34,100000 -0,022904 
34,200000 -0,022777 
34,300000 -0,022692 
34,400000 -0,022593 
34,500000 -0,022768 
34,600000 -0,022852 
34,700000 -0,022671 
34,800000 -0,022572 
34,900000 -0,022658 
35,000000 -0,022890 
35,100000 -0,022824 
35,200000 -0,022688 
35,300000 -0,022559 
35,400000 -0,022629 
35,500000 -0,022679 
35,600000 -0,022835 
35,700000 -0,022692 
35,800000 -0,022723 
35,900000 -0,022711 
36,000000 -0,022780 
36,100000 -0,022719 
36,200000 -0,022738 
36,300000 -0,022824 
36,400000 -0,022617 
36,500000 -0,022578 
36,600000 -0,022704 
36,700000 -0,022612 
36,800000 -0,022688 
36,900000 -0,022806 
37,000000 -0,022644 
37,100000 -0,022667 
37,200000 -0,022703 
37,300000 -0,022928 
37,400000 -0,022729 
37,500000 -0,022765 
37,600000 -0,022683 
37,700000 -0,022754 
37,800000 -0,022513 
37,900000 -0,022631 
38,000000 -0,022648 
38,100000 -0,022635 
38,200000 -0,022731 
38,300000 -0,022765 
38,400000 -0,022644 
38,500000 -0,022699 
38,600000 -0,022535 
38,700000 -0,022732 
38,800000 -0,022660 
38,900000 -0,022632 
39,000000 -0,022640 
39,100000 -0,022637 
39,200000 -0,022625 
39,300000 -0,022683 
39,400000 -0,022573 
39,500000 -0,022610 
39,600000 -0,022727 
39,700000 -0,022546 
39,800000 -0,022722 
39,900000 -0,022495 
40,000000 -0,022648 
40,100000 -0,022634 
40,200000 -0,022521 
40,300000 -0,022691 
40,400000 -0,022676 
40,500000 -0,022706 
40,600000 -0,022905 
40,700000 -0,022868 
40,800000 -0,023075 
40,900000 -0,023357 
41,000000 -0,023099 
41,100000 -0,023032 
41,200000 -0,022932 
41,300000 -0,022784 
41,400000 -0,022710 
41,500000 -0,022451 
41,600000 -0,022672 
41,700000 -0,022682 
41,800000 -0,022655 
41,900000 -0,022630 
42,000000 -0,022649 
42,100000 -0,022670 
42,200000 -0,022444 
42,300000 -0,022622 
42,400000 -0,022642 
42,500000 -0,022595 
42,600000 -0,022651 
42,700000 -0,022733 
42,800000 -0,022694 
42,900000 -0,022713 
43,000000 -0,022654 
43,100000 -0,022586 
43,200000 -0,022566 
43,300000 -0,022605 
43,400000 -0,022492 
43,500000 -0,022587 
43,600000 -0,022693 
43,700000 -0,022794 
43,800000 -0,022540 
43,900000 -0,022783 
44,000000 -0,022856 
44,100000 -0,022713 
44,200000 -0,022682 
44,300000 -0,022770 
44,400000 -0,022818 
44,500000 -0,022762 
44,600000 -0,022835 
44,700000 -0,022755 
44,800000 -0,022820 
44,900000 -0,022745 
45,000000 -0,022956 
45,100000 -0,022748 
45,200000 -0,022625 
45,300000 -0,022792 
45,400000 -0,022658 
45,500000 -0,022653 
45,600000 -0,022824 
45,700000 -0,022676 
45,800000 -0,022741 
45,900000 -0,022806 
46,000000 -0,022667 
46,100000 -0,022735 
46,200000 -0,022699 
46,300000 -0,022539 
46,400000 -0,022448 
46,500000 -0,022627 
46,600000 -0,022752 
46,700000 -0,022700 
46,800000 -0,022494 
46,900000 -0,022487 
47,000000 -0,022630 
47,100000 -0,022613 
47,200000 -0,022816 
47,300000 -0,022746 
47,400000 -0,022693 
47,500000 -0,022557 
47,600000 -0,022713 
47,700000 -0,022829 
47,800000 -0,022737 
47,900000 -0,022824 
48,000000 -0,022668 
48,100000 -0,022662 
48,200000 -0,022679 
48,300000 -0,022633 
48,400000 -0,022720 
48,500000 -0,022586 
48,600000 -0,022528 
48,700000 -0,022593 
48,800000 -0,022685 
48,900000 -0,022588 
49,000000 -0,022788 
49,100000 -0,022700 
49,200000 -0,022510 
49,300000 -0,022498 
49,400000 -0,022691 
49,500000 -0,022648 
49,600000 -0,022507 
49,700000 -0,022625 
49,800000 -0,022644 
49,900000 -0,022647 
