0,000000 -0,508141 
0,100000 -0,508252 
0,200000 -0,509919 
0,300000 -0,507676 
0,400000 -0,508271 
0,500000 -0,509300 
0,600000 -0,508918 
0,700000 -0,510479 
0,800000 -0,510569 
0,900000 -0,510182 
1,000000 -0,510861 
1,100000 -0,510921 
1,200000 -0,512297 
1,300000 -0,510889 
1,400000 -0,510031 
1,500000 -0,511571 
1,600000 -0,510588 
1,700000 -0,509914 
1,800000 -0,507787 
1,900000 -0,508445 
2,000000 -0,509487 
2,100000 -0,510492 
2,200000 -0,509882 
2,300000 -0,509583 
2,400000 -0,511494 
2,500000 -0,493023 
2,600000 -0,392962 
2,700000 -0,332831 
2,800000 -0,297941 
2,900000 -0,270618 
3,000000 -0,253713 
3,100000 -0,240999 
3,200000 -0,235617 
3,300000 -0,232744 
3,400000 -0,247103 
3,500000 -0,292670 
3,600000 -0,333035 
3,700000 -0,307527 
3,800000 -0,270088 
3,900000 -0,248388 
4,000000 -0,235834 
4,100000 -0,227669 
4,200000 -0,223707 
4,300000 -0,223142 
4,400000 -0,221768 
4,500000 -0,221462 
4,600000 -0,220335 
4,700000 -0,219211 
4,800000 -0,220335 
4,900000 -0,218715 
5,000000 -0,220172 
5,100000 -0,219478 
5,200000 -0,218528 
5,300000 -0,220069 
5,400000 -0,219188 
5,500000 -0,219148 
5,600000 -0,219735 
5,700000 -0,219489 
5,800000 -0,219574 
5,900000 -0,220356 
6,000000 -0,218576 
6,100000 -0,220373 
6,200000 -0,220821 
6,300000 -0,220620 
6,400000 -0,219967 
6,500000 -0,220208 
6,600000 -0,219626 
6,700000 -0,219551 
6,800000 -0,218536 
6,900000 -0,219743 
7,000000 -0,218885 
7,100000 -0,219293 
7,200000 -0,219306 
7,300000 -0,218666 
7,400000 -0,220003 
7,500000 -0,219480 
7,600000 -0,219787 
7,700000 -0,219986 
7,800000 -0,217955 
7,900000 -0,218912 
8,000000 -0,220482 
8,100000 -0,222667 
8,200000 -0,222466 
8,300000 -0,222129 
8,400000 -0,223197 
8,500000 -0,220990 
8,600000 -0,220431 
8,700000 -0,221949 
8,800000 -0,221565 
8,900000 -0,221663 
9,000000 -0,220385 
9,100000 -0,219999 
9,200000 -0,220908 
9,300000 -0,221441 
9,400000 -0,221024 
9,500000 -0,220376 
9,600000 -0,220712 
9,700000 -0,219736 
9,800000 -0,220060 
9,900000 -0,220584 
10,000000 -0,220696 
10,100000 -0,220219 
10,200000 -0,219143 
10,300000 -0,219981 
10,400000 -0,219058 
10,500000 -0,220900 
10,600000 -0,221615 
10,700000 -0,221342 
10,800000 -0,222245 
10,900000 -0,221784 
11,000000 -0,220734 
11,100000 -0,218209 
11,200000 -0,220473 
11,300000 -0,219495 
11,400000 -0,220535 
11,500000 -0,220380 
11,600000 -0,220684 
11,700000 -0,219567 
11,800000 -0,220094 
11,900000 -0,220823 
12,000000 -0,220271 
12,100000 -0,220327 
12,200000 -0,219344 
12,300000 -0,220707 
12,400000 -0,221144 
12,500000 -0,220783 
12,600000 -0,221892 
12,700000 -0,228369 
12,800000 -0,237764 
12,900000 -0,249126 
13,000000 -0,258513 
13,100000 -0,262436 
13,200000 -0,258029 
13,300000 -0,248562 
13,400000 -0,235343 
13,500000 -0,230897 
13,600000 -0,226824 
13,700000 -0,223495 
13,800000 -0,225863 
13,900000 -0,226682 
14,000000 -0,228547 
14,100000 -0,229726 
14,200000 -0,231914 
14,300000 -0,232942 
14,400000 -0,235972 
14,500000 -0,250609 
14,600000 -0,310735 
14,700000 -0,518485 
14,800000 -0,763946 
14,900000 -0,960503 
15,000000 -1,048950 
15,100000 -1,040138 
15,200000 -0,938700 
15,300000 -0,685571 
15,400000 -0,487074 
15,500000 -0,374623 
15,600000 -0,317797 
15,700000 -0,291139 
15,800000 -0,280226 
15,900000 -0,276330 
16,000000 -0,273993 
16,100000 -0,267917 
16,200000 -0,261187 
16,300000 -0,248832 
16,400000 -0,240706 
16,500000 -0,242740 
16,600000 -0,278147 
16,700000 -0,341501 
16,800000 -0,403175 
16,900000 -0,440906 
17,000000 -0,451431 
17,100000 -0,439928 
17,200000 -0,396521 
17,300000 -0,330106 
17,400000 -0,284587 
17,500000 -0,267420 
17,600000 -0,289409 
17,700000 -0,336892 
17,800000 -0,378740 
17,900000 -0,406776 
18,000000 -0,410228 
18,100000 -0,400549 
18,200000 -0,362587 
18,300000 -0,310771 
18,400000 -0,275202 
18,500000 -0,281358 
18,600000 -0,368615 
18,700000 -0,482661 
18,800000 -0,574287 
18,900000 -0,625824 
19,000000 -0,630632 
19,100000 -0,597272 
19,200000 -0,502421 
19,300000 -0,394323 
19,400000 -0,317373 
19,500000 -0,274954 
19,600000 -0,254212 
19,700000 -0,244760 
19,800000 -0,236839 
19,900000 -0,234844 
20,000000 -0,231532 
20,100000 -0,231820 
20,200000 -0,227141 
20,300000 -0,225607 
20,400000 -0,227031 
20,500000 -0,252114 
20,600000 -0,300588 
20,700000 -0,345319 
20,800000 -0,375254 
20,900000 -0,388596 
21,000000 -0,385531 
21,100000 -0,369897 
21,200000 -0,318996 
21,300000 -0,277338 
21,400000 -0,252321 
21,500000 -0,238271 
21,600000 -0,231368 
21,700000 -0,225846 
21,800000 -0,224348 
21,900000 -0,224152 
22,000000 -0,221492 
22,100000 -0,221875 
22,200000 -0,220966 
22,300000 -0,220509 
22,400000 -0,220648 
22,500000 -0,222309 
22,600000 -0,225339 
22,700000 -0,223432 
22,800000 -0,223341 
22,900000 -0,224729 
23,000000 -0,226757 
23,100000 -0,224962 
23,200000 -0,223712 
23,300000 -0,221970 
23,400000 -0,220955 
23,500000 -0,219695 
23,600000 -0,219194 
23,700000 -0,219789 
23,800000 -0,219221 
23,900000 -0,219081 
24,000000 -0,219177 
24,100000 -0,220253 
24,200000 -0,219262 
24,300000 -0,219149 
24,400000 -0,220904 
24,500000 -0,220292 
24,600000 -0,221667 
24,700000 -0,222236 
24,800000 -0,223200 
24,900000 -0,222975 
25,000000 -0,222040 
25,100000 -0,222330 
25,200000 -0,218875 
25,300000 -0,218681 
25,400000 -0,217874 
25,500000 -0,218976 
25,600000 -0,223684 
25,700000 -0,226292 
25,800000 -0,227886 
25,900000 -0,228936 
26,000000 -0,227234 
26,100000 -0,224929 
26,200000 -0,222768 
26,300000 -0,221038 
26,400000 -0,223402 
26,500000 -0,240625 
26,600000 -0,267553 
26,700000 -0,289129 
26,800000 -0,299717 
26,900000 -0,303280 
27,000000 -0,298371 
27,100000 -0,286123 
27,200000 -0,262133 
27,300000 -0,248551 
27,400000 -0,254730 
27,500000 -0,305316 
27,600000 -0,388023 
27,700000 -0,457822 
27,800000 -0,494857 
27,900000 -0,515064 
28,000000 -0,519065 
28,100000 -0,511939 
28,200000 -0,525496 
28,300000 -0,729006 
28,400000 -1,622099 
28,500000 -4,739135 
28,600000 -9,359056 
28,700000 -9,995117 
28,800000 -9,995117 
28,900000 -9,995117 
29,000000 -9,995117 
29,100000 -8,004959 
29,200000 -4,181390 
29,300000 -2,080027 
29,400000 -1,202494 
29,500000 -0,817168 
29,600000 -0,629011 
29,700000 -0,527607 
29,800000 -0,466400 
29,900000 -0,419513 
30,000000 -0,385446 
30,100000 -0,343668 
30,200000 -0,304498 
30,300000 -0,279615 
30,400000 -0,280277 
30,500000 -0,307257 
30,600000 -0,345437 
30,700000 -0,372609 
30,800000 -0,384596 
30,900000 -0,382941 
31,000000 -0,368990 
31,100000 -0,331074 
31,200000 -0,288713 
31,300000 -0,261679 
31,400000 -0,248550 
31,500000 -0,248393 
31,600000 -0,253006 
31,700000 -0,258951 
31,800000 -0,261603 
31,900000 -0,263966 
32,000000 -0,263519 
32,100000 -0,262859 
32,200000 -0,273119 
32,300000 -0,320056 
32,400000 -0,536180 
32,500000 -0,960652 
32,600000 -1,396951 
32,700000 -1,727927 
32,800000 -1,848865 
32,900000 -1,814906 
33,000000 -1,620019 
33,100000 -1,165582 
33,200000 -0,759424 
33,300000 -0,526257 
33,400000 -0,396895 
33,500000 -0,326429 
33,600000 -0,287570 
33,700000 -0,264188 
33,800000 -0,249722 
33,900000 -0,241029 
34,000000 -0,235661 
34,100000 -0,231232 
34,200000 -0,229179 
34,300000 -0,227821 
34,400000 -0,226632 
34,500000 -0,226357 
34,600000 -0,228712 
34,700000 -0,229246 
34,800000 -0,230059 
34,900000 -0,229600 
35,000000 -0,228262 
35,100000 -0,225398 
35,200000 -0,223358 
35,300000 -0,222903 
35,400000 -0,222486 
35,500000 -0,220898 
35,600000 -0,222836 
35,700000 -0,220118 
35,800000 -0,222028 
35,900000 -0,220761 
36,000000 -0,220844 
36,100000 -0,220262 
36,200000 -0,219705 
36,300000 -0,220627 
36,400000 -0,221696 
36,500000 -0,221691 
36,600000 -0,223064 
36,700000 -0,223036 
36,800000 -0,221489 
36,900000 -0,220661 
37,000000 -0,221700 
37,100000 -0,220704 
37,200000 -0,220797 
37,300000 -0,219333 
37,400000 -0,220415 
37,500000 -0,220808 
37,600000 -0,221168 
37,700000 -0,221574 
37,800000 -0,223253 
37,900000 -0,221043 
38,000000 -0,222044 
38,100000 -0,221326 
38,200000 -0,220612 
38,300000 -0,220619 
38,400000 -0,221153 
38,500000 -0,221638 
38,600000 -0,225045 
38,700000 -0,225531 
38,800000 -0,224959 
38,900000 -0,222975 
39,000000 -0,224075 
39,100000 -0,221670 
39,200000 -0,220951 
39,300000 -0,221504 
39,400000 -0,222070 
39,500000 -0,223253 
39,600000 -0,225451 
39,700000 -0,227731 
39,800000 -0,227384 
39,900000 -0,227531 
40,000000 -0,227603 
40,100000 -0,228094 
40,200000 -0,229020 
40,300000 -0,240765 
40,400000 -0,273530 
40,500000 -0,321814 
40,600000 -0,362020 
40,700000 -0,389474 
40,800000 -0,398305 
40,900000 -0,386399 
41,000000 -0,352092 
41,100000 -0,303747 
41,200000 -0,268447 
41,300000 -0,247599 
41,400000 -0,237624 
41,500000 -0,236363 
41,600000 -0,237211 
41,700000 -0,236981 
41,800000 -0,239641 
41,900000 -0,239178 
42,000000 -0,236733 
42,100000 -0,231387 
42,200000 -0,227877 
42,300000 -0,223380 
42,400000 -0,224304 
42,500000 -0,225698 
42,600000 -0,227313 
42,700000 -0,228071 
42,800000 -0,229851 
42,900000 -0,228688 
43,000000 -0,229281 
43,100000 -0,225764 
43,200000 -0,223432 
43,300000 -0,224614 
43,400000 -0,229194 
43,500000 -0,239558 
43,600000 -0,248192 
43,700000 -0,257619 
43,800000 -0,262142 
43,900000 -0,261005 
44,000000 -0,258337 
44,100000 -0,248135 
44,200000 -0,239700 
44,300000 -0,242904 
44,400000 -0,270937 
44,500000 -0,319339 
44,600000 -0,367615 
44,700000 -0,400801 
44,800000 -0,417934 
44,900000 -0,409013 
45,000000 -0,379081 
45,100000 -0,322719 
45,200000 -0,278183 
45,300000 -0,254904 
45,400000 -0,240528 
45,500000 -0,234818 
45,600000 -0,233132 
45,700000 -0,233913 
45,800000 -0,234483 
45,900000 -0,232732 
46,000000 -0,229770 
46,100000 -0,226480 
46,200000 -0,224380 
46,300000 -0,223402 
46,400000 -0,222411 
46,500000 -0,222906 
46,600000 -0,223903 
46,700000 -0,224536 
46,800000 -0,224255 
46,900000 -0,225257 
47,000000 -0,224780 
47,100000 -0,223697 
47,200000 -0,222686 
47,300000 -0,222257 
47,400000 -0,226196 
47,500000 -0,229746 
47,600000 -0,234940 
47,700000 -0,240944 
47,800000 -0,241441 
47,900000 -0,241454 
48,000000 -0,238874 
48,100000 -0,231958 
48,200000 -0,227211 
48,300000 -0,223424 
48,400000 -0,221869 
48,500000 -0,222279 
48,600000 -0,222030 
48,700000 -0,222306 
48,800000 -0,222247 
48,900000 -0,221634 
49,000000 -0,221350 
49,100000 -0,220824 
49,200000 -0,221495 
49,300000 -0,220940 
49,400000 -0,220601 
49,500000 -0,220722 
49,600000 -0,219740 
49,700000 -0,219416 
49,800000 -0,220805 
49,900000 -0,220325 
50,000000 -0,219380 
50,100000 -0,220215 
50,200000 -0,220711 
50,300000 -0,220755 
50,400000 -0,222042 
50,500000 -0,223659 
50,600000 -0,226636 
50,700000 -0,228265 
50,800000 -0,230016 
50,900000 -0,230799 
51,000000 -0,228888 
51,100000 -0,225138 
51,200000 -0,222380 
51,300000 -0,222620 
51,400000 -0,223354 
51,500000 -0,224027 
51,600000 -0,226002 
51,700000 -0,228542 
51,800000 -0,228811 
51,900000 -0,228261 
52,000000 -0,228870 
52,100000 -0,225751 
52,200000 -0,224496 
52,300000 -0,223600 
52,400000 -0,222085 
52,500000 -0,223689 
52,600000 -0,223854 
52,700000 -0,226047 
52,800000 -0,227970 
52,900000 -0,227598 
53,000000 -0,226517 
53,100000 -0,223934 
53,200000 -0,221241 
53,300000 -0,222013 
53,400000 -0,221547 
53,500000 -0,220845 
53,600000 -0,222363 
53,700000 -0,219037 
53,800000 -0,219763 
53,900000 -0,220703 
54,000000 -0,221027 
54,100000 -0,220812 
54,200000 -0,220021 
54,300000 -0,220666 
54,400000 -0,220094 
54,500000 -0,220318 
54,600000 -0,219321 
54,700000 -0,221313 
54,800000 -0,218437 
54,900000 -0,219291 
55,000000 -0,219726 
55,100000 -0,220230 
55,200000 -0,221397 
55,300000 -0,221630 
55,400000 -0,220528 
55,500000 -0,220219 
55,600000 -0,220076 
55,700000 -0,220291 
55,800000 -0,221170 
55,900000 -0,220596 
56,000000 -0,220090 
56,100000 -0,220541 
56,200000 -0,219586 
56,300000 -0,220105 
56,400000 -0,220861 
56,500000 -0,220270 
56,600000 -0,221070 
56,700000 -0,220526 
56,800000 -0,220089 
56,900000 -0,221452 
57,000000 -0,219619 
57,100000 -0,219828 
57,200000 -0,221159 
57,300000 -0,221269 
57,400000 -0,221942 
57,500000 -0,219259 
57,600000 -0,220516 
57,700000 -0,220629 
57,800000 -0,219714 
57,900000 -0,220273 
58,000000 -0,219625 
58,100000 -0,220676 
58,200000 -0,220170 
58,300000 -0,220258 
58,400000 -0,221135 
58,500000 -0,222364 
58,600000 -0,224187 
58,700000 -0,226331 
58,800000 -0,227821 
58,900000 -0,229126 
59,000000 -0,227672 
59,100000 -0,227043 
59,200000 -0,222750 
59,300000 -0,221408 
59,400000 -0,222829 
59,500000 -0,221190 
59,600000 -0,220891 
59,700000 -0,220617 
59,800000 -0,220415 
59,900000 -0,219985 
60,000000 -0,219024 
60,100000 -0,220716 
60,200000 -0,219690 
60,300000 -0,220828 
60,400000 -0,220936 
60,500000 -0,220321 
60,600000 -0,219659 
60,700000 -0,219712 
60,800000 -0,220376 
60,900000 -0,220249 
61,000000 -0,220730 
61,100000 -0,219906 
61,200000 -0,219907 
61,300000 -0,219630 
61,400000 -0,219295 
61,500000 -0,219151 
61,600000 -0,219444 
61,700000 -0,219172 
61,800000 -0,219286 
61,900000 -0,220560 
62,000000 -0,219439 
62,100000 -0,220486 
62,200000 -0,219832 
62,300000 -0,220543 
62,400000 -0,219884 
62,500000 -0,219729 
62,600000 -0,221099 
62,700000 -0,220647 
62,800000 -0,221325 
62,900000 -0,220075 
63,000000 -0,220595 
63,100000 -0,220172 
63,200000 -0,220210 
63,300000 -0,219993 
63,400000 -0,219841 
63,500000 -0,218596 
63,600000 -0,220406 
63,700000 -0,220128 
63,800000 -0,220854 
63,900000 -0,220349 
64,000000 -0,220543 
64,100000 -0,219052 
64,200000 -0,220147 
64,300000 -0,219263 
64,400000 -0,220939 
64,500000 -0,219874 
64,600000 -0,219505 
64,700000 -0,218972 
64,800000 -0,221808 
64,900000 -0,220197 
65,000000 -0,220231 
65,100000 -0,221235 
65,200000 -0,219719 
65,300000 -0,220293 
65,400000 -0,220520 
65,500000 -0,220808 
65,600000 -0,220776 
65,700000 -0,220552 
65,800000 -0,218989 
65,900000 -0,220941 
66,000000 -0,221142 
66,100000 -0,220449 
66,200000 -0,220037 
66,300000 -0,220277 
66,400000 -0,220923 
66,500000 -0,222011 
66,600000 -0,223957 
66,700000 -0,226023 
66,800000 -0,226297 
66,900000 -0,228292 
67,000000 -0,226869 
67,100000 -0,224514 
67,200000 -0,222752 
67,300000 -0,221986 
67,400000 -0,221164 
67,500000 -0,219178 
67,600000 -0,220579 
67,700000 -0,219621 
67,800000 -0,220834 
67,900000 -0,220923 
68,000000 -0,220671 
68,100000 -0,219834 
68,200000 -0,219108 
68,300000 -0,220176 
68,400000 -0,220796 
68,500000 -0,220282 
68,600000 -0,220188 
68,700000 -0,219733 
68,800000 -0,220984 
68,900000 -0,221009 
69,000000 -0,221296 
69,100000 -0,220618 
69,200000 -0,220645 
69,300000 -0,221458 
69,400000 -0,220755 
69,500000 -0,224820 
69,600000 -0,233318 
69,700000 -0,243489 
69,800000 -0,252592 
69,900000 -0,257375 
70,000000 -0,256866 
70,100000 -0,247736 
70,200000 -0,237526 
70,300000 -0,228815 
70,400000 -0,224573 
70,500000 -0,222257 
70,600000 -0,221210 
70,700000 -0,221699 
70,800000 -0,221937 
70,900000 -0,220673 
71,000000 -0,221728 
71,100000 -0,221704 
71,200000 -0,220695 
71,300000 -0,218682 
71,400000 -0,218479 
71,500000 -0,218969 
71,600000 -0,219424 
71,700000 -0,220770 
71,800000 -0,219515 
71,900000 -0,220279 
72,000000 -0,219823 
72,100000 -0,219671 
72,200000 -0,219353 
72,300000 -0,218757 
72,400000 -0,218922 
72,500000 -0,219367 
72,600000 -0,218173 
72,700000 -0,219658 
72,800000 -0,219098 
72,900000 -0,219502 
73,000000 -0,218961 
73,100000 -0,219086 
73,200000 -0,218771 
73,300000 -0,218457 
73,400000 -0,219637 
73,500000 -0,219835 
73,600000 -0,220133 
73,700000 -0,220292 
73,800000 -0,220291 
73,900000 -0,220259 
74,000000 -0,219325 
74,100000 -0,220120 
74,200000 -0,218088 
74,300000 -0,218450 
74,400000 -0,219979 
74,500000 -0,221347 
74,600000 -0,221825 
74,700000 -0,220823 
74,800000 -0,219800 
74,900000 -0,219066 
75,000000 -0,219980 
75,100000 -0,220610 
75,200000 -0,219211 
75,300000 -0,219367 
75,400000 -0,221165 
75,500000 -0,221247 
75,600000 -0,221362 
75,700000 -0,219949 
75,800000 -0,221096 
75,900000 -0,219559 
76,000000 -0,220437 
76,100000 -0,219354 
76,200000 -0,219872 
76,300000 -0,220612 
76,400000 -0,221035 
76,500000 -0,219390 
76,600000 -0,219448 
76,700000 -0,218757 
76,800000 -0,221040 
76,900000 -0,220827 
77,000000 -0,220451 
77,100000 -0,220843 
77,200000 -0,220398 
77,300000 -0,219763 
77,400000 -0,219757 
77,500000 -0,220497 
77,600000 -0,219700 
77,700000 -0,219699 
77,800000 -0,220358 
77,900000 -0,219948 
78,000000 -0,220555 
78,100000 -0,219677 
78,200000 -0,220591 
78,300000 -0,220713 
78,400000 -0,220575 
78,500000 -0,219342 
78,600000 -0,219289 
78,700000 -0,218583 
78,800000 -0,219968 
78,900000 -0,220012 
79,000000 -0,220216 
79,100000 -0,219611 
79,200000 -0,220604 
79,300000 -0,219707 
79,400000 -0,219720 
79,500000 -0,220103 
79,600000 -0,219998 
79,700000 -0,220510 
79,800000 -0,219154 
79,900000 -0,220304 
80,000000 -0,220797 
80,100000 -0,219771 
80,200000 -0,218795 
80,300000 -0,218741 
80,400000 -0,219509 
80,500000 -0,220354 
80,600000 -0,220484 
80,700000 -0,219809 
80,800000 -0,219213 
80,900000 -0,220250 
81,000000 -0,220076 
81,100000 -0,220073 
81,200000 -0,219703 
81,300000 -0,219290 
81,400000 -0,218835 
81,500000 -0,219019 
81,600000 -0,219839 
81,700000 -0,220166 
81,800000 -0,221822 
81,900000 -0,219277 
82,000000 -0,220542 
82,100000 -0,221352 
82,200000 -0,219329 
82,300000 -0,220532 
82,400000 -0,221212 
82,500000 -0,221165 
82,600000 -0,220272 
82,700000 -0,220446 
82,800000 -0,219204 
82,900000 -0,220322 
83,000000 -0,218898 
83,100000 -0,219336 
83,200000 -0,218996 
83,300000 -0,219128 
83,400000 -0,221102 
83,500000 -0,220058 
83,600000 -0,221135 
83,700000 -0,219674 
83,800000 -0,219321 
83,900000 -0,219709 
84,000000 -0,219174 
84,100000 -0,218909 
84,200000 -0,219832 
84,300000 -0,220962 
84,400000 -0,218240 
84,500000 -0,218511 
84,600000 -0,218985 
84,700000 -0,218832 
84,800000 -0,219891 
84,900000 -0,218938 
85,000000 -0,220130 
85,100000 -0,218776 
85,200000 -0,218613 
85,300000 -0,219428 
85,400000 -0,218804 
85,500000 -0,219109 
85,600000 -0,218791 
85,700000 -0,218594 
85,800000 -0,218639 
85,900000 -0,219696 
86,000000 -0,218324 
86,100000 -0,221518 
86,200000 -0,220044 
86,300000 -0,218988 
86,400000 -0,219583 
86,500000 -0,219653 
86,600000 -0,220414 
86,700000 -0,219586 
86,800000 -0,220045 
86,900000 -0,219478 
87,000000 -0,220414 
87,100000 -0,218994 
87,200000 -0,220792 
87,300000 -0,220460 
87,400000 -0,220137 
87,500000 -0,218438 
87,600000 -0,219846 
87,700000 -0,219476 
87,800000 -0,219765 
87,900000 -0,218392 
88,000000 -0,218844 
88,100000 -0,219092 
88,200000 -0,220636 
88,300000 -0,220723 
88,400000 -0,220069 
88,500000 -0,220033 
88,600000 -0,220155 
88,700000 -0,220001 
88,800000 -0,220945 
88,900000 -0,220093 
89,000000 -0,220787 
89,100000 -0,220450 
89,200000 -0,219264 
89,300000 -0,218824 
89,400000 -0,219400 
89,500000 -0,219827 
89,600000 -0,221534 
89,700000 -0,220463 
89,800000 -0,219847 
89,900000 -0,220043 
90,000000 -0,220133 
90,100000 -0,219768 
90,200000 -0,219784 
90,300000 -0,219887 
90,400000 -0,219333 
90,500000 -0,218731 
90,600000 -0,218703 
90,700000 -0,219172 
90,800000 -0,217684 
90,900000 -0,220306 
91,000000 -0,219906 
91,100000 -0,220346 
91,200000 -0,219194 
91,300000 -0,218842 
91,400000 -0,218092 
91,500000 -0,219491 
91,600000 -0,218104 
91,700000 -0,219801 
91,800000 -0,218663 
91,900000 -0,220108 
92,000000 -0,219314 
92,100000 -0,219234 
92,200000 -0,217368 
92,300000 -0,219931 
92,400000 -0,217621 
92,500000 -0,219572 
92,600000 -0,218738 
92,700000 -0,219377 
92,800000 -0,218404 
92,900000 -0,219856 
93,000000 -0,219327 
93,100000 -0,219574 
93,200000 -0,219433 
93,300000 -0,218586 
93,400000 -0,218525 
93,500000 -0,218445 
93,600000 -0,218912 
93,700000 -0,220586 
93,800000 -0,218781 
93,900000 -0,220222 
94,000000 -0,219160 
94,100000 -0,218549 
94,200000 -0,219083 
94,300000 -0,220497 
94,400000 -0,220515 
94,500000 -0,220947 
94,600000 -0,219823 
94,700000 -0,219278 
94,800000 -0,219905 
94,900000 -0,219949 
95,000000 -0,219874 
95,100000 -0,219623 
95,200000 -0,219840 
95,300000 -0,220728 
95,400000 -0,220302 
95,500000 -0,219357 
95,600000 -0,218782 
95,700000 -0,221055 
95,800000 -0,220554 
95,900000 -0,219234 
96,000000 -0,219960 
96,100000 -0,218972 
96,200000 -0,220407 
96,300000 -0,220110 
96,400000 -0,217633 
96,500000 -0,219741 
96,600000 -0,218903 
96,700000 -0,218555 
96,800000 -0,220428 
96,900000 -0,219815 
97,000000 -0,220157 
97,100000 -0,218182 
97,200000 -0,219892 
97,300000 -0,219938 
97,400000 -0,219635 
97,500000 -0,220920 
97,600000 -0,219075 
97,700000 -0,218577 
97,800000 -0,219646 
97,900000 -0,220722 
98,000000 -0,220279 
98,100000 -0,221647 
98,200000 -0,221109 
98,300000 -0,221023 
98,400000 -0,221621 
98,500000 -0,221968 
98,600000 -0,221677 
98,700000 -0,221401 
98,800000 -0,222311 
98,900000 -0,221346 
99,000000 -0,220705 
99,100000 -0,221079 
99,200000 -0,220633 
99,300000 -0,221396 
99,400000 -0,222250 
99,500000 -0,221526 
99,600000 -0,220581 
99,700000 -0,221993 
99,800000 -0,220433 
99,900000 -0,221144 
100,000000 -0,222667 
