0,000000 -0,051405 
0,100000 -0,051812 
0,200000 -0,051874 
0,300000 -0,051740 
0,400000 -0,051849 
0,500000 -0,051799 
0,600000 -0,051787 
0,700000 -0,051861 
0,800000 -0,051901 
0,900000 -0,051757 
1,000000 -0,051855 
1,100000 -0,051891 
1,200000 -0,052021 
1,300000 -0,051680 
1,400000 -0,051542 
1,500000 -0,051601 
1,600000 -0,051679 
1,700000 -0,052103 
1,800000 -0,051888 
1,900000 -0,051583 
2,000000 -0,051775 
2,100000 -0,051835 
2,200000 -0,051709 
2,300000 -0,051863 
2,400000 -0,051895 
2,500000 -0,050271 
2,600000 -0,040196 
2,700000 -0,033813 
2,800000 -0,030035 
2,900000 -0,027522 
3,000000 -0,025257 
3,100000 -0,024215 
3,200000 -0,023830 
3,300000 -0,024004 
3,400000 -0,025952 
3,500000 -0,028591 
3,600000 -0,029393 
3,700000 -0,027839 
3,800000 -0,024895 
3,900000 -0,024088 
4,000000 -0,023514 
4,100000 -0,023202 
4,200000 -0,023105 
4,300000 -0,022813 
4,400000 -0,022752 
4,500000 -0,022643 
4,600000 -0,022594 
4,700000 -0,022645 
4,800000 -0,022587 
4,900000 -0,022668 
5,000000 -0,022559 
5,100000 -0,022678 
5,200000 -0,022626 
5,300000 -0,022727 
5,400000 -0,022523 
5,500000 -0,022622 
5,600000 -0,022526 
5,700000 -0,022431 
5,800000 -0,022492 
5,900000 -0,022331 
6,000000 -0,022580 
6,100000 -0,022496 
6,200000 -0,022572 
6,300000 -0,022519 
6,400000 -0,022450 
6,500000 -0,022466 
6,600000 -0,022573 
6,700000 -0,022596 
6,800000 -0,022527 
6,900000 -0,022468 
7,000000 -0,022582 
7,100000 -0,022559 
7,200000 -0,022642 
7,300000 -0,022630 
7,400000 -0,022499 
7,500000 -0,022602 
7,600000 -0,022677 
7,700000 -0,022764 
7,800000 -0,022913 
7,900000 -0,023112 
8,000000 -0,023091 
8,100000 -0,023172 
8,200000 -0,023181 
8,300000 -0,023241 
8,400000 -0,023093 
8,500000 -0,022795 
8,600000 -0,022767 
8,700000 -0,022840 
8,800000 -0,022839 
8,900000 -0,022948 
9,000000 -0,022684 
9,100000 -0,022716 
9,200000 -0,022707 
9,300000 -0,022738 
9,400000 -0,022644 
9,500000 -0,022787 
9,600000 -0,022602 
9,700000 -0,022592 
9,800000 -0,022716 
9,900000 -0,022677 
10,000000 -0,022532 
10,100000 -0,022618 
10,200000 -0,022753 
10,300000 -0,022695 
10,400000 -0,022682 
10,500000 -0,022586 
10,600000 -0,022806 
10,700000 -0,022782 
10,800000 -0,022752 
10,900000 -0,022753 
11,000000 -0,022706 
11,100000 -0,022715 
11,200000 -0,022875 
11,300000 -0,022586 
11,400000 -0,022581 
11,500000 -0,022648 
11,600000 -0,022654 
11,700000 -0,022701 
11,800000 -0,022508 
11,900000 -0,022588 
12,000000 -0,022659 
12,100000 -0,022710 
12,200000 -0,023082 
12,300000 -0,023529 
12,400000 -0,024389 
12,500000 -0,025663 
12,600000 -0,026246 
12,700000 -0,026770 
12,800000 -0,027131 
12,900000 -0,027162 
13,000000 -0,026953 
13,100000 -0,026757 
13,200000 -0,026472 
13,300000 -0,025832 
13,400000 -0,024531 
13,500000 -0,023925 
13,600000 -0,023888 
13,700000 -0,024027 
13,800000 -0,024162 
13,900000 -0,025294 
14,000000 -0,030806 
14,100000 -0,047644 
14,200000 -0,082176 
14,300000 -0,123626 
14,400000 -0,162031 
14,500000 -0,188584 
14,600000 -0,204017 
14,700000 -0,211636 
14,800000 -0,212043 
14,900000 -0,207910 
15,000000 -0,200801 
15,100000 -0,190651 
15,200000 -0,173129 
15,300000 -0,146550 
15,400000 -0,102611 
15,500000 -0,069052 
15,600000 -0,052232 
15,700000 -0,042817 
15,800000 -0,038286 
15,900000 -0,037001 
16,000000 -0,039649 
16,100000 -0,046842 
16,200000 -0,055156 
16,300000 -0,061647 
16,400000 -0,065977 
16,500000 -0,068213 
16,600000 -0,068930 
16,700000 -0,069182 
16,800000 -0,069520 
16,900000 -0,069858 
17,000000 -0,073261 
17,100000 -0,076927 
17,200000 -0,078404 
17,300000 -0,076184 
17,400000 -0,069386 
17,500000 -0,063756 
17,600000 -0,060645 
17,700000 -0,060022 
17,800000 -0,061784 
17,900000 -0,069451 
18,000000 -0,083611 
18,100000 -0,095563 
18,200000 -0,105635 
18,300000 -0,108940 
18,400000 -0,106849 
18,500000 -0,105382 
18,600000 -0,103484 
18,700000 -0,100839 
18,800000 -0,098016 
18,900000 -0,094134 
19,000000 -0,089730 
19,100000 -0,084693 
19,200000 -0,077487 
19,300000 -0,066138 
19,400000 -0,050946 
19,500000 -0,039286 
19,600000 -0,033408 
19,700000 -0,032441 
19,800000 -0,036084 
19,900000 -0,042406 
20,000000 -0,048482 
20,100000 -0,053623 
20,200000 -0,057042 
20,300000 -0,058895 
20,400000 -0,060228 
20,500000 -0,060077 
20,600000 -0,059613 
20,700000 -0,059041 
20,800000 -0,057355 
20,900000 -0,055952 
21,000000 -0,053726 
21,100000 -0,050569 
21,200000 -0,047108 
21,300000 -0,041436 
21,400000 -0,034034 
21,500000 -0,028733 
21,600000 -0,026288 
21,700000 -0,024727 
21,800000 -0,024055 
21,900000 -0,023751 
22,000000 -0,023708 
22,100000 -0,023712 
22,200000 -0,023598 
22,300000 -0,023483 
22,400000 -0,023400 
22,500000 -0,023387 
22,600000 -0,023349 
22,700000 -0,023357 
22,800000 -0,023352 
22,900000 -0,023245 
23,000000 -0,022933 
23,100000 -0,023108 
23,200000 -0,023033 
23,300000 -0,022959 
23,400000 -0,022894 
23,500000 -0,022708 
23,600000 -0,022735 
23,700000 -0,022613 
23,800000 -0,022734 
23,900000 -0,022570 
24,000000 -0,022608 
24,100000 -0,022611 
24,200000 -0,022737 
24,300000 -0,022555 
24,400000 -0,022614 
24,500000 -0,022529 
24,600000 -0,022728 
24,700000 -0,022760 
24,800000 -0,022851 
24,900000 -0,022812 
25,000000 -0,022835 
25,100000 -0,022768 
25,200000 -0,022735 
25,300000 -0,022825 
25,400000 -0,022871 
25,500000 -0,023389 
25,600000 -0,024378 
25,700000 -0,025847 
25,800000 -0,026904 
25,900000 -0,027383 
26,000000 -0,027827 
26,100000 -0,028048 
26,200000 -0,028165 
26,300000 -0,028650 
26,400000 -0,030442 
26,500000 -0,034944 
26,600000 -0,042083 
26,700000 -0,048804 
26,800000 -0,054269 
26,900000 -0,059782 
27,000000 -0,066907 
27,100000 -0,082326 
27,200000 -0,136772 
27,300000 -0,289531 
27,400000 -0,739793 
27,500000 -1,560523 
27,600000 -2,561972 
27,700000 -3,227900 
27,800000 -3,512461 
27,900000 -3,674990 
28,000000 -3,750280 
28,100000 -3,775305 
28,200000 -3,785862 
28,300000 -3,743675 
28,400000 -3,668646 
28,500000 -3,607700 
28,600000 -3,424409 
28,700000 -3,207570 
28,800000 -3,050083 
28,900000 -2,841300 
29,000000 -2,599300 
29,100000 -2,298739 
29,200000 -1,939042 
29,300000 -1,399413 
29,400000 -0,752817 
29,500000 -0,386821 
29,600000 -0,264084 
29,700000 -0,215994 
29,800000 -0,195203 
29,900000 -0,183433 
30,000000 -0,175950 
30,100000 -0,170438 
30,200000 -0,163364 
30,300000 -0,158168 
30,400000 -0,151097 
30,500000 -0,145755 
30,600000 -0,140521 
30,700000 -0,135121 
30,800000 -0,129477 
30,900000 -0,126674 
31,000000 -0,127427 
31,100000 -0,141566 
31,200000 -0,193407 
31,300000 -0,281738 
31,400000 -0,380227 
31,500000 -0,471737 
31,600000 -0,538316 
31,700000 -0,585239 
31,800000 -0,612234 
31,900000 -0,625451 
32,000000 -0,635861 
32,100000 -0,633669 
32,200000 -0,632258 
32,300000 -0,620703 
32,400000 -0,608087 
32,500000 -0,590388 
32,600000 -0,565557 
32,700000 -0,533000 
32,800000 -0,498687 
32,900000 -0,464886 
33,000000 -0,427755 
33,100000 -0,383271 
33,200000 -0,330339 
33,300000 -0,253737 
33,400000 -0,161312 
33,500000 -0,101204 
33,600000 -0,069148 
33,700000 -0,052540 
33,800000 -0,042734 
33,900000 -0,037554 
34,000000 -0,033696 
34,100000 -0,031062 
34,200000 -0,029439 
34,300000 -0,028453 
34,400000 -0,027849 
34,500000 -0,027438 
34,600000 -0,026603 
34,700000 -0,026012 
34,800000 -0,025813 
34,900000 -0,025384 
35,000000 -0,025281 
35,100000 -0,025012 
35,200000 -0,024631 
35,300000 -0,024424 
35,400000 -0,024012 
35,500000 -0,023835 
35,600000 -0,023670 
35,700000 -0,023527 
35,800000 -0,023583 
35,900000 -0,023527 
36,000000 -0,023476 
36,100000 -0,023515 
36,200000 -0,023434 
36,300000 -0,023394 
36,400000 -0,023439 
36,500000 -0,023413 
36,600000 -0,023427 
36,700000 -0,023313 
36,800000 -0,023337 
36,900000 -0,023331 
37,000000 -0,023254 
37,100000 -0,023316 
37,200000 -0,023292 
37,300000 -0,023239 
37,400000 -0,023202 
37,500000 -0,023289 
37,600000 -0,023270 
37,700000 -0,023264 
37,800000 -0,023264 
37,900000 -0,023238 
38,000000 -0,023290 
38,100000 -0,023492 
38,200000 -0,023512 
38,300000 -0,023526 
38,400000 -0,023598 
38,500000 -0,023627 
38,600000 -0,023857 
38,700000 -0,024705 
38,800000 -0,029147 
38,900000 -0,037890 
39,000000 -0,048725 
39,100000 -0,059314 
39,200000 -0,067495 
39,300000 -0,074522 
39,400000 -0,079634 
39,500000 -0,082641 
39,600000 -0,085323 
39,700000 -0,086554 
39,800000 -0,087021 
39,900000 -0,087956 
40,000000 -0,087409 
40,100000 -0,087180 
40,200000 -0,086791 
40,300000 -0,085895 
40,400000 -0,082989 
40,500000 -0,080914 
40,600000 -0,078560 
40,700000 -0,076435 
40,800000 -0,073870 
40,900000 -0,069764 
41,000000 -0,065604 
41,100000 -0,061333 
41,200000 -0,056148 
41,300000 -0,049460 
41,400000 -0,040476 
41,500000 -0,033853 
41,600000 -0,030407 
41,700000 -0,028353 
41,800000 -0,027371 
41,900000 -0,027481 
42,000000 -0,027993 
42,100000 -0,028258 
42,200000 -0,028363 
42,300000 -0,028619 
42,400000 -0,029013 
42,500000 -0,028928 
42,600000 -0,029793 
42,700000 -0,032855 
42,800000 -0,038591 
42,900000 -0,048888 
43,000000 -0,058538 
43,100000 -0,065566 
43,200000 -0,070735 
43,300000 -0,074901 
43,400000 -0,077370 
43,500000 -0,079734 
43,600000 -0,080178 
43,700000 -0,080835 
43,800000 -0,081489 
43,900000 -0,081639 
44,000000 -0,081190 
44,100000 -0,080687 
44,200000 -0,079430 
44,300000 -0,078287 
44,400000 -0,076661 
44,500000 -0,073632 
44,600000 -0,071828 
44,700000 -0,069394 
44,800000 -0,067697 
44,900000 -0,064930 
45,000000 -0,061319 
45,100000 -0,057630 
45,200000 -0,053373 
45,300000 -0,048835 
45,400000 -0,042839 
45,500000 -0,036849 
45,600000 -0,032903 
45,700000 -0,031390 
45,800000 -0,031414 
45,900000 -0,032403 
46,000000 -0,033316 
46,100000 -0,033868 
46,200000 -0,034257 
46,300000 -0,034683 
46,400000 -0,034653 
46,500000 -0,034592 
46,600000 -0,034475 
46,700000 -0,034526 
46,800000 -0,034333 
46,900000 -0,034545 
47,000000 -0,034271 
47,100000 -0,034228 
47,200000 -0,033712 
47,300000 -0,033623 
47,400000 -0,033131 
47,500000 -0,032574 
47,600000 -0,032210 
47,700000 -0,031834 
47,800000 -0,031122 
47,900000 -0,030615 
48,000000 -0,029654 
48,100000 -0,029064 
48,200000 -0,028326 
48,300000 -0,027848 
48,400000 -0,026455 
48,500000 -0,025352 
48,600000 -0,024732 
48,700000 -0,024996 
48,800000 -0,025538 
48,900000 -0,025885 
49,000000 -0,026410 
49,100000 -0,026754 
49,200000 -0,026833 
49,300000 -0,027165 
49,400000 -0,027146 
49,500000 -0,027370 
49,600000 -0,027584 
49,700000 -0,027786 
49,800000 -0,028157 
49,900000 -0,028306 
