0,000000 -0,051076 
0,100000 -0,051038 
0,200000 -0,051170 
0,300000 -0,051138 
0,400000 -0,051200 
0,500000 -0,050965 
0,600000 -0,051024 
0,700000 -0,050954 
0,800000 -0,051083 
0,900000 -0,051141 
1,000000 -0,051168 
1,100000 -0,051214 
1,200000 -0,051059 
1,300000 -0,051284 
1,400000 -0,051279 
1,500000 -0,051300 
1,600000 -0,051217 
1,700000 -0,050795 
1,800000 -0,051049 
1,900000 -0,051097 
2,000000 -0,051183 
2,100000 -0,051158 
2,200000 -0,051198 
2,300000 -0,051356 
2,400000 -0,051297 
2,500000 -0,049394 
2,600000 -0,039759 
2,700000 -0,033722 
2,800000 -0,029795 
2,900000 -0,027384 
3,000000 -0,025382 
3,100000 -0,024281 
3,200000 -0,023604 
3,300000 -0,023621 
3,400000 -0,025180 
3,500000 -0,027476 
3,600000 -0,028643 
3,700000 -0,027010 
3,800000 -0,024959 
3,900000 -0,023881 
4,000000 -0,023331 
4,100000 -0,023137 
4,200000 -0,023049 
4,300000 -0,022853 
4,400000 -0,022731 
4,500000 -0,022757 
4,600000 -0,022661 
4,700000 -0,022363 
4,800000 -0,022340 
4,900000 -0,022477 
5,000000 -0,022467 
5,100000 -0,022776 
5,200000 -0,022463 
5,300000 -0,022564 
5,400000 -0,022362 
5,500000 -0,022458 
5,600000 -0,022443 
5,700000 -0,022605 
5,800000 -0,022638 
5,900000 -0,022519 
6,000000 -0,022712 
6,100000 -0,022468 
6,200000 -0,022426 
6,300000 -0,022571 
6,400000 -0,022562 
6,500000 -0,022359 
6,600000 -0,022551 
6,700000 -0,022459 
6,800000 -0,022608 
6,900000 -0,022706 
7,000000 -0,022470 
7,100000 -0,022378 
7,200000 -0,022612 
7,300000 -0,022412 
7,400000 -0,022481 
7,500000 -0,022505 
7,600000 -0,022376 
7,700000 -0,022556 
7,800000 -0,022657 
7,900000 -0,022993 
8,000000 -0,023125 
8,100000 -0,023114 
8,200000 -0,023224 
8,300000 -0,023093 
8,400000 -0,022999 
8,500000 -0,022720 
8,600000 -0,022709 
8,700000 -0,022703 
8,800000 -0,022711 
8,900000 -0,022694 
9,000000 -0,022684 
9,100000 -0,022553 
9,200000 -0,022537 
9,300000 -0,022564 
9,400000 -0,022648 
9,500000 -0,022681 
9,600000 -0,022576 
9,700000 -0,022495 
9,800000 -0,022514 
9,900000 -0,022559 
10,000000 -0,022556 
10,100000 -0,022447 
10,200000 -0,022406 
10,300000 -0,022528 
10,400000 -0,022416 
10,500000 -0,022616 
10,600000 -0,022555 
10,700000 -0,022417 
10,800000 -0,022414 
10,900000 -0,022432 
11,000000 -0,022440 
11,100000 -0,022560 
11,200000 -0,022495 
11,300000 -0,022458 
11,400000 -0,022444 
11,500000 -0,022439 
11,600000 -0,022686 
11,700000 -0,022528 
11,800000 -0,022591 
11,900000 -0,022496 
12,000000 -0,022376 
12,100000 -0,022567 
12,200000 -0,022560 
12,300000 -0,022522 
12,400000 -0,022913 
12,500000 -0,023324 
12,600000 -0,024006 
12,700000 -0,024609 
12,800000 -0,025186 
12,900000 -0,025536 
13,000000 -0,025622 
13,100000 -0,025482 
13,200000 -0,025330 
13,300000 -0,024559 
13,400000 -0,023824 
13,500000 -0,023389 
13,600000 -0,023212 
13,700000 -0,023201 
13,800000 -0,023171 
13,900000 -0,023339 
14,000000 -0,023471 
14,100000 -0,023959 
14,200000 -0,025537 
14,300000 -0,032395 
14,400000 -0,061429 
14,500000 -0,099712 
14,600000 -0,132576 
14,700000 -0,155517 
14,800000 -0,168266 
14,900000 -0,172622 
15,000000 -0,170478 
15,100000 -0,160958 
15,200000 -0,144227 
15,300000 -0,112371 
15,400000 -0,078346 
15,500000 -0,055612 
15,600000 -0,044236 
15,700000 -0,038194 
15,800000 -0,033992 
15,900000 -0,031584 
16,000000 -0,029799 
16,100000 -0,029147 
16,200000 -0,029376 
16,300000 -0,032355 
16,400000 -0,039859 
16,500000 -0,047466 
16,600000 -0,052868 
16,700000 -0,056520 
16,800000 -0,057827 
16,900000 -0,057819 
17,000000 -0,056199 
17,100000 -0,054161 
17,200000 -0,051158 
17,300000 -0,046854 
17,400000 -0,045959 
17,500000 -0,047186 
17,600000 -0,048135 
17,700000 -0,048793 
17,800000 -0,049209 
17,900000 -0,048384 
18,000000 -0,047948 
18,100000 -0,047676 
18,200000 -0,049618 
18,300000 -0,055217 
18,400000 -0,063309 
18,500000 -0,072266 
18,600000 -0,077749 
18,700000 -0,081839 
18,800000 -0,082593 
18,900000 -0,081413 
19,000000 -0,077839 
19,100000 -0,072901 
19,200000 -0,065102 
19,300000 -0,052392 
19,400000 -0,040158 
19,500000 -0,033103 
19,600000 -0,028881 
19,700000 -0,027168 
19,800000 -0,025716 
19,900000 -0,024715 
20,000000 -0,025411 
20,100000 -0,027335 
20,200000 -0,031986 
20,300000 -0,038256 
20,400000 -0,043591 
20,500000 -0,047766 
20,600000 -0,049646 
20,700000 -0,050855 
20,800000 -0,050834 
20,900000 -0,049494 
21,000000 -0,048416 
21,100000 -0,045994 
21,200000 -0,041465 
21,300000 -0,034297 
21,400000 -0,028945 
21,500000 -0,026340 
21,600000 -0,024462 
21,700000 -0,023730 
21,800000 -0,023567 
21,900000 -0,023216 
22,000000 -0,023011 
22,100000 -0,023125 
22,200000 -0,023014 
22,300000 -0,023193 
22,400000 -0,023312 
22,500000 -0,023186 
22,600000 -0,023288 
22,700000 -0,023293 
22,800000 -0,023254 
22,900000 -0,023110 
23,000000 -0,023067 
23,100000 -0,023020 
23,200000 -0,022944 
23,300000 -0,022582 
23,400000 -0,022705 
23,500000 -0,022486 
23,600000 -0,022347 
23,700000 -0,022491 
23,800000 -0,022519 
23,900000 -0,022628 
24,000000 -0,022510 
24,100000 -0,022563 
24,200000 -0,022541 
24,300000 -0,022646 
24,400000 -0,022624 
24,500000 -0,022595 
24,600000 -0,022623 
24,700000 -0,022364 
24,800000 -0,022284 
24,900000 -0,022501 
25,000000 -0,022695 
25,100000 -0,022427 
25,200000 -0,022594 
25,300000 -0,022336 
25,400000 -0,022538 
25,500000 -0,022241 
25,600000 -0,022401 
25,700000 -0,022343 
25,800000 -0,022392 
25,900000 -0,022466 
26,000000 -0,023275 
26,100000 -0,023871 
26,200000 -0,024591 
26,300000 -0,025316 
26,400000 -0,025536 
26,500000 -0,025644 
26,600000 -0,025759 
26,700000 -0,025940 
26,800000 -0,026651 
26,900000 -0,028510 
27,000000 -0,032313 
27,100000 -0,037341 
27,200000 -0,041656 
27,300000 -0,044945 
27,400000 -0,048449 
27,500000 -0,052886 
27,600000 -0,067792 
27,700000 -0,119635 
27,800000 -0,255751 
27,900000 -0,637460 
28,000000 -1,314187 
28,100000 -2,012108 
28,200000 -2,486945 
28,300000 -2,740392 
28,400000 -2,838546 
28,500000 -2,852162 
28,600000 -2,776841 
28,700000 -2,657366 
28,800000 -2,466012 
28,900000 -2,284622 
29,000000 -2,051594 
29,100000 -1,727043 
29,200000 -1,198332 
29,300000 -0,601940 
29,400000 -0,289820 
29,500000 -0,169925 
29,600000 -0,119014 
29,700000 -0,094383 
29,800000 -0,085920 
29,900000 -0,089771 
30,000000 -0,098721 
30,100000 -0,107033 
30,200000 -0,112537 
30,300000 -0,114158 
30,400000 -0,114490 
30,500000 -0,114180 
30,600000 -0,111119 
30,700000 -0,108185 
30,800000 -0,103032 
30,900000 -0,098921 
31,000000 -0,093238 
31,100000 -0,084521 
31,200000 -0,071650 
31,300000 -0,056029 
31,400000 -0,046074 
31,500000 -0,041541 
31,600000 -0,043543 
31,700000 -0,067324 
31,800000 -0,126393 
31,900000 -0,215577 
32,000000 -0,309614 
32,100000 -0,383780 
32,200000 -0,429254 
32,300000 -0,455492 
32,400000 -0,469190 
32,500000 -0,468408 
32,600000 -0,459979 
32,700000 -0,436260 
32,800000 -0,406712 
32,900000 -0,376612 
33,000000 -0,336258 
33,100000 -0,287851 
33,200000 -0,215058 
33,300000 -0,133335 
33,400000 -0,084322 
33,500000 -0,059250 
33,600000 -0,045634 
33,700000 -0,037782 
33,800000 -0,033088 
33,900000 -0,030156 
34,000000 -0,028731 
34,100000 -0,027951 
34,200000 -0,027143 
34,300000 -0,026370 
34,400000 -0,025875 
34,500000 -0,025475 
34,600000 -0,025166 
34,700000 -0,024959 
34,800000 -0,024683 
34,900000 -0,024451 
35,000000 -0,024407 
35,100000 -0,024134 
35,200000 -0,023779 
35,300000 -0,023484 
35,400000 -0,023331 
35,500000 -0,023196 
35,600000 -0,023256 
35,700000 -0,023095 
35,800000 -0,023134 
35,900000 -0,023220 
36,000000 -0,023073 
36,100000 -0,023173 
36,200000 -0,023259 
36,300000 -0,023221 
36,400000 -0,023272 
36,500000 -0,023195 
36,600000 -0,022995 
36,700000 -0,023128 
36,800000 -0,023124 
36,900000 -0,023147 
37,000000 -0,023125 
37,100000 -0,023034 
37,200000 -0,023000 
37,300000 -0,022853 
37,400000 -0,022896 
37,500000 -0,022856 
37,600000 -0,022849 
37,700000 -0,022960 
37,800000 -0,022835 
37,900000 -0,023004 
38,000000 -0,023119 
38,100000 -0,023081 
38,200000 -0,023052 
38,300000 -0,022964 
38,400000 -0,023053 
38,500000 -0,023084 
38,600000 -0,023050 
38,700000 -0,023259 
38,800000 -0,023186 
38,900000 -0,023278 
39,000000 -0,023313 
39,100000 -0,023236 
39,200000 -0,023358 
39,300000 -0,023393 
39,400000 -0,023893 
39,500000 -0,025264 
39,600000 -0,029368 
39,700000 -0,036983 
39,800000 -0,045694 
39,900000 -0,054071 
40,000000 -0,060560 
40,100000 -0,064004 
40,200000 -0,066211 
40,300000 -0,067253 
40,400000 -0,067824 
40,500000 -0,066905 
40,600000 -0,066083 
40,700000 -0,063780 
40,800000 -0,061533 
40,900000 -0,058288 
41,000000 -0,053743 
41,100000 -0,048171 
41,200000 -0,040944 
41,300000 -0,034020 
41,400000 -0,029091 
41,500000 -0,027096 
41,600000 -0,025511 
41,700000 -0,024583 
41,800000 -0,024490 
41,900000 -0,024338 
42,000000 -0,024092 
42,100000 -0,024005 
42,200000 -0,023866 
42,300000 -0,023693 
42,400000 -0,023697 
42,500000 -0,023844 
42,600000 -0,023853 
42,700000 -0,024394 
42,800000 -0,024701 
42,900000 -0,025391 
43,000000 -0,025758 
43,100000 -0,025996 
43,200000 -0,026101 
43,300000 -0,026320 
43,400000 -0,027145 
43,500000 -0,028841 
43,600000 -0,033342 
43,700000 -0,039951 
43,800000 -0,046512 
43,900000 -0,052504 
44,000000 -0,056764 
44,100000 -0,058932 
44,200000 -0,059784 
44,300000 -0,060080 
44,400000 -0,059744 
44,500000 -0,059302 
44,600000 -0,057800 
44,700000 -0,057035 
44,800000 -0,055272 
44,900000 -0,052651 
45,000000 -0,049700 
45,100000 -0,046287 
45,200000 -0,041033 
45,300000 -0,034577 
45,400000 -0,030102 
45,500000 -0,028100 
45,600000 -0,026583 
45,700000 -0,025790 
45,800000 -0,025444 
45,900000 -0,024972 
46,000000 -0,024612 
46,100000 -0,024434 
46,200000 -0,024086 
46,300000 -0,024056 
46,400000 -0,023878 
46,500000 -0,024165 
46,600000 -0,025089 
46,700000 -0,026277 
46,800000 -0,027620 
46,900000 -0,028336 
47,000000 -0,028905 
47,100000 -0,029054 
47,200000 -0,029142 
47,300000 -0,029301 
47,400000 -0,029350 
47,500000 -0,029183 
47,600000 -0,028871 
47,700000 -0,028771 
47,800000 -0,028426 
47,900000 -0,028282 
48,000000 -0,027718 
48,100000 -0,026691 
48,200000 -0,025803 
48,300000 -0,024636 
48,400000 -0,023834 
48,500000 -0,023535 
48,600000 -0,023416 
48,700000 -0,023434 
48,800000 -0,023318 
48,900000 -0,023183 
49,000000 -0,023060 
49,100000 -0,023027 
49,200000 -0,022916 
49,300000 -0,023161 
49,400000 -0,023094 
49,500000 -0,023342 
49,600000 -0,023666 
49,700000 -0,024009 
49,800000 -0,024264 
49,900000 -0,024566 
