25,000000 -2,905026 
25,100000 -1,080824 
25,200000 -0,608987 
25,300000 -0,448270 
25,400000 -0,318141 
25,500000 -0,237917 
25,600000 -0,176602 
25,700000 -0,135633 
25,800000 -0,135713 
25,900000 -0,123650 
26,000000 -0,153262 
26,100000 -0,189574 
26,200000 -0,205030 
26,300000 -0,193215 
26,400000 -0,185292 
26,500000 -0,163713 
26,600000 -0,112149 
26,700000 -0,096270 
26,800000 -0,105535 
26,900000 -0,148744 
27,000000 -0,217523 
27,100000 -0,281394 
27,200000 -0,320179 
27,300000 -0,350636 
27,400000 -0,335995 
27,500000 -0,290730 
27,600000 -0,305707 
27,700000 -0,576769 
27,800000 -1,307909 
27,900000 -2,579420 
28,000000 -4,149024 
28,100000 -5,658936 
28,200000 -6,466542 
28,300000 -6,673624 
28,400000 -5,954179 
28,500000 -4,389839 
28,600000 -2,396199 
28,700000 -1,040228 
28,800000 -0,671798 
28,900000 -0,539074 
29,000000 -0,444840 
29,100000 -0,408814 
29,200000 -0,396558 
29,300000 -0,367741 
29,400000 -0,309251 
29,500000 -0,252354 
29,600000 -0,167406 
29,700000 -0,112830 
29,800000 -0,128601 
29,900000 -0,149428 
30,000000 -0,196779 
30,100000 -0,235515 
30,200000 -0,266632 
30,300000 -0,262241 
30,400000 -0,250761 
30,500000 -0,194326 
30,600000 -0,141191 
30,700000 -0,123163 
30,800000 -0,198287 
30,900000 -0,330669 
31,000000 -0,471735 
31,100000 -0,613502 
31,200000 -0,697576 
31,300000 -0,709729 
31,400000 -0,635191 
31,500000 -0,469799 
31,600000 -0,273778 
31,700000 -0,174441 
31,800000 -0,192916 
31,900000 -0,253653 
32,000000 -0,339699 
32,100000 -0,418631 
32,200000 -0,457708 
32,300000 -0,465685 
32,400000 -0,414841 
32,500000 -0,286250 
32,600000 -0,164959 
32,700000 -0,099396 
32,800000 -0,082337 
32,900000 -0,071357 
