0,000000 -0,023822 
0,100000 -0,025135 
0,200000 -0,026234 
0,300000 -0,026781 
0,400000 -0,027058 
0,500000 -0,027207 
0,600000 -0,027221 
0,700000 -0,027433 
0,800000 -0,027287 
0,900000 -0,027361 
1,000000 -0,027143 
1,100000 -0,027129 
1,200000 -0,027261 
1,300000 -0,027299 
1,400000 -0,027323 
1,500000 -0,027404 
1,600000 -0,027474 
1,700000 -0,027520 
1,800000 -0,027430 
1,900000 -0,026391 
2,000000 -0,025752 
2,100000 -0,028214 
2,200000 -0,026435 
2,300000 -0,024462 
2,400000 -0,023292 
2,500000 -0,022766 
2,600000 -0,022511 
2,700000 -0,022730 
2,800000 -0,023250 
2,900000 -0,023719 
3,000000 -0,023393 
3,100000 -0,022902 
3,200000 -0,022517 
3,300000 -0,022422 
3,400000 -0,022107 
3,500000 -0,021981 
3,600000 -0,021865 
3,700000 -0,022050 
3,800000 -0,021823 
3,900000 -0,021699 
4,000000 -0,021769 
4,100000 -0,021870 
4,200000 -0,021711 
4,300000 -0,021755 
4,400000 -0,021755 
4,500000 -0,021589 
4,600000 -0,021814 
4,700000 -0,021818 
4,800000 -0,021766 
4,900000 -0,021803 
5,000000 -0,021868 
5,100000 -0,021759 
5,200000 -0,021816 
5,300000 -0,021793 
5,400000 -0,021793 
5,500000 -0,021803 
5,600000 -0,022035 
5,700000 -0,021767 
5,800000 -0,021753 
5,900000 -0,021811 
6,000000 -0,021858 
6,100000 -0,021915 
6,200000 -0,021759 
6,300000 -0,021874 
6,400000 -0,021893 
6,500000 -0,021968 
6,600000 -0,021908 
6,700000 -0,021850 
6,800000 -0,021807 
6,900000 -0,021860 
7,000000 -0,022063 
7,100000 -0,021790 
7,200000 -0,021512 
7,300000 -0,021737 
7,400000 -0,021865 
7,500000 -0,021889 
7,600000 -0,021852 
7,700000 -0,021833 
7,800000 -0,021809 
7,900000 -0,021774 
8,000000 -0,021894 
8,100000 -0,021903 
8,200000 -0,021820 
8,300000 -0,021670 
8,400000 -0,021980 
8,500000 -0,021808 
8,600000 -0,022069 
8,700000 -0,022060 
8,800000 -0,021773 
8,900000 -0,021705 
9,000000 -0,021884 
9,100000 -0,021776 
9,200000 -0,021974 
9,300000 -0,021818 
9,400000 -0,021876 
9,500000 -0,021830 
9,600000 -0,021897 
9,700000 -0,021914 
9,800000 -0,022068 
9,900000 -0,022235 
10,000000 -0,022183 
10,100000 -0,022025 
10,200000 -0,022111 
10,300000 -0,022177 
10,400000 -0,022164 
10,500000 -0,022125 
10,600000 -0,021852 
10,700000 -0,021899 
10,800000 -0,021773 
10,900000 -0,021839 
11,000000 -0,021737 
11,100000 -0,021869 
11,200000 -0,021813 
11,300000 -0,021948 
11,400000 -0,021768 
11,500000 -0,021881 
11,600000 -0,021910 
11,700000 -0,021771 
11,800000 -0,021985 
11,900000 -0,021879 
12,000000 -0,022274 
12,100000 -0,022665 
12,200000 -0,023277 
12,300000 -0,023725 
12,400000 -0,024203 
12,500000 -0,024161 
12,600000 -0,023854 
12,700000 -0,023125 
12,800000 -0,022749 
12,900000 -0,022505 
13,000000 -0,022222 
13,100000 -0,021931 
13,200000 -0,022194 
13,300000 -0,022086 
13,400000 -0,022243 
13,500000 -0,022117 
13,600000 -0,022147 
13,700000 -0,021992 
13,800000 -0,021992 
13,900000 -0,022105 
14,000000 -0,022305 
14,100000 -0,022594 
14,200000 -0,023109 
14,300000 -0,023375 
14,400000 -0,023663 
14,500000 -0,023584 
14,600000 -0,023157 
14,700000 -0,022658 
14,800000 -0,022328 
14,900000 -0,022329 
15,000000 -0,022143 
15,100000 -0,022348 
15,200000 -0,022799 
15,300000 -0,022813 
15,400000 -0,022994 
15,500000 -0,022884 
15,600000 -0,022616 
15,700000 -0,022290 
15,800000 -0,022443 
15,900000 -0,022600 
16,000000 -0,023292 
16,100000 -0,024065 
16,200000 -0,025018 
16,300000 -0,025792 
16,400000 -0,026092 
16,500000 -0,025440 
16,600000 -0,024268 
16,700000 -0,023778 
16,800000 -0,023978 
16,900000 -0,025608 
17,000000 -0,028163 
17,100000 -0,032520 
17,200000 -0,037605 
17,300000 -0,041013 
17,400000 -0,041705 
17,500000 -0,039238 
17,600000 -0,033848 
17,700000 -0,030685 
17,800000 -0,031137 
17,900000 -0,037535 
18,000000 -0,048169 
18,100000 -0,064072 
18,200000 -0,081036 
18,300000 -0,093927 
18,400000 -0,099540 
18,500000 -0,088996 
18,600000 -0,066780 
18,700000 -0,048288 
18,800000 -0,037699 
18,900000 -0,031733 
19,000000 -0,028773 
19,100000 -0,027408 
19,200000 -0,026759 
19,300000 -0,026480 
19,400000 -0,025878 
19,500000 -0,025253 
19,600000 -0,024587 
19,700000 -0,024995 
19,800000 -0,027366 
19,900000 -0,032348 
20,000000 -0,040948 
20,100000 -0,051714 
20,200000 -0,062004 
20,300000 -0,068606 
20,400000 -0,070593 
20,500000 -0,061966 
20,600000 -0,047274 
20,700000 -0,037149 
20,800000 -0,030885 
20,900000 -0,027229 
21,000000 -0,025277 
21,100000 -0,024056 
21,200000 -0,023393 
21,300000 -0,022884 
21,400000 -0,022564 
21,500000 -0,022435 
21,600000 -0,022219 
21,700000 -0,022318 
21,800000 -0,022137 
21,900000 -0,022161 
22,000000 -0,022301 
22,100000 -0,022204 
22,200000 -0,022390 
22,300000 -0,022390 
22,400000 -0,022463 
22,500000 -0,022235 
22,600000 -0,022102 
22,700000 -0,021991 
22,800000 -0,022126 
22,900000 -0,021985 
23,000000 -0,022032 
23,100000 -0,021934 
23,200000 -0,021945 
23,300000 -0,022006 
23,400000 -0,021968 
23,500000 -0,022010 
23,600000 -0,022137 
23,700000 -0,022105 
23,800000 -0,022117 
23,900000 -0,022221 
24,000000 -0,022320 
24,100000 -0,022198 
24,200000 -0,022151 
24,300000 -0,022194 
24,400000 -0,022222 
24,500000 -0,022210 
24,600000 -0,022052 
24,700000 -0,022094 
24,800000 -0,021988 
24,900000 -0,022074 
25,000000 -0,022269 
25,100000 -0,022532 
25,200000 -0,022404 
25,300000 -0,022407 
25,400000 -0,022465 
25,500000 -0,022441 
25,600000 -0,022178 
25,700000 -0,022192 
25,800000 -0,022328 
25,900000 -0,022402 
26,000000 -0,022713 
26,100000 -0,023051 
26,200000 -0,023256 
26,300000 -0,023413 
26,400000 -0,023383 
26,500000 -0,023224 
26,600000 -0,022900 
26,700000 -0,022692 
26,800000 -0,022730 
26,900000 -0,023165 
27,000000 -0,023516 
27,100000 -0,024185 
27,200000 -0,024570 
27,300000 -0,025058 
27,400000 -0,025125 
27,500000 -0,025060 
27,600000 -0,025673 
27,700000 -0,028714 
27,800000 -0,035206 
27,900000 -0,045359 
28,000000 -0,060393 
28,100000 -0,076032 
28,200000 -0,087507 
28,300000 -0,092709 
28,400000 -0,089241 
28,500000 -0,076025 
28,600000 -0,055668 
28,700000 -0,042221 
28,800000 -0,034862 
28,900000 -0,030506 
29,000000 -0,028136 
29,100000 -0,027046 
29,200000 -0,026289 
29,300000 -0,025843 
29,400000 -0,025299 
29,500000 -0,024566 
29,600000 -0,023924 
29,700000 -0,023282 
29,800000 -0,023202 
29,900000 -0,023329 
30,000000 -0,023712 
30,100000 -0,024233 
30,200000 -0,024360 
30,300000 -0,024501 
30,400000 -0,024141 
30,500000 -0,023802 
30,600000 -0,023471 
30,700000 -0,023403 
30,800000 -0,023859 
30,900000 -0,024786 
31,000000 -0,026710 
31,100000 -0,028269 
31,200000 -0,029298 
31,300000 -0,029582 
31,400000 -0,029145 
31,500000 -0,027893 
31,600000 -0,025765 
31,700000 -0,024556 
31,800000 -0,024108 
31,900000 -0,023975 
32,000000 -0,024551 
32,100000 -0,025205 
32,200000 -0,025548 
32,300000 -0,025591 
32,400000 -0,025389 
32,500000 -0,024501 
32,600000 -0,023718 
32,700000 -0,023316 
32,800000 -0,022723 
32,900000 -0,022575 
33,000000 -0,022483 
33,100000 -0,022499 
33,200000 -0,022401 
33,300000 -0,022462 
33,400000 -0,022380 
33,500000 -0,022422 
33,600000 -0,021951 
33,700000 -0,022090 
33,800000 -0,022091 
33,900000 -0,022109 
34,000000 -0,022187 
34,100000 -0,022121 
34,200000 -0,022183 
34,300000 -0,021985 
34,400000 -0,022167 
34,500000 -0,022139 
34,600000 -0,022052 
34,700000 -0,022211 
34,800000 -0,022179 
34,900000 -0,022075 
35,000000 -0,022031 
35,100000 -0,022000 
35,200000 -0,022132 
35,300000 -0,022046 
35,400000 -0,022146 
35,500000 -0,022091 
35,600000 -0,022081 
35,700000 -0,022019 
35,800000 -0,021875 
35,900000 -0,022046 
36,000000 -0,022139 
36,100000 -0,022292 
36,200000 -0,022105 
36,300000 -0,022164 
36,400000 -0,022203 
36,500000 -0,022144 
36,600000 -0,021931 
36,700000 -0,022132 
36,800000 -0,022128 
36,900000 -0,022000 
37,000000 -0,022044 
37,100000 -0,022087 
37,200000 -0,021957 
37,300000 -0,022055 
37,400000 -0,021995 
37,500000 -0,021897 
37,600000 -0,021996 
37,700000 -0,021932 
37,800000 -0,021936 
37,900000 -0,021899 
38,000000 -0,021977 
38,100000 -0,022124 
38,200000 -0,021894 
38,300000 -0,022083 
38,400000 -0,022150 
38,500000 -0,022081 
38,600000 -0,022053 
38,700000 -0,021857 
38,800000 -0,021861 
38,900000 -0,021941 
39,000000 -0,022180 
39,100000 -0,022305 
39,200000 -0,022511 
39,300000 -0,022269 
39,400000 -0,022435 
39,500000 -0,022378 
39,600000 -0,022139 
39,700000 -0,022140 
39,800000 -0,021917 
39,900000 -0,022025 
40,000000 -0,022149 
40,100000 -0,022301 
40,200000 -0,022424 
40,300000 -0,022514 
40,400000 -0,022379 
40,500000 -0,022159 
40,600000 -0,022191 
40,700000 -0,021910 
40,800000 -0,022130 
40,900000 -0,022145 
41,000000 -0,022210 
41,100000 -0,022197 
41,200000 -0,022393 
41,300000 -0,022497 
41,400000 -0,022397 
41,500000 -0,022534 
41,600000 -0,022244 
41,700000 -0,022317 
41,800000 -0,022070 
41,900000 -0,022119 
42,000000 -0,022243 
42,100000 -0,022420 
42,200000 -0,022274 
42,300000 -0,022413 
42,400000 -0,022341 
42,500000 -0,022244 
42,600000 -0,022280 
42,700000 -0,021965 
42,800000 -0,022256 
42,900000 -0,022209 
43,000000 -0,022564 
43,100000 -0,022877 
43,200000 -0,022941 
43,300000 -0,023137 
43,400000 -0,023037 
43,500000 -0,022982 
43,600000 -0,022740 
43,700000 -0,022987 
43,800000 -0,023404 
43,900000 -0,024570 
44,000000 -0,027056 
44,100000 -0,029170 
44,200000 -0,031054 
44,300000 -0,031731 
44,400000 -0,031039 
44,500000 -0,028819 
44,600000 -0,026248 
44,700000 -0,024531 
44,800000 -0,023656 
44,900000 -0,023090 
45,000000 -0,023022 
45,100000 -0,023126 
45,200000 -0,023086 
45,300000 -0,022969 
45,400000 -0,022958 
45,500000 -0,022833 
45,600000 -0,022575 
45,700000 -0,022238 
45,800000 -0,022257 
45,900000 -0,022180 
46,000000 -0,022175 
46,100000 -0,022355 
46,200000 -0,022403 
46,300000 -0,022416 
46,400000 -0,022342 
46,500000 -0,022274 
46,600000 -0,022523 
46,700000 -0,022712 
46,800000 -0,023238 
46,900000 -0,024213 
47,000000 -0,026416 
47,100000 -0,028811 
47,200000 -0,030728 
47,300000 -0,031178 
47,400000 -0,030505 
47,500000 -0,028627 
47,600000 -0,026145 
47,700000 -0,024387 
47,800000 -0,023483 
47,900000 -0,023224 
48,000000 -0,022819 
48,100000 -0,022704 
48,200000 -0,022477 
48,300000 -0,022509 
48,400000 -0,022457 
48,500000 -0,022274 
48,600000 -0,022193 
48,700000 -0,022081 
48,800000 -0,022088 
48,900000 -0,022117 
49,000000 -0,022125 
49,100000 -0,022139 
49,200000 -0,022158 
49,300000 -0,021992 
49,400000 -0,021807 
49,500000 -0,021609 
49,600000 -0,021717 
49,700000 -0,021990 
49,800000 -0,022308 
49,900000 -0,022756 
50,000000 -0,023331 
50,100000 -0,024135 
50,200000 -0,025038 
50,300000 -0,025302 
50,400000 -0,025024 
50,500000 -0,024442 
50,600000 -0,023607 
50,700000 -0,023119 
50,800000 -0,022654 
50,900000 -0,022409 
51,000000 -0,022550 
51,100000 -0,022606 
51,200000 -0,022990 
51,300000 -0,023013 
51,400000 -0,023041 
51,500000 -0,023052 
51,600000 -0,022765 
51,700000 -0,022550 
51,800000 -0,022270 
51,900000 -0,022204 
52,000000 -0,022004 
52,100000 -0,022118 
52,200000 -0,022115 
52,300000 -0,021639 
52,400000 -0,021950 
52,500000 -0,021877 
52,600000 -0,021845 
52,700000 -0,021769 
52,800000 -0,021875 
52,900000 -0,021839 
53,000000 -0,021797 
53,100000 -0,022180 
53,200000 -0,022323 
53,300000 -0,021877 
53,400000 -0,021768 
53,500000 -0,022003 
53,600000 -0,021597 
53,700000 -0,021738 
53,800000 -0,021885 
53,900000 -0,021823 
54,000000 -0,021605 
54,100000 -0,021806 
54,200000 -0,022000 
54,300000 -0,022023 
54,400000 -0,021734 
54,500000 -0,021748 
54,600000 -0,021941 
54,700000 -0,021785 
54,800000 -0,021830 
54,900000 -0,021767 
55,000000 -0,021917 
55,100000 -0,021997 
55,200000 -0,021945 
55,300000 -0,021924 
55,400000 -0,021995 
55,500000 -0,021961 
55,600000 -0,021741 
55,700000 -0,022013 
55,800000 -0,021920 
55,900000 -0,021739 
56,000000 -0,021430 
56,100000 -0,021674 
56,200000 -0,021893 
56,300000 -0,022042 
56,400000 -0,022040 
56,500000 -0,021929 
56,600000 -0,022239 
56,700000 -0,021914 
56,800000 -0,021878 
56,900000 -0,021856 
57,000000 -0,021891 
57,100000 -0,021622 
57,200000 -0,021797 
57,300000 -0,021938 
57,400000 -0,021938 
57,500000 -0,021999 
57,600000 -0,021756 
57,700000 -0,021658 
57,800000 -0,021837 
57,900000 -0,021766 
58,000000 -0,021771 
58,100000 -0,021823 
58,200000 -0,021854 
58,300000 -0,022051 
58,400000 -0,021678 
58,500000 -0,021791 
58,600000 -0,021733 
58,700000 -0,021530 
58,800000 -0,021805 
58,900000 -0,021673 
59,000000 -0,021883 
59,100000 -0,021717 
59,200000 -0,021700 
59,300000 -0,021969 
59,400000 -0,021816 
59,500000 -0,022050 
59,600000 -0,021972 
59,700000 -0,021949 
59,800000 -0,021761 
59,900000 -0,021709 
60,000000 -0,021424 
60,100000 -0,021734 
60,200000 -0,021863 
60,300000 -0,022023 
60,400000 -0,022036 
60,500000 -0,022104 
60,600000 -0,021819 
60,700000 -0,021819 
60,800000 -0,021857 
60,900000 -0,021843 
61,000000 -0,021905 
61,100000 -0,021873 
61,200000 -0,021828 
61,300000 -0,021899 
61,400000 -0,021927 
61,500000 -0,021817 
61,600000 -0,021781 
61,700000 -0,021602 
61,800000 -0,021844 
61,900000 -0,021872 
62,000000 -0,021972 
62,100000 -0,021869 
62,200000 -0,021844 
62,300000 -0,021927 
62,400000 -0,022183 
62,500000 -0,022032 
62,600000 -0,022021 
62,700000 -0,021870 
62,800000 -0,021881 
62,900000 -0,022059 
63,000000 -0,021895 
63,100000 -0,021987 
63,200000 -0,021903 
63,300000 -0,021847 
63,400000 -0,021985 
63,500000 -0,021823 
63,600000 -0,021675 
63,700000 -0,021756 
63,800000 -0,021765 
63,900000 -0,021730 
64,000000 -0,021763 
64,100000 -0,021719 
64,200000 -0,021899 
64,300000 -0,021927 
64,400000 -0,021844 
64,500000 -0,022030 
64,600000 -0,021685 
64,700000 -0,021746 
64,800000 -0,021858 
64,900000 -0,022045 
65,000000 -0,022011 
65,100000 -0,022083 
65,200000 -0,021977 
65,300000 -0,021729 
65,400000 -0,021749 
65,500000 -0,021892 
65,600000 -0,021766 
65,700000 -0,021782 
65,800000 -0,021945 
65,900000 -0,021870 
66,000000 -0,022214 
66,100000 -0,022666 
66,200000 -0,023035 
66,300000 -0,023581 
66,400000 -0,023661 
66,500000 -0,023664 
66,600000 -0,023128 
66,700000 -0,022735 
66,800000 -0,022483 
66,900000 -0,022087 
67,000000 -0,021967 
67,100000 -0,021934 
67,200000 -0,022021 
67,300000 -0,022023 
67,400000 -0,021980 
67,500000 -0,022014 
67,600000 -0,022003 
67,700000 -0,021828 
67,800000 -0,021976 
67,900000 -0,021811 
68,000000 -0,022063 
68,100000 -0,021796 
68,200000 -0,021888 
68,300000 -0,021832 
68,400000 -0,021656 
68,500000 -0,022118 
68,600000 -0,021980 
68,700000 -0,022182 
68,800000 -0,022327 
68,900000 -0,022802 
69,000000 -0,023800 
69,100000 -0,025511 
69,200000 -0,028717 
69,300000 -0,032327 
69,400000 -0,034980 
69,500000 -0,034571 
69,600000 -0,030723 
69,700000 -0,027095 
69,800000 -0,024952 
69,900000 -0,023436 
70,000000 -0,022991 
70,100000 -0,022724 
70,200000 -0,022913 
70,300000 -0,022900 
70,400000 -0,022612 
70,500000 -0,022390 
70,600000 -0,022022 
70,700000 -0,021746 
70,800000 -0,021804 
70,900000 -0,022162 
71,000000 -0,022234 
71,100000 -0,022059 
71,200000 -0,022015 
71,300000 -0,021873 
71,400000 -0,021589 
71,500000 -0,021638 
71,600000 -0,021812 
71,700000 -0,021939 
71,800000 -0,022198 
71,900000 -0,022261 
72,000000 -0,021928 
72,100000 -0,022105 
72,200000 -0,022210 
72,300000 -0,021650 
72,400000 -0,021562 
72,500000 -0,021783 
72,600000 -0,021676 
72,700000 -0,021787 
72,800000 -0,021901 
72,900000 -0,021817 
73,000000 -0,021766 
73,100000 -0,021860 
73,200000 -0,021813 
73,300000 -0,021745 
73,400000 -0,021815 
73,500000 -0,021804 
73,600000 -0,021906 
73,700000 -0,021749 
73,800000 -0,021735 
73,900000 -0,021727 
74,000000 -0,021799 
74,100000 -0,022112 
74,200000 -0,021982 
74,300000 -0,021876 
74,400000 -0,022141 
74,500000 -0,021829 
74,600000 -0,021840 
74,700000 -0,021890 
74,800000 -0,021962 
74,900000 -0,021989 
75,000000 -0,021893 
75,100000 -0,021890 
75,200000 -0,022087 
75,300000 -0,021759 
75,400000 -0,021848 
75,500000 -0,021965 
75,600000 -0,022036 
75,700000 -0,021906 
75,800000 -0,021908 
75,900000 -0,021717 
76,000000 -0,021781 
76,100000 -0,022087 
76,200000 -0,022083 
76,300000 -0,022054 
76,400000 -0,022094 
76,500000 -0,022005 
76,600000 -0,021923 
76,700000 -0,021558 
76,800000 -0,021505 
76,900000 -0,021895 
77,000000 -0,021822 
77,100000 -0,021897 
77,200000 -0,021821 
77,300000 -0,021839 
77,400000 -0,021914 
77,500000 -0,021862 
77,600000 -0,021982 
77,700000 -0,022031 
77,800000 -0,021778 
77,900000 -0,021806 
78,000000 -0,021818 
78,100000 -0,021802 
78,200000 -0,021859 
78,300000 -0,021986 
78,400000 -0,021906 
78,500000 -0,021877 
78,600000 -0,021945 
78,700000 -0,022049 
78,800000 -0,021896 
78,900000 -0,021694 
79,000000 -0,022006 
79,100000 -0,021961 
79,200000 -0,021973 
79,300000 -0,021672 
79,400000 -0,021821 
79,500000 -0,022027 
79,600000 -0,021872 
79,700000 -0,021814 
79,800000 -0,021900 
79,900000 -0,021864 
80,000000 -0,021817 
80,100000 -0,021971 
80,200000 -0,021909 
80,300000 -0,021979 
80,400000 -0,021949 
80,500000 -0,021862 
80,600000 -0,021806 
80,700000 -0,021758 
80,800000 -0,021847 
80,900000 -0,021909 
81,000000 -0,021901 
81,100000 -0,021916 
81,200000 -0,021897 
81,300000 -0,021963 
81,400000 -0,022104 
81,500000 -0,022211 
81,600000 -0,022115 
81,700000 -0,022157 
81,800000 -0,022047 
81,900000 -0,021820 
82,000000 -0,022023 
82,100000 -0,021860 
82,200000 -0,021663 
82,300000 -0,021771 
82,400000 -0,021887 
82,500000 -0,021953 
82,600000 -0,022059 
82,700000 -0,021809 
82,800000 -0,021875 
82,900000 -0,021972 
83,000000 -0,021795 
83,100000 -0,022019 
83,200000 -0,021920 
83,300000 -0,021904 
83,400000 -0,021890 
83,500000 -0,021717 
83,600000 -0,022014 
83,700000 -0,021966 
83,800000 -0,021910 
83,900000 -0,021852 
84,000000 -0,021956 
84,100000 -0,021926 
84,200000 -0,021725 
84,300000 -0,021979 
84,400000 -0,021940 
84,500000 -0,021993 
84,600000 -0,021814 
84,700000 -0,021809 
84,800000 -0,021859 
84,900000 -0,021664 
85,000000 -0,021772 
85,100000 -0,021935 
85,200000 -0,021930 
85,300000 -0,022039 
85,400000 -0,021865 
85,500000 -0,021722 
85,600000 -0,021909 
85,700000 -0,021956 
85,800000 -0,021913 
85,900000 -0,021797 
86,000000 -0,021782 
86,100000 -0,021971 
86,200000 -0,022339 
86,300000 -0,022025 
86,400000 -0,021972 
86,500000 -0,021963 
86,600000 -0,021794 
86,700000 -0,021581 
86,800000 -0,021798 
86,900000 -0,021711 
87,000000 -0,021803 
87,100000 -0,021926 
87,200000 -0,021795 
87,300000 -0,021827 
87,400000 -0,021998 
87,500000 -0,021819 
87,600000 -0,021725 
87,700000 -0,021781 
87,800000 -0,021894 
87,900000 -0,021785 
88,000000 -0,022007 
88,100000 -0,021964 
88,200000 -0,021690 
88,300000 -0,021684 
88,400000 -0,021885 
88,500000 -0,021885 
88,600000 -0,021845 
88,700000 -0,021858 
88,800000 -0,021835 
88,900000 -0,021656 
89,000000 -0,021745 
89,100000 -0,021819 
89,200000 -0,021795 
89,300000 -0,021769 
89,400000 -0,021763 
89,500000 -0,021845 
89,600000 -0,021687 
89,700000 -0,021847 
89,800000 -0,021858 
89,900000 -0,021833 
90,000000 -0,021867 
90,100000 -0,021660 
90,200000 -0,021715 
90,300000 -0,021780 
90,400000 -0,021784 
90,500000 -0,021874 
90,600000 -0,021796 
90,700000 -0,021847 
90,800000 -0,021704 
90,900000 -0,021708 
91,000000 -0,021854 
91,100000 -0,021575 
91,200000 -0,021553 
91,300000 -0,021604 
91,400000 -0,021545 
91,500000 -0,021733 
91,600000 -0,021805 
91,700000 -0,021708 
91,800000 -0,021924 
91,900000 -0,021837 
92,000000 -0,021774 
92,100000 -0,021721 
92,200000 -0,021829 
92,300000 -0,021593 
92,400000 -0,021813 
92,500000 -0,021533 
92,600000 -0,021694 
92,700000 -0,021723 
92,800000 -0,021581 
92,900000 -0,021523 
93,000000 -0,021542 
93,100000 -0,021739 
93,200000 -0,021938 
93,300000 -0,021963 
93,400000 -0,021853 
93,500000 -0,021715 
93,600000 -0,021904 
93,700000 -0,021853 
93,800000 -0,021768 
93,900000 -0,021896 
94,000000 -0,021980 
94,100000 -0,021780 
94,200000 -0,021616 
94,300000 -0,021704 
94,400000 -0,021804 
94,500000 -0,021850 
94,600000 -0,021669 
94,700000 -0,021807 
94,800000 -0,021714 
94,900000 -0,021728 
95,000000 -0,021790 
95,100000 -0,021750 
95,200000 -0,021854 
95,300000 -0,021955 
95,400000 -0,021834 
95,500000 -0,021568 
95,600000 -0,021762 
95,700000 -0,021724 
95,800000 -0,021974 
95,900000 -0,021691 
96,000000 -0,021658 
96,100000 -0,021757 
96,200000 -0,021673 
96,300000 -0,021891 
96,400000 -0,021903 
96,500000 -0,021660 
96,600000 -0,021803 
96,700000 -0,021964 
96,800000 -0,021777 
96,900000 -0,021836 
97,000000 -0,021775 
97,100000 -0,021897 
97,200000 -0,021595 
97,300000 -0,021804 
97,400000 -0,021913 
97,500000 -0,022100 
97,600000 -0,022225 
97,700000 -0,022272 
97,800000 -0,022210 
97,900000 -0,022147 
98,000000 -0,022187 
98,100000 -0,021730 
98,200000 -0,021634 
98,300000 -0,021607 
98,400000 -0,021642 
98,500000 -0,021641 
98,600000 -0,021681 
98,700000 -0,021763 
98,800000 -0,021602 
98,900000 -0,021692 
99,000000 -0,021685 
99,100000 -0,021770 
99,200000 -0,021583 
99,300000 -0,021555 
99,400000 -0,021604 
99,500000 -0,021504 
99,600000 -0,021760 
99,700000 -0,021627 
99,800000 -0,021697 
99,900000 -0,021508 
100,000000 -0,021508 
