0,000000 -0,824068 
0,100000 -0,826955 
0,200000 -0,826292 
0,300000 -0,826423 
0,400000 -0,822006 
0,500000 -0,822263 
0,600000 -0,825306 
0,700000 -0,823657 
0,800000 -0,826242 
0,900000 -0,824524 
1,000000 -0,824334 
1,100000 -0,824956 
1,200000 -0,824297 
1,300000 -0,823980 
1,400000 -0,824120 
1,500000 -0,821835 
1,600000 -0,825006 
1,700000 -0,823754 
1,800000 -0,825347 
1,900000 -0,824404 
2,000000 -0,823230 
2,100000 -0,822519 
2,200000 -0,824939 
2,300000 -0,823834 
2,400000 -0,825285 
2,500000 -0,737991 
2,600000 -0,524432 
2,700000 -0,420031 
2,800000 -0,354328 
2,900000 -0,308284 
3,000000 -0,269121 
3,100000 -0,236685 
3,200000 -0,200693 
3,300000 -0,173420 
3,400000 -0,152258 
3,500000 -0,136800 
3,600000 -0,122664 
3,700000 -0,110551 
3,800000 -0,099169 
3,900000 -0,089893 
4,000000 -0,081751 
4,100000 -0,075658 
4,200000 -0,068924 
4,300000 -0,063335 
4,400000 -0,059487 
4,500000 -0,055894 
4,600000 -0,052635 
4,700000 -0,049638 
4,800000 -0,047477 
4,900000 -0,045142 
5,000000 -0,043207 
5,100000 -0,041491 
5,200000 -0,039316 
5,300000 -0,038010 
5,400000 -0,036710 
5,500000 -0,035422 
5,600000 -0,034368 
5,700000 -0,033598 
5,800000 -0,032882 
5,900000 -0,031986 
6,000000 -0,031403 
6,100000 -0,030708 
6,200000 -0,029995 
6,300000 -0,029422 
6,400000 -0,028991 
6,500000 -0,028641 
6,600000 -0,028486 
6,700000 -0,028197 
6,800000 -0,027899 
6,900000 -0,027522 
7,000000 -0,027442 
7,100000 -0,026873 
7,200000 -0,026943 
7,300000 -0,026707 
7,400000 -0,026468 
7,500000 -0,025947 
7,600000 -0,025933 
7,700000 -0,025656 
7,800000 -0,025737 
7,900000 -0,025467 
8,000000 -0,025515 
8,100000 -0,025386 
8,200000 -0,025535 
8,300000 -0,025136 
8,400000 -0,025097 
8,500000 -0,024882 
8,600000 -0,024766 
8,700000 -0,024752 
8,800000 -0,024573 
8,900000 -0,024606 
9,000000 -0,024494 
9,100000 -0,024605 
9,200000 -0,024487 
9,300000 -0,024502 
9,400000 -0,024342 
9,500000 -0,024324 
9,600000 -0,024495 
9,700000 -0,024399 
9,800000 -0,024218 
9,900000 -0,024278 
10,000000 -0,024232 
10,100000 -0,024189 
10,200000 -0,024336 
10,300000 -0,024191 
10,400000 -0,024253 
10,500000 -0,024218 
10,600000 -0,024319 
10,700000 -0,024279 
10,800000 -0,024229 
10,900000 -0,024278 
11,000000 -0,024341 
11,100000 -0,024274 
11,200000 -0,024225 
11,300000 -0,024281 
11,400000 -0,024335 
11,500000 -0,024379 
11,600000 -0,024411 
11,700000 -0,024324 
11,800000 -0,024520 
11,900000 -0,024638 
12,000000 -0,024761 
12,100000 -0,024908 
12,200000 -0,024982 
12,300000 -0,025168 
12,400000 -0,025496 
12,500000 -0,025694 
12,600000 -0,026146 
12,700000 -0,026796 
12,800000 -0,027444 
12,900000 -0,028097 
13,000000 -0,028403 
13,100000 -0,028715 
13,200000 -0,028898 
13,300000 -0,028954 
13,400000 -0,029238 
13,500000 -0,029624 
13,600000 -0,030563 
13,700000 -0,031698 
13,800000 -0,032992 
13,900000 -0,034512 
14,000000 -0,036775 
14,100000 -0,039175 
14,200000 -0,042442 
14,300000 -0,046414 
14,400000 -0,053891 
14,500000 -0,064624 
14,600000 -0,079492 
14,700000 -0,100426 
14,800000 -0,125088 
14,900000 -0,141651 
15,000000 -0,148321 
15,100000 -0,144238 
15,200000 -0,124983 
15,300000 -0,094311 
15,400000 -0,066087 
15,500000 -0,050191 
15,600000 -0,042047 
15,700000 -0,038168 
15,800000 -0,036296 
15,900000 -0,035190 
16,000000 -0,034572 
16,100000 -0,034213 
16,200000 -0,033847 
16,300000 -0,033400 
16,400000 -0,034194 
16,500000 -0,036750 
16,600000 -0,040340 
16,700000 -0,045019 
16,800000 -0,049435 
16,900000 -0,052425 
17,000000 -0,053284 
17,100000 -0,051369 
17,200000 -0,047008 
17,300000 -0,041561 
17,400000 -0,038391 
17,500000 -0,038098 
17,600000 -0,039879 
17,700000 -0,043053 
17,800000 -0,046492 
17,900000 -0,048691 
18,000000 -0,049293 
18,100000 -0,048941 
18,200000 -0,046512 
18,300000 -0,043714 
18,400000 -0,043460 
18,500000 -0,047826 
18,600000 -0,055557 
18,700000 -0,064128 
18,800000 -0,071651 
18,900000 -0,075073 
19,000000 -0,074641 
19,100000 -0,069185 
19,200000 -0,057833 
19,300000 -0,046096 
19,400000 -0,037578 
19,500000 -0,032212 
19,600000 -0,029423 
19,700000 -0,028379 
19,800000 -0,028030 
19,900000 -0,027756 
20,000000 -0,027999 
20,100000 -0,028217 
20,200000 -0,028577 
20,300000 -0,029484 
20,400000 -0,031287 
20,500000 -0,035252 
20,600000 -0,039660 
20,700000 -0,043741 
20,800000 -0,046595 
20,900000 -0,047928 
21,000000 -0,046876 
21,100000 -0,043430 
21,200000 -0,037360 
21,300000 -0,032049 
21,400000 -0,028675 
21,500000 -0,026678 
21,600000 -0,025370 
21,700000 -0,024790 
21,800000 -0,024357 
21,900000 -0,024267 
22,000000 -0,024051 
22,100000 -0,023996 
22,200000 -0,024085 
22,300000 -0,024086 
22,400000 -0,024153 
22,500000 -0,024087 
22,600000 -0,024281 
22,700000 -0,024496 
22,800000 -0,024520 
22,900000 -0,024543 
23,000000 -0,024747 
23,100000 -0,024593 
23,200000 -0,024578 
23,300000 -0,024580 
23,400000 -0,024514 
23,500000 -0,024596 
23,600000 -0,024848 
23,700000 -0,024908 
23,800000 -0,025065 
23,900000 -0,025168 
24,000000 -0,025285 
24,100000 -0,025602 
24,200000 -0,025854 
24,300000 -0,026014 
24,400000 -0,026391 
24,500000 -0,026780 
24,600000 -0,027056 
24,700000 -0,027641 
24,800000 -0,027912 
24,900000 -0,028425 
25,000000 -0,028679 
25,100000 -0,029056 
25,200000 -0,029541 
25,300000 -0,030064 
25,400000 -0,030979 
25,500000 -0,032031 
25,600000 -0,033350 
25,700000 -0,034334 
25,800000 -0,035779 
25,900000 -0,037476 
26,000000 -0,038859 
26,100000 -0,040587 
26,200000 -0,042853 
26,300000 -0,044724 
26,400000 -0,047621 
26,500000 -0,050778 
26,600000 -0,055871 
26,700000 -0,060910 
26,800000 -0,066429 
26,900000 -0,072153 
27,000000 -0,079472 
27,100000 -0,088048 
27,200000 -0,097654 
27,300000 -0,110050 
27,400000 -0,125100 
27,500000 -0,143284 
27,600000 -0,174450 
27,700000 -0,208820 
27,800000 -0,248688 
27,900000 -0,297220 
28,000000 -0,361380 
28,100000 -0,446598 
28,200000 -0,569224 
28,300000 -0,751989 
28,400000 -1,020967 
28,500000 -1,372699 
28,600000 -1,837939 
28,700000 -2,089079 
28,800000 -2,143456 
28,900000 -2,045952 
29,000000 -1,764016 
29,100000 -1,252967 
29,200000 -0,748510 
29,300000 -0,445578 
29,400000 -0,292779 
29,500000 -0,207966 
29,600000 -0,156828 
29,700000 -0,122959 
29,800000 -0,100786 
29,900000 -0,088238 
30,000000 -0,079858 
30,100000 -0,073975 
30,200000 -0,070795 
30,300000 -0,072682 
30,400000 -0,079772 
30,500000 -0,091406 
30,600000 -0,104972 
30,700000 -0,115643 
30,800000 -0,120485 
30,900000 -0,118195 
31,000000 -0,108450 
31,100000 -0,089993 
31,200000 -0,071232 
31,300000 -0,059869 
31,400000 -0,054734 
31,500000 -0,053786 
31,600000 -0,054818 
31,700000 -0,060172 
31,800000 -0,066498 
31,900000 -0,075021 
32,000000 -0,085365 
32,100000 -0,099625 
32,200000 -0,120643 
32,300000 -0,152816 
32,400000 -0,197568 
32,500000 -0,253388 
32,600000 -0,307911 
32,700000 -0,348431 
32,800000 -0,356613 
32,900000 -0,338988 
33,000000 -0,289291 
33,100000 -0,206703 
33,200000 -0,134093 
33,300000 -0,089995 
33,400000 -0,065106 
33,500000 -0,050897 
33,600000 -0,041575 
33,700000 -0,035392 
33,800000 -0,031400 
33,900000 -0,028994 
34,000000 -0,027838 
34,100000 -0,026398 
34,200000 -0,025643 
34,300000 -0,025094 
34,400000 -0,024897 
34,500000 -0,024838 
34,600000 -0,024787 
34,700000 -0,024819 
34,800000 -0,024720 
34,900000 -0,024532 
35,000000 -0,024339 
35,100000 -0,023937 
35,200000 -0,023576 
35,300000 -0,023575 
35,400000 -0,023510 
35,500000 -0,023413 
35,600000 -0,023388 
35,700000 -0,023222 
35,800000 -0,023269 
35,900000 -0,023199 
36,000000 -0,023171 
36,100000 -0,023284 
36,200000 -0,023198 
36,300000 -0,023248 
36,400000 -0,023235 
36,500000 -0,023258 
36,600000 -0,023275 
36,700000 -0,023328 
36,800000 -0,023366 
36,900000 -0,023288 
37,000000 -0,023284 
37,100000 -0,023260 
37,200000 -0,023162 
37,300000 -0,023249 
37,400000 -0,023209 
37,500000 -0,023208 
37,600000 -0,023302 
37,700000 -0,023198 
37,800000 -0,023352 
37,900000 -0,023339 
38,000000 -0,023284 
38,100000 -0,023367 
38,200000 -0,023405 
38,300000 -0,023462 
38,400000 -0,023400 
38,500000 -0,023549 
38,600000 -0,023578 
38,700000 -0,023699 
38,800000 -0,023717 
38,900000 -0,023753 
39,000000 -0,023799 
39,100000 -0,024065 
39,200000 -0,024139 
39,300000 -0,024269 
39,400000 -0,024594 
39,500000 -0,024865 
39,600000 -0,025237 
39,700000 -0,025881 
39,800000 -0,026596 
39,900000 -0,027775 
40,000000 -0,028819 
40,100000 -0,030443 
40,200000 -0,032980 
40,300000 -0,036444 
40,400000 -0,040721 
40,500000 -0,045464 
40,600000 -0,049281 
40,700000 -0,051972 
40,800000 -0,052816 
40,900000 -0,049560 
41,000000 -0,043679 
41,100000 -0,036300 
41,200000 -0,030544 
41,300000 -0,027855 
41,400000 -0,026026 
41,500000 -0,024935 
41,600000 -0,024593 
41,700000 -0,024119 
41,800000 -0,023914 
41,900000 -0,023958 
42,000000 -0,023914 
42,100000 -0,023755 
42,200000 -0,023681 
42,300000 -0,023692 
42,400000 -0,023776 
42,500000 -0,023810 
42,600000 -0,023709 
42,700000 -0,023886 
42,800000 -0,023974 
42,900000 -0,024043 
43,000000 -0,024066 
43,100000 -0,024148 
43,200000 -0,024234 
43,300000 -0,024493 
43,400000 -0,024681 
43,500000 -0,025313 
43,600000 -0,025741 
43,700000 -0,026334 
43,800000 -0,026758 
43,900000 -0,027661 
44,000000 -0,027855 
44,100000 -0,028257 
44,200000 -0,029088 
44,300000 -0,030781 
44,400000 -0,033211 
44,500000 -0,036243 
44,600000 -0,038861 
44,700000 -0,040358 
44,800000 -0,041532 
44,900000 -0,040140 
45,000000 -0,037314 
45,100000 -0,032491 
45,200000 -0,028696 
45,300000 -0,026640 
45,400000 -0,025237 
45,500000 -0,024647 
45,600000 -0,024456 
45,700000 -0,024393 
45,800000 -0,024054 
45,900000 -0,024296 
46,000000 -0,024135 
46,100000 -0,023857 
46,200000 -0,023727 
46,300000 -0,023602 
46,400000 -0,023547 
46,500000 -0,023530 
46,600000 -0,023640 
46,700000 -0,023710 
46,800000 -0,023689 
46,900000 -0,023796 
47,000000 -0,023833 
47,100000 -0,023863 
47,200000 -0,024051 
47,300000 -0,024242 
47,400000 -0,024565 
47,500000 -0,025004 
47,600000 -0,025514 
47,700000 -0,025832 
47,800000 -0,025941 
47,900000 -0,025873 
48,000000 -0,025230 
48,100000 -0,024461 
48,200000 -0,023926 
48,300000 -0,023641 
48,400000 -0,023570 
48,500000 -0,023476 
48,600000 -0,023457 
48,700000 -0,023317 
48,800000 -0,023382 
48,900000 -0,023327 
49,000000 -0,023236 
49,100000 -0,023136 
49,200000 -0,023304 
49,300000 -0,023167 
49,400000 -0,023307 
49,500000 -0,023187 
49,600000 -0,023263 
49,700000 -0,023298 
49,800000 -0,023334 
49,900000 -0,023297 
