0,000000 -0,536920 
0,100000 -0,538468 
0,200000 -0,537205 
0,300000 -0,536326 
0,400000 -0,537354 
0,500000 -0,539518 
0,600000 -0,540362 
0,700000 -0,538587 
0,800000 -0,539029 
0,900000 -0,537685 
1,000000 -0,537729 
1,100000 -0,538830 
1,200000 -0,538941 
1,300000 -0,537421 
1,400000 -0,539492 
1,500000 -0,539550 
1,600000 -0,537935 
1,700000 -0,539675 
1,800000 -0,539641 
1,900000 -0,537520 
2,000000 -0,540639 
2,100000 -0,538901 
2,200000 -0,540272 
2,300000 -0,537683 
2,400000 -0,540538 
2,500000 -0,468250 
2,600000 -0,312037 
2,700000 -0,240991 
2,800000 -0,193797 
2,900000 -0,159747 
3,000000 -0,133180 
3,100000 -0,112093 
3,200000 -0,093698 
3,300000 -0,079628 
3,400000 -0,071018 
3,500000 -0,063620 
3,600000 -0,058396 
3,700000 -0,052821 
3,800000 -0,047877 
3,900000 -0,043699 
4,000000 -0,040219 
4,100000 -0,038024 
4,200000 -0,035332 
4,300000 -0,033472 
4,400000 -0,031830 
4,500000 -0,030330 
4,600000 -0,029445 
4,700000 -0,028781 
4,800000 -0,028080 
4,900000 -0,027392 
5,000000 -0,026815 
5,100000 -0,026341 
5,200000 -0,025760 
5,300000 -0,025337 
5,400000 -0,024921 
5,500000 -0,024626 
5,600000 -0,024510 
5,700000 -0,024196 
5,800000 -0,023986 
5,900000 -0,023959 
6,000000 -0,023776 
6,100000 -0,023698 
6,200000 -0,023646 
6,300000 -0,023718 
6,400000 -0,023560 
6,500000 -0,023391 
6,600000 -0,023321 
6,700000 -0,023306 
6,800000 -0,023331 
6,900000 -0,023193 
7,000000 -0,023227 
7,100000 -0,023149 
7,200000 -0,023267 
7,300000 -0,023115 
7,400000 -0,023043 
7,500000 -0,023138 
7,600000 -0,023125 
7,700000 -0,023065 
7,800000 -0,023153 
7,900000 -0,023141 
8,000000 -0,023158 
8,100000 -0,023195 
8,200000 -0,023181 
8,300000 -0,023213 
8,400000 -0,023026 
8,500000 -0,022881 
8,600000 -0,022953 
8,700000 -0,022809 
8,800000 -0,022985 
8,900000 -0,022949 
9,000000 -0,022868 
9,100000 -0,022870 
9,200000 -0,022906 
9,300000 -0,022797 
9,400000 -0,022835 
9,500000 -0,022915 
9,600000 -0,022790 
9,700000 -0,022699 
9,800000 -0,022657 
9,900000 -0,022761 
10,000000 -0,022779 
10,100000 -0,022756 
10,200000 -0,022710 
10,300000 -0,022803 
10,400000 -0,022723 
10,500000 -0,022857 
10,600000 -0,022896 
10,700000 -0,022855 
10,800000 -0,022878 
10,900000 -0,022789 
11,000000 -0,022831 
11,100000 -0,022820 
11,200000 -0,022645 
11,300000 -0,022794 
11,400000 -0,022802 
11,500000 -0,022826 
11,600000 -0,022873 
11,700000 -0,023005 
11,800000 -0,022967 
11,900000 -0,023033 
12,000000 -0,023009 
12,100000 -0,023141 
12,200000 -0,023275 
12,300000 -0,023268 
12,400000 -0,023351 
12,500000 -0,023431 
12,600000 -0,023714 
12,700000 -0,023910 
12,800000 -0,024521 
12,900000 -0,024845 
13,000000 -0,025292 
13,100000 -0,025528 
13,200000 -0,025341 
13,300000 -0,025094 
13,400000 -0,024787 
13,500000 -0,024718 
13,600000 -0,025167 
13,700000 -0,025684 
13,800000 -0,026583 
13,900000 -0,027394 
14,000000 -0,028511 
14,100000 -0,029847 
14,200000 -0,032350 
14,300000 -0,035046 
14,400000 -0,041578 
14,500000 -0,051348 
14,600000 -0,068165 
14,700000 -0,093177 
14,800000 -0,121663 
14,900000 -0,142015 
15,000000 -0,149791 
15,100000 -0,144151 
15,200000 -0,120963 
15,300000 -0,084954 
15,400000 -0,055409 
15,500000 -0,040421 
15,600000 -0,033832 
15,700000 -0,031282 
15,800000 -0,030203 
15,900000 -0,029819 
16,000000 -0,029748 
16,100000 -0,029465 
16,200000 -0,028766 
16,300000 -0,028435 
16,400000 -0,029272 
16,500000 -0,031934 
16,600000 -0,036773 
16,700000 -0,042441 
16,800000 -0,047761 
16,900000 -0,051041 
17,000000 -0,051385 
17,100000 -0,048920 
17,200000 -0,043477 
17,300000 -0,036735 
17,400000 -0,032977 
17,500000 -0,032945 
17,600000 -0,035768 
17,700000 -0,039935 
17,800000 -0,043728 
17,900000 -0,046028 
18,000000 -0,047203 
18,100000 -0,045522 
18,200000 -0,041652 
18,300000 -0,037848 
18,400000 -0,037145 
18,500000 -0,042480 
18,600000 -0,052646 
18,700000 -0,064125 
18,800000 -0,073052 
18,900000 -0,077069 
19,000000 -0,076157 
19,100000 -0,069853 
19,200000 -0,056076 
19,300000 -0,042120 
19,400000 -0,032962 
19,500000 -0,028349 
19,600000 -0,026083 
19,700000 -0,025159 
19,800000 -0,024774 
19,900000 -0,024860 
20,000000 -0,024868 
20,100000 -0,025114 
20,200000 -0,025641 
20,300000 -0,026707 
20,400000 -0,028278 
20,500000 -0,032930 
20,600000 -0,038564 
20,700000 -0,043625 
20,800000 -0,046498 
20,900000 -0,047896 
21,000000 -0,046481 
21,100000 -0,042420 
21,200000 -0,035409 
21,300000 -0,029792 
21,400000 -0,027093 
21,500000 -0,024855 
21,600000 -0,024001 
21,700000 -0,023667 
21,800000 -0,023393 
21,900000 -0,023222 
22,000000 -0,023025 
22,100000 -0,023217 
22,200000 -0,023186 
22,300000 -0,023187 
22,400000 -0,023165 
22,500000 -0,023141 
22,600000 -0,023399 
22,700000 -0,023521 
22,800000 -0,023399 
22,900000 -0,023503 
23,000000 -0,023364 
23,100000 -0,023231 
23,200000 -0,023157 
23,300000 -0,023298 
23,400000 -0,023271 
23,500000 -0,023008 
23,600000 -0,023350 
23,700000 -0,023227 
23,800000 -0,023125 
23,900000 -0,023253 
24,000000 -0,023206 
24,100000 -0,023137 
24,200000 -0,023308 
24,300000 -0,023478 
24,400000 -0,023308 
24,500000 -0,023503 
24,600000 -0,023334 
24,700000 -0,023714 
24,800000 -0,023624 
24,900000 -0,023761 
25,000000 -0,023669 
25,100000 -0,023774 
25,200000 -0,024059 
25,300000 -0,024092 
25,400000 -0,024250 
25,500000 -0,024269 
25,600000 -0,024611 
25,700000 -0,024881 
25,800000 -0,025371 
25,900000 -0,025629 
26,000000 -0,026144 
26,100000 -0,026650 
26,200000 -0,027356 
26,300000 -0,028088 
26,400000 -0,028995 
26,500000 -0,030060 
26,600000 -0,031748 
26,700000 -0,034307 
26,800000 -0,036601 
26,900000 -0,038709 
27,000000 -0,041213 
27,100000 -0,044517 
27,200000 -0,048866 
27,300000 -0,054167 
27,400000 -0,062317 
27,500000 -0,073347 
27,600000 -0,091260 
27,700000 -0,111432 
27,800000 -0,135640 
27,900000 -0,166172 
28,000000 -0,209038 
28,100000 -0,275793 
28,200000 -0,386815 
28,300000 -0,578546 
28,400000 -0,877481 
28,500000 -1,300392 
28,600000 -1,838707 
28,700000 -2,103912 
28,800000 -2,134243 
28,900000 -2,008485 
29,000000 -1,703405 
29,100000 -1,129145 
29,200000 -0,588146 
29,300000 -0,308400 
29,400000 -0,181739 
29,500000 -0,123104 
29,600000 -0,091942 
29,700000 -0,073911 
29,800000 -0,064101 
29,900000 -0,058377 
30,000000 -0,054264 
30,100000 -0,050035 
30,200000 -0,049003 
30,300000 -0,053181 
30,400000 -0,062465 
30,500000 -0,077791 
30,600000 -0,093543 
30,700000 -0,105394 
30,800000 -0,109473 
30,900000 -0,106545 
31,000000 -0,095748 
31,100000 -0,076233 
31,200000 -0,055686 
31,300000 -0,043441 
31,400000 -0,038715 
31,500000 -0,037583 
31,600000 -0,038184 
31,700000 -0,041475 
31,800000 -0,045419 
31,900000 -0,050992 
32,000000 -0,058819 
32,100000 -0,070391 
32,200000 -0,090599 
32,300000 -0,122945 
32,400000 -0,173338 
32,500000 -0,238095 
32,600000 -0,301469 
32,700000 -0,341817 
32,800000 -0,351374 
32,900000 -0,330792 
33,000000 -0,276878 
33,100000 -0,185993 
33,200000 -0,110182 
33,300000 -0,068942 
33,400000 -0,048313 
33,500000 -0,037715 
33,600000 -0,031429 
33,700000 -0,028612 
33,800000 -0,026713 
33,900000 -0,025342 
34,000000 -0,024768 
34,100000 -0,024294 
34,200000 -0,023865 
34,300000 -0,023881 
34,400000 -0,023836 
34,500000 -0,024060 
34,600000 -0,023556 
34,700000 -0,023848 
34,800000 -0,024588 
34,900000 -0,024191 
35,000000 -0,023945 
35,100000 -0,023681 
35,200000 -0,023424 
35,300000 -0,023276 
35,400000 -0,023260 
35,500000 -0,023225 
35,600000 -0,023229 
35,700000 -0,023051 
35,800000 -0,023119 
35,900000 -0,023149 
36,000000 -0,022986 
36,100000 -0,023076 
36,200000 -0,023200 
36,300000 -0,023211 
36,400000 -0,023095 
36,500000 -0,023215 
36,600000 -0,023078 
36,700000 -0,023148 
36,800000 -0,023274 
36,900000 -0,023267 
37,000000 -0,023078 
37,100000 -0,023140 
37,200000 -0,023078 
37,300000 -0,022993 
37,400000 -0,023027 
37,500000 -0,023166 
37,600000 -0,023013 
37,700000 -0,023019 
37,800000 -0,023148 
37,900000 -0,023120 
38,000000 -0,023030 
38,100000 -0,023037 
38,200000 -0,023095 
38,300000 -0,023119 
38,400000 -0,023175 
38,500000 -0,023160 
38,600000 -0,023231 
38,700000 -0,023284 
38,800000 -0,023282 
38,900000 -0,023268 
39,000000 -0,023355 
39,100000 -0,023441 
39,200000 -0,023401 
39,300000 -0,023524 
39,400000 -0,023645 
39,500000 -0,023673 
39,600000 -0,023920 
39,700000 -0,024177 
39,800000 -0,024509 
39,900000 -0,025268 
40,000000 -0,026436 
40,100000 -0,027838 
40,200000 -0,029901 
40,300000 -0,033552 
40,400000 -0,038672 
40,500000 -0,044116 
40,600000 -0,048259 
40,700000 -0,050642 
40,800000 -0,051263 
40,900000 -0,048582 
41,000000 -0,041843 
41,100000 -0,033910 
41,200000 -0,028485 
41,300000 -0,025868 
41,400000 -0,024527 
41,500000 -0,023891 
41,600000 -0,023761 
41,700000 -0,023566 
41,800000 -0,023582 
41,900000 -0,023473 
42,000000 -0,023454 
42,100000 -0,023306 
42,200000 -0,023377 
42,300000 -0,023214 
42,400000 -0,023423 
42,500000 -0,023462 
42,600000 -0,023472 
42,700000 -0,023558 
42,800000 -0,023568 
42,900000 -0,023667 
43,000000 -0,023526 
43,100000 -0,023628 
43,200000 -0,023656 
43,300000 -0,023698 
43,400000 -0,023896 
43,500000 -0,024432 
43,600000 -0,024739 
43,700000 -0,025065 
43,800000 -0,025457 
43,900000 -0,025815 
44,000000 -0,026112 
44,100000 -0,026736 
44,200000 -0,027562 
44,300000 -0,028983 
44,400000 -0,031819 
44,500000 -0,035225 
44,600000 -0,038568 
44,700000 -0,040422 
44,800000 -0,041087 
44,900000 -0,039694 
45,000000 -0,036406 
45,100000 -0,030873 
45,200000 -0,027048 
45,300000 -0,025095 
45,400000 -0,024268 
45,500000 -0,024098 
45,600000 -0,023993 
45,700000 -0,024070 
45,800000 -0,024042 
45,900000 -0,023950 
46,000000 -0,023703 
46,100000 -0,023528 
46,200000 -0,023349 
46,300000 -0,023373 
46,400000 -0,023205 
46,500000 -0,023437 
46,600000 -0,023415 
46,700000 -0,023422 
46,800000 -0,023509 
46,900000 -0,023607 
47,000000 -0,023532 
47,100000 -0,023687 
47,200000 -0,023620 
47,300000 -0,023991 
47,400000 -0,024242 
47,500000 -0,024907 
47,600000 -0,025496 
47,700000 -0,025756 
47,800000 -0,025970 
47,900000 -0,025868 
48,000000 -0,025319 
48,100000 -0,024257 
48,200000 -0,023740 
48,300000 -0,023526 
48,400000 -0,023207 
48,500000 -0,023315 
48,600000 -0,023209 
48,700000 -0,023250 
48,800000 -0,023236 
48,900000 -0,023200 
49,000000 -0,023170 
49,100000 -0,023095 
49,200000 -0,023114 
49,300000 -0,023051 
49,400000 -0,023074 
49,500000 -0,023087 
49,600000 -0,023099 
49,700000 -0,023010 
49,800000 -0,023180 
49,900000 -0,023116 
