0,000000 -1,224478 
0,100000 -1,222998 
0,200000 -1,221641 
0,300000 -1,221835 
0,400000 -1,220859 
0,500000 -1,223369 
0,600000 -1,222036 
0,700000 -1,223447 
0,800000 -1,222778 
0,900000 -1,223550 
1,000000 -1,218006 
1,100000 -1,219629 
1,200000 -1,221123 
1,300000 -1,220770 
1,400000 -1,221412 
1,500000 -1,218305 
1,600000 -1,217800 
1,700000 -1,217759 
1,800000 -1,218208 
1,900000 -1,218296 
2,000000 -1,218930 
2,100000 -1,221744 
2,200000 -1,217765 
2,300000 -1,217178 
2,400000 -1,218152 
2,500000 -1,211056 
2,600000 -1,131930 
2,700000 -1,047878 
2,800000 -0,958324 
2,900000 -0,872733 
3,000000 -0,795677 
3,100000 -0,725018 
3,200000 -0,642738 
3,300000 -0,578277 
3,400000 -0,530026 
3,500000 -0,489610 
3,600000 -0,456137 
3,700000 -0,425470 
3,800000 -0,400401 
3,900000 -0,379202 
4,000000 -0,358150 
4,100000 -0,341681 
4,200000 -0,322823 
4,300000 -0,302619 
4,400000 -0,287847 
4,500000 -0,274931 
4,600000 -0,261958 
4,700000 -0,248354 
4,800000 -0,236358 
4,900000 -0,225621 
5,000000 -0,213855 
5,100000 -0,203353 
5,200000 -0,190894 
5,300000 -0,179538 
5,400000 -0,171796 
5,500000 -0,162081 
5,600000 -0,155479 
5,700000 -0,148387 
5,800000 -0,140118 
5,900000 -0,136325 
6,000000 -0,128739 
6,100000 -0,124305 
6,200000 -0,119113 
6,300000 -0,112613 
6,400000 -0,109154 
6,500000 -0,107339 
6,600000 -0,103664 
6,700000 -0,100933 
6,800000 -0,098868 
6,900000 -0,095600 
7,000000 -0,093111 
7,100000 -0,091288 
7,200000 -0,088453 
7,300000 -0,086792 
7,400000 -0,084002 
7,500000 -0,082926 
7,600000 -0,080803 
7,700000 -0,078738 
7,800000 -0,077007 
7,900000 -0,075338 
8,000000 -0,074166 
8,100000 -0,072269 
8,200000 -0,071069 
8,300000 -0,069203 
8,400000 -0,067971 
8,500000 -0,066390 
8,600000 -0,065305 
8,700000 -0,064228 
8,800000 -0,062688 
8,900000 -0,061749 
9,000000 -0,060874 
9,100000 -0,059787 
9,200000 -0,059132 
9,300000 -0,058464 
9,400000 -0,057249 
9,500000 -0,056463 
9,600000 -0,056292 
9,700000 -0,055286 
9,800000 -0,054716 
9,900000 -0,054070 
10,000000 -0,053610 
10,100000 -0,053309 
10,200000 -0,052722 
10,300000 -0,052724 
10,400000 -0,052417 
10,500000 -0,052163 
10,600000 -0,051699 
10,700000 -0,051218 
10,800000 -0,051083 
10,900000 -0,050897 
11,000000 -0,050307 
11,100000 -0,050547 
11,200000 -0,051306 
11,300000 -0,050840 
11,400000 -0,050985 
11,500000 -0,050667 
11,600000 -0,050733 
11,700000 -0,050881 
11,800000 -0,050680 
11,900000 -0,051061 
12,000000 -0,051159 
12,100000 -0,051788 
12,200000 -0,051828 
12,300000 -0,052151 
12,400000 -0,052981 
12,500000 -0,053427 
12,600000 -0,053907 
12,700000 -0,054723 
12,800000 -0,055460 
12,900000 -0,056365 
13,000000 -0,057424 
13,100000 -0,058280 
13,200000 -0,059390 
13,300000 -0,060596 
13,400000 -0,061983 
13,500000 -0,063641 
13,600000 -0,065430 
13,700000 -0,067414 
13,800000 -0,069574 
13,900000 -0,072773 
14,000000 -0,075569 
14,100000 -0,079008 
14,200000 -0,082876 
14,300000 -0,087365 
14,400000 -0,095083 
14,500000 -0,101875 
14,600000 -0,108626 
14,700000 -0,117131 
14,800000 -0,125556 
14,900000 -0,133989 
15,000000 -0,137745 
15,100000 -0,137823 
15,200000 -0,129922 
15,300000 -0,117931 
15,400000 -0,101162 
15,500000 -0,090165 
15,600000 -0,082566 
15,700000 -0,076909 
15,800000 -0,072854 
15,900000 -0,069766 
16,000000 -0,067708 
16,100000 -0,066454 
16,200000 -0,065056 
16,300000 -0,064041 
16,400000 -0,063887 
16,500000 -0,064776 
16,600000 -0,065140 
16,700000 -0,066706 
16,800000 -0,067994 
16,900000 -0,069038 
17,000000 -0,069995 
17,100000 -0,069583 
17,200000 -0,068372 
17,300000 -0,066898 
17,400000 -0,065314 
17,500000 -0,064879 
17,600000 -0,065493 
17,700000 -0,066614 
17,800000 -0,067829 
17,900000 -0,069140 
18,000000 -0,069969 
18,100000 -0,070484 
18,200000 -0,070672 
18,300000 -0,070368 
18,400000 -0,070659 
18,500000 -0,072605 
18,600000 -0,074685 
18,700000 -0,077527 
18,800000 -0,079698 
18,900000 -0,081204 
19,000000 -0,081907 
19,100000 -0,079562 
19,200000 -0,074436 
19,300000 -0,068518 
19,400000 -0,063758 
19,500000 -0,059231 
19,600000 -0,056226 
19,700000 -0,054572 
19,800000 -0,053183 
19,900000 -0,052479 
20,000000 -0,052616 
20,100000 -0,052625 
20,200000 -0,052774 
20,300000 -0,053634 
20,400000 -0,054557 
20,500000 -0,056337 
20,600000 -0,058082 
20,700000 -0,059616 
20,800000 -0,060981 
20,900000 -0,061470 
21,000000 -0,061669 
21,100000 -0,060230 
21,200000 -0,057597 
21,300000 -0,054756 
21,400000 -0,053446 
21,500000 -0,051561 
21,600000 -0,050330 
21,700000 -0,049860 
21,800000 -0,049715 
21,900000 -0,049593 
22,000000 -0,050088 
22,100000 -0,049984 
22,200000 -0,050720 
22,300000 -0,051302 
22,400000 -0,051642 
22,500000 -0,052656 
22,600000 -0,053348 
22,700000 -0,054049 
22,800000 -0,055134 
22,900000 -0,055984 
23,000000 -0,057005 
23,100000 -0,058168 
23,200000 -0,058692 
23,300000 -0,059789 
23,400000 -0,061547 
23,500000 -0,062702 
23,600000 -0,064135 
23,700000 -0,066113 
23,800000 -0,068093 
23,900000 -0,069371 
24,000000 -0,071825 
24,100000 -0,073480 
24,200000 -0,075843 
24,300000 -0,078197 
24,400000 -0,080683 
24,500000 -0,083525 
24,600000 -0,087693 
24,700000 -0,091228 
24,800000 -0,094200 
24,900000 -0,097418 
25,000000 -0,101974 
25,100000 -0,105855 
25,200000 -0,110632 
25,300000 -0,114922 
25,400000 -0,118917 
25,500000 -0,125441 
25,600000 -0,132001 
25,700000 -0,139216 
25,800000 -0,146628 
25,900000 -0,153636 
26,000000 -0,161975 
26,100000 -0,171349 
26,200000 -0,181923 
26,300000 -0,191604 
26,400000 -0,203863 
26,500000 -0,216036 
26,600000 -0,235827 
26,700000 -0,253686 
26,800000 -0,272541 
26,900000 -0,292070 
27,000000 -0,316670 
27,100000 -0,341858 
27,200000 -0,369644 
27,300000 -0,398032 
27,400000 -0,427803 
27,500000 -0,466851 
27,600000 -0,520210 
27,700000 -0,579415 
27,800000 -0,639740 
27,900000 -0,706661 
28,000000 -0,782113 
28,100000 -0,873616 
28,200000 -0,978450 
28,300000 -1,101924 
28,400000 -1,224405 
28,500000 -1,362231 
28,600000 -1,535878 
28,700000 -1,654701 
28,800000 -1,701574 
28,900000 -1,664845 
29,000000 -1,512388 
29,100000 -1,270807 
29,200000 -1,010109 
29,300000 -0,803082 
29,400000 -0,652788 
29,500000 -0,539701 
29,600000 -0,454292 
29,700000 -0,377288 
29,800000 -0,322873 
29,900000 -0,286690 
30,000000 -0,260773 
30,100000 -0,236656 
30,200000 -0,218592 
30,300000 -0,206372 
30,400000 -0,198987 
30,500000 -0,194229 
30,600000 -0,190575 
30,700000 -0,189624 
30,800000 -0,186639 
30,900000 -0,182452 
31,000000 -0,173677 
31,100000 -0,162592 
31,200000 -0,152196 
31,300000 -0,143580 
31,400000 -0,140064 
31,500000 -0,138320 
31,600000 -0,138656 
31,700000 -0,143370 
31,800000 -0,149675 
31,900000 -0,158320 
32,000000 -0,168779 
32,100000 -0,181942 
32,200000 -0,197520 
32,300000 -0,214767 
32,400000 -0,234285 
32,500000 -0,254698 
32,600000 -0,273835 
32,700000 -0,291709 
32,800000 -0,299374 
32,900000 -0,288748 
33,000000 -0,261031 
33,100000 -0,220888 
33,200000 -0,179681 
33,300000 -0,147195 
33,400000 -0,122501 
33,500000 -0,103309 
33,600000 -0,089592 
33,700000 -0,075946 
33,800000 -0,066048 
33,900000 -0,058911 
34,000000 -0,053363 
34,100000 -0,048870 
34,200000 -0,045677 
34,300000 -0,042736 
34,400000 -0,039797 
34,500000 -0,038142 
34,600000 -0,036104 
34,700000 -0,034421 
34,800000 -0,033075 
34,900000 -0,031584 
35,000000 -0,030435 
35,100000 -0,029581 
35,200000 -0,028756 
35,300000 -0,028383 
35,400000 -0,027657 
35,500000 -0,027081 
35,600000 -0,026373 
35,700000 -0,026132 
35,800000 -0,025783 
35,900000 -0,025464 
36,000000 -0,025200 
36,100000 -0,025042 
36,200000 -0,024888 
36,300000 -0,024802 
36,400000 -0,024693 
36,500000 -0,024562 
36,600000 -0,024646 
36,700000 -0,024623 
36,800000 -0,024515 
36,900000 -0,024407 
37,000000 -0,024510 
37,100000 -0,024546 
37,200000 -0,024489 
37,300000 -0,024337 
37,400000 -0,024399 
37,500000 -0,024505 
37,600000 -0,024516 
37,700000 -0,024454 
37,800000 -0,024828 
37,900000 -0,024748 
38,000000 -0,024951 
38,100000 -0,024892 
38,200000 -0,025190 
38,300000 -0,025394 
38,400000 -0,025683 
38,500000 -0,025790 
38,600000 -0,026012 
38,700000 -0,026307 
38,800000 -0,026670 
38,900000 -0,027169 
39,000000 -0,027691 
39,100000 -0,027999 
39,200000 -0,028350 
39,300000 -0,028740 
39,400000 -0,029178 
39,500000 -0,029752 
39,600000 -0,030541 
39,700000 -0,031621 
39,800000 -0,032613 
39,900000 -0,034073 
40,000000 -0,035742 
40,100000 -0,037459 
40,200000 -0,038843 
40,300000 -0,040409 
40,400000 -0,042633 
40,500000 -0,044179 
40,600000 -0,045901 
40,700000 -0,047372 
40,800000 -0,047666 
40,900000 -0,045979 
41,000000 -0,043004 
41,100000 -0,039064 
41,200000 -0,035709 
41,300000 -0,033322 
41,400000 -0,031017 
41,500000 -0,029621 
41,600000 -0,028754 
41,700000 -0,028271 
41,800000 -0,027751 
41,900000 -0,027157 
42,000000 -0,026390 
42,100000 -0,026036 
42,200000 -0,026074 
42,300000 -0,025811 
42,400000 -0,025860 
42,500000 -0,025899 
42,600000 -0,025943 
42,700000 -0,025900 
42,800000 -0,026101 
42,900000 -0,026410 
43,000000 -0,026579 
43,100000 -0,027014 
43,200000 -0,027225 
43,300000 -0,027573 
43,400000 -0,027880 
43,500000 -0,028342 
43,600000 -0,028674 
43,700000 -0,029179 
43,800000 -0,029619 
43,900000 -0,030484 
44,000000 -0,031108 
44,100000 -0,031905 
44,200000 -0,032923 
44,300000 -0,033652 
44,400000 -0,034722 
44,500000 -0,035831 
44,600000 -0,036943 
44,700000 -0,037809 
44,800000 -0,037885 
44,900000 -0,037265 
45,000000 -0,035398 
45,100000 -0,033325 
45,200000 -0,030712 
45,300000 -0,029445 
45,400000 -0,028281 
45,500000 -0,027353 
45,600000 -0,026854 
45,700000 -0,026070 
45,800000 -0,025839 
45,900000 -0,025407 
46,000000 -0,025108 
46,100000 -0,024708 
46,200000 -0,024632 
46,300000 -0,024421 
46,400000 -0,024434 
46,500000 -0,024358 
46,600000 -0,024137 
46,700000 -0,024193 
46,800000 -0,024215 
46,900000 -0,024315 
47,000000 -0,024512 
47,100000 -0,024210 
47,200000 -0,024516 
47,300000 -0,024660 
47,400000 -0,024827 
47,500000 -0,024855 
47,600000 -0,024922 
47,700000 -0,024975 
47,800000 -0,025019 
47,900000 -0,024925 
48,000000 -0,024598 
48,100000 -0,024263 
48,200000 -0,024180 
48,300000 -0,023882 
48,400000 -0,023678 
48,500000 -0,023585 
48,600000 -0,023492 
48,700000 -0,023442 
48,800000 -0,023346 
48,900000 -0,023264 
49,000000 -0,023464 
49,100000 -0,023249 
49,200000 -0,023021 
49,300000 -0,023238 
49,400000 -0,023242 
49,500000 -0,023195 
49,600000 -0,023323 
49,700000 -0,023250 
49,800000 -0,023297 
49,900000 -0,023365 
