0,000000 -1,146397 
0,100000 -1,139562 
0,200000 -1,142404 
0,300000 -1,141528 
0,400000 -1,140462 
0,500000 -1,142662 
0,600000 -1,142137 
0,700000 -1,141880 
0,800000 -1,141859 
0,900000 -1,144805 
1,000000 -1,142121 
1,100000 -1,139599 
1,200000 -1,142594 
1,300000 -1,143014 
1,400000 -1,142373 
1,500000 -1,144503 
1,600000 -1,142564 
1,700000 -1,142704 
1,800000 -1,141470 
1,900000 -1,140367 
2,000000 -1,141496 
2,100000 -1,142242 
2,200000 -1,142238 
2,300000 -1,141924 
2,400000 -1,141933 
2,500000 -1,069060 
2,600000 -0,873864 
2,700000 -0,758855 
2,800000 -0,669268 
2,900000 -0,590786 
3,000000 -0,523223 
3,100000 -0,468181 
3,200000 -0,413026 
3,300000 -0,372443 
3,400000 -0,341741 
3,500000 -0,316441 
3,600000 -0,294189 
3,700000 -0,274740 
3,800000 -0,254612 
3,900000 -0,236905 
4,000000 -0,219528 
4,100000 -0,203749 
4,200000 -0,186487 
4,300000 -0,170792 
4,400000 -0,157463 
4,500000 -0,147635 
4,600000 -0,138317 
4,700000 -0,129624 
4,800000 -0,122230 
4,900000 -0,114245 
5,000000 -0,107765 
5,100000 -0,101562 
5,200000 -0,095866 
5,300000 -0,089746 
5,400000 -0,086572 
5,500000 -0,082881 
5,600000 -0,079673 
5,700000 -0,076641 
5,800000 -0,074158 
5,900000 -0,071198 
6,000000 -0,068409 
6,100000 -0,066444 
6,200000 -0,064038 
6,300000 -0,061694 
6,400000 -0,059455 
6,500000 -0,057848 
6,600000 -0,056022 
6,700000 -0,054392 
6,800000 -0,053195 
6,900000 -0,051736 
7,000000 -0,050023 
7,100000 -0,049177 
7,200000 -0,048163 
7,300000 -0,046680 
7,400000 -0,045345 
7,500000 -0,044415 
7,600000 -0,043839 
7,700000 -0,042767 
7,800000 -0,042182 
7,900000 -0,041353 
8,000000 -0,040635 
8,100000 -0,040143 
8,200000 -0,039695 
8,300000 -0,039206 
8,400000 -0,038553 
8,500000 -0,038109 
8,600000 -0,037795 
8,700000 -0,037242 
8,800000 -0,036902 
8,900000 -0,036552 
9,000000 -0,035841 
9,100000 -0,035797 
9,200000 -0,035516 
9,300000 -0,034931 
9,400000 -0,034554 
9,500000 -0,034349 
9,600000 -0,034378 
9,700000 -0,033959 
9,800000 -0,033603 
9,900000 -0,033464 
10,000000 -0,033369 
10,100000 -0,033386 
10,200000 -0,033017 
10,300000 -0,032840 
10,400000 -0,032928 
10,500000 -0,032770 
10,600000 -0,032692 
10,700000 -0,032324 
10,800000 -0,031778 
10,900000 -0,032536 
11,000000 -0,031900 
11,100000 -0,031788 
11,200000 -0,032119 
11,300000 -0,032241 
11,400000 -0,032429 
11,500000 -0,032217 
11,600000 -0,032414 
11,700000 -0,032671 
11,800000 -0,032849 
11,900000 -0,032974 
12,000000 -0,033312 
12,100000 -0,033484 
12,200000 -0,033934 
12,300000 -0,034225 
12,400000 -0,034502 
12,500000 -0,035366 
12,600000 -0,035939 
12,700000 -0,036665 
12,800000 -0,037534 
12,900000 -0,038069 
13,000000 -0,038661 
13,100000 -0,039240 
13,200000 -0,039892 
13,300000 -0,040791 
13,400000 -0,041785 
13,500000 -0,043051 
13,600000 -0,044732 
13,700000 -0,046757 
13,800000 -0,048455 
13,900000 -0,051086 
14,000000 -0,053854 
14,100000 -0,056971 
14,200000 -0,061069 
14,300000 -0,065388 
14,400000 -0,072821 
14,500000 -0,082018 
14,600000 -0,091962 
14,700000 -0,104005 
14,800000 -0,116824 
14,900000 -0,128088 
15,000000 -0,136017 
15,100000 -0,134155 
15,200000 -0,121487 
15,300000 -0,103060 
15,400000 -0,082238 
15,500000 -0,067986 
15,600000 -0,059623 
15,700000 -0,053971 
15,800000 -0,050756 
15,900000 -0,048355 
16,000000 -0,047011 
16,100000 -0,046370 
16,200000 -0,045341 
16,300000 -0,044968 
16,400000 -0,045279 
16,500000 -0,046775 
16,600000 -0,048702 
16,700000 -0,051015 
16,800000 -0,053645 
16,900000 -0,055823 
17,000000 -0,056854 
17,100000 -0,056446 
17,200000 -0,053818 
17,300000 -0,050916 
17,400000 -0,048799 
17,500000 -0,048543 
17,600000 -0,049217 
17,700000 -0,051022 
17,800000 -0,053020 
17,900000 -0,054915 
18,000000 -0,056713 
18,100000 -0,056977 
18,200000 -0,055682 
18,300000 -0,054799 
18,400000 -0,054611 
18,500000 -0,057573 
18,600000 -0,061685 
18,700000 -0,066042 
18,800000 -0,069940 
18,900000 -0,073256 
19,000000 -0,073844 
19,100000 -0,069451 
19,200000 -0,062444 
19,300000 -0,054036 
19,400000 -0,047779 
19,500000 -0,042527 
19,600000 -0,039332 
19,700000 -0,038027 
19,800000 -0,037019 
19,900000 -0,036394 
20,000000 -0,036234 
20,100000 -0,036664 
20,200000 -0,037128 
20,300000 -0,038084 
20,400000 -0,039157 
20,500000 -0,041495 
20,600000 -0,043968 
20,700000 -0,046731 
20,800000 -0,048781 
20,900000 -0,049337 
21,000000 -0,049131 
21,100000 -0,047347 
21,200000 -0,043310 
21,300000 -0,039348 
21,400000 -0,037101 
21,500000 -0,034834 
21,600000 -0,033520 
21,700000 -0,032729 
21,800000 -0,032298 
21,900000 -0,031886 
22,000000 -0,031887 
22,100000 -0,031890 
22,200000 -0,032058 
22,300000 -0,032040 
22,400000 -0,032179 
22,500000 -0,032592 
22,600000 -0,032803 
22,700000 -0,033252 
22,800000 -0,033648 
22,900000 -0,033932 
23,000000 -0,034295 
23,100000 -0,034576 
23,200000 -0,035053 
23,300000 -0,035520 
23,400000 -0,036275 
23,500000 -0,037235 
23,600000 -0,037718 
23,700000 -0,038526 
23,800000 -0,039330 
23,900000 -0,039995 
24,000000 -0,041113 
24,100000 -0,042287 
24,200000 -0,043021 
24,300000 -0,043985 
24,400000 -0,044911 
24,500000 -0,046259 
24,600000 -0,048055 
24,700000 -0,049235 
24,800000 -0,050814 
24,900000 -0,052793 
25,000000 -0,054474 
25,100000 -0,056680 
25,200000 -0,058592 
25,300000 -0,060965 
25,400000 -0,063700 
25,500000 -0,066698 
25,600000 -0,070523 
25,700000 -0,075284 
25,800000 -0,079642 
25,900000 -0,084056 
26,000000 -0,088640 
26,100000 -0,094548 
26,200000 -0,100231 
26,300000 -0,106621 
26,400000 -0,113977 
26,500000 -0,121470 
26,600000 -0,133141 
26,700000 -0,144853 
26,800000 -0,156396 
26,900000 -0,170064 
27,000000 -0,185820 
27,100000 -0,203700 
27,200000 -0,223896 
27,300000 -0,245954 
27,400000 -0,273241 
27,500000 -0,304723 
27,600000 -0,353490 
27,700000 -0,405433 
27,800000 -0,459392 
27,900000 -0,521690 
28,000000 -0,596572 
28,100000 -0,688320 
28,200000 -0,804464 
28,300000 -0,956756 
28,400000 -1,148848 
28,500000 -1,357295 
28,600000 -1,627820 
28,700000 -1,805045 
28,800000 -1,881823 
28,900000 -1,823532 
29,000000 -1,621604 
29,100000 -1,270928 
29,200000 -0,915630 
29,300000 -0,659612 
29,400000 -0,495114 
29,500000 -0,385746 
29,600000 -0,311323 
29,700000 -0,247331 
29,800000 -0,206500 
29,900000 -0,180274 
30,000000 -0,161004 
30,100000 -0,145579 
30,200000 -0,136340 
30,300000 -0,130623 
30,400000 -0,130088 
30,500000 -0,132748 
30,600000 -0,136060 
30,700000 -0,141139 
30,800000 -0,142619 
30,900000 -0,140534 
31,000000 -0,132417 
31,100000 -0,119579 
31,200000 -0,106640 
31,300000 -0,097802 
31,400000 -0,093331 
31,500000 -0,092486 
31,600000 -0,094049 
31,700000 -0,099549 
31,800000 -0,107405 
31,900000 -0,116287 
32,000000 -0,128134 
32,100000 -0,141623 
32,200000 -0,162673 
32,300000 -0,187727 
32,400000 -0,217995 
32,500000 -0,251117 
32,600000 -0,281212 
32,700000 -0,310113 
32,800000 -0,318923 
32,900000 -0,309707 
33,000000 -0,270135 
33,100000 -0,214428 
33,200000 -0,161375 
33,300000 -0,122420 
33,400000 -0,095843 
33,500000 -0,077102 
33,600000 -0,064121 
33,700000 -0,054295 
33,800000 -0,046678 
33,900000 -0,041335 
34,000000 -0,038158 
34,100000 -0,035020 
34,200000 -0,032909 
34,300000 -0,031069 
34,400000 -0,029713 
34,500000 -0,028975 
34,600000 -0,028161 
34,700000 -0,027737 
34,800000 -0,026852 
34,900000 -0,026306 
35,000000 -0,025520 
35,100000 -0,025046 
35,200000 -0,024652 
35,300000 -0,024364 
35,400000 -0,024226 
35,500000 -0,024042 
35,600000 -0,024093 
35,700000 -0,023781 
35,800000 -0,023516 
35,900000 -0,023639 
36,000000 -0,023539 
36,100000 -0,023469 
36,200000 -0,023495 
36,300000 -0,023389 
36,400000 -0,023532 
36,500000 -0,023611 
36,600000 -0,023533 
36,700000 -0,023425 
36,800000 -0,023538 
36,900000 -0,023366 
37,000000 -0,023396 
37,100000 -0,023465 
37,200000 -0,023483 
37,300000 -0,023591 
37,400000 -0,023534 
37,500000 -0,023408 
37,600000 -0,023618 
37,700000 -0,023735 
37,800000 -0,023607 
37,900000 -0,023828 
38,000000 -0,023941 
38,100000 -0,023763 
38,200000 -0,024005 
38,300000 -0,024202 
38,400000 -0,024188 
38,500000 -0,024264 
38,600000 -0,024376 
38,700000 -0,024484 
38,800000 -0,024653 
38,900000 -0,024835 
39,000000 -0,025229 
39,100000 -0,025509 
39,200000 -0,025688 
39,300000 -0,026310 
39,400000 -0,027028 
39,500000 -0,027401 
39,600000 -0,027987 
39,700000 -0,028755 
39,800000 -0,029565 
39,900000 -0,030670 
40,000000 -0,032536 
40,100000 -0,034162 
40,200000 -0,036375 
40,300000 -0,038877 
40,400000 -0,041663 
40,500000 -0,044150 
40,600000 -0,046881 
40,700000 -0,048654 
40,800000 -0,049048 
40,900000 -0,047593 
41,000000 -0,043032 
41,100000 -0,038052 
41,200000 -0,033648 
41,300000 -0,030581 
41,400000 -0,028768 
41,500000 -0,027454 
41,600000 -0,026602 
41,700000 -0,026043 
41,800000 -0,025580 
41,900000 -0,025153 
42,000000 -0,024538 
42,100000 -0,024467 
42,200000 -0,024483 
42,300000 -0,024425 
42,400000 -0,024475 
42,500000 -0,024518 
42,600000 -0,024518 
42,700000 -0,024446 
42,800000 -0,024755 
42,900000 -0,024784 
43,000000 -0,024875 
43,100000 -0,025239 
43,200000 -0,025211 
43,300000 -0,025486 
43,400000 -0,025994 
43,500000 -0,026504 
43,600000 -0,027153 
43,700000 -0,027682 
43,800000 -0,028519 
43,900000 -0,028926 
44,000000 -0,029441 
44,100000 -0,029982 
44,200000 -0,031219 
44,300000 -0,032709 
44,400000 -0,034146 
44,500000 -0,035974 
44,600000 -0,037387 
44,700000 -0,038552 
44,800000 -0,039025 
44,900000 -0,038464 
45,000000 -0,036072 
45,100000 -0,032952 
45,200000 -0,029859 
45,300000 -0,028254 
45,400000 -0,026786 
45,500000 -0,025814 
45,600000 -0,025234 
45,700000 -0,024937 
45,800000 -0,024604 
45,900000 -0,024693 
46,000000 -0,024320 
46,100000 -0,024186 
46,200000 -0,024001 
46,300000 -0,023932 
46,400000 -0,023998 
46,500000 -0,024008 
46,600000 -0,023836 
46,700000 -0,023955 
46,800000 -0,024101 
46,900000 -0,024135 
47,000000 -0,024211 
47,100000 -0,024206 
47,200000 -0,024264 
47,300000 -0,024478 
47,400000 -0,024636 
47,500000 -0,024853 
47,600000 -0,025025 
47,700000 -0,025173 
47,800000 -0,025350 
47,900000 -0,025104 
48,000000 -0,024882 
48,100000 -0,024395 
48,200000 -0,024073 
48,300000 -0,023673 
48,400000 -0,023637 
48,500000 -0,023622 
48,600000 -0,023482 
48,700000 -0,023449 
48,800000 -0,023565 
48,900000 -0,023249 
49,000000 -0,023117 
49,100000 -0,023240 
49,200000 -0,023144 
49,300000 -0,023164 
49,400000 -0,023220 
49,500000 -0,023104 
49,600000 -0,023156 
49,700000 -0,023182 
49,800000 -0,023140 
49,900000 -0,023153 
