0,000000 -1,164924 
0,100000 -1,165711 
0,200000 -1,168473 
0,300000 -1,167022 
0,400000 -1,164546 
0,500000 -1,164991 
0,600000 -1,164747 
0,700000 -1,161558 
0,800000 -1,162408 
0,900000 -1,166692 
1,000000 -1,166510 
1,100000 -1,165495 
1,200000 -1,161090 
1,300000 -1,161151 
1,400000 -1,164171 
1,500000 -1,164492 
1,600000 -1,160045 
1,700000 -1,161963 
1,800000 -1,160263 
1,900000 -1,162103 
2,000000 -1,164747 
2,100000 -1,168440 
2,200000 -1,162163 
2,300000 -1,157915 
2,400000 -1,161801 
2,500000 -1,138193 
2,600000 -1,004631 
2,700000 -0,905021 
2,800000 -0,812766 
2,900000 -0,735778 
3,000000 -0,661750 
3,100000 -0,595155 
3,200000 -0,523794 
3,300000 -0,470623 
3,400000 -0,430776 
3,500000 -0,399154 
3,600000 -0,372803 
3,700000 -0,348996 
3,800000 -0,329605 
3,900000 -0,311210 
4,000000 -0,292422 
4,100000 -0,276231 
4,200000 -0,256742 
4,300000 -0,239168 
4,400000 -0,224072 
4,500000 -0,210596 
4,600000 -0,199050 
4,700000 -0,187480 
4,800000 -0,175802 
4,900000 -0,165047 
5,000000 -0,157580 
5,100000 -0,150146 
5,200000 -0,138676 
5,300000 -0,130065 
5,400000 -0,123762 
5,500000 -0,117540 
5,600000 -0,112150 
5,700000 -0,107624 
5,800000 -0,103208 
5,900000 -0,099722 
6,000000 -0,096124 
6,100000 -0,092545 
6,200000 -0,089083 
6,300000 -0,085923 
6,400000 -0,082590 
6,500000 -0,080777 
6,600000 -0,078625 
6,700000 -0,076245 
6,800000 -0,074750 
6,900000 -0,072263 
7,000000 -0,070343 
7,100000 -0,068434 
7,200000 -0,067103 
7,300000 -0,064785 
7,400000 -0,063012 
7,500000 -0,061651 
7,600000 -0,059951 
7,700000 -0,058594 
7,800000 -0,057649 
7,900000 -0,056347 
8,000000 -0,055013 
8,100000 -0,053847 
8,200000 -0,052857 
8,300000 -0,051891 
8,400000 -0,050661 
8,500000 -0,049743 
8,600000 -0,048790 
8,700000 -0,048320 
8,800000 -0,047853 
8,900000 -0,047197 
9,000000 -0,046473 
9,100000 -0,045997 
9,200000 -0,045240 
9,300000 -0,044812 
9,400000 -0,044217 
9,500000 -0,043748 
9,600000 -0,043536 
9,700000 -0,043214 
9,800000 -0,042849 
9,900000 -0,042572 
10,000000 -0,042354 
10,100000 -0,042063 
10,200000 -0,041687 
10,300000 -0,041523 
10,400000 -0,041189 
10,500000 -0,040895 
10,600000 -0,040636 
10,700000 -0,040372 
10,800000 -0,040287 
10,900000 -0,040486 
11,000000 -0,040384 
11,100000 -0,040029 
11,200000 -0,039945 
11,300000 -0,039956 
11,400000 -0,040024 
11,500000 -0,040066 
11,600000 -0,040207 
11,700000 -0,040388 
11,800000 -0,040436 
11,900000 -0,040381 
12,000000 -0,040613 
12,100000 -0,041106 
12,200000 -0,041375 
12,300000 -0,041777 
12,400000 -0,042816 
12,500000 -0,043103 
12,600000 -0,043609 
12,700000 -0,044220 
12,800000 -0,044983 
12,900000 -0,045925 
13,000000 -0,046974 
13,100000 -0,047917 
13,200000 -0,048448 
13,300000 -0,049617 
13,400000 -0,051071 
13,500000 -0,052760 
13,600000 -0,054172 
13,700000 -0,056356 
13,800000 -0,058547 
13,900000 -0,061213 
14,000000 -0,063821 
14,100000 -0,067221 
14,200000 -0,071562 
14,300000 -0,076379 
14,400000 -0,083908 
14,500000 -0,092077 
14,600000 -0,100676 
14,700000 -0,110084 
14,800000 -0,120185 
14,900000 -0,128720 
15,000000 -0,135044 
15,100000 -0,133560 
15,200000 -0,124294 
15,300000 -0,108141 
15,400000 -0,090679 
15,500000 -0,078043 
15,600000 -0,069763 
15,700000 -0,064390 
15,800000 -0,060908 
15,900000 -0,058164 
16,000000 -0,056561 
16,100000 -0,054989 
16,200000 -0,054004 
16,300000 -0,053535 
16,400000 -0,053744 
16,500000 -0,054473 
16,600000 -0,056277 
16,700000 -0,057728 
16,800000 -0,059773 
16,900000 -0,061472 
17,000000 -0,062526 
17,100000 -0,062111 
17,200000 -0,060243 
17,300000 -0,058249 
17,400000 -0,056491 
17,500000 -0,056402 
17,600000 -0,057049 
17,700000 -0,057934 
17,800000 -0,059387 
17,900000 -0,060946 
18,000000 -0,062474 
18,100000 -0,062918 
18,200000 -0,062337 
18,300000 -0,062035 
18,400000 -0,062217 
18,500000 -0,064398 
18,600000 -0,067209 
18,700000 -0,070162 
18,800000 -0,073900 
18,900000 -0,076202 
19,000000 -0,076143 
19,100000 -0,072994 
19,200000 -0,066963 
19,300000 -0,060356 
19,400000 -0,054635 
19,500000 -0,049761 
19,600000 -0,047079 
19,700000 -0,045135 
19,800000 -0,044068 
19,900000 -0,043678 
20,000000 -0,043611 
20,100000 -0,043521 
20,200000 -0,044161 
20,300000 -0,044828 
20,400000 -0,046152 
20,500000 -0,048049 
20,600000 -0,049538 
20,700000 -0,051989 
20,800000 -0,053540 
20,900000 -0,054224 
21,000000 -0,053901 
21,100000 -0,052348 
21,200000 -0,049262 
21,300000 -0,046730 
21,400000 -0,044001 
21,500000 -0,042039 
21,600000 -0,040734 
21,700000 -0,039841 
21,800000 -0,039574 
21,900000 -0,039563 
22,000000 -0,039458 
22,100000 -0,039646 
22,200000 -0,039860 
22,300000 -0,039926 
22,400000 -0,040305 
22,500000 -0,041233 
22,600000 -0,041861 
22,700000 -0,042507 
22,800000 -0,043011 
22,900000 -0,043500 
23,000000 -0,044306 
23,100000 -0,045146 
23,200000 -0,045917 
23,300000 -0,047027 
23,400000 -0,047782 
23,500000 -0,048539 
23,600000 -0,049476 
23,700000 -0,051122 
23,800000 -0,052195 
23,900000 -0,053563 
24,000000 -0,054466 
24,100000 -0,056178 
24,200000 -0,058132 
24,300000 -0,058955 
24,400000 -0,060924 
24,500000 -0,062376 
24,600000 -0,064817 
24,700000 -0,067871 
24,800000 -0,069591 
24,900000 -0,072560 
25,000000 -0,075751 
25,100000 -0,078891 
25,200000 -0,082236 
25,300000 -0,086157 
25,400000 -0,089255 
25,500000 -0,093628 
25,600000 -0,099931 
25,700000 -0,105790 
25,800000 -0,112493 
25,900000 -0,117302 
26,000000 -0,124160 
26,100000 -0,130294 
26,200000 -0,138680 
26,300000 -0,146599 
26,400000 -0,155493 
26,500000 -0,164508 
26,600000 -0,180271 
26,700000 -0,195074 
26,800000 -0,210221 
26,900000 -0,227532 
27,000000 -0,248706 
27,100000 -0,270573 
27,200000 -0,294211 
27,300000 -0,322373 
27,400000 -0,350940 
27,500000 -0,383348 
27,600000 -0,436635 
27,700000 -0,492960 
27,800000 -0,549945 
27,900000 -0,614940 
28,000000 -0,694720 
28,100000 -0,781876 
28,200000 -0,893490 
28,300000 -1,029700 
28,400000 -1,184061 
28,500000 -1,353628 
28,600000 -1,565574 
28,700000 -1,718400 
28,800000 -1,772471 
28,900000 -1,727560 
29,000000 -1,556767 
29,100000 -1,262354 
29,200000 -0,959553 
29,300000 -0,735148 
29,400000 -0,577847 
29,500000 -0,467903 
29,600000 -0,387961 
29,700000 -0,317237 
29,800000 -0,268607 
29,900000 -0,236848 
30,000000 -0,212956 
30,100000 -0,193039 
30,200000 -0,178403 
30,300000 -0,170138 
30,400000 -0,165094 
30,500000 -0,163239 
30,600000 -0,163380 
30,700000 -0,164035 
30,800000 -0,163760 
30,900000 -0,159463 
31,000000 -0,151881 
31,100000 -0,140628 
31,200000 -0,128841 
31,300000 -0,120616 
31,400000 -0,116444 
31,500000 -0,115423 
31,600000 -0,116332 
31,700000 -0,120799 
31,800000 -0,128692 
31,900000 -0,137190 
32,000000 -0,148995 
32,100000 -0,162431 
32,200000 -0,179982 
32,300000 -0,203606 
32,400000 -0,227920 
32,500000 -0,251752 
32,600000 -0,276021 
32,700000 -0,298746 
32,800000 -0,305548 
32,900000 -0,297120 
33,000000 -0,264841 
33,100000 -0,216421 
33,200000 -0,170075 
33,300000 -0,135117 
33,400000 -0,108834 
33,500000 -0,090330 
33,600000 -0,076939 
33,700000 -0,064840 
33,800000 -0,055739 
33,900000 -0,049733 
34,000000 -0,045594 
34,100000 -0,041798 
34,200000 -0,038754 
34,300000 -0,036612 
34,400000 -0,034196 
34,500000 -0,032929 
34,600000 -0,031602 
34,700000 -0,030478 
34,800000 -0,029256 
34,900000 -0,028505 
35,000000 -0,027955 
35,100000 -0,027098 
35,200000 -0,026433 
35,300000 -0,025802 
35,400000 -0,025475 
35,500000 -0,025250 
35,600000 -0,024817 
35,700000 -0,024577 
35,800000 -0,024474 
35,900000 -0,024314 
36,000000 -0,024212 
36,100000 -0,023951 
36,200000 -0,024017 
36,300000 -0,023955 
36,400000 -0,023858 
36,500000 -0,023945 
36,600000 -0,023970 
36,700000 -0,023915 
36,800000 -0,023825 
36,900000 -0,024002 
37,000000 -0,023843 
37,100000 -0,023888 
37,200000 -0,023844 
37,300000 -0,023837 
37,400000 -0,023809 
37,500000 -0,023906 
37,600000 -0,023749 
37,700000 -0,023964 
37,800000 -0,024109 
37,900000 -0,024184 
38,000000 -0,024207 
38,100000 -0,024315 
38,200000 -0,024503 
38,300000 -0,024613 
38,400000 -0,024642 
38,500000 -0,024831 
38,600000 -0,024969 
38,700000 -0,025286 
38,800000 -0,025605 
38,900000 -0,026022 
39,000000 -0,026212 
39,100000 -0,026750 
39,200000 -0,027170 
39,300000 -0,027659 
39,400000 -0,028247 
39,500000 -0,028602 
39,600000 -0,029161 
39,700000 -0,029843 
39,800000 -0,030958 
39,900000 -0,032536 
40,000000 -0,033874 
40,100000 -0,035641 
40,200000 -0,037831 
40,300000 -0,039754 
40,400000 -0,042176 
40,500000 -0,043970 
40,600000 -0,046175 
40,700000 -0,047831 
40,800000 -0,048099 
40,900000 -0,046389 
41,000000 -0,042547 
41,100000 -0,038572 
41,200000 -0,034520 
41,300000 -0,031745 
41,400000 -0,029703 
41,500000 -0,028465 
41,600000 -0,027585 
41,700000 -0,027065 
41,800000 -0,026450 
41,900000 -0,025739 
42,000000 -0,025357 
42,100000 -0,025211 
42,200000 -0,025143 
42,300000 -0,024972 
42,400000 -0,024940 
42,500000 -0,024985 
42,600000 -0,025200 
42,700000 -0,025269 
42,800000 -0,025139 
42,900000 -0,025625 
43,000000 -0,025848 
43,100000 -0,025936 
43,200000 -0,026165 
43,300000 -0,026548 
43,400000 -0,027081 
43,500000 -0,027516 
43,600000 -0,027970 
43,700000 -0,028487 
43,800000 -0,028930 
43,900000 -0,029630 
44,000000 -0,030311 
44,100000 -0,031112 
44,200000 -0,032038 
44,300000 -0,033239 
44,400000 -0,034412 
44,500000 -0,035703 
44,600000 -0,037127 
44,700000 -0,037835 
44,800000 -0,038352 
44,900000 -0,037561 
45,000000 -0,035759 
45,100000 -0,032871 
45,200000 -0,030242 
45,300000 -0,028814 
45,400000 -0,027539 
45,500000 -0,026682 
45,600000 -0,025921 
45,700000 -0,025467 
45,800000 -0,025271 
45,900000 -0,025038 
46,000000 -0,024670 
46,100000 -0,024440 
46,200000 -0,024324 
46,300000 -0,024277 
46,400000 -0,024040 
46,500000 -0,024064 
46,600000 -0,024126 
46,700000 -0,023962 
46,800000 -0,023888 
46,900000 -0,023982 
47,000000 -0,024027 
47,100000 -0,024151 
47,200000 -0,024246 
47,300000 -0,024319 
47,400000 -0,024485 
47,500000 -0,024698 
47,600000 -0,024843 
47,700000 -0,024922 
47,800000 -0,024976 
47,900000 -0,024902 
48,000000 -0,024551 
48,100000 -0,024205 
48,200000 -0,023944 
48,300000 -0,023686 
48,400000 -0,023572 
48,500000 -0,023275 
48,600000 -0,023373 
48,700000 -0,023374 
48,800000 -0,023190 
48,900000 -0,023263 
49,000000 -0,023135 
49,100000 -0,023058 
49,200000 -0,023055 
49,300000 -0,023027 
49,400000 -0,023026 
49,500000 -0,023050 
49,600000 -0,023123 
49,700000 -0,023093 
49,800000 -0,023184 
49,900000 -0,023202 
