0,000000 -1,016445 
0,100000 -1,017859 
0,200000 -1,018005 
0,300000 -1,018017 
0,400000 -1,017521 
0,500000 -1,017350 
0,600000 -1,018407 
0,700000 -1,017546 
0,800000 -1,018336 
0,900000 -1,017582 
1,000000 -1,016896 
1,100000 -1,016151 
1,200000 -1,017423 
1,300000 -1,016109 
1,400000 -1,018431 
1,500000 -1,017949 
1,600000 -1,015355 
1,700000 -1,019024 
1,800000 -1,017004 
1,900000 -1,017004 
2,000000 -1,019068 
2,100000 -1,013858 
2,200000 -1,017405 
2,300000 -1,016504 
2,400000 -1,018052 
2,500000 -0,929422 
2,600000 -0,710207 
2,700000 -0,594117 
2,800000 -0,509307 
2,900000 -0,444583 
3,000000 -0,389547 
3,100000 -0,350339 
3,200000 -0,309863 
3,300000 -0,276884 
3,400000 -0,253662 
3,500000 -0,228560 
3,600000 -0,208094 
3,700000 -0,189354 
3,800000 -0,173159 
3,900000 -0,157649 
4,000000 -0,144015 
4,100000 -0,132254 
4,200000 -0,119573 
4,300000 -0,108728 
4,400000 -0,100738 
4,500000 -0,093896 
4,600000 -0,087896 
4,700000 -0,082738 
4,800000 -0,078135 
4,900000 -0,073951 
5,000000 -0,070640 
5,100000 -0,067249 
5,200000 -0,063565 
5,300000 -0,060678 
5,400000 -0,057989 
5,500000 -0,055444 
5,600000 -0,053566 
5,700000 -0,051379 
5,800000 -0,049493 
5,900000 -0,047725 
6,000000 -0,046702 
6,100000 -0,045002 
6,200000 -0,043447 
6,300000 -0,042010 
6,400000 -0,040716 
6,500000 -0,039678 
6,600000 -0,038842 
6,700000 -0,038146 
6,800000 -0,037454 
6,900000 -0,036736 
7,000000 -0,035877 
7,100000 -0,034965 
7,200000 -0,034557 
7,300000 -0,033932 
7,400000 -0,033397 
7,500000 -0,032918 
7,600000 -0,032537 
7,700000 -0,032166 
7,800000 -0,031878 
7,900000 -0,031277 
8,000000 -0,030943 
8,100000 -0,030622 
8,200000 -0,030501 
8,300000 -0,030090 
8,400000 -0,029857 
8,500000 -0,029443 
8,600000 -0,029413 
8,700000 -0,029093 
8,800000 -0,028939 
8,900000 -0,028655 
9,000000 -0,028593 
9,100000 -0,028519 
9,200000 -0,028425 
9,300000 -0,028193 
9,400000 -0,028031 
9,500000 -0,028059 
9,600000 -0,028014 
9,700000 -0,027949 
9,800000 -0,027741 
9,900000 -0,027720 
10,000000 -0,027594 
10,100000 -0,027469 
10,200000 -0,027322 
10,300000 -0,027498 
10,400000 -0,027300 
10,500000 -0,027304 
10,600000 -0,027344 
10,700000 -0,027153 
10,800000 -0,027363 
10,900000 -0,027295 
11,000000 -0,027334 
11,100000 -0,027481 
11,200000 -0,027517 
11,300000 -0,027508 
11,400000 -0,027438 
11,500000 -0,027639 
11,600000 -0,027761 
11,700000 -0,027771 
11,800000 -0,027916 
11,900000 -0,028137 
12,000000 -0,028366 
12,100000 -0,028341 
12,200000 -0,028620 
12,300000 -0,028743 
12,400000 -0,029246 
12,500000 -0,029528 
12,600000 -0,029958 
12,700000 -0,030498 
12,800000 -0,031349 
12,900000 -0,032262 
13,000000 -0,032785 
13,100000 -0,033345 
13,200000 -0,033984 
13,300000 -0,034178 
13,400000 -0,034933 
13,500000 -0,035948 
13,600000 -0,037335 
13,700000 -0,038686 
13,800000 -0,040111 
13,900000 -0,042485 
14,000000 -0,044916 
14,100000 -0,048073 
14,200000 -0,051580 
14,300000 -0,056152 
14,400000 -0,063964 
14,500000 -0,073681 
14,600000 -0,086164 
14,700000 -0,101790 
14,800000 -0,118475 
14,900000 -0,133097 
15,000000 -0,140395 
15,100000 -0,138672 
15,200000 -0,122489 
15,300000 -0,097918 
15,400000 -0,073620 
15,500000 -0,058424 
15,600000 -0,050097 
15,700000 -0,045224 
15,800000 -0,042630 
15,900000 -0,041109 
16,000000 -0,040076 
16,100000 -0,039695 
16,200000 -0,038995 
16,300000 -0,038657 
16,400000 -0,039191 
16,500000 -0,040965 
16,600000 -0,043892 
16,700000 -0,047348 
16,800000 -0,050622 
16,900000 -0,053330 
17,000000 -0,054283 
17,100000 -0,053119 
17,200000 -0,049933 
17,300000 -0,046098 
17,400000 -0,043405 
17,500000 -0,043075 
17,600000 -0,044262 
17,700000 -0,046797 
17,800000 -0,049047 
17,900000 -0,051442 
18,000000 -0,052833 
18,100000 -0,052726 
18,200000 -0,050775 
18,300000 -0,049216 
18,400000 -0,049000 
18,500000 -0,052651 
18,600000 -0,058152 
18,700000 -0,064399 
18,800000 -0,069578 
18,900000 -0,072789 
19,000000 -0,073049 
19,100000 -0,068480 
19,200000 -0,059875 
19,300000 -0,049654 
19,400000 -0,042354 
19,500000 -0,037151 
19,600000 -0,034170 
19,700000 -0,032590 
19,800000 -0,031903 
19,900000 -0,031623 
20,000000 -0,031290 
20,100000 -0,031778 
20,200000 -0,032368 
20,300000 -0,033468 
20,400000 -0,034881 
20,500000 -0,038224 
20,600000 -0,041445 
20,700000 -0,044516 
20,800000 -0,046972 
20,900000 -0,047775 
21,000000 -0,047336 
21,100000 -0,044415 
21,200000 -0,039623 
21,300000 -0,035076 
21,400000 -0,031952 
21,500000 -0,029567 
21,600000 -0,028515 
21,700000 -0,027989 
21,800000 -0,027475 
21,900000 -0,027179 
22,000000 -0,027251 
22,100000 -0,026944 
22,200000 -0,026997 
22,300000 -0,027079 
22,400000 -0,027182 
22,500000 -0,027386 
22,600000 -0,027644 
22,700000 -0,027899 
22,800000 -0,028162 
22,900000 -0,028246 
23,000000 -0,028308 
23,100000 -0,028529 
23,200000 -0,028639 
23,300000 -0,028707 
23,400000 -0,028927 
23,500000 -0,029053 
23,600000 -0,029607 
23,700000 -0,029955 
23,800000 -0,030207 
23,900000 -0,030746 
24,000000 -0,031293 
24,100000 -0,031910 
24,200000 -0,032470 
24,300000 -0,033051 
24,400000 -0,033652 
24,500000 -0,034406 
24,600000 -0,035372 
24,700000 -0,036617 
24,800000 -0,037632 
24,900000 -0,038402 
25,000000 -0,039552 
25,100000 -0,040384 
25,200000 -0,041681 
25,300000 -0,043282 
25,400000 -0,044621 
25,500000 -0,046693 
25,600000 -0,048737 
25,700000 -0,051316 
25,800000 -0,053811 
25,900000 -0,056898 
26,000000 -0,059968 
26,100000 -0,063265 
26,200000 -0,067440 
26,300000 -0,071881 
26,400000 -0,076644 
26,500000 -0,082732 
26,600000 -0,091185 
26,700000 -0,100128 
26,800000 -0,109119 
26,900000 -0,119033 
27,000000 -0,130122 
27,100000 -0,143550 
27,200000 -0,158482 
27,300000 -0,176015 
27,400000 -0,197742 
27,500000 -0,224734 
27,600000 -0,266417 
27,700000 -0,312118 
27,800000 -0,361450 
27,900000 -0,420241 
28,000000 -0,492888 
28,100000 -0,582656 
28,200000 -0,704792 
28,300000 -0,868632 
28,400000 -1,094886 
28,500000 -1,371164 
28,600000 -1,716039 
28,700000 -1,929032 
28,800000 -1,993490 
28,900000 -1,918689 
29,000000 -1,677279 
29,100000 -1,261789 
29,200000 -0,838036 
29,300000 -0,553984 
29,400000 -0,391760 
29,500000 -0,293487 
29,600000 -0,229879 
29,700000 -0,180604 
29,800000 -0,147733 
29,900000 -0,129372 
30,000000 -0,115401 
30,100000 -0,104964 
30,200000 -0,098684 
30,300000 -0,097990 
30,400000 -0,101727 
30,500000 -0,109255 
30,600000 -0,117319 
30,700000 -0,125353 
30,800000 -0,129461 
30,900000 -0,126085 
31,000000 -0,118381 
31,100000 -0,103877 
31,200000 -0,087919 
31,300000 -0,078681 
31,400000 -0,072811 
31,500000 -0,071992 
31,600000 -0,074496 
31,700000 -0,080460 
31,800000 -0,087675 
31,900000 -0,096814 
32,000000 -0,107864 
32,100000 -0,122158 
32,200000 -0,141907 
32,300000 -0,170571 
32,400000 -0,207856 
32,500000 -0,251400 
32,600000 -0,292133 
32,700000 -0,324805 
32,800000 -0,336727 
32,900000 -0,321306 
33,000000 -0,281514 
33,100000 -0,213393 
33,200000 -0,149822 
33,300000 -0,107238 
33,400000 -0,080788 
33,500000 -0,063667 
33,600000 -0,052355 
33,700000 -0,043770 
33,800000 -0,038189 
33,900000 -0,034576 
34,000000 -0,032393 
34,100000 -0,030111 
34,200000 -0,028764 
34,300000 -0,028011 
34,400000 -0,027157 
34,500000 -0,026661 
34,600000 -0,026318 
34,700000 -0,026044 
34,800000 -0,025685 
34,900000 -0,025516 
35,000000 -0,025036 
35,100000 -0,024569 
35,200000 -0,024078 
35,300000 -0,023952 
35,400000 -0,023843 
35,500000 -0,023804 
35,600000 -0,023738 
35,700000 -0,023695 
35,800000 -0,023581 
35,900000 -0,023548 
36,000000 -0,023483 
36,100000 -0,023406 
36,200000 -0,023621 
36,300000 -0,023565 
36,400000 -0,023555 
36,500000 -0,023539 
36,600000 -0,023637 
36,700000 -0,023466 
36,800000 -0,023484 
36,900000 -0,023528 
37,000000 -0,023577 
37,100000 -0,023492 
37,200000 -0,023457 
37,300000 -0,023501 
37,400000 -0,023577 
37,500000 -0,023536 
37,600000 -0,023506 
37,700000 -0,023572 
37,800000 -0,023669 
37,900000 -0,023535 
38,000000 -0,023745 
38,100000 -0,023659 
38,200000 -0,023651 
38,300000 -0,023847 
38,400000 -0,023898 
38,500000 -0,024072 
38,600000 -0,024062 
38,700000 -0,024252 
38,800000 -0,024262 
38,900000 -0,024252 
39,000000 -0,024571 
39,100000 -0,024823 
39,200000 -0,025207 
39,300000 -0,025366 
39,400000 -0,025893 
39,500000 -0,026288 
39,600000 -0,026955 
39,700000 -0,027675 
39,800000 -0,028494 
39,900000 -0,029307 
40,000000 -0,030898 
40,100000 -0,032827 
40,200000 -0,035090 
40,300000 -0,038118 
40,400000 -0,041624 
40,500000 -0,045171 
40,600000 -0,048318 
40,700000 -0,050331 
40,800000 -0,051239 
40,900000 -0,048769 
41,000000 -0,043820 
41,100000 -0,037514 
41,200000 -0,032599 
41,300000 -0,029282 
41,400000 -0,027653 
41,500000 -0,026369 
41,600000 -0,025476 
41,700000 -0,025021 
41,800000 -0,024612 
41,900000 -0,024433 
42,000000 -0,024347 
42,100000 -0,024150 
42,200000 -0,024076 
42,300000 -0,024030 
42,400000 -0,024110 
42,500000 -0,024095 
42,600000 -0,024201 
42,700000 -0,024324 
42,800000 -0,024444 
42,900000 -0,024578 
43,000000 -0,024590 
43,100000 -0,024767 
43,200000 -0,024926 
43,300000 -0,025176 
43,400000 -0,025682 
43,500000 -0,026152 
43,600000 -0,026518 
43,700000 -0,027214 
43,800000 -0,027749 
43,900000 -0,028392 
44,000000 -0,028837 
44,100000 -0,029464 
44,200000 -0,030502 
44,300000 -0,032112 
44,400000 -0,033887 
44,500000 -0,036382 
44,600000 -0,038327 
44,700000 -0,039396 
44,800000 -0,040110 
44,900000 -0,039271 
45,000000 -0,036825 
45,100000 -0,032954 
45,200000 -0,029470 
45,300000 -0,027564 
45,400000 -0,026288 
45,500000 -0,025623 
45,600000 -0,025251 
45,700000 -0,024788 
45,800000 -0,024671 
45,900000 -0,024664 
46,000000 -0,024309 
46,100000 -0,024152 
46,200000 -0,023895 
46,300000 -0,023838 
46,400000 -0,023809 
46,500000 -0,023854 
46,600000 -0,023862 
46,700000 -0,023957 
46,800000 -0,023907 
46,900000 -0,023963 
47,000000 -0,024115 
47,100000 -0,024193 
47,200000 -0,024227 
47,300000 -0,024566 
47,400000 -0,024955 
47,500000 -0,025149 
47,600000 -0,025324 
47,700000 -0,025670 
47,800000 -0,025870 
47,900000 -0,025819 
48,000000 -0,025181 
48,100000 -0,024562 
48,200000 -0,024100 
48,300000 -0,023818 
48,400000 -0,023684 
48,500000 -0,023559 
48,600000 -0,023484 
48,700000 -0,023460 
48,800000 -0,023453 
48,900000 -0,023361 
49,000000 -0,023452 
49,100000 -0,023349 
49,200000 -0,023267 
49,300000 -0,023291 
49,400000 -0,023385 
49,500000 -0,023313 
49,600000 -0,023332 
49,700000 -0,023379 
49,800000 -0,023333 
49,900000 -0,023459 
