0,000000 -1,351512 
0,100000 -1,350916 
0,200000 -1,350345 
0,300000 -1,350465 
0,400000 -1,351463 
0,500000 -1,350988 
0,600000 -1,354792 
0,700000 -1,353559 
0,800000 -1,352234 
0,900000 -1,352626 
1,000000 -1,348796 
1,100000 -1,350016 
1,200000 -1,348684 
1,300000 -1,350356 
1,400000 -1,353960 
1,500000 -1,350876 
1,600000 -1,351030 
1,700000 -1,352359 
1,800000 -1,351667 
1,900000 -1,351766 
2,000000 -1,355422 
2,100000 -1,351986 
2,200000 -1,351212 
2,300000 -1,354654 
2,400000 -1,353565 
2,500000 -1,359158 
2,600000 -1,343731 
2,700000 -1,311113 
2,800000 -1,275140 
2,900000 -1,233500 
3,000000 -1,185513 
3,100000 -1,134559 
3,200000 -1,058106 
3,300000 -0,994608 
3,400000 -0,933882 
3,500000 -0,883629 
3,600000 -0,828599 
3,700000 -0,775458 
3,800000 -0,733352 
3,900000 -0,691951 
4,000000 -0,653999 
4,100000 -0,618917 
4,200000 -0,578950 
4,300000 -0,549126 
4,400000 -0,523302 
4,500000 -0,501972 
4,600000 -0,481965 
4,700000 -0,464854 
4,800000 -0,445576 
4,900000 -0,434540 
5,000000 -0,421009 
5,100000 -0,407152 
5,200000 -0,390628 
5,300000 -0,378026 
5,400000 -0,367947 
5,500000 -0,355886 
5,600000 -0,347278 
5,700000 -0,336426 
5,800000 -0,327108 
5,900000 -0,318009 
6,000000 -0,309349 
6,100000 -0,299203 
6,200000 -0,288844 
6,300000 -0,278978 
6,400000 -0,269427 
6,500000 -0,262698 
6,600000 -0,256488 
6,700000 -0,246327 
6,800000 -0,241379 
6,900000 -0,232639 
7,000000 -0,226544 
7,100000 -0,218850 
7,200000 -0,215802 
7,300000 -0,206550 
7,400000 -0,201462 
7,500000 -0,196167 
7,600000 -0,191258 
7,700000 -0,186072 
7,800000 -0,183587 
7,900000 -0,178712 
8,000000 -0,174585 
8,100000 -0,171361 
8,200000 -0,167385 
8,300000 -0,162760 
8,400000 -0,159554 
8,500000 -0,157873 
8,600000 -0,155044 
8,700000 -0,152257 
8,800000 -0,150050 
8,900000 -0,147706 
9,000000 -0,146030 
9,100000 -0,144157 
9,200000 -0,142516 
9,300000 -0,138664 
9,400000 -0,137818 
9,500000 -0,136910 
9,600000 -0,135137 
9,700000 -0,134786 
9,800000 -0,132989 
9,900000 -0,132639 
10,000000 -0,129034 
10,100000 -0,128499 
10,200000 -0,127332 
10,300000 -0,125825 
10,400000 -0,123889 
10,500000 -0,123512 
10,600000 -0,123732 
10,700000 -0,122193 
10,800000 -0,121607 
10,900000 -0,120332 
11,000000 -0,119404 
11,100000 -0,119138 
11,200000 -0,117671 
11,300000 -0,116979 
11,400000 -0,115800 
11,500000 -0,116175 
11,600000 -0,116429 
11,700000 -0,115792 
11,800000 -0,115565 
11,900000 -0,115993 
12,000000 -0,116263 
12,100000 -0,115849 
12,200000 -0,115545 
12,300000 -0,115182 
12,400000 -0,116136 
12,500000 -0,116644 
12,600000 -0,116984 
12,700000 -0,117647 
12,800000 -0,118026 
12,900000 -0,119221 
13,000000 -0,120176 
13,100000 -0,121362 
13,200000 -0,122436 
13,300000 -0,123988 
13,400000 -0,125283 
13,500000 -0,127536 
13,600000 -0,129135 
13,700000 -0,132599 
13,800000 -0,134441 
13,900000 -0,136902 
14,000000 -0,139655 
14,100000 -0,143840 
14,200000 -0,148141 
14,300000 -0,151849 
14,400000 -0,157678 
14,500000 -0,162575 
14,600000 -0,166907 
14,700000 -0,172581 
14,800000 -0,176499 
14,900000 -0,180075 
15,000000 -0,181067 
15,100000 -0,178435 
15,200000 -0,174498 
15,300000 -0,166960 
15,400000 -0,158917 
15,500000 -0,151424 
15,600000 -0,144339 
15,700000 -0,140328 
15,800000 -0,135937 
15,900000 -0,133421 
16,000000 -0,129985 
16,100000 -0,127301 
16,200000 -0,125920 
16,300000 -0,124693 
16,400000 -0,123046 
16,500000 -0,122890 
16,600000 -0,122971 
16,700000 -0,122613 
16,800000 -0,122463 
16,900000 -0,123051 
17,000000 -0,123004 
17,100000 -0,122614 
17,200000 -0,121849 
17,300000 -0,121075 
17,400000 -0,121303 
17,500000 -0,120454 
17,600000 -0,120226 
17,700000 -0,120324 
17,800000 -0,122728 
17,900000 -0,122970 
18,000000 -0,123551 
18,100000 -0,124247 
18,200000 -0,124383 
18,300000 -0,124650 
18,400000 -0,125369 
18,500000 -0,126355 
18,600000 -0,127620 
18,700000 -0,128193 
18,800000 -0,129288 
18,900000 -0,129421 
19,000000 -0,128853 
19,100000 -0,127477 
19,200000 -0,124504 
19,300000 -0,121814 
19,400000 -0,117773 
19,500000 -0,115872 
19,600000 -0,113694 
19,700000 -0,112088 
19,800000 -0,111380 
19,900000 -0,111304 
20,000000 -0,110488 
20,100000 -0,110982 
20,200000 -0,111176 
20,300000 -0,111625 
20,400000 -0,112544 
20,500000 -0,112980 
20,600000 -0,114184 
20,700000 -0,115839 
20,800000 -0,117452 
20,900000 -0,118021 
21,000000 -0,117675 
21,100000 -0,117172 
21,200000 -0,117072 
21,300000 -0,116351 
21,400000 -0,115403 
21,500000 -0,115193 
21,600000 -0,115640 
21,700000 -0,115762 
21,800000 -0,115805 
21,900000 -0,116900 
22,000000 -0,118072 
22,100000 -0,119150 
22,200000 -0,121139 
22,300000 -0,121921 
22,400000 -0,123489 
22,500000 -0,126510 
22,600000 -0,129382 
22,700000 -0,131925 
22,800000 -0,133753 
22,900000 -0,136852 
23,000000 -0,138794 
23,100000 -0,140837 
23,200000 -0,144944 
23,300000 -0,146519 
23,400000 -0,149875 
23,500000 -0,153461 
23,600000 -0,157488 
23,700000 -0,162559 
23,800000 -0,166439 
23,900000 -0,169972 
24,000000 -0,174187 
24,100000 -0,177377 
24,200000 -0,183577 
24,300000 -0,187979 
24,400000 -0,193886 
24,500000 -0,198405 
24,600000 -0,205355 
24,700000 -0,212459 
24,800000 -0,219403 
24,900000 -0,225795 
25,000000 -0,233353 
25,100000 -0,240673 
25,200000 -0,248841 
25,300000 -0,256716 
25,400000 -0,266625 
25,500000 -0,278305 
25,600000 -0,291826 
25,700000 -0,307356 
25,800000 -0,319546 
25,900000 -0,334768 
26,000000 -0,349140 
26,100000 -0,363287 
26,200000 -0,379788 
26,300000 -0,398750 
26,400000 -0,414161 
26,500000 -0,435066 
26,600000 -0,462639 
26,700000 -0,489406 
26,800000 -0,516037 
26,900000 -0,540994 
27,000000 -0,572421 
27,100000 -0,604004 
27,200000 -0,636891 
27,300000 -0,674285 
27,400000 -0,708368 
27,500000 -0,749628 
27,600000 -0,810803 
27,700000 -0,872076 
27,800000 -0,936008 
27,900000 -1,003182 
28,000000 -1,076328 
28,100000 -1,146028 
28,200000 -1,216219 
28,300000 -1,289305 
28,400000 -1,368525 
28,500000 -1,446808 
28,600000 -1,529977 
28,700000 -1,578945 
28,800000 -1,582771 
28,900000 -1,537787 
29,000000 -1,440083 
29,100000 -1,306895 
29,200000 -1,166503 
29,300000 -1,031601 
29,400000 -0,909858 
29,500000 -0,811184 
29,600000 -0,727892 
29,700000 -0,640544 
29,800000 -0,576495 
29,900000 -0,527559 
30,000000 -0,489467 
30,100000 -0,453162 
30,200000 -0,425416 
30,300000 -0,401080 
30,400000 -0,379838 
30,500000 -0,362870 
30,600000 -0,349446 
30,700000 -0,333566 
30,800000 -0,318747 
30,900000 -0,306621 
31,000000 -0,295269 
31,100000 -0,281758 
31,200000 -0,269983 
31,300000 -0,262701 
31,400000 -0,254780 
31,500000 -0,251278 
31,600000 -0,249344 
31,700000 -0,248982 
31,800000 -0,253890 
31,900000 -0,256297 
32,000000 -0,259749 
32,100000 -0,266385 
32,200000 -0,273448 
32,300000 -0,281645 
32,400000 -0,291670 
32,500000 -0,297777 
32,600000 -0,304691 
32,700000 -0,305309 
32,800000 -0,302205 
32,900000 -0,291108 
33,000000 -0,271295 
33,100000 -0,246448 
33,200000 -0,220287 
33,300000 -0,196337 
33,400000 -0,174078 
33,500000 -0,156255 
33,600000 -0,140783 
33,700000 -0,125331 
33,800000 -0,111750 
33,900000 -0,101707 
34,000000 -0,093981 
34,100000 -0,087771 
34,200000 -0,081566 
34,300000 -0,076378 
34,400000 -0,070860 
34,500000 -0,066896 
34,600000 -0,062671 
34,700000 -0,059350 
34,800000 -0,056209 
34,900000 -0,052975 
35,000000 -0,050847 
35,100000 -0,048481 
35,200000 -0,046490 
35,300000 -0,044539 
35,400000 -0,042978 
35,500000 -0,041428 
35,600000 -0,040419 
35,700000 -0,039222 
35,800000 -0,038024 
35,900000 -0,037187 
36,000000 -0,036004 
36,100000 -0,035279 
36,200000 -0,034616 
36,300000 -0,033989 
36,400000 -0,033692 
36,500000 -0,033177 
36,600000 -0,032736 
36,700000 -0,032286 
36,800000 -0,031687 
36,900000 -0,031353 
37,000000 -0,031163 
37,100000 -0,030902 
37,200000 -0,030695 
37,300000 -0,030394 
37,400000 -0,030362 
37,500000 -0,030189 
37,600000 -0,030303 
37,700000 -0,030137 
37,800000 -0,030260 
37,900000 -0,030266 
38,000000 -0,030306 
38,100000 -0,030586 
38,200000 -0,030682 
38,300000 -0,031058 
38,400000 -0,031127 
38,500000 -0,031287 
38,600000 -0,031527 
38,700000 -0,031996 
38,800000 -0,032580 
38,900000 -0,033008 
39,000000 -0,033457 
39,100000 -0,033898 
39,200000 -0,034369 
39,300000 -0,034831 
39,400000 -0,035578 
39,500000 -0,036367 
39,600000 -0,037232 
39,700000 -0,038153 
39,800000 -0,038883 
39,900000 -0,040201 
40,000000 -0,041458 
40,100000 -0,042707 
40,200000 -0,043604 
40,300000 -0,044710 
40,400000 -0,045683 
40,500000 -0,046745 
40,600000 -0,047440 
40,700000 -0,047782 
40,800000 -0,047775 
40,900000 -0,046423 
41,000000 -0,044509 
41,100000 -0,042684 
41,200000 -0,040402 
41,300000 -0,038544 
41,400000 -0,036922 
41,500000 -0,035991 
41,600000 -0,034752 
41,700000 -0,033781 
41,800000 -0,033017 
41,900000 -0,032303 
42,000000 -0,031588 
42,100000 -0,031143 
42,200000 -0,030907 
42,300000 -0,030652 
42,400000 -0,030452 
42,500000 -0,030314 
42,600000 -0,030326 
42,700000 -0,030415 
42,800000 -0,030363 
42,900000 -0,030590 
43,000000 -0,030709 
43,100000 -0,031043 
43,200000 -0,031224 
43,300000 -0,031800 
43,400000 -0,032204 
43,500000 -0,032297 
43,600000 -0,032557 
43,700000 -0,033279 
43,800000 -0,033788 
43,900000 -0,034201 
44,000000 -0,034862 
44,100000 -0,035374 
44,200000 -0,036058 
44,300000 -0,036576 
44,400000 -0,037140 
44,500000 -0,037474 
44,600000 -0,037772 
44,700000 -0,037967 
44,800000 -0,037762 
44,900000 -0,037061 
45,000000 -0,035621 
45,100000 -0,034421 
45,200000 -0,033381 
45,300000 -0,032098 
45,400000 -0,030873 
45,500000 -0,029779 
45,600000 -0,029301 
45,700000 -0,028686 
45,800000 -0,028327 
45,900000 -0,027880 
46,000000 -0,027638 
46,100000 -0,027042 
46,200000 -0,026836 
46,300000 -0,026475 
46,400000 -0,026245 
46,500000 -0,025846 
46,600000 -0,025880 
46,700000 -0,025786 
46,800000 -0,025625 
46,900000 -0,025575 
47,000000 -0,025620 
47,100000 -0,025630 
47,200000 -0,025578 
47,300000 -0,025553 
47,400000 -0,025678 
47,500000 -0,025537 
47,600000 -0,025637 
47,700000 -0,025479 
47,800000 -0,025372 
47,900000 -0,025388 
48,000000 -0,025009 
48,100000 -0,024753 
48,200000 -0,024518 
48,300000 -0,024457 
48,400000 -0,024313 
48,500000 -0,024134 
48,600000 -0,024000 
48,700000 -0,023905 
48,800000 -0,023896 
48,900000 -0,023875 
49,000000 -0,023767 
49,100000 -0,023684 
49,200000 -0,023694 
49,300000 -0,023654 
49,400000 -0,023789 
49,500000 -0,023683 
49,600000 -0,023667 
49,700000 -0,023576 
49,800000 -0,023721 
49,900000 -0,023692 
