0,000000 -1,297868 
0,100000 -1,293348 
0,200000 -1,299459 
0,300000 -1,296699 
0,400000 -1,296061 
0,500000 -1,296259 
0,600000 -1,297097 
0,700000 -1,293113 
0,800000 -1,292863 
0,900000 -1,294824 
1,000000 -1,293765 
1,100000 -1,292304 
1,200000 -1,294918 
1,300000 -1,291364 
1,400000 -1,293740 
1,500000 -1,292339 
1,600000 -1,291255 
1,700000 -1,293424 
1,800000 -1,292311 
1,900000 -1,289827 
2,000000 -1,288849 
2,100000 -1,290402 
2,200000 -1,288701 
2,300000 -1,292146 
2,400000 -1,289610 
2,500000 -1,291194 
2,600000 -1,264767 
2,700000 -1,217532 
2,800000 -1,164577 
2,900000 -1,099408 
3,000000 -1,035938 
3,100000 -0,970091 
3,200000 -0,881403 
3,300000 -0,806614 
3,400000 -0,750014 
3,500000 -0,691214 
3,600000 -0,646084 
3,700000 -0,601742 
3,800000 -0,562931 
3,900000 -0,530576 
4,000000 -0,499353 
4,100000 -0,472393 
4,200000 -0,446917 
4,300000 -0,423219 
4,400000 -0,405990 
4,500000 -0,389860 
4,600000 -0,374135 
4,700000 -0,361420 
4,800000 -0,347402 
4,900000 -0,334904 
5,000000 -0,324345 
5,100000 -0,313211 
5,200000 -0,295725 
5,300000 -0,287017 
5,400000 -0,274954 
5,500000 -0,265128 
5,600000 -0,254451 
5,700000 -0,246361 
5,800000 -0,237260 
5,900000 -0,226522 
6,000000 -0,218903 
6,100000 -0,211664 
6,200000 -0,201037 
6,300000 -0,193813 
6,400000 -0,186673 
6,500000 -0,178860 
6,600000 -0,173274 
6,700000 -0,168357 
6,800000 -0,162524 
6,900000 -0,157115 
7,000000 -0,152322 
7,100000 -0,148260 
7,200000 -0,144262 
7,300000 -0,139568 
7,400000 -0,135767 
7,500000 -0,132510 
7,600000 -0,129226 
7,700000 -0,126701 
7,800000 -0,124369 
7,900000 -0,121957 
8,000000 -0,119948 
8,100000 -0,117267 
8,200000 -0,115173 
8,300000 -0,111784 
8,400000 -0,110924 
8,500000 -0,108838 
8,600000 -0,107707 
8,700000 -0,105941 
8,800000 -0,104387 
8,900000 -0,102897 
9,000000 -0,101339 
9,100000 -0,099595 
9,200000 -0,097604 
9,300000 -0,096904 
9,400000 -0,094818 
9,500000 -0,093580 
9,600000 -0,092488 
9,700000 -0,091415 
9,800000 -0,090439 
9,900000 -0,089131 
10,000000 -0,088627 
10,100000 -0,086503 
10,200000 -0,086659 
10,300000 -0,085337 
10,400000 -0,084618 
10,500000 -0,083950 
10,600000 -0,083369 
10,700000 -0,083058 
10,800000 -0,082008 
10,900000 -0,081471 
11,000000 -0,081266 
11,100000 -0,080606 
11,200000 -0,080190 
11,300000 -0,079439 
11,400000 -0,079609 
11,500000 -0,079101 
11,600000 -0,079187 
11,700000 -0,079035 
11,800000 -0,079262 
11,900000 -0,078725 
12,000000 -0,079622 
12,100000 -0,079815 
12,200000 -0,079947 
12,300000 -0,079848 
12,400000 -0,081033 
12,500000 -0,082015 
12,600000 -0,082621 
12,700000 -0,083802 
12,800000 -0,084639 
12,900000 -0,085766 
13,000000 -0,086925 
13,100000 -0,087277 
13,200000 -0,088965 
13,300000 -0,089713 
13,400000 -0,091694 
13,500000 -0,093197 
13,600000 -0,095427 
13,700000 -0,097123 
13,800000 -0,099854 
13,900000 -0,102314 
14,000000 -0,105996 
14,100000 -0,108982 
14,200000 -0,112895 
14,300000 -0,118423 
14,400000 -0,123580 
14,500000 -0,129936 
14,600000 -0,135622 
14,700000 -0,140978 
14,800000 -0,146565 
14,900000 -0,151222 
15,000000 -0,155429 
15,100000 -0,153660 
15,200000 -0,148171 
15,300000 -0,139601 
15,400000 -0,128059 
15,500000 -0,118932 
15,600000 -0,112430 
15,700000 -0,106707 
15,800000 -0,102443 
15,900000 -0,099105 
16,000000 -0,096196 
16,100000 -0,094115 
16,200000 -0,092907 
16,300000 -0,091616 
16,400000 -0,090660 
16,500000 -0,090904 
16,600000 -0,091036 
16,700000 -0,091722 
16,800000 -0,092456 
16,900000 -0,092897 
17,000000 -0,093256 
17,100000 -0,092951 
17,200000 -0,092487 
17,300000 -0,091287 
17,400000 -0,090057 
17,500000 -0,089832 
17,600000 -0,090169 
17,700000 -0,091023 
17,800000 -0,091712 
17,900000 -0,092244 
18,000000 -0,093549 
18,100000 -0,094044 
18,200000 -0,094203 
18,300000 -0,094194 
18,400000 -0,094671 
18,500000 -0,095697 
18,600000 -0,097200 
18,700000 -0,099124 
18,800000 -0,100509 
18,900000 -0,101239 
19,000000 -0,101248 
19,100000 -0,099395 
19,200000 -0,095286 
19,300000 -0,091650 
19,400000 -0,087810 
19,500000 -0,083822 
19,600000 -0,082333 
19,700000 -0,079973 
19,800000 -0,079047 
19,900000 -0,078768 
20,000000 -0,078195 
20,100000 -0,078218 
20,200000 -0,078602 
20,300000 -0,079442 
20,400000 -0,080264 
20,500000 -0,081165 
20,600000 -0,082818 
20,700000 -0,084249 
20,800000 -0,085016 
20,900000 -0,086242 
21,000000 -0,086249 
21,100000 -0,085350 
21,200000 -0,083786 
21,300000 -0,082478 
21,400000 -0,080587 
21,500000 -0,080197 
21,600000 -0,079516 
21,700000 -0,078999 
21,800000 -0,079215 
21,900000 -0,079495 
22,000000 -0,079971 
22,100000 -0,080701 
22,200000 -0,081318 
22,300000 -0,082028 
22,400000 -0,083708 
22,500000 -0,084575 
22,600000 -0,086196 
22,700000 -0,087681 
22,800000 -0,088684 
22,900000 -0,089852 
23,000000 -0,091609 
23,100000 -0,093312 
23,200000 -0,095612 
23,300000 -0,097631 
23,400000 -0,100957 
23,500000 -0,102388 
23,600000 -0,105855 
23,700000 -0,109310 
23,800000 -0,112621 
23,900000 -0,115902 
24,000000 -0,118147 
24,100000 -0,121860 
24,200000 -0,125441 
24,300000 -0,128813 
24,400000 -0,132846 
24,500000 -0,136570 
24,600000 -0,141799 
24,700000 -0,147354 
24,800000 -0,152650 
24,900000 -0,158073 
25,000000 -0,163899 
25,100000 -0,169947 
25,200000 -0,175255 
25,300000 -0,183047 
25,400000 -0,190468 
25,500000 -0,198143 
25,600000 -0,207602 
25,700000 -0,218391 
25,800000 -0,227762 
25,900000 -0,238852 
26,000000 -0,250994 
26,100000 -0,262316 
26,200000 -0,275639 
26,300000 -0,292619 
26,400000 -0,307908 
26,500000 -0,324989 
26,600000 -0,349205 
26,700000 -0,371233 
26,800000 -0,393925 
26,900000 -0,419767 
27,000000 -0,445343 
27,100000 -0,474035 
27,200000 -0,506177 
27,300000 -0,540550 
27,400000 -0,575135 
27,500000 -0,618458 
27,600000 -0,677630 
27,700000 -0,735987 
27,800000 -0,796329 
27,900000 -0,862625 
28,000000 -0,937064 
28,100000 -1,021009 
28,200000 -1,111638 
28,300000 -1,203573 
28,400000 -1,304856 
28,500000 -1,402080 
28,600000 -1,524771 
28,700000 -1,601553 
28,800000 -1,625463 
28,900000 -1,587525 
29,000000 -1,471377 
29,100000 -1,291668 
29,200000 -1,102215 
29,300000 -0,933208 
29,400000 -0,797827 
29,500000 -0,690354 
29,600000 -0,606269 
29,700000 -0,520049 
29,800000 -0,459783 
29,900000 -0,415373 
30,000000 -0,379565 
30,100000 -0,351285 
30,200000 -0,326118 
30,300000 -0,308047 
30,400000 -0,291800 
30,500000 -0,279333 
30,600000 -0,270385 
30,700000 -0,261000 
30,800000 -0,252329 
30,900000 -0,244296 
31,000000 -0,233971 
31,100000 -0,222253 
31,200000 -0,211686 
31,300000 -0,203496 
31,400000 -0,198196 
31,500000 -0,195240 
31,600000 -0,194439 
31,700000 -0,197537 
31,800000 -0,201624 
31,900000 -0,208102 
32,000000 -0,215752 
32,100000 -0,225559 
32,200000 -0,236132 
32,300000 -0,248618 
32,400000 -0,260876 
32,500000 -0,273559 
32,600000 -0,287472 
32,700000 -0,294046 
32,800000 -0,295662 
32,900000 -0,284732 
33,000000 -0,263988 
33,100000 -0,233825 
33,200000 -0,199366 
33,300000 -0,170735 
33,400000 -0,147619 
33,500000 -0,129315 
33,600000 -0,114077 
33,700000 -0,099417 
33,800000 -0,088401 
33,900000 -0,079395 
34,000000 -0,072738 
34,100000 -0,066037 
34,200000 -0,061413 
34,300000 -0,057599 
34,400000 -0,053483 
34,500000 -0,050339 
34,600000 -0,048004 
34,700000 -0,045302 
34,800000 -0,042912 
34,900000 -0,040500 
35,000000 -0,038792 
35,100000 -0,037419 
35,200000 -0,036161 
35,300000 -0,034597 
35,400000 -0,033836 
35,500000 -0,032750 
35,600000 -0,031938 
35,700000 -0,031109 
35,800000 -0,030405 
35,900000 -0,029679 
36,000000 -0,029239 
36,100000 -0,028885 
36,200000 -0,028571 
36,300000 -0,028430 
36,400000 -0,028293 
36,500000 -0,027998 
36,600000 -0,027728 
36,700000 -0,027662 
36,800000 -0,027406 
36,900000 -0,027375 
37,000000 -0,027239 
37,100000 -0,027019 
37,200000 -0,026911 
37,300000 -0,026861 
37,400000 -0,026927 
37,500000 -0,026830 
37,600000 -0,026850 
37,700000 -0,027033 
37,800000 -0,027050 
37,900000 -0,027160 
38,000000 -0,027474 
38,100000 -0,027664 
38,200000 -0,027656 
38,300000 -0,027871 
38,400000 -0,028051 
38,500000 -0,028372 
38,600000 -0,028510 
38,700000 -0,028777 
38,800000 -0,029030 
38,900000 -0,029473 
39,000000 -0,029842 
39,100000 -0,030300 
39,200000 -0,030941 
39,300000 -0,031607 
39,400000 -0,032282 
39,500000 -0,032939 
39,600000 -0,033759 
39,700000 -0,034534 
39,800000 -0,035557 
39,900000 -0,037221 
40,000000 -0,038310 
40,100000 -0,039650 
40,200000 -0,041372 
40,300000 -0,042652 
40,400000 -0,043828 
40,500000 -0,045120 
40,600000 -0,046196 
40,700000 -0,047253 
40,800000 -0,047455 
40,900000 -0,045848 
41,000000 -0,043640 
41,100000 -0,040871 
41,200000 -0,038481 
41,300000 -0,036281 
41,400000 -0,034445 
41,500000 -0,032910 
41,600000 -0,031868 
41,700000 -0,030828 
41,800000 -0,030120 
41,900000 -0,029575 
42,000000 -0,029027 
42,100000 -0,028785 
42,200000 -0,028350 
42,300000 -0,028369 
42,400000 -0,028163 
42,500000 -0,028321 
42,600000 -0,028400 
42,700000 -0,028351 
42,800000 -0,028352 
42,900000 -0,028624 
43,000000 -0,028781 
43,100000 -0,028848 
43,200000 -0,029119 
43,300000 -0,029418 
43,400000 -0,029738 
43,500000 -0,030007 
43,600000 -0,030720 
43,700000 -0,031161 
43,800000 -0,031735 
43,900000 -0,032578 
44,000000 -0,033135 
44,100000 -0,033885 
44,200000 -0,034457 
44,300000 -0,035019 
44,400000 -0,035827 
44,500000 -0,036377 
44,600000 -0,037231 
44,700000 -0,037401 
44,800000 -0,037781 
44,900000 -0,037016 
45,000000 -0,035383 
45,100000 -0,033824 
45,200000 -0,031941 
45,300000 -0,030672 
45,400000 -0,029613 
45,500000 -0,028625 
45,600000 -0,027919 
45,700000 -0,027456 
45,800000 -0,027116 
45,900000 -0,026651 
46,000000 -0,026108 
46,100000 -0,025867 
46,200000 -0,025729 
46,300000 -0,025439 
46,400000 -0,025004 
46,500000 -0,025007 
46,600000 -0,024983 
46,700000 -0,024946 
46,800000 -0,024899 
46,900000 -0,024841 
47,000000 -0,025026 
47,100000 -0,024935 
47,200000 -0,024779 
47,300000 -0,025003 
47,400000 -0,025046 
47,500000 -0,025067 
47,600000 -0,025241 
47,700000 -0,025193 
47,800000 -0,025036 
47,900000 -0,025132 
48,000000 -0,024668 
48,100000 -0,024530 
48,200000 -0,024295 
48,300000 -0,024038 
48,400000 -0,023891 
48,500000 -0,023736 
48,600000 -0,023700 
48,700000 -0,023632 
48,800000 -0,023522 
48,900000 -0,023530 
49,000000 -0,023448 
49,100000 -0,023413 
49,200000 -0,023545 
49,300000 -0,023409 
49,400000 -0,023333 
49,500000 -0,023423 
49,600000 -0,023293 
49,700000 -0,023355 
49,800000 -0,023523 
49,900000 -0,023289 
