0,000000 -1,310102 
0,100000 -1,308845 
0,200000 -1,307514 
0,300000 -1,306402 
0,400000 -1,309042 
0,500000 -1,309070 
0,600000 -1,307158 
0,700000 -1,310060 
0,800000 -1,310333 
0,900000 -1,306133 
1,000000 -1,307135 
1,100000 -1,307275 
1,200000 -1,307104 
1,300000 -1,307070 
1,400000 -1,309563 
1,500000 -1,306936 
1,600000 -1,305524 
1,700000 -1,308160 
1,800000 -1,309796 
1,900000 -1,306229 
2,000000 -1,306774 
2,100000 -1,306505 
2,200000 -1,305871 
2,300000 -1,305889 
2,400000 -1,303761 
2,500000 -1,293351 
2,600000 -1,276626 
2,700000 -1,255435 
2,800000 -1,219542 
2,900000 -1,171914 
3,000000 -1,118475 
3,100000 -1,060417 
3,200000 -0,977186 
3,300000 -0,906139 
3,400000 -0,846227 
3,500000 -0,790823 
3,600000 -0,739117 
3,700000 -0,690797 
3,800000 -0,652040 
3,900000 -0,612541 
4,000000 -0,573549 
4,100000 -0,543294 
4,200000 -0,510515 
4,300000 -0,484492 
4,400000 -0,463162 
4,500000 -0,445253 
4,600000 -0,428165 
4,700000 -0,414047 
4,800000 -0,397308 
4,900000 -0,385846 
5,000000 -0,369403 
5,100000 -0,359381 
5,200000 -0,344545 
5,300000 -0,332042 
5,400000 -0,321862 
5,500000 -0,312169 
5,600000 -0,301222 
5,700000 -0,293916 
5,800000 -0,282077 
5,900000 -0,273281 
6,000000 -0,264623 
6,100000 -0,255068 
6,200000 -0,245022 
6,300000 -0,236589 
6,400000 -0,228740 
6,500000 -0,218904 
6,600000 -0,212598 
6,700000 -0,206647 
6,800000 -0,200809 
6,900000 -0,192805 
7,000000 -0,188727 
7,100000 -0,182382 
7,200000 -0,177488 
7,300000 -0,172398 
7,400000 -0,166539 
7,500000 -0,162169 
7,600000 -0,158310 
7,700000 -0,155476 
7,800000 -0,151717 
7,900000 -0,148446 
8,000000 -0,145550 
8,100000 -0,142472 
8,200000 -0,140478 
8,300000 -0,136583 
8,400000 -0,134100 
8,500000 -0,132129 
8,600000 -0,129682 
8,700000 -0,127601 
8,800000 -0,126329 
8,900000 -0,124930 
9,000000 -0,122013 
9,100000 -0,121054 
9,200000 -0,119303 
9,300000 -0,117513 
9,400000 -0,116086 
9,500000 -0,114319 
9,600000 -0,113282 
9,700000 -0,111529 
9,800000 -0,109958 
9,900000 -0,109531 
10,000000 -0,107957 
10,100000 -0,106625 
10,200000 -0,105982 
10,300000 -0,104553 
10,400000 -0,103257 
10,500000 -0,102550 
10,600000 -0,101891 
10,700000 -0,101250 
10,800000 -0,100101 
10,900000 -0,099333 
11,000000 -0,098580 
11,100000 -0,097628 
11,200000 -0,097126 
11,300000 -0,097278 
11,400000 -0,096465 
11,500000 -0,096502 
11,600000 -0,096063 
11,700000 -0,096148 
11,800000 -0,095027 
11,900000 -0,095585 
12,000000 -0,095882 
12,100000 -0,096655 
12,200000 -0,096470 
12,300000 -0,096369 
12,400000 -0,097056 
12,500000 -0,097737 
12,600000 -0,097992 
12,700000 -0,099036 
12,800000 -0,100002 
12,900000 -0,100533 
13,000000 -0,101539 
13,100000 -0,102499 
13,200000 -0,103593 
13,300000 -0,105028 
13,400000 -0,106585 
13,500000 -0,108894 
13,600000 -0,110616 
13,700000 -0,112490 
13,800000 -0,115760 
13,900000 -0,117810 
14,000000 -0,121601 
14,100000 -0,125112 
14,200000 -0,128677 
14,300000 -0,132891 
14,400000 -0,138286 
14,500000 -0,144093 
14,600000 -0,150348 
14,700000 -0,154092 
14,800000 -0,160359 
14,900000 -0,163638 
15,000000 -0,166366 
15,100000 -0,164956 
15,200000 -0,159682 
15,300000 -0,152603 
15,400000 -0,142580 
15,500000 -0,133613 
15,600000 -0,127433 
15,700000 -0,122804 
15,800000 -0,118462 
15,900000 -0,115104 
16,000000 -0,112239 
16,100000 -0,110390 
16,200000 -0,108461 
16,300000 -0,107197 
16,400000 -0,106691 
16,500000 -0,105800 
16,600000 -0,105974 
16,700000 -0,105885 
16,800000 -0,106469 
16,900000 -0,106660 
17,000000 -0,107066 
17,100000 -0,106589 
17,200000 -0,106164 
17,300000 -0,104929 
17,400000 -0,103900 
17,500000 -0,103672 
17,600000 -0,103806 
17,700000 -0,104594 
17,800000 -0,105510 
17,900000 -0,106429 
18,000000 -0,106691 
18,100000 -0,106906 
18,200000 -0,107337 
18,300000 -0,107734 
18,400000 -0,107839 
18,500000 -0,109198 
18,600000 -0,110806 
18,700000 -0,112019 
18,800000 -0,113483 
18,900000 -0,113173 
19,000000 -0,112404 
19,100000 -0,111122 
19,200000 -0,107711 
19,300000 -0,104455 
19,400000 -0,100668 
19,500000 -0,097444 
19,600000 -0,096380 
19,700000 -0,094328 
19,800000 -0,093093 
19,900000 -0,092488 
20,000000 -0,091950 
20,100000 -0,092058 
20,200000 -0,091839 
20,300000 -0,092603 
20,400000 -0,093371 
20,500000 -0,094914 
20,600000 -0,096471 
20,700000 -0,097805 
20,800000 -0,098280 
20,900000 -0,099122 
21,000000 -0,098923 
21,100000 -0,097942 
21,200000 -0,097082 
21,300000 -0,096439 
21,400000 -0,096341 
21,500000 -0,095128 
21,600000 -0,095008 
21,700000 -0,094126 
21,800000 -0,095319 
21,900000 -0,095473 
22,000000 -0,096110 
22,100000 -0,097260 
22,200000 -0,098302 
22,300000 -0,099866 
22,400000 -0,100340 
22,500000 -0,102386 
22,600000 -0,104549 
22,700000 -0,106430 
22,800000 -0,108188 
22,900000 -0,109986 
23,000000 -0,112334 
23,100000 -0,114078 
23,200000 -0,116383 
23,300000 -0,118701 
23,400000 -0,121258 
23,500000 -0,123739 
23,600000 -0,127306 
23,700000 -0,131097 
23,800000 -0,135327 
23,900000 -0,138101 
24,000000 -0,141267 
24,100000 -0,145269 
24,200000 -0,149133 
24,300000 -0,153495 
24,400000 -0,157432 
24,500000 -0,161796 
24,600000 -0,168612 
24,700000 -0,175760 
24,800000 -0,181597 
24,900000 -0,187093 
25,000000 -0,193827 
25,100000 -0,202200 
25,200000 -0,207580 
25,300000 -0,216150 
25,400000 -0,225274 
25,500000 -0,234132 
25,600000 -0,245870 
25,700000 -0,257807 
25,800000 -0,270069 
25,900000 -0,283011 
26,000000 -0,294933 
26,100000 -0,310080 
26,200000 -0,323636 
26,300000 -0,339670 
26,400000 -0,357455 
26,500000 -0,374579 
26,600000 -0,402752 
26,700000 -0,426059 
26,800000 -0,449973 
26,900000 -0,475889 
27,000000 -0,506062 
27,100000 -0,536900 
27,200000 -0,570473 
27,300000 -0,606026 
27,400000 -0,642648 
27,500000 -0,687034 
27,600000 -0,750014 
27,700000 -0,812719 
27,800000 -0,877944 
27,900000 -0,946255 
28,000000 -1,020776 
28,100000 -1,097047 
28,200000 -1,176143 
28,300000 -1,256888 
28,400000 -1,343513 
28,500000 -1,430091 
28,600000 -1,530687 
28,700000 -1,589472 
28,800000 -1,603759 
28,900000 -1,558114 
29,000000 -1,449200 
29,100000 -1,293478 
29,200000 -1,125405 
29,300000 -0,971491 
29,400000 -0,845335 
29,500000 -0,740671 
29,600000 -0,656134 
29,700000 -0,571648 
29,800000 -0,506635 
29,900000 -0,463382 
30,000000 -0,421901 
30,100000 -0,393294 
30,200000 -0,367027 
30,300000 -0,346618 
30,400000 -0,328852 
30,500000 -0,315097 
30,600000 -0,303021 
30,700000 -0,292247 
30,800000 -0,281703 
30,900000 -0,271996 
31,000000 -0,260697 
31,100000 -0,249476 
31,200000 -0,238491 
31,300000 -0,231779 
31,400000 -0,225550 
31,500000 -0,220844 
31,600000 -0,218903 
31,700000 -0,220626 
31,800000 -0,224576 
31,900000 -0,229513 
32,000000 -0,237327 
32,100000 -0,245058 
32,200000 -0,253994 
32,300000 -0,264012 
32,400000 -0,274766 
32,500000 -0,283154 
32,600000 -0,291866 
32,700000 -0,300046 
32,800000 -0,297990 
32,900000 -0,286124 
33,000000 -0,265904 
33,100000 -0,237735 
33,200000 -0,210436 
33,300000 -0,183849 
33,400000 -0,160891 
33,500000 -0,142069 
33,600000 -0,127370 
33,700000 -0,112885 
33,800000 -0,099846 
33,900000 -0,090754 
34,000000 -0,082908 
34,100000 -0,076713 
34,200000 -0,070884 
34,300000 -0,065832 
34,400000 -0,061525 
34,500000 -0,057726 
34,600000 -0,054591 
34,700000 -0,051740 
34,800000 -0,048673 
34,900000 -0,046125 
35,000000 -0,044081 
35,100000 -0,042158 
35,200000 -0,040432 
35,300000 -0,039242 
35,400000 -0,038072 
35,500000 -0,036998 
35,600000 -0,035584 
35,700000 -0,034714 
35,800000 -0,033833 
35,900000 -0,033068 
36,000000 -0,032293 
36,100000 -0,031548 
36,200000 -0,031042 
36,300000 -0,030576 
36,400000 -0,030003 
36,500000 -0,029791 
36,600000 -0,029505 
36,700000 -0,029287 
36,800000 -0,029044 
36,900000 -0,028923 
37,000000 -0,028858 
37,100000 -0,028812 
37,200000 -0,028636 
37,300000 -0,028534 
37,400000 -0,028416 
37,500000 -0,028411 
37,600000 -0,028517 
37,700000 -0,028516 
37,800000 -0,028505 
37,900000 -0,028576 
38,000000 -0,028619 
38,100000 -0,028915 
38,200000 -0,028944 
38,300000 -0,029309 
38,400000 -0,029397 
38,500000 -0,029507 
38,600000 -0,029695 
38,700000 -0,029919 
38,800000 -0,030476 
38,900000 -0,031102 
39,000000 -0,031675 
39,100000 -0,032233 
39,200000 -0,032829 
39,300000 -0,033458 
39,400000 -0,034040 
39,500000 -0,034631 
39,600000 -0,035467 
39,700000 -0,036710 
39,800000 -0,037718 
39,900000 -0,038911 
40,000000 -0,039997 
40,100000 -0,041375 
40,200000 -0,042832 
40,300000 -0,043673 
40,400000 -0,044995 
40,500000 -0,045829 
40,600000 -0,047099 
40,700000 -0,047772 
40,800000 -0,047315 
40,900000 -0,045917 
41,000000 -0,043765 
41,100000 -0,041399 
41,200000 -0,039081 
41,300000 -0,037437 
41,400000 -0,035462 
41,500000 -0,033993 
41,600000 -0,033059 
41,700000 -0,032048 
41,800000 -0,031047 
41,900000 -0,030211 
42,000000 -0,029796 
42,100000 -0,029561 
42,200000 -0,029337 
42,300000 -0,029189 
42,400000 -0,029134 
42,500000 -0,029121 
42,600000 -0,028979 
42,700000 -0,029027 
42,800000 -0,029171 
42,900000 -0,029263 
43,000000 -0,029454 
43,100000 -0,029536 
43,200000 -0,029751 
43,300000 -0,029956 
43,400000 -0,030300 
43,500000 -0,030684 
43,600000 -0,031153 
43,700000 -0,031900 
43,800000 -0,032475 
43,900000 -0,033269 
44,000000 -0,033905 
44,100000 -0,034430 
44,200000 -0,034707 
44,300000 -0,035135 
44,400000 -0,035970 
44,500000 -0,036727 
44,600000 -0,037209 
44,700000 -0,037581 
44,800000 -0,037550 
44,900000 -0,036744 
45,000000 -0,035458 
45,100000 -0,034165 
45,200000 -0,032712 
45,300000 -0,031400 
45,400000 -0,030027 
45,500000 -0,029337 
45,600000 -0,028807 
45,700000 -0,028415 
45,800000 -0,027768 
45,900000 -0,027424 
46,000000 -0,026984 
46,100000 -0,026230 
46,200000 -0,025899 
46,300000 -0,025871 
46,400000 -0,025744 
46,500000 -0,025319 
46,600000 -0,025259 
46,700000 -0,025213 
46,800000 -0,025192 
46,900000 -0,025330 
47,000000 -0,025223 
47,100000 -0,025382 
47,200000 -0,025282 
47,300000 -0,025176 
47,400000 -0,025161 
47,500000 -0,025342 
47,600000 -0,025164 
47,700000 -0,025411 
47,800000 -0,025270 
47,900000 -0,025141 
48,000000 -0,025022 
48,100000 -0,024571 
48,200000 -0,024428 
48,300000 -0,024145 
48,400000 -0,024100 
48,500000 -0,024058 
48,600000 -0,023878 
48,700000 -0,023753 
48,800000 -0,023660 
48,900000 -0,023704 
49,000000 -0,023668 
49,100000 -0,023476 
49,200000 -0,023460 
49,300000 -0,023575 
49,400000 -0,023525 
49,500000 -0,023465 
49,600000 -0,023504 
49,700000 -0,023398 
49,800000 -0,023446 
49,900000 -0,023493 
