0,000000 -0,238924 
0,100000 -0,238425 
0,200000 -0,238757 
0,300000 -0,238376 
0,400000 -0,239440 
0,500000 -0,238604 
0,600000 -0,238581 
0,700000 -0,238447 
0,800000 -0,237690 
0,900000 -0,240268 
1,000000 -0,239573 
1,100000 -0,237298 
1,200000 -0,240788 
1,300000 -0,240122 
1,400000 -0,237783 
1,500000 -0,241471 
1,600000 -0,239605 
1,700000 -0,239810 
1,800000 -0,237233 
1,900000 -0,240083 
2,000000 -0,239828 
2,100000 -0,238370 
2,200000 -0,239711 
2,300000 -0,239154 
2,400000 -0,239693 
2,500000 -0,202227 
2,600000 -0,121759 
2,700000 -0,085438 
2,800000 -0,065756 
2,900000 -0,052607 
3,000000 -0,044202 
3,100000 -0,038671 
3,200000 -0,033873 
3,300000 -0,031110 
3,400000 -0,029938 
3,500000 -0,030262 
3,600000 -0,030012 
3,700000 -0,028177 
3,800000 -0,025800 
3,900000 -0,024651 
4,000000 -0,024079 
4,100000 -0,023822 
4,200000 -0,023405 
4,300000 -0,023361 
4,400000 -0,023418 
4,500000 -0,023196 
4,600000 -0,023046 
4,700000 -0,023130 
4,800000 -0,022866 
4,900000 -0,022754 
5,000000 -0,022886 
5,100000 -0,022847 
5,200000 -0,022658 
5,300000 -0,022792 
5,400000 -0,022795 
5,500000 -0,022788 
5,600000 -0,022728 
5,700000 -0,022645 
5,800000 -0,022569 
5,900000 -0,022653 
6,000000 -0,022652 
6,100000 -0,022546 
6,200000 -0,022720 
6,300000 -0,022616 
6,400000 -0,022669 
6,500000 -0,022661 
6,600000 -0,022668 
6,700000 -0,022639 
6,800000 -0,022731 
6,900000 -0,022737 
7,000000 -0,022792 
7,100000 -0,022751 
7,200000 -0,022702 
7,300000 -0,022707 
7,400000 -0,022706 
7,500000 -0,022608 
7,600000 -0,022795 
7,700000 -0,022748 
7,800000 -0,022803 
7,900000 -0,022958 
8,000000 -0,022950 
8,100000 -0,022981 
8,200000 -0,023157 
8,300000 -0,023054 
8,400000 -0,022880 
8,500000 -0,022724 
8,600000 -0,022743 
8,700000 -0,022802 
8,800000 -0,022827 
8,900000 -0,022731 
9,000000 -0,022718 
9,100000 -0,022743 
9,200000 -0,022815 
9,300000 -0,022645 
9,400000 -0,022744 
9,500000 -0,022852 
9,600000 -0,022713 
9,700000 -0,022680 
9,800000 -0,022739 
9,900000 -0,022592 
10,000000 -0,022753 
10,100000 -0,022632 
10,200000 -0,022664 
10,300000 -0,022614 
10,400000 -0,022797 
10,500000 -0,022790 
10,600000 -0,022714 
10,700000 -0,022743 
10,800000 -0,022563 
10,900000 -0,022743 
11,000000 -0,022755 
11,100000 -0,022540 
11,200000 -0,022618 
11,300000 -0,022658 
11,400000 -0,022607 
11,500000 -0,022710 
11,600000 -0,022551 
11,700000 -0,022634 
11,800000 -0,022696 
11,900000 -0,022590 
12,000000 -0,022820 
12,100000 -0,022788 
12,200000 -0,022674 
12,300000 -0,022731 
12,400000 -0,022827 
12,500000 -0,022987 
12,600000 -0,023205 
12,700000 -0,023484 
12,800000 -0,024011 
12,900000 -0,024433 
13,000000 -0,024496 
13,100000 -0,024501 
13,200000 -0,024333 
13,300000 -0,023830 
13,400000 -0,023266 
13,500000 -0,023128 
13,600000 -0,023139 
13,700000 -0,023261 
13,800000 -0,023491 
13,900000 -0,023690 
14,000000 -0,024014 
14,100000 -0,024556 
14,200000 -0,025307 
14,300000 -0,026971 
14,400000 -0,031178 
14,500000 -0,042127 
14,600000 -0,064054 
14,700000 -0,100175 
14,800000 -0,131983 
14,900000 -0,146995 
15,000000 -0,150041 
15,100000 -0,144630 
15,200000 -0,120078 
15,300000 -0,078051 
15,400000 -0,047051 
15,500000 -0,033676 
15,600000 -0,028930 
15,700000 -0,028077 
15,800000 -0,027919 
15,900000 -0,027882 
16,000000 -0,027728 
16,100000 -0,027320 
16,200000 -0,026634 
16,300000 -0,025522 
16,400000 -0,026332 
16,500000 -0,029399 
16,600000 -0,036095 
16,700000 -0,043467 
16,800000 -0,048455 
16,900000 -0,050313 
17,000000 -0,050092 
17,100000 -0,048107 
17,200000 -0,041223 
17,300000 -0,032680 
17,400000 -0,028856 
17,500000 -0,029238 
17,600000 -0,033954 
17,700000 -0,039336 
17,800000 -0,042738 
17,900000 -0,043823 
18,000000 -0,043719 
18,100000 -0,042202 
18,200000 -0,037517 
18,300000 -0,031891 
18,400000 -0,030549 
18,500000 -0,038390 
18,600000 -0,052489 
18,700000 -0,065606 
18,800000 -0,073064 
18,900000 -0,075199 
19,000000 -0,073349 
19,100000 -0,067898 
19,200000 -0,053471 
19,300000 -0,037823 
19,400000 -0,029042 
19,500000 -0,025372 
19,600000 -0,024248 
19,700000 -0,023770 
19,800000 -0,023517 
19,900000 -0,023644 
20,000000 -0,023662 
20,100000 -0,023676 
20,200000 -0,023817 
20,300000 -0,024304 
20,400000 -0,026030 
20,500000 -0,031745 
20,600000 -0,039223 
20,700000 -0,044090 
20,800000 -0,046621 
20,900000 -0,046471 
21,000000 -0,045427 
21,100000 -0,041646 
21,200000 -0,034082 
21,300000 -0,027760 
21,400000 -0,024518 
21,500000 -0,023500 
21,600000 -0,023066 
21,700000 -0,022990 
21,800000 -0,022915 
21,900000 -0,022801 
22,000000 -0,022731 
22,100000 -0,022666 
22,200000 -0,022781 
22,300000 -0,022763 
22,400000 -0,022703 
22,500000 -0,022830 
22,600000 -0,022872 
22,700000 -0,022911 
22,800000 -0,022960 
22,900000 -0,022947 
23,000000 -0,022971 
23,100000 -0,023005 
23,200000 -0,022844 
23,300000 -0,022685 
23,400000 -0,022581 
23,500000 -0,022498 
23,600000 -0,022456 
23,700000 -0,022504 
23,800000 -0,022568 
23,900000 -0,022590 
24,000000 -0,022585 
24,100000 -0,022542 
24,200000 -0,022617 
24,300000 -0,022700 
24,400000 -0,022716 
24,500000 -0,022705 
24,600000 -0,022614 
24,700000 -0,022657 
24,800000 -0,022552 
24,900000 -0,022590 
25,000000 -0,022716 
25,100000 -0,022457 
25,200000 -0,022439 
25,300000 -0,022294 
25,400000 -0,022446 
25,500000 -0,022530 
25,600000 -0,022597 
25,700000 -0,022643 
25,800000 -0,022622 
25,900000 -0,022628 
26,000000 -0,022482 
26,100000 -0,022493 
26,200000 -0,022411 
26,300000 -0,022759 
26,400000 -0,022983 
26,500000 -0,023595 
26,600000 -0,024172 
26,700000 -0,024593 
26,800000 -0,024794 
26,900000 -0,025134 
27,000000 -0,025453 
27,100000 -0,025795 
27,200000 -0,026342 
27,300000 -0,027751 
27,400000 -0,030504 
27,500000 -0,035519 
27,600000 -0,042124 
27,700000 -0,049276 
27,800000 -0,057307 
27,900000 -0,068429 
28,000000 -0,087040 
28,100000 -0,120893 
28,200000 -0,197601 
28,300000 -0,378624 
28,400000 -0,718689 
28,500000 -1,255640 
28,600000 -1,803359 
28,700000 -1,990341 
28,800000 -1,950864 
28,900000 -1,829740 
29,000000 -1,584982 
29,100000 -1,025036 
29,200000 -0,448488 
29,300000 -0,182459 
29,400000 -0,095875 
29,500000 -0,064869 
29,600000 -0,052707 
29,700000 -0,047561 
29,800000 -0,044308 
29,900000 -0,042439 
30,000000 -0,040378 
30,100000 -0,037621 
30,200000 -0,036494 
30,300000 -0,040675 
30,400000 -0,052317 
30,500000 -0,070451 
30,600000 -0,087198 
30,700000 -0,095586 
30,800000 -0,097021 
30,900000 -0,094207 
31,000000 -0,085022 
31,100000 -0,064278 
31,200000 -0,043340 
31,300000 -0,032273 
31,400000 -0,028385 
31,500000 -0,027734 
31,600000 -0,028086 
31,700000 -0,028916 
31,800000 -0,030401 
31,900000 -0,032700 
32,000000 -0,036318 
32,100000 -0,042697 
32,200000 -0,058954 
32,300000 -0,090564 
32,400000 -0,147299 
32,500000 -0,224801 
32,600000 -0,288732 
32,700000 -0,319351 
32,800000 -0,318633 
32,900000 -0,299772 
33,000000 -0,255271 
33,100000 -0,163446 
33,200000 -0,086209 
33,300000 -0,049019 
33,400000 -0,034521 
33,500000 -0,028414 
33,600000 -0,025743 
33,700000 -0,024495 
33,800000 -0,023922 
33,900000 -0,023732 
34,000000 -0,023542 
34,100000 -0,023313 
34,200000 -0,023200 
34,300000 -0,023305 
34,400000 -0,023125 
34,500000 -0,023404 
34,600000 -0,023475 
34,700000 -0,023682 
34,800000 -0,023625 
34,900000 -0,023648 
35,000000 -0,023417 
35,100000 -0,023083 
35,200000 -0,023015 
35,300000 -0,022785 
35,400000 -0,022748 
35,500000 -0,022611 
35,600000 -0,022683 
35,700000 -0,022746 
35,800000 -0,022768 
35,900000 -0,022764 
36,000000 -0,022708 
36,100000 -0,022746 
36,200000 -0,022648 
36,300000 -0,022616 
36,400000 -0,022720 
36,500000 -0,022853 
36,600000 -0,022766 
36,700000 -0,022835 
36,800000 -0,022843 
36,900000 -0,022852 
37,000000 -0,022754 
37,100000 -0,022553 
37,200000 -0,022690 
37,300000 -0,022687 
37,400000 -0,022724 
37,500000 -0,022776 
37,600000 -0,022718 
37,700000 -0,022795 
37,800000 -0,022771 
37,900000 -0,022720 
38,000000 -0,022611 
38,100000 -0,022538 
38,200000 -0,022622 
38,300000 -0,022777 
38,400000 -0,022672 
38,500000 -0,022776 
38,600000 -0,022706 
38,700000 -0,022786 
38,800000 -0,022800 
38,900000 -0,022848 
39,000000 -0,022848 
39,100000 -0,022736 
39,200000 -0,022762 
39,300000 -0,022731 
39,400000 -0,022660 
39,500000 -0,022698 
39,600000 -0,022961 
39,700000 -0,023036 
39,800000 -0,023148 
39,900000 -0,023514 
40,000000 -0,023689 
40,100000 -0,024394 
40,200000 -0,026592 
40,300000 -0,029720 
40,400000 -0,035675 
40,500000 -0,041933 
40,600000 -0,046205 
40,700000 -0,047902 
40,800000 -0,047833 
40,900000 -0,045171 
41,000000 -0,039344 
41,100000 -0,030920 
41,200000 -0,026051 
41,300000 -0,023909 
41,400000 -0,023384 
41,500000 -0,023222 
41,600000 -0,023046 
41,700000 -0,023038 
41,800000 -0,022984 
41,900000 -0,023042 
42,000000 -0,022863 
42,100000 -0,022807 
42,200000 -0,022825 
42,300000 -0,022711 
42,400000 -0,022789 
42,500000 -0,022790 
42,600000 -0,022979 
42,700000 -0,023004 
42,800000 -0,023044 
42,900000 -0,022980 
43,000000 -0,023053 
43,100000 -0,022912 
43,200000 -0,022913 
43,300000 -0,023000 
43,400000 -0,023161 
43,500000 -0,023470 
43,600000 -0,023804 
43,700000 -0,024006 
43,800000 -0,023944 
43,900000 -0,024114 
44,000000 -0,024121 
44,100000 -0,024073 
44,200000 -0,024745 
44,300000 -0,026517 
44,400000 -0,029317 
44,500000 -0,033566 
44,600000 -0,037007 
44,700000 -0,038540 
44,800000 -0,038752 
44,900000 -0,037969 
45,000000 -0,034427 
45,100000 -0,029099 
45,200000 -0,025164 
45,300000 -0,023800 
45,400000 -0,023489 
45,500000 -0,023318 
45,600000 -0,023434 
45,700000 -0,023509 
45,800000 -0,023413 
45,900000 -0,023343 
46,000000 -0,023292 
46,100000 -0,023075 
46,200000 -0,022902 
46,300000 -0,022713 
46,400000 -0,022829 
46,500000 -0,022890 
46,600000 -0,022966 
46,700000 -0,022969 
46,800000 -0,022995 
46,900000 -0,022935 
47,000000 -0,022980 
47,100000 -0,022912 
47,200000 -0,023057 
47,300000 -0,023293 
47,400000 -0,023604 
47,500000 -0,024069 
47,600000 -0,024696 
47,700000 -0,024914 
47,800000 -0,025016 
47,900000 -0,024943 
48,000000 -0,024328 
48,100000 -0,023624 
48,200000 -0,023146 
48,300000 -0,022990 
48,400000 -0,022737 
48,500000 -0,022911 
48,600000 -0,022896 
48,700000 -0,022728 
48,800000 -0,022866 
48,900000 -0,022856 
49,000000 -0,022804 
49,100000 -0,022642 
49,200000 -0,022600 
49,300000 -0,022628 
49,400000 -0,022599 
49,500000 -0,022505 
49,600000 -0,022742 
49,700000 -0,022832 
49,800000 -0,022721 
49,900000 -0,022527 
