0,000000 -0,022303 
0,100000 -0,022266 
0,200000 -0,022392 
0,300000 -0,022379 
0,400000 -0,022402 
0,500000 -0,022376 
0,600000 -0,022306 
0,700000 -0,022295 
0,800000 -0,022156 
0,900000 -0,022302 
1,000000 -0,022388 
1,100000 -0,022278 
1,200000 -0,022275 
1,300000 -0,022355 
1,400000 -0,022190 
1,500000 -0,022266 
1,600000 -0,022107 
1,700000 -0,022321 
1,800000 -0,022274 
1,900000 -0,022412 
2,000000 -0,022238 
2,100000 -0,022364 
2,200000 -0,022261 
2,300000 -0,022184 
2,400000 -0,022354 
2,500000 -0,022304 
2,600000 -0,022218 
2,700000 -0,022603 
2,800000 -0,022827 
2,900000 -0,022533 
3,000000 -0,022227 
3,100000 -0,022087 
3,200000 -0,021946 
3,300000 -0,022071 
3,400000 -0,022444 
3,500000 -0,023512 
3,600000 -0,024083 
3,700000 -0,023306 
3,800000 -0,022638 
3,900000 -0,022348 
4,000000 -0,022268 
4,100000 -0,022493 
4,200000 -0,022316 
4,300000 -0,022329 
4,400000 -0,022347 
4,500000 -0,022500 
4,600000 -0,022356 
4,700000 -0,022318 
4,800000 -0,022421 
4,900000 -0,022487 
5,000000 -0,022275 
5,100000 -0,022272 
5,200000 -0,022411 
5,300000 -0,022394 
5,400000 -0,022367 
5,500000 -0,022387 
5,600000 -0,022497 
5,700000 -0,022386 
5,800000 -0,022363 
5,900000 -0,022395 
6,000000 -0,022457 
6,100000 -0,022214 
6,200000 -0,022169 
6,300000 -0,022303 
6,400000 -0,022367 
6,500000 -0,022411 
6,600000 -0,022363 
6,700000 -0,022262 
6,800000 -0,022356 
6,900000 -0,022335 
7,000000 -0,022312 
7,100000 -0,022411 
7,200000 -0,022295 
7,300000 -0,022295 
7,400000 -0,022484 
7,500000 -0,022467 
7,600000 -0,022422 
7,700000 -0,022508 
7,800000 -0,022601 
7,900000 -0,022463 
8,000000 -0,022515 
8,100000 -0,022757 
8,200000 -0,022768 
8,300000 -0,022673 
8,400000 -0,022624 
8,500000 -0,022333 
8,600000 -0,022426 
8,700000 -0,022367 
8,800000 -0,022495 
8,900000 -0,022513 
9,000000 -0,022545 
9,100000 -0,022503 
9,200000 -0,022578 
9,300000 -0,022530 
9,400000 -0,022484 
9,500000 -0,022367 
9,600000 -0,022367 
9,700000 -0,022359 
9,800000 -0,022541 
9,900000 -0,022187 
10,000000 -0,022464 
10,100000 -0,022344 
10,200000 -0,022359 
10,300000 -0,022324 
10,400000 -0,022392 
10,500000 -0,022393 
10,600000 -0,022267 
10,700000 -0,022324 
10,800000 -0,022470 
10,900000 -0,022375 
11,000000 -0,022342 
11,100000 -0,022385 
11,200000 -0,022488 
11,300000 -0,022304 
11,400000 -0,022331 
11,500000 -0,022350 
11,600000 -0,022556 
11,700000 -0,022493 
11,800000 -0,022486 
11,900000 -0,022411 
12,000000 -0,022558 
12,100000 -0,022341 
12,200000 -0,022366 
12,300000 -0,022342 
12,400000 -0,022342 
12,500000 -0,022413 
12,600000 -0,022388 
12,700000 -0,022557 
12,800000 -0,022771 
12,900000 -0,022970 
13,000000 -0,023219 
13,100000 -0,023094 
13,200000 -0,023193 
13,300000 -0,022838 
13,400000 -0,022583 
13,500000 -0,022445 
13,600000 -0,022517 
13,700000 -0,022658 
13,800000 -0,022399 
13,900000 -0,022523 
14,000000 -0,022615 
14,100000 -0,022329 
14,200000 -0,022644 
14,300000 -0,022632 
14,400000 -0,022624 
14,500000 -0,022817 
14,600000 -0,023525 
14,700000 -0,028919 
14,800000 -0,043839 
14,900000 -0,059557 
15,000000 -0,067995 
15,100000 -0,066321 
15,200000 -0,056040 
15,300000 -0,038711 
15,400000 -0,028036 
15,500000 -0,024540 
15,600000 -0,023616 
15,700000 -0,023270 
15,800000 -0,023410 
15,900000 -0,023742 
16,000000 -0,023755 
16,100000 -0,023771 
16,200000 -0,023370 
16,300000 -0,022899 
16,400000 -0,022772 
16,500000 -0,022737 
16,600000 -0,023229 
16,700000 -0,025155 
16,800000 -0,028311 
16,900000 -0,030521 
17,000000 -0,031454 
17,100000 -0,030639 
17,200000 -0,027793 
17,300000 -0,024479 
17,400000 -0,023279 
17,500000 -0,022739 
17,600000 -0,023011 
17,700000 -0,024146 
17,800000 -0,026582 
17,900000 -0,028289 
18,000000 -0,028619 
18,100000 -0,028231 
18,200000 -0,025821 
18,300000 -0,023733 
18,400000 -0,023109 
18,500000 -0,022815 
18,600000 -0,023633 
18,700000 -0,028371 
18,800000 -0,034734 
18,900000 -0,038671 
19,000000 -0,038663 
19,100000 -0,037309 
19,200000 -0,030662 
19,300000 -0,025661 
19,400000 -0,023417 
19,500000 -0,022893 
19,600000 -0,022610 
19,700000 -0,022598 
19,800000 -0,022765 
19,900000 -0,022666 
20,000000 -0,022654 
20,100000 -0,022549 
20,200000 -0,022446 
20,300000 -0,022542 
20,400000 -0,022599 
20,500000 -0,022609 
20,600000 -0,023603 
20,700000 -0,026269 
20,800000 -0,028759 
20,900000 -0,029496 
21,000000 -0,029261 
21,100000 -0,028096 
21,200000 -0,024891 
21,300000 -0,023409 
21,400000 -0,022684 
21,500000 -0,022476 
21,600000 -0,022403 
21,700000 -0,022402 
21,800000 -0,022401 
21,900000 -0,022380 
22,000000 -0,022338 
22,100000 -0,022446 
22,200000 -0,022538 
22,300000 -0,022372 
22,400000 -0,022321 
22,500000 -0,022345 
22,600000 -0,022584 
22,700000 -0,022628 
22,800000 -0,022487 
22,900000 -0,022529 
23,000000 -0,022545 
23,100000 -0,022555 
23,200000 -0,022412 
23,300000 -0,022299 
23,400000 -0,022386 
23,500000 -0,022404 
23,600000 -0,022487 
23,700000 -0,022413 
23,800000 -0,022384 
23,900000 -0,022350 
24,000000 -0,022386 
24,100000 -0,022215 
24,200000 -0,022388 
24,300000 -0,022276 
24,400000 -0,022267 
24,500000 -0,022224 
24,600000 -0,022252 
24,700000 -0,022238 
24,800000 -0,022384 
24,900000 -0,022162 
25,000000 -0,022194 
25,100000 -0,021958 
25,200000 -0,022130 
25,300000 -0,021953 
25,400000 -0,021932 
25,500000 -0,022019 
25,600000 -0,021835 
25,700000 -0,021916 
25,800000 -0,021854 
25,900000 -0,021771 
26,000000 -0,021552 
26,100000 -0,021551 
26,200000 -0,021284 
26,300000 -0,021335 
26,400000 -0,021308 
26,500000 -0,021192 
26,600000 -0,021505 
26,700000 -0,021851 
26,800000 -0,021686 
26,900000 -0,021828 
27,000000 -0,021868 
27,100000 -0,021588 
27,200000 -0,021292 
27,300000 -0,021477 
27,400000 -0,021598 
27,500000 -0,021942 
27,600000 -0,023100 
27,700000 -0,023976 
27,800000 -0,024569 
27,900000 -0,024744 
28,000000 -0,024397 
28,100000 -0,023808 
28,200000 -0,023173 
28,300000 -0,023158 
28,400000 -0,027641 
28,500000 -0,051842 
28,600000 -0,245609 
28,700000 -0,475520 
28,800000 -0,576186 
28,900000 -0,554062 
29,000000 -0,468271 
29,100000 -0,260656 
29,200000 -0,108029 
29,300000 -0,051861 
29,400000 -0,034695 
29,500000 -0,028280 
29,600000 -0,026747 
29,700000 -0,027089 
29,800000 -0,027750 
29,900000 -0,026957 
30,000000 -0,026029 
30,100000 -0,024431 
30,200000 -0,023516 
30,300000 -0,023251 
30,400000 -0,023187 
30,500000 -0,024062 
30,600000 -0,029298 
30,700000 -0,037473 
30,800000 -0,041979 
30,900000 -0,041658 
31,000000 -0,038344 
31,100000 -0,030929 
31,200000 -0,025404 
31,300000 -0,023583 
31,400000 -0,022924 
31,500000 -0,023032 
31,600000 -0,022986 
31,700000 -0,023245 
31,800000 -0,023422 
31,900000 -0,023354 
32,000000 -0,023231 
32,100000 -0,022982 
32,200000 -0,022831 
32,300000 -0,023055 
32,400000 -0,023566 
32,500000 -0,031636 
32,600000 -0,053266 
32,700000 -0,081071 
32,800000 -0,095688 
32,900000 -0,092942 
33,000000 -0,076425 
33,100000 -0,049431 
33,200000 -0,032432 
33,300000 -0,026004 
33,400000 -0,023752 
33,500000 -0,023170 
33,600000 -0,023021 
33,700000 -0,022943 
33,800000 -0,022907 
33,900000 -0,022729 
34,000000 -0,022564 
34,100000 -0,022358 
34,200000 -0,022643 
34,300000 -0,022591 
34,400000 -0,022380 
34,500000 -0,022627 
34,600000 -0,022807 
34,700000 -0,022684 
34,800000 -0,022749 
34,900000 -0,022608 
35,000000 -0,022541 
35,100000 -0,022465 
35,200000 -0,022505 
35,300000 -0,022406 
35,400000 -0,022531 
35,500000 -0,022447 
35,600000 -0,022554 
35,700000 -0,022499 
35,800000 -0,022390 
35,900000 -0,022590 
36,000000 -0,022414 
36,100000 -0,022592 
36,200000 -0,022610 
36,300000 -0,022581 
36,400000 -0,022551 
36,500000 -0,022447 
36,600000 -0,022640 
36,700000 -0,022495 
36,800000 -0,022514 
36,900000 -0,022685 
37,000000 -0,022626 
37,100000 -0,022636 
37,200000 -0,022630 
37,300000 -0,022523 
37,400000 -0,022569 
37,500000 -0,022390 
37,600000 -0,022550 
37,700000 -0,022438 
37,800000 -0,022527 
37,900000 -0,022547 
38,000000 -0,022603 
38,100000 -0,022636 
38,200000 -0,022656 
38,300000 -0,022553 
38,400000 -0,022522 
38,500000 -0,022523 
38,600000 -0,022704 
38,700000 -0,022607 
38,800000 -0,022629 
38,900000 -0,022593 
39,000000 -0,022517 
39,100000 -0,022546 
39,200000 -0,022548 
39,300000 -0,022575 
39,400000 -0,022591 
39,500000 -0,022619 
39,600000 -0,022688 
39,700000 -0,022503 
39,800000 -0,022583 
39,900000 -0,022609 
40,000000 -0,022696 
40,100000 -0,022606 
40,200000 -0,022514 
40,300000 -0,022643 
40,400000 -0,022846 
40,500000 -0,023526 
40,600000 -0,025001 
40,700000 -0,026790 
40,800000 -0,027627 
40,900000 -0,026969 
41,000000 -0,024888 
41,100000 -0,023488 
41,200000 -0,022921 
41,300000 -0,022770 
41,400000 -0,022625 
41,500000 -0,022606 
41,600000 -0,022740 
41,700000 -0,022560 
41,800000 -0,022763 
41,900000 -0,022765 
42,000000 -0,022518 
42,100000 -0,022580 
42,200000 -0,022608 
42,300000 -0,022458 
42,400000 -0,022745 
42,500000 -0,022725 
42,600000 -0,022618 
42,700000 -0,022608 
42,800000 -0,022671 
42,900000 -0,022662 
43,000000 -0,022742 
43,100000 -0,022487 
43,200000 -0,022557 
43,300000 -0,022687 
43,400000 -0,022507 
43,500000 -0,022655 
43,600000 -0,022715 
43,700000 -0,022734 
43,800000 -0,022796 
43,900000 -0,022942 
44,000000 -0,022655 
44,100000 -0,022705 
44,200000 -0,022587 
44,300000 -0,022357 
44,400000 -0,022704 
44,500000 -0,022898 
44,600000 -0,023724 
44,700000 -0,024350 
44,800000 -0,025107 
44,900000 -0,024899 
45,000000 -0,024049 
45,100000 -0,023377 
45,200000 -0,022651 
45,300000 -0,022576 
45,400000 -0,022624 
45,500000 -0,022607 
45,600000 -0,022695 
45,700000 -0,022642 
45,800000 -0,022816 
45,900000 -0,022796 
46,000000 -0,022633 
46,100000 -0,022583 
46,200000 -0,022564 
46,300000 -0,022684 
46,400000 -0,022488 
46,500000 -0,022561 
46,600000 -0,022537 
46,700000 -0,022568 
46,800000 -0,022729 
46,900000 -0,022530 
47,000000 -0,022677 
47,100000 -0,022547 
47,200000 -0,022616 
47,300000 -0,022604 
47,400000 -0,022644 
47,500000 -0,022519 
47,600000 -0,022691 
47,700000 -0,022798 
47,800000 -0,022909 
47,900000 -0,023026 
48,000000 -0,022834 
48,100000 -0,022563 
48,200000 -0,022513 
48,300000 -0,022565 
48,400000 -0,022698 
48,500000 -0,022581 
48,600000 -0,022613 
48,700000 -0,022497 
48,800000 -0,022482 
48,900000 -0,022505 
49,000000 -0,022422 
49,100000 -0,022412 
49,200000 -0,022498 
49,300000 -0,022465 
49,400000 -0,022699 
49,500000 -0,022477 
49,600000 -0,022405 
49,700000 -0,022609 
49,800000 -0,022424 
49,900000 -0,022511 
