0,000000 -0,026171 
0,100000 -0,036683 
0,200000 -0,042317 
0,300000 -0,045560 
0,400000 -0,047545 
0,500000 -0,048277 
0,600000 -0,049108 
0,700000 -0,048355 
0,800000 -0,050526 
0,900000 -0,049061 
1,000000 -0,050274 
1,100000 -0,050328 
1,200000 -0,050479 
1,300000 -0,051037 
1,400000 -0,050072 
1,500000 -0,050716 
1,600000 -0,050694 
1,700000 -0,050632 
1,800000 -0,050573 
1,900000 -0,050592 
2,000000 -0,050302 
2,100000 -0,050770 
2,200000 -0,050954 
2,300000 -0,050823 
2,400000 -0,050800 
2,500000 -0,050886 
2,600000 -0,051404 
2,700000 -0,051617 
2,800000 -0,042571 
2,900000 -0,023355 
3,000000 -0,013053 
3,100000 -0,006358 
3,200000 -0,000089 
3,300000 0,003373 
3,400000 0,005164 
3,500000 0,006015 
3,600000 0,003719 
3,700000 -0,006085 
3,800000 -0,027430 
3,900000 -0,042817 
4,000000 -0,027860 
4,100000 -0,011047 
4,200000 -0,001666 
4,300000 0,004276 
4,400000 0,006957 
4,500000 0,008424 
4,600000 0,009374 
4,700000 0,010158 
4,800000 0,010586 
4,900000 0,010887 
5,000000 0,011291 
5,100000 0,011418 
5,200000 0,011430 
5,300000 0,011296 
5,400000 0,010906 
5,500000 0,011013 
5,600000 0,011149 
5,700000 0,011358 
5,800000 0,011359 
5,900000 0,011477 
6,000000 0,011407 
6,100000 0,011410 
6,200000 0,011498 
6,300000 0,011524 
6,400000 0,011341 
6,500000 0,011185 
6,600000 0,011287 
6,700000 0,011530 
6,800000 0,011698 
6,900000 0,011699 
7,000000 0,011537 
7,100000 0,011341 
7,200000 0,011192 
7,300000 0,011316 
7,400000 0,011447 
7,500000 0,011321 
7,600000 0,011113 
7,700000 0,011102 
7,800000 0,011443 
7,900000 0,011463 
8,000000 0,011382 
8,100000 0,011451 
8,200000 0,011430 
8,300000 0,011376 
8,400000 0,011301 
8,500000 0,011435 
8,600000 0,011480 
8,700000 0,011258 
8,800000 0,011541 
8,900000 0,011427 
9,000000 0,011530 
9,100000 0,011446 
9,200000 0,011237 
9,300000 0,011277 
9,400000 0,011298 
9,500000 0,011621 
9,600000 0,011467 
9,700000 0,011283 
9,800000 0,011285 
9,900000 0,011446 
10,000000 0,011440 
10,100000 0,011416 
10,200000 0,011360 
10,300000 0,011338 
10,400000 0,011341 
10,500000 0,011329 
10,600000 0,011748 
10,700000 0,011496 
10,800000 0,011502 
10,900000 0,011904 
11,000000 0,011580 
11,100000 0,011667 
11,200000 0,011545 
11,300000 0,011521 
11,400000 0,011341 
11,500000 0,011250 
11,600000 0,011383 
11,700000 0,011570 
11,800000 0,011760 
11,900000 0,011627 
12,000000 0,011371 
12,100000 0,011684 
12,200000 0,011589 
12,300000 0,011540 
12,400000 0,011484 
12,500000 0,011510 
12,600000 0,011542 
12,700000 0,011632 
12,800000 0,011370 
12,900000 0,010962 
13,000000 0,010031 
13,100000 0,006074 
13,200000 0,000157 
13,300000 -0,003725 
13,400000 -0,006427 
13,500000 -0,003969 
13,600000 0,001891 
13,700000 0,006043 
13,800000 0,007854 
13,900000 0,008488 
14,000000 0,007650 
14,100000 0,003179 
14,200000 -0,003573 
14,300000 -0,007646 
14,400000 -0,008827 
14,500000 -0,007626 
14,600000 -0,001629 
14,700000 0,003089 
14,800000 0,005571 
14,900000 0,005513 
15,000000 -0,003479 
15,100000 -0,025350 
15,200000 -0,048151 
15,300000 -0,062228 
15,400000 -0,065841 
15,500000 -0,056878 
15,600000 -0,032179 
15,700000 -0,015599 
15,800000 -0,007797 
15,900000 -0,007693 
16,000000 -0,039241 
16,100000 -0,111843 
16,200000 -0,182239 
16,300000 -0,229707 
16,400000 -0,231670 
16,500000 -0,199436 
16,600000 -0,115609 
16,700000 -0,057695 
16,800000 -0,029888 
16,900000 -0,017479 
17,000000 -0,026184 
17,100000 -0,052278 
17,200000 -0,075875 
17,300000 -0,090688 
17,400000 -0,090962 
17,500000 -0,074648 
17,600000 -0,043323 
17,700000 -0,020074 
17,800000 -0,008227 
17,900000 -0,003454 
18,000000 -0,008542 
18,100000 -0,017503 
18,200000 -0,023892 
18,300000 -0,026907 
18,400000 -0,026640 
18,500000 -0,018586 
18,600000 -0,007980 
18,700000 -0,001059 
18,800000 0,001482 
18,900000 -0,005984 
19,000000 -0,036809 
19,100000 -0,073257 
19,200000 -0,097172 
19,300000 -0,108753 
19,400000 -0,106459 
19,500000 -0,078088 
19,600000 -0,041838 
19,700000 -0,019669 
19,800000 -0,006678 
19,900000 -0,001127 
20,000000 -0,000058 
20,100000 -0,001291 
20,200000 -0,002195 
20,300000 -0,001895 
20,400000 -0,001917 
20,500000 0,001036 
20,600000 0,003919 
20,700000 0,005829 
20,800000 0,006313 
20,900000 0,002841 
21,000000 -0,004588 
21,100000 -0,009027 
21,200000 -0,012418 
21,300000 -0,012913 
21,400000 -0,012492 
21,500000 -0,005527 
21,600000 0,001637 
21,700000 0,005929 
21,800000 0,007698 
21,900000 0,008782 
22,000000 0,009146 
22,100000 0,009367 
22,200000 0,009766 
22,300000 0,010180 
22,400000 0,010325 
22,500000 0,010422 
22,600000 0,010866 
22,700000 0,011301 
22,800000 0,011218 
22,900000 0,010514 
23,000000 0,010311 
23,100000 0,010322 
23,200000 0,010340 
23,300000 0,010575 
23,400000 0,010248 
23,500000 0,010668 
23,600000 0,011066 
23,700000 0,011260 
23,800000 0,011614 
23,900000 0,011233 
24,000000 0,011362 
24,100000 0,011515 
24,200000 0,011546 
24,300000 0,011604 
24,400000 0,011429 
24,500000 0,011341 
24,600000 0,011335 
24,700000 0,011234 
24,800000 0,010659 
24,900000 0,007929 
25,000000 0,006102 
25,100000 0,004109 
25,200000 0,002898 
25,300000 0,002892 
25,400000 0,003035 
25,500000 0,004758 
25,600000 0,007225 
25,700000 0,008299 
25,800000 0,007478 
25,900000 0,000867 
26,000000 -0,007796 
26,100000 -0,013383 
26,200000 -0,016832 
26,300000 -0,017137 
26,400000 -0,016697 
26,500000 -0,011980 
26,600000 -0,004336 
26,700000 -0,000843 
26,800000 -0,005864 
26,900000 -0,037405 
27,000000 -0,077100 
27,100000 -0,105985 
27,200000 -0,122647 
27,300000 -0,125236 
27,400000 -0,119829 
27,500000 -0,096135 
27,600000 -0,056613 
27,700000 -0,028212 
27,800000 -0,022106 
27,900000 -0,045245 
28,000000 -0,080695 
28,100000 -0,106442 
28,200000 -0,121229 
28,300000 -0,122887 
28,400000 -0,116030 
28,500000 -0,097466 
28,600000 -0,064853 
28,700000 -0,054555 
28,800000 -0,117269 
28,900000 -0,340703 
29,000000 -0,603431 
29,100000 -0,772001 
29,200000 -0,823121 
29,300000 -0,785868 
29,400000 -0,709688 
29,500000 -0,513885 
29,600000 -0,267779 
29,700000 -0,131110 
29,800000 -0,073987 
29,900000 -0,064113 
30,000000 -0,069176 
30,100000 -0,074777 
30,200000 -0,076328 
30,300000 -0,074775 
30,400000 -0,067318 
30,500000 -0,050699 
30,600000 -0,029687 
30,700000 -0,012499 
30,800000 -0,005868 
30,900000 -0,006588 
31,000000 -0,010290 
31,100000 -0,011838 
31,200000 -0,012842 
31,300000 -0,012513 
31,400000 -0,011316 
31,500000 -0,007376 
31,600000 -0,001813 
31,700000 0,000892 
31,800000 -0,007152 
31,900000 -0,037488 
32,000000 -0,072814 
32,100000 -0,096622 
32,200000 -0,110363 
32,300000 -0,113443 
32,400000 -0,102551 
32,500000 -0,083476 
32,600000 -0,049089 
32,700000 -0,023394 
32,800000 -0,014118 
32,900000 -0,016709 
33,000000 -0,021331 
33,100000 -0,024034 
33,200000 -0,026244 
33,300000 -0,024175 
33,400000 -0,021030 
33,500000 -0,013902 
33,600000 -0,004142 
33,700000 0,002610 
33,800000 0,006289 
33,900000 0,007190 
34,000000 0,007404 
34,100000 0,007387 
34,200000 0,007512 
34,300000 0,007578 
34,400000 0,007841 
34,500000 0,008322 
34,600000 0,009330 
34,700000 0,010125 
34,800000 0,010503 
34,900000 0,009866 
35,000000 0,009090 
35,100000 0,008453 
35,200000 0,008195 
35,300000 0,008337 
35,400000 0,008406 
35,500000 0,008917 
35,600000 0,009771 
35,700000 0,010733 
35,800000 0,011121 
35,900000 0,011015 
36,000000 0,011178 
36,100000 0,011165 
36,200000 0,011410 
36,300000 0,011416 
36,400000 0,011075 
36,500000 0,011356 
36,600000 0,011384 
36,700000 0,011005 
36,800000 0,010275 
36,900000 0,009066 
37,000000 0,007784 
37,100000 0,007302 
37,200000 0,006979 
37,300000 0,006988 
37,400000 0,007197 
37,500000 0,007566 
37,600000 0,008498 
37,700000 0,009440 
37,800000 0,008197 
37,900000 0,005419 
38,000000 0,001239 
38,100000 -0,002000 
38,200000 -0,003400 
38,300000 -0,003292 
38,400000 -0,002545 
38,500000 -0,000789 
38,600000 0,003930 
38,700000 0,007108 
38,800000 0,007312 
38,900000 0,003437 
39,000000 -0,001452 
39,100000 -0,004960 
39,200000 -0,007045 
39,300000 -0,007405 
39,400000 -0,006674 
39,500000 -0,003601 
39,600000 0,001821 
39,700000 0,005452 
39,800000 0,006550 
39,900000 -0,003488 
40,000000 -0,015843 
40,100000 -0,025112 
40,200000 -0,029490 
40,300000 -0,031126 
40,400000 -0,029024 
40,500000 -0,024258 
40,600000 -0,012353 
40,700000 -0,003991 
40,800000 -0,002135 
40,900000 -0,016429 
41,000000 -0,034036 
41,100000 -0,045086 
41,200000 -0,050768 
41,300000 -0,050341 
41,400000 -0,046398 
41,500000 -0,033766 
41,600000 -0,016878 
41,700000 -0,005625 
41,800000 -0,000027 
41,900000 -0,006664 
42,000000 -0,018395 
42,100000 -0,027585 
42,200000 -0,031375 
42,300000 -0,032521 
42,400000 -0,031499 
42,500000 -0,026797 
42,600000 -0,013856 
42,700000 -0,004842 
42,800000 -0,000523 
42,900000 -0,010903 
43,000000 -0,027431 
43,100000 -0,039993 
43,200000 -0,047382 
43,300000 -0,048582 
43,400000 -0,046800 
43,500000 -0,041065 
43,600000 -0,027033 
43,700000 -0,018689 
43,800000 -0,023090 
43,900000 -0,126591 
44,000000 -0,283605 
44,100000 -0,401525 
44,200000 -0,466375 
44,300000 -0,481473 
44,400000 -0,454096 
44,500000 -0,389524 
44,600000 -0,230962 
44,700000 -0,111569 
44,800000 -0,058301 
44,900000 -0,042376 
45,000000 -0,042530 
45,100000 -0,044182 
45,200000 -0,045766 
45,300000 -0,043759 
45,400000 -0,039482 
45,500000 -0,032066 
45,600000 -0,017615 
45,700000 -0,006538 
45,800000 -0,000810 
45,900000 -0,000158 
46,000000 -0,012205 
46,100000 -0,024179 
46,200000 -0,031626 
46,300000 -0,034734 
46,400000 -0,032910 
46,500000 -0,029326 
46,600000 -0,017154 
46,700000 -0,005839 
46,800000 0,001046 
46,900000 0,003313 
47,000000 -0,002982 
47,100000 -0,009629 
47,200000 -0,013681 
47,300000 -0,016008 
47,400000 -0,015257 
47,500000 -0,012662 
47,600000 -0,006567 
47,700000 0,000643 
47,800000 0,005251 
47,900000 0,007446 
48,000000 0,007203 
48,100000 0,006646 
48,200000 0,006304 
48,300000 0,006780 
48,400000 0,006949 
48,500000 0,007161 
48,600000 0,008034 
48,700000 0,009304 
48,800000 0,009968 
48,900000 0,010249 
49,000000 0,010574 
49,100000 0,010099 
49,200000 0,010268 
49,300000 0,010176 
49,400000 0,010249 
49,500000 0,010397 
49,600000 0,010553 
49,700000 0,010998 
49,800000 0,010922 
49,900000 0,010994 
50,000000 0,010563 
50,100000 0,010227 
50,200000 0,010006 
50,300000 0,009557 
50,400000 0,010166 
50,500000 0,010101 
50,600000 0,010297 
50,700000 0,010633 
50,800000 0,010880 
50,900000 0,010676 
51,000000 0,009276 
51,100000 0,007843 
51,200000 0,007091 
51,300000 0,006618 
51,400000 0,006781 
51,500000 0,006710 
51,600000 0,007470 
51,700000 0,008341 
51,800000 0,009186 
51,900000 0,009806 
52,000000 0,009111 
52,100000 0,008067 
52,200000 0,007456 
52,300000 0,007434 
52,400000 0,007374 
52,500000 0,007560 
52,600000 0,008285 
52,700000 0,009791 
52,800000 0,010169 
52,900000 0,010644 
53,000000 0,010173 
53,100000 0,009022 
53,200000 0,008225 
53,300000 0,008051 
53,400000 0,007842 
53,500000 0,008228 
53,600000 0,008629 
53,700000 0,009495 
53,800000 0,010264 
53,900000 0,010079 
54,000000 0,009898 
54,100000 0,008732 
54,200000 0,007995 
54,300000 0,007753 
54,400000 0,007602 
54,500000 0,007802 
54,600000 0,008393 
54,700000 0,009650 
54,800000 0,009803 
54,900000 0,010011 
55,000000 0,010147 
55,100000 0,009661 
55,200000 0,009213 
55,300000 0,009505 
55,400000 0,009154 
55,500000 0,008716 
55,600000 0,009456 
55,700000 0,009700 
55,800000 0,009932 
55,900000 0,010058 
56,000000 0,010210 
56,100000 0,009146 
56,200000 0,008076 
56,300000 0,007531 
56,400000 0,007374 
56,500000 0,007463 
56,600000 0,007831 
56,700000 0,008825 
56,800000 0,009616 
56,900000 0,009909 
57,000000 0,010045 
57,100000 0,008689 
57,200000 0,007648 
57,300000 0,007065 
57,400000 0,006487 
57,500000 0,007081 
57,600000 0,007235 
57,700000 0,007957 
57,800000 0,009172 
57,900000 0,009540 
58,000000 0,009311 
58,100000 0,008076 
58,200000 0,006481 
58,300000 0,003644 
58,400000 0,003063 
58,500000 0,003003 
58,600000 0,003361 
58,700000 0,005492 
58,800000 0,006406 
58,900000 0,005744 
59,000000 0,001412 
59,100000 -0,022654 
59,200000 -0,062743 
59,300000 -0,093364 
59,400000 -0,105534 
59,500000 -0,103987 
59,600000 -0,090172 
59,700000 -0,052474 
59,800000 -0,025031 
59,900000 -0,009240 
60,000000 -0,001866 
60,100000 0,002480 
60,200000 0,003111 
60,300000 0,003640 
60,400000 0,003541 
60,500000 0,004914 
60,600000 0,005855 
60,700000 0,007357 
60,800000 0,008251 
60,900000 0,009172 
61,000000 0,009846 
61,100000 0,009749 
61,200000 0,010273 
61,300000 0,010546 
61,400000 0,010273 
61,500000 0,010201 
61,600000 0,010116 
61,700000 0,010131 
61,800000 0,010841 
61,900000 0,010684 
62,000000 0,010997 
62,100000 0,010882 
62,200000 0,011000 
62,300000 0,010557 
62,400000 0,010711 
62,500000 0,010538 
62,600000 0,011028 
62,700000 0,010833 
62,800000 0,010816 
62,900000 0,010686 
63,000000 0,010528 
63,100000 0,010574 
63,200000 0,010259 
63,300000 0,010336 
63,400000 0,010418 
63,500000 0,010195 
63,600000 0,010030 
63,700000 0,010306 
63,800000 0,010437 
63,900000 0,010447 
64,000000 0,010840 
64,100000 0,010860 
64,200000 0,010634 
64,300000 0,010707 
64,400000 0,010337 
64,500000 0,010530 
64,600000 0,010381 
64,700000 0,010195 
64,800000 0,010785 
64,900000 0,010783 
65,000000 0,010622 
65,100000 0,010531 
65,200000 0,010765 
65,300000 0,010417 
65,400000 0,010895 
65,500000 0,010602 
65,600000 0,010510 
65,700000 0,010490 
65,800000 0,010485 
65,900000 0,010654 
66,000000 0,010819 
66,100000 0,010745 
66,200000 0,010396 
66,300000 0,010129 
66,400000 0,010169 
66,500000 0,011228 
66,600000 0,011582 
66,700000 0,011113 
66,800000 0,011082 
66,900000 0,011255 
67,000000 0,011251 
67,100000 0,010523 
67,200000 0,010496 
67,300000 0,010048 
67,400000 0,009582 
67,500000 0,009198 
67,600000 0,009741 
67,700000 0,009862 
67,800000 0,010620 
67,900000 0,011005 
68,000000 0,011262 
68,100000 0,011126 
68,200000 0,011304 
68,300000 0,010777 
68,400000 0,010564 
68,500000 0,010759 
68,600000 0,010644 
68,700000 0,010834 
68,800000 0,010930 
68,900000 0,010968 
69,000000 0,011280 
69,100000 0,010931 
69,200000 0,011128 
69,300000 0,010677 
69,400000 0,010803 
69,500000 0,010690 
69,600000 0,010729 
69,700000 0,010739 
69,800000 0,010621 
69,900000 0,010909 
70,000000 0,011001 
70,100000 0,010912 
70,200000 0,008941 
70,300000 0,007440 
70,400000 0,006137 
70,500000 0,005293 
70,600000 0,005639 
70,700000 0,007254 
70,800000 0,008374 
70,900000 0,009866 
71,000000 0,010452 
71,100000 0,010823 
71,200000 0,010737 
71,300000 0,011057 
71,400000 0,010856 
71,500000 0,010477 
71,600000 0,010434 
71,700000 0,010695 
71,800000 0,010707 
71,900000 0,010847 
72,000000 0,010852 
72,100000 0,011190 
72,200000 0,011041 
72,300000 0,010841 
72,400000 0,010260 
72,500000 0,009960 
72,600000 0,010106 
72,700000 0,009984 
72,800000 0,010443 
72,900000 0,010878 
73,000000 0,010887 
73,100000 0,011072 
73,200000 0,010915 
73,300000 0,011083 
73,400000 0,011177 
73,500000 0,010944 
73,600000 0,010776 
73,700000 0,011013 
73,800000 0,010977 
73,900000 0,011062 
74,000000 0,011348 
74,100000 0,011443 
74,200000 0,011344 
74,300000 0,010985 
74,400000 0,010799 
74,500000 0,011096 
74,600000 0,011324 
74,700000 0,011118 
74,800000 0,011247 
74,900000 0,011156 
75,000000 0,010953 
75,100000 0,011472 
75,200000 0,011188 
75,300000 0,011211 
75,400000 0,010958 
75,500000 0,010771 
75,600000 0,010881 
75,700000 0,010901 
75,800000 0,010897 
75,900000 0,011137 
76,000000 0,010980 
76,100000 0,010980 
76,200000 0,011212 
76,300000 0,011286 
76,400000 0,011293 
76,500000 0,011173 
76,600000 0,010916 
76,700000 0,011032 
76,800000 0,011420 
76,900000 0,011415 
77,000000 0,011150 
77,100000 0,011229 
77,200000 0,011260 
77,300000 0,011368 
77,400000 0,011452 
77,500000 0,010974 
77,600000 0,010963 
77,700000 0,011033 
77,800000 0,011254 
77,900000 0,011714 
78,000000 0,011513 
78,100000 0,011353 
78,200000 0,011480 
78,300000 0,011372 
78,400000 0,011316 
78,500000 0,011343 
78,600000 0,011213 
78,700000 0,010927 
78,800000 0,011033 
78,900000 0,011325 
79,000000 0,011571 
79,100000 0,011395 
79,200000 0,011383 
79,300000 0,011120 
79,400000 0,011185 
79,500000 0,011286 
79,600000 0,011054 
79,700000 0,011170 
79,800000 0,011139 
79,900000 0,011102 
80,000000 0,011447 
80,100000 0,011593 
80,200000 0,011576 
80,300000 0,011485 
80,400000 0,011158 
80,500000 0,011215 
80,600000 0,011040 
80,700000 0,011214 
80,800000 0,010225 
80,900000 0,010175 
81,000000 0,010524 
81,100000 0,010644 
81,200000 0,011783 
81,300000 0,011719 
81,400000 0,011378 
81,500000 0,011251 
81,600000 0,011110 
81,700000 0,011341 
81,800000 0,011346 
81,900000 0,011568 
82,000000 0,011274 
82,100000 0,011283 
82,200000 0,011334 
82,300000 0,011224 
82,400000 0,011112 
82,500000 0,011627 
82,600000 0,011168 
82,700000 0,011178 
82,800000 0,011367 
82,900000 0,011636 
83,000000 0,011523 
83,100000 0,011418 
83,200000 0,011202 
83,300000 0,011833 
83,400000 0,011004 
83,500000 0,011446 
83,600000 0,011300 
83,700000 0,011094 
83,800000 0,011348 
83,900000 0,011603 
84,000000 0,011553 
84,100000 0,011329 
84,200000 0,011042 
84,300000 0,011247 
84,400000 0,011351 
84,500000 0,011341 
84,600000 0,011312 
84,700000 0,011267 
84,800000 0,011349 
84,900000 0,011535 
85,000000 0,011372 
85,100000 0,011436 
85,200000 0,011267 
85,300000 0,011408 
85,400000 0,011519 
85,500000 0,011332 
85,600000 0,011362 
85,700000 0,011250 
85,800000 0,011208 
85,900000 0,011300 
86,000000 0,011447 
86,100000 0,011642 
86,200000 0,011509 
86,300000 0,011399 
86,400000 0,011151 
86,500000 0,011025 
86,600000 0,011539 
86,700000 0,011435 
86,800000 0,011073 
86,900000 0,011049 
87,000000 0,011229 
87,100000 0,011446 
87,200000 0,011450 
87,300000 0,011149 
87,400000 0,011189 
87,500000 0,011476 
87,600000 0,011125 
87,700000 0,010935 
87,800000 0,010857 
87,900000 0,011006 
88,000000 0,010934 
88,100000 0,011027 
88,200000 0,011446 
88,300000 0,011084 
88,400000 0,011626 
88,500000 0,011341 
88,600000 0,011025 
88,700000 0,011307 
88,800000 0,011591 
88,900000 0,011655 
89,000000 0,011205 
89,100000 0,011346 
89,200000 0,011426 
89,300000 0,011552 
89,400000 0,010950 
89,500000 0,011358 
89,600000 0,011293 
89,700000 0,011107 
89,800000 0,010821 
89,900000 0,011265 
90,000000 0,011372 
90,100000 0,011595 
90,200000 0,011319 
90,300000 0,011335 
90,400000 0,011382 
90,500000 0,011376 
90,600000 0,011440 
90,700000 0,011224 
90,800000 0,011327 
90,900000 0,011451 
91,000000 0,011519 
91,100000 0,011217 
91,200000 0,011274 
91,300000 0,011248 
91,400000 0,011121 
91,500000 0,011189 
91,600000 0,011453 
91,700000 0,011532 
91,800000 0,011387 
91,900000 0,011251 
92,000000 0,011171 
92,100000 0,011549 
92,200000 0,011312 
92,300000 0,011292 
92,400000 0,010979 
92,500000 0,011166 
92,600000 0,011369 
92,700000 0,011487 
92,800000 0,011037 
92,900000 0,011045 
93,000000 0,010912 
93,100000 0,011227 
93,200000 0,011180 
93,300000 0,011621 
93,400000 0,011333 
93,500000 0,011326 
93,600000 0,011140 
93,700000 0,011206 
93,800000 0,011539 
93,900000 0,011039 
94,000000 0,010958 
94,100000 0,011246 
94,200000 0,011238 
94,300000 0,011238 
94,400000 0,011187 
94,500000 0,010824 
94,600000 0,011328 
94,700000 0,010936 
94,800000 0,011346 
94,900000 0,011219 
95,000000 0,011443 
95,100000 0,011453 
95,200000 0,011372 
95,300000 0,011203 
95,400000 0,011527 
95,500000 0,011471 
95,600000 0,011143 
95,700000 0,011027 
95,800000 0,011680 
95,900000 0,011686 
96,000000 0,011514 
96,100000 0,011122 
96,200000 0,011020 
96,300000 0,011238 
96,400000 0,010887 
96,500000 0,011159 
96,600000 0,011294 
96,700000 0,010999 
96,800000 0,010948 
96,900000 0,010961 
97,000000 0,011245 
97,100000 0,011348 
97,200000 0,011204 
97,300000 0,011259 
97,400000 0,011338 
97,500000 0,011206 
97,600000 0,011209 
97,700000 0,011115 
97,800000 0,011140 
97,900000 0,011156 
98,000000 0,011206 
98,100000 0,011425 
98,200000 0,011119 
98,300000 0,011139 
98,400000 0,011079 
98,500000 0,011198 
98,600000 0,011274 
98,700000 0,011314 
98,800000 0,011160 
98,900000 0,011020 
99,000000 0,011272 
99,100000 0,011448 
99,200000 0,011385 
99,300000 0,011641 
99,400000 0,011350 
99,500000 0,011195 
99,600000 0,011183 
99,700000 0,011239 
99,800000 0,011080 
99,900000 0,011294 
100,000000 0,011140 
