0,000000 0,002438 
0,100000 0,005451 
0,200000 0,007246 
0,300000 0,008018 
0,400000 0,008516 
0,500000 0,009305 
0,600000 0,010151 
0,700000 0,009434 
0,800000 0,009500 
0,900000 0,010113 
1,000000 0,010087 
1,100000 0,009797 
1,200000 0,009670 
1,300000 0,010152 
1,400000 0,009443 
1,500000 0,009502 
1,600000 0,009265 
1,700000 0,009510 
1,800000 0,009723 
1,900000 0,009486 
2,000000 0,009656 
2,100000 0,009811 
2,200000 0,009716 
2,300000 0,010175 
2,400000 0,010310 
2,500000 0,010291 
2,600000 0,009740 
2,700000 0,009966 
2,800000 0,010141 
2,900000 0,011306 
3,000000 0,010437 
3,100000 0,010805 
3,200000 0,011267 
3,300000 0,011927 
3,400000 0,012121 
3,500000 0,012332 
3,600000 0,012421 
3,700000 0,012281 
3,800000 0,012008 
3,900000 0,011810 
4,000000 0,011686 
4,100000 0,012041 
4,200000 0,012369 
4,300000 0,011832 
4,400000 0,011446 
4,500000 0,011449 
4,600000 0,011956 
4,700000 0,012149 
4,800000 0,011731 
4,900000 0,011956 
5,000000 0,012190 
5,100000 0,012026 
5,200000 0,012027 
5,300000 0,011590 
5,400000 0,011868 
5,500000 0,011704 
5,600000 0,011737 
5,700000 0,011738 
5,800000 0,011578 
5,900000 0,012528 
6,000000 0,012212 
6,100000 0,012127 
6,200000 0,012044 
6,300000 0,012063 
6,400000 0,012261 
6,500000 0,012394 
6,600000 0,012090 
6,700000 0,012316 
6,800000 0,012317 
6,900000 0,012363 
7,000000 0,012564 
7,100000 0,012258 
7,200000 0,012316 
7,300000 0,012238 
7,400000 0,012320 
7,500000 0,012158 
7,600000 0,011470 
7,700000 0,011624 
7,800000 0,011496 
7,900000 0,011985 
8,000000 0,012025 
8,100000 0,011831 
8,200000 0,012074 
8,300000 0,012745 
8,400000 0,012381 
8,500000 0,012343 
8,600000 0,012358 
8,700000 0,012633 
8,800000 0,012131 
8,900000 0,012327 
9,000000 0,012343 
9,100000 0,012289 
9,200000 0,011458 
9,300000 0,010809 
9,400000 0,011233 
9,500000 0,011879 
9,600000 0,012925 
9,700000 0,012760 
9,800000 0,012333 
9,900000 0,012181 
10,000000 0,012211 
10,100000 0,012176 
10,200000 0,012355 
10,300000 0,012293 
10,400000 0,012195 
10,500000 0,012116 
10,600000 0,012242 
10,700000 0,012128 
10,800000 0,012144 
10,900000 0,012268 
11,000000 0,012281 
11,100000 0,011737 
11,200000 0,011776 
11,300000 0,011864 
11,400000 0,012128 
11,500000 0,012191 
11,600000 0,012248 
11,700000 0,011976 
11,800000 0,012159 
11,900000 0,012109 
12,000000 0,012365 
12,100000 0,012417 
12,200000 0,012024 
12,300000 0,012152 
12,400000 0,012104 
12,500000 0,012320 
12,600000 0,012094 
12,700000 0,011898 
12,800000 0,011985 
12,900000 0,012030 
13,000000 0,011856 
13,100000 0,011519 
13,200000 0,010966 
13,300000 0,010765 
13,400000 0,010789 
13,500000 0,010833 
13,600000 0,011078 
13,700000 0,011687 
13,800000 0,011858 
13,900000 0,011771 
14,000000 0,011983 
14,100000 0,012333 
14,200000 0,012138 
14,300000 0,012646 
14,400000 0,012419 
14,500000 0,012417 
14,600000 0,012394 
14,700000 0,012381 
14,800000 0,012507 
14,900000 0,012399 
15,000000 0,011945 
15,100000 0,011449 
15,200000 0,011510 
15,300000 0,011642 
15,400000 0,011525 
15,500000 0,011815 
15,600000 0,012191 
15,700000 0,012266 
15,800000 0,012347 
15,900000 0,012321 
16,000000 0,012300 
16,100000 0,012443 
16,200000 0,013204 
16,300000 0,013016 
16,400000 0,012726 
16,500000 0,012315 
16,600000 0,012728 
16,700000 0,012713 
16,800000 0,012296 
16,900000 0,012679 
17,000000 0,011939 
17,100000 0,011137 
17,200000 0,010500 
17,300000 0,010115 
17,400000 0,010174 
17,500000 0,010743 
17,600000 0,011466 
17,700000 0,011454 
17,800000 0,011458 
17,900000 0,010364 
18,000000 0,006204 
18,100000 0,000832 
18,200000 -0,003227 
18,300000 -0,005087 
18,400000 -0,005154 
18,500000 -0,001338 
18,600000 0,004475 
18,700000 0,007217 
18,800000 0,007859 
18,900000 0,001529 
19,000000 -0,014614 
19,100000 -0,032662 
19,200000 -0,046111 
19,300000 -0,053660 
19,400000 -0,052268 
19,500000 -0,037964 
19,600000 -0,018768 
19,700000 -0,006332 
19,800000 0,001816 
19,900000 0,005660 
20,000000 0,008137 
20,100000 0,009646 
20,200000 0,010025 
20,300000 0,010215 
20,400000 0,010265 
20,500000 0,011007 
20,600000 0,011731 
20,700000 0,011331 
20,800000 0,010479 
20,900000 0,007179 
21,000000 -0,000591 
21,100000 -0,007176 
21,200000 -0,011028 
21,300000 -0,013601 
21,400000 -0,012979 
21,500000 -0,006339 
21,600000 0,001351 
21,700000 0,006181 
21,800000 0,008486 
21,900000 0,010315 
22,000000 0,010973 
22,100000 0,011450 
22,200000 0,011535 
22,300000 0,011602 
22,400000 0,012003 
22,500000 0,011940 
22,600000 0,012153 
22,700000 0,012122 
22,800000 0,012225 
22,900000 0,012174 
23,000000 0,012014 
23,100000 0,012163 
23,200000 0,011853 
23,300000 0,011317 
23,400000 0,011520 
23,500000 0,012099 
23,600000 0,012087 
23,700000 0,012377 
23,800000 0,012368 
23,900000 0,012378 
24,000000 0,012280 
24,100000 0,012054 
24,200000 0,011942 
24,300000 0,011963 
24,400000 0,012060 
24,500000 0,012005 
24,600000 0,011855 
24,700000 0,011522 
24,800000 0,011601 
24,900000 0,012345 
25,000000 0,012372 
25,100000 0,012099 
25,200000 0,012023 
25,300000 0,011706 
25,400000 0,012190 
25,500000 0,011987 
25,600000 0,012086 
25,700000 0,012227 
25,800000 0,011723 
25,900000 0,011874 
26,000000 0,011830 
26,100000 0,011774 
26,200000 0,011860 
26,300000 0,011882 
26,400000 0,011429 
26,500000 0,011781 
26,600000 0,011992 
26,700000 0,012145 
26,800000 0,012050 
26,900000 0,011818 
27,000000 0,011790 
27,100000 0,011680 
27,200000 0,011304 
27,300000 0,011205 
27,400000 0,011247 
27,500000 0,011227 
27,600000 0,011644 
27,700000 0,011840 
27,800000 0,011863 
27,900000 0,011615 
28,000000 0,010943 
28,100000 0,010646 
28,200000 0,010110 
28,300000 0,010355 
28,400000 0,010256 
28,500000 0,010316 
28,600000 0,010486 
28,700000 0,009800 
28,800000 0,004490 
28,900000 -0,007437 
29,000000 -0,020088 
29,100000 -0,029935 
29,200000 -0,037222 
29,300000 -0,038088 
29,400000 -0,034796 
29,500000 -0,024483 
29,600000 -0,011653 
29,700000 -0,002205 
29,800000 0,004092 
29,900000 0,006951 
30,000000 0,008568 
30,100000 0,009151 
30,200000 0,009780 
30,300000 0,010067 
30,400000 0,010360 
30,500000 0,010657 
30,600000 0,011256 
30,700000 0,011240 
30,800000 0,011302 
30,900000 0,011123 
31,000000 0,011113 
31,100000 0,010544 
31,200000 0,010642 
31,300000 0,010542 
31,400000 0,010480 
31,500000 0,010636 
31,600000 0,011018 
31,700000 0,011192 
31,800000 0,011068 
31,900000 0,010128 
32,000000 0,009498 
32,100000 0,009092 
32,200000 0,008365 
32,300000 0,008320 
32,400000 0,008312 
32,500000 0,009353 
32,600000 0,009977 
32,700000 0,010994 
32,800000 0,010595 
32,900000 0,010058 
33,000000 0,009806 
33,100000 0,008934 
33,200000 0,008494 
33,300000 0,008486 
33,400000 0,009006 
33,500000 0,009496 
33,600000 0,009971 
33,700000 0,010503 
33,800000 0,011129 
33,900000 0,011235 
34,000000 0,011707 
34,100000 0,011695 
34,200000 0,012074 
34,300000 0,012085 
34,400000 0,012138 
34,500000 0,011790 
34,600000 0,012002 
34,700000 0,011831 
34,800000 0,011907 
34,900000 0,011816 
35,000000 0,012130 
35,100000 0,011697 
35,200000 0,012194 
35,300000 0,012194 
35,400000 0,011919 
35,500000 0,011951 
35,600000 0,012092 
35,700000 0,012229 
35,800000 0,011733 
35,900000 0,013806 
36,000000 0,013525 
36,100000 0,012850 
36,200000 0,012714 
36,300000 0,012593 
36,400000 0,012680 
36,500000 0,012536 
36,600000 0,013241 
36,700000 0,012648 
36,800000 0,012646 
36,900000 0,012287 
37,000000 0,012499 
37,100000 0,012600 
37,200000 0,012524 
37,300000 0,012527 
37,400000 0,012650 
37,500000 0,012593 
37,600000 0,012681 
37,700000 0,012427 
37,800000 0,012433 
37,900000 0,012300 
38,000000 0,012803 
38,100000 0,012848 
38,200000 0,011862 
38,300000 0,011505 
38,400000 0,011927 
38,500000 0,011953 
38,600000 0,011856 
38,700000 0,011926 
38,800000 0,012364 
38,900000 0,012062 
39,000000 0,012117 
39,100000 0,012394 
39,200000 0,012247 
39,300000 0,012208 
39,400000 0,012014 
39,500000 0,011944 
39,600000 0,012095 
39,700000 0,012313 
39,800000 0,012422 
39,900000 0,012276 
40,000000 0,011992 
40,100000 0,012069 
40,200000 0,012027 
40,300000 0,011961 
40,400000 0,012079 
40,500000 0,012063 
40,600000 0,012310 
40,700000 0,012344 
40,800000 0,012475 
40,900000 0,012176 
41,000000 0,011978 
41,100000 0,012079 
41,200000 0,011805 
41,300000 0,011757 
41,400000 0,012047 
41,500000 0,011755 
41,600000 0,011872 
41,700000 0,012243 
41,800000 0,012140 
41,900000 0,012220 
42,000000 0,012069 
42,100000 0,011840 
42,200000 0,011373 
42,300000 0,012099 
42,400000 0,012410 
42,500000 0,012116 
42,600000 0,012750 
42,700000 0,012253 
42,800000 0,012099 
42,900000 0,012207 
43,000000 0,012488 
43,100000 0,012250 
43,200000 0,012149 
43,300000 0,012273 
43,400000 0,012076 
43,500000 0,012181 
43,600000 0,012215 
43,700000 0,012303 
43,800000 0,012235 
43,900000 0,012345 
44,000000 0,012063 
44,100000 0,012052 
44,200000 0,012054 
44,300000 0,012021 
44,400000 0,011806 
44,500000 0,011432 
44,600000 0,011932 
44,700000 0,012169 
44,800000 0,011857 
44,900000 0,010643 
45,000000 0,009542 
45,100000 0,008078 
45,200000 0,006664 
45,300000 0,006227 
45,400000 0,006292 
45,500000 0,007584 
45,600000 0,009316 
45,700000 0,010481 
45,800000 0,011138 
45,900000 0,011526 
46,000000 0,011668 
46,100000 0,011959 
46,200000 0,011604 
46,300000 0,012004 
46,400000 0,011632 
46,500000 0,011698 
46,600000 0,011940 
46,700000 0,011921 
46,800000 0,012016 
46,900000 0,012377 
47,000000 0,012067 
47,100000 0,011941 
47,200000 0,011905 
47,300000 0,012018 
47,400000 0,012086 
47,500000 0,012265 
47,600000 0,012184 
47,700000 0,012094 
47,800000 0,011958 
47,900000 0,011106 
48,000000 0,009772 
48,100000 0,008261 
48,200000 0,007151 
48,300000 0,006041 
48,400000 0,006089 
48,500000 0,006778 
48,600000 0,008607 
48,700000 0,010187 
48,800000 0,010864 
48,900000 0,011563 
49,000000 0,011578 
49,100000 0,011661 
49,200000 0,011839 
49,300000 0,011969 
49,400000 0,012140 
49,500000 0,011997 
49,600000 0,012236 
49,700000 0,012075 
49,800000 0,012305 
49,900000 0,012193 
50,000000 0,012046 
50,100000 0,012239 
50,200000 0,012354 
50,300000 0,012148 
50,400000 0,012142 
50,500000 0,012179 
50,600000 0,012088 
50,700000 0,011860 
50,800000 0,012031 
50,900000 0,012244 
51,000000 0,011697 
51,100000 0,010908 
51,200000 0,010653 
51,300000 0,010350 
51,400000 0,010599 
51,500000 0,010487 
51,600000 0,010787 
51,700000 0,011204 
51,800000 0,011771 
51,900000 0,011838 
52,000000 0,012432 
52,100000 0,012012 
52,200000 0,011713 
52,300000 0,011457 
52,400000 0,011564 
52,500000 0,011468 
52,600000 0,011822 
52,700000 0,011801 
52,800000 0,012135 
52,900000 0,012125 
53,000000 0,012478 
53,100000 0,012234 
53,200000 0,012386 
53,300000 0,012381 
53,400000 0,012329 
53,500000 0,011830 
53,600000 0,012295 
53,700000 0,012344 
53,800000 0,012087 
53,900000 0,012260 
54,000000 0,012367 
54,100000 0,012281 
54,200000 0,012329 
54,300000 0,012457 
54,400000 0,012244 
54,500000 0,012062 
54,600000 0,012406 
54,700000 0,012722 
54,800000 0,012246 
54,900000 0,012501 
55,000000 0,012356 
55,100000 0,012337 
55,200000 0,012394 
55,300000 0,012199 
55,400000 0,012198 
55,500000 0,012523 
55,600000 0,012238 
55,700000 0,012077 
55,800000 0,011979 
55,900000 0,012247 
56,000000 0,012336 
56,100000 0,012206 
56,200000 0,012157 
56,300000 0,012444 
56,400000 0,012353 
56,500000 0,012479 
56,600000 0,012549 
56,700000 0,012156 
56,800000 0,012175 
56,900000 0,012359 
57,000000 0,012500 
57,100000 0,012462 
57,200000 0,012092 
57,300000 0,011796 
57,400000 0,011909 
57,500000 0,012087 
57,600000 0,012145 
57,700000 0,011996 
57,800000 0,011847 
57,900000 0,012074 
58,000000 0,012174 
58,100000 0,011893 
58,200000 0,012155 
58,300000 0,012503 
58,400000 0,012553 
58,500000 0,012774 
58,600000 0,012280 
58,700000 0,012371 
58,800000 0,012401 
58,900000 0,012489 
59,000000 0,012717 
59,100000 0,012386 
59,200000 0,012252 
59,300000 0,012847 
59,400000 0,012191 
59,500000 0,012276 
59,600000 0,012243 
59,700000 0,012381 
59,800000 0,012313 
59,900000 0,012334 
60,000000 0,012148 
60,100000 0,012227 
60,200000 0,012127 
60,300000 0,012436 
60,400000 0,012396 
60,500000 0,012603 
60,600000 0,012662 
60,700000 0,012514 
60,800000 0,012626 
60,900000 0,012906 
61,000000 0,012035 
61,100000 0,012316 
61,200000 0,012313 
61,300000 0,012801 
61,400000 0,012575 
61,500000 0,012022 
61,600000 0,012051 
61,700000 0,012226 
61,800000 0,012233 
61,900000 0,012646 
62,000000 0,012389 
62,100000 0,012494 
62,200000 0,012330 
62,300000 0,012311 
62,400000 0,012463 
62,500000 0,012392 
62,600000 0,012400 
62,700000 0,012679 
62,800000 0,012614 
62,900000 0,012469 
63,000000 0,012531 
63,100000 0,012489 
63,200000 0,012092 
63,300000 0,012257 
63,400000 0,012069 
63,500000 0,012392 
63,600000 0,012456 
63,700000 0,012542 
63,800000 0,012242 
63,900000 0,012152 
64,000000 0,012469 
64,100000 0,012417 
64,200000 0,012573 
64,300000 0,012251 
64,400000 0,012334 
64,500000 0,012589 
64,600000 0,012405 
64,700000 0,012519 
64,800000 0,012430 
64,900000 0,012039 
65,000000 0,012197 
65,100000 0,012276 
65,200000 0,012456 
65,300000 0,012374 
65,400000 0,012315 
65,500000 0,012181 
65,600000 0,012493 
65,700000 0,012463 
65,800000 0,012487 
65,900000 0,012469 
66,000000 0,012715 
66,100000 0,012302 
66,200000 0,012406 
66,300000 0,012441 
66,400000 0,012630 
66,500000 0,013615 
66,600000 0,012662 
66,700000 0,012402 
66,800000 0,012601 
66,900000 0,012781 
67,000000 0,012598 
67,100000 0,012725 
67,200000 0,011939 
67,300000 0,011561 
67,400000 0,010874 
67,500000 0,010553 
67,600000 0,010650 
67,700000 0,011209 
67,800000 0,011478 
67,900000 0,012272 
68,000000 0,012743 
68,100000 0,012530 
68,200000 0,012961 
68,300000 0,012627 
68,400000 0,012592 
68,500000 0,012517 
68,600000 0,012531 
68,700000 0,012785 
68,800000 0,011877 
68,900000 0,012598 
69,000000 0,012264 
69,100000 0,012632 
69,200000 0,012466 
69,300000 0,012405 
69,400000 0,012548 
69,500000 0,012343 
69,600000 0,012407 
69,700000 0,012639 
69,800000 0,012442 
69,900000 0,012415 
70,000000 0,012228 
70,100000 0,012139 
70,200000 0,011182 
70,300000 0,009216 
70,400000 0,006471 
70,500000 0,005393 
70,600000 0,005248 
70,700000 0,006975 
70,800000 0,009037 
70,900000 0,010634 
71,000000 0,011283 
71,100000 0,011948 
71,200000 0,012155 
71,300000 0,012002 
71,400000 0,012645 
71,500000 0,012118 
71,600000 0,012462 
71,700000 0,012457 
71,800000 0,012539 
71,900000 0,013020 
72,000000 0,012839 
72,100000 0,012599 
72,200000 0,012441 
72,300000 0,012077 
72,400000 0,012441 
72,500000 0,012544 
72,600000 0,012823 
72,700000 0,012324 
72,800000 0,012535 
72,900000 0,012515 
73,000000 0,012399 
73,100000 0,012644 
73,200000 0,012766 
73,300000 0,012711 
73,400000 0,012567 
73,500000 0,012246 
73,600000 0,012575 
73,700000 0,012897 
73,800000 0,012936 
73,900000 0,012880 
74,000000 0,012397 
74,100000 0,012387 
74,200000 0,012551 
74,300000 0,012584 
74,400000 0,012707 
74,500000 0,012469 
74,600000 0,012452 
74,700000 0,012615 
74,800000 0,012538 
74,900000 0,012779 
75,000000 0,012885 
75,100000 0,012467 
75,200000 0,012514 
75,300000 0,012448 
75,400000 0,012344 
75,500000 0,012383 
75,600000 0,012401 
75,700000 0,012476 
75,800000 0,012724 
75,900000 0,012707 
76,000000 0,012619 
76,100000 0,012952 
76,200000 0,013239 
76,300000 0,012639 
76,400000 0,012480 
76,500000 0,012634 
76,600000 0,012519 
76,700000 0,012528 
76,800000 0,012547 
76,900000 0,012521 
77,000000 0,012641 
77,100000 0,012640 
77,200000 0,012597 
77,300000 0,012449 
77,400000 0,012278 
77,500000 0,012552 
77,600000 0,012644 
77,700000 0,012631 
77,800000 0,012993 
77,900000 0,012855 
78,000000 0,012490 
78,100000 0,012311 
78,200000 0,012472 
78,300000 0,012438 
78,400000 0,012288 
78,500000 0,012424 
78,600000 0,012570 
78,700000 0,012324 
78,800000 0,012361 
78,900000 0,012522 
79,000000 0,012451 
79,100000 0,012521 
79,200000 0,012673 
79,300000 0,012734 
79,400000 0,012328 
79,500000 0,012139 
79,600000 0,012474 
79,700000 0,012735 
79,800000 0,012329 
79,900000 0,012402 
80,000000 0,012400 
80,100000 0,012384 
80,200000 0,012541 
80,300000 0,012459 
80,400000 0,012474 
80,500000 0,012438 
80,600000 0,012579 
80,700000 0,012454 
80,800000 0,012327 
80,900000 0,012657 
81,000000 0,012500 
81,100000 0,012473 
81,200000 0,012446 
81,300000 0,012233 
81,400000 0,012350 
81,500000 0,012485 
81,600000 0,012565 
81,700000 0,012544 
81,800000 0,012480 
81,900000 0,012277 
82,000000 0,012537 
82,100000 0,012424 
82,200000 0,012389 
82,300000 0,012388 
82,400000 0,012540 
82,500000 0,012449 
82,600000 0,012430 
82,700000 0,012435 
82,800000 0,011948 
82,900000 0,012075 
83,000000 0,012348 
83,100000 0,012258 
83,200000 0,012167 
83,300000 0,012036 
83,400000 0,012178 
83,500000 0,012443 
83,600000 0,012180 
83,700000 0,012422 
83,800000 0,012489 
83,900000 0,012162 
84,000000 0,011883 
84,100000 0,012191 
84,200000 0,012495 
84,300000 0,012479 
84,400000 0,012325 
84,500000 0,012398 
84,600000 0,012297 
84,700000 0,012232 
84,800000 0,012144 
84,900000 0,012397 
85,000000 0,012175 
85,100000 0,012026 
85,200000 0,012202 
85,300000 0,012205 
85,400000 0,012333 
85,500000 0,012321 
85,600000 0,012431 
85,700000 0,012185 
85,800000 0,012514 
85,900000 0,012482 
86,000000 0,012617 
86,100000 0,012500 
86,200000 0,012162 
86,300000 0,012391 
86,400000 0,012574 
86,500000 0,012340 
86,600000 0,012136 
86,700000 0,012339 
86,800000 0,012551 
86,900000 0,012626 
87,000000 0,012411 
87,100000 0,012295 
87,200000 0,012125 
87,300000 0,012338 
87,400000 0,012577 
87,500000 0,012377 
87,600000 0,012554 
87,700000 0,012308 
87,800000 0,012712 
87,900000 0,012196 
88,000000 0,012167 
88,100000 0,012279 
88,200000 0,012538 
88,300000 0,012466 
88,400000 0,012385 
88,500000 0,012228 
88,600000 0,012524 
88,700000 0,012609 
88,800000 0,012532 
88,900000 0,012343 
89,000000 0,012194 
89,100000 0,012455 
89,200000 0,012413 
89,300000 0,012497 
89,400000 0,012284 
89,500000 0,012008 
89,600000 0,012094 
89,700000 0,012305 
89,800000 0,012434 
89,900000 0,012581 
90,000000 0,012392 
90,100000 0,012328 
90,200000 0,012475 
90,300000 0,012446 
90,400000 0,012242 
90,500000 0,012323 
90,600000 0,012324 
90,700000 0,012329 
90,800000 0,012466 
90,900000 0,012405 
91,000000 0,012653 
91,100000 0,012663 
91,200000 0,012545 
91,300000 0,012580 
91,400000 0,012542 
91,500000 0,012621 
91,600000 0,012469 
91,700000 0,012581 
91,800000 0,012159 
91,900000 0,012349 
92,000000 0,012456 
92,100000 0,012300 
92,200000 0,012508 
92,300000 0,012484 
92,400000 0,012724 
92,500000 0,012763 
92,600000 0,012518 
92,700000 0,012640 
92,800000 0,012427 
92,900000 0,012559 
93,000000 0,012478 
93,100000 0,012576 
93,200000 0,012487 
93,300000 0,012700 
93,400000 0,012380 
93,500000 0,012229 
93,600000 0,012330 
93,700000 0,012374 
93,800000 0,012421 
93,900000 0,012333 
94,000000 0,012534 
94,100000 0,012295 
94,200000 0,012458 
94,300000 0,012760 
94,400000 0,012405 
94,500000 0,012394 
94,600000 0,012377 
94,700000 0,012323 
94,800000 0,012603 
94,900000 0,012388 
95,000000 0,012109 
95,100000 0,012632 
95,200000 0,012404 
95,300000 0,012147 
95,400000 0,012222 
95,500000 0,012529 
95,600000 0,012456 
95,700000 0,012644 
95,800000 0,012327 
95,900000 0,012337 
96,000000 0,012502 
96,100000 0,012393 
96,200000 0,012452 
96,300000 0,012323 
96,400000 0,012438 
96,500000 0,012469 
96,600000 0,012265 
96,700000 0,012484 
96,800000 0,012548 
96,900000 0,012421 
97,000000 0,012498 
97,100000 0,011928 
97,200000 0,012058 
97,300000 0,012354 
97,400000 0,012121 
97,500000 0,012313 
97,600000 0,012183 
97,700000 0,012614 
97,800000 0,012590 
97,900000 0,012585 
98,000000 0,012560 
98,100000 0,012733 
98,200000 0,012364 
98,300000 0,012466 
98,400000 0,012393 
98,500000 0,012709 
98,600000 0,012541 
98,700000 0,012643 
98,800000 0,012338 
98,900000 0,012613 
99,000000 0,012657 
99,100000 0,012527 
99,200000 0,012636 
99,300000 0,012563 
99,400000 0,012337 
99,500000 0,012495 
99,600000 0,012366 
99,700000 0,012544 
99,800000 0,012510 
99,900000 0,012693 
100,000000 0,012727 
