0,000000 0,006591 
0,100000 0,007974 
0,200000 0,009006 
0,300000 0,009421 
0,400000 0,009518 
0,500000 0,009546 
0,600000 0,009733 
0,700000 0,009697 
0,800000 0,009746 
0,900000 0,009802 
1,000000 0,009748 
1,100000 0,009714 
1,200000 0,009811 
1,300000 0,009883 
1,400000 0,009859 
1,500000 0,009471 
1,600000 0,009716 
1,700000 0,007718 
1,800000 0,009162 
1,900000 0,008991 
2,000000 0,009206 
2,100000 0,009244 
2,200000 0,009452 
2,300000 0,009865 
2,400000 0,009188 
2,500000 0,009205 
2,600000 0,009234 
2,700000 0,009507 
2,800000 0,009650 
2,900000 0,009846 
3,000000 0,009914 
3,100000 0,010095 
3,200000 0,010319 
3,300000 0,010591 
3,400000 0,010605 
3,500000 0,010888 
3,600000 0,010762 
3,700000 0,010575 
3,800000 0,010912 
3,900000 0,010208 
4,000000 0,010380 
4,100000 0,010531 
4,200000 0,010618 
4,300000 0,010419 
4,400000 0,010580 
4,500000 0,010713 
4,600000 0,010859 
4,700000 0,010658 
4,800000 0,010682 
4,900000 0,010781 
5,000000 0,010767 
5,100000 0,010793 
5,200000 0,010731 
5,300000 0,010675 
5,400000 0,010751 
5,500000 0,010561 
5,600000 0,010838 
5,700000 0,010364 
5,800000 0,010857 
5,900000 0,010759 
6,000000 0,010626 
6,100000 0,010819 
6,200000 0,010486 
6,300000 0,010712 
6,400000 0,010789 
6,500000 0,010747 
6,600000 0,010937 
6,700000 0,010760 
6,800000 0,010665 
6,900000 0,011833 
7,000000 0,011531 
7,100000 0,011192 
7,200000 0,010912 
7,300000 0,010506 
7,400000 0,010786 
7,500000 0,010799 
7,600000 0,010512 
7,700000 0,011052 
7,800000 0,011078 
7,900000 0,010979 
8,000000 0,010873 
8,100000 0,010652 
8,200000 0,010916 
8,300000 0,011327 
8,400000 0,010375 
8,500000 0,010672 
8,600000 0,010366 
8,700000 0,011161 
8,800000 0,010740 
8,900000 0,010924 
9,000000 0,010771 
9,100000 0,011139 
9,200000 0,011011 
9,300000 0,011050 
9,400000 0,011104 
9,500000 0,010749 
9,600000 0,011056 
9,700000 0,010977 
9,800000 0,011116 
9,900000 0,010739 
10,000000 0,011224 
10,100000 0,011125 
10,200000 0,011663 
10,300000 0,011208 
10,400000 0,010612 
10,500000 0,010324 
10,600000 0,010990 
10,700000 0,010724 
10,800000 0,010829 
10,900000 0,010851 
11,000000 0,010870 
11,100000 0,010831 
11,200000 0,010820 
11,300000 0,011797 
11,400000 0,010756 
11,500000 0,010501 
11,600000 0,010520 
11,700000 0,010959 
11,800000 0,010696 
11,900000 0,010705 
12,000000 0,010910 
12,100000 0,010802 
12,200000 0,010716 
12,300000 0,010722 
12,400000 0,010720 
12,500000 0,010632 
12,600000 0,010770 
12,700000 0,010623 
12,800000 0,010730 
12,900000 0,010731 
13,000000 0,010847 
13,100000 0,010756 
13,200000 0,010429 
13,300000 0,010144 
13,400000 0,010276 
13,500000 0,010376 
13,600000 0,010838 
13,700000 0,010932 
13,800000 0,011530 
13,900000 0,010765 
14,000000 0,010571 
14,100000 0,010858 
14,200000 0,010889 
14,300000 0,010671 
14,400000 0,010953 
14,500000 0,010501 
14,600000 0,010710 
14,700000 0,010616 
14,800000 0,010770 
14,900000 0,010810 
15,000000 0,010563 
15,100000 0,010436 
15,200000 0,010255 
15,300000 0,010591 
15,400000 0,010387 
15,500000 0,010411 
15,600000 0,010683 
15,700000 0,010796 
15,800000 0,010909 
15,900000 0,010724 
16,000000 0,010827 
16,100000 0,010207 
16,200000 0,010339 
16,300000 0,010197 
16,400000 0,010094 
16,500000 0,010176 
16,600000 0,010280 
16,700000 0,010730 
16,800000 0,010813 
16,900000 0,010672 
17,000000 0,010592 
17,100000 0,010165 
17,200000 0,009703 
17,300000 0,009775 
17,400000 0,009841 
17,500000 0,009869 
17,600000 0,010099 
17,700000 0,010440 
17,800000 0,010422 
17,900000 0,010082 
18,000000 0,007859 
18,100000 0,005666 
18,200000 0,003895 
18,300000 0,002372 
18,400000 0,003128 
18,500000 0,004982 
18,600000 0,007291 
18,700000 0,009094 
18,800000 0,009020 
18,900000 0,006495 
19,000000 -0,002849 
19,100000 -0,012497 
19,200000 -0,019982 
19,300000 -0,023504 
19,400000 -0,023538 
19,500000 -0,015712 
19,600000 -0,006241 
19,700000 0,001603 
19,800000 0,005671 
19,900000 0,007591 
20,000000 0,009083 
20,100000 0,009625 
20,200000 0,009905 
20,300000 0,010040 
20,400000 0,010298 
20,500000 0,010078 
20,600000 0,010332 
20,700000 0,010536 
20,800000 0,010311 
20,900000 0,009201 
21,000000 0,006905 
21,100000 0,004229 
21,200000 0,002492 
21,300000 0,001204 
21,400000 0,001692 
21,500000 0,004962 
21,600000 0,007297 
21,700000 0,009376 
21,800000 0,009565 
21,900000 0,010193 
22,000000 0,010216 
22,100000 0,013148 
22,200000 0,012891 
22,300000 0,012500 
22,400000 0,012225 
22,500000 0,012108 
22,600000 0,011747 
22,700000 0,011839 
22,800000 0,011758 
22,900000 0,011568 
23,000000 0,011268 
23,100000 0,011186 
23,200000 0,011297 
23,300000 0,011289 
23,400000 0,011264 
23,500000 0,011448 
23,600000 0,011730 
23,700000 0,011299 
23,800000 0,011210 
23,900000 0,011676 
24,000000 0,011859 
24,100000 0,011501 
24,200000 0,011395 
24,300000 0,011756 
24,400000 0,011777 
24,500000 0,011754 
24,600000 0,011721 
24,700000 0,011569 
24,800000 0,012048 
24,900000 0,012401 
25,000000 0,012060 
25,100000 0,012233 
25,200000 0,012061 
25,300000 0,012329 
25,400000 0,012070 
25,500000 0,012142 
25,600000 0,012051 
25,700000 0,012144 
25,800000 0,012061 
25,900000 0,012088 
26,000000 0,011952 
26,100000 0,011963 
26,200000 0,011955 
26,300000 0,012053 
26,400000 0,011739 
26,500000 0,012103 
26,600000 0,012598 
26,700000 0,012423 
26,800000 0,012313 
26,900000 0,011706 
27,000000 0,011644 
27,100000 0,011830 
27,200000 0,011625 
27,300000 0,011598 
27,400000 0,011049 
27,500000 0,011195 
27,600000 0,011538 
27,700000 0,011888 
27,800000 0,011902 
27,900000 0,012051 
28,000000 0,011456 
28,100000 0,011235 
28,200000 0,011189 
28,300000 0,011099 
28,400000 0,011033 
28,500000 0,011408 
28,600000 0,011229 
28,700000 0,010498 
28,800000 0,008940 
28,900000 0,003465 
29,000000 -0,003359 
29,100000 -0,007798 
29,200000 -0,010527 
29,300000 -0,011240 
29,400000 -0,009342 
29,500000 -0,004931 
29,600000 0,001978 
29,700000 0,006701 
29,800000 0,009358 
29,900000 0,010143 
30,000000 0,010659 
30,100000 0,010786 
30,200000 0,011232 
30,300000 0,011213 
30,400000 0,011358 
30,500000 0,011344 
30,600000 0,011590 
30,700000 0,012077 
30,800000 0,012127 
30,900000 0,011530 
31,000000 0,011303 
31,100000 0,010816 
31,200000 0,010925 
31,300000 0,010989 
31,400000 0,010730 
31,500000 0,011136 
31,600000 0,011531 
31,700000 0,011821 
31,800000 0,011690 
31,900000 0,011592 
32,000000 0,011188 
32,100000 0,010830 
32,200000 0,010885 
32,300000 0,010930 
32,400000 0,011154 
32,500000 0,011276 
32,600000 0,011887 
32,700000 0,011920 
32,800000 0,011782 
32,900000 0,011360 
33,000000 0,010684 
33,100000 0,010280 
33,200000 0,010206 
33,300000 0,010166 
33,400000 0,010235 
33,500000 0,010765 
33,600000 0,011128 
33,700000 0,011439 
33,800000 0,011763 
33,900000 0,011918 
34,000000 0,012206 
34,100000 0,012200 
34,200000 0,012250 
34,300000 0,012193 
34,400000 0,012219 
34,500000 0,012125 
34,600000 0,012644 
34,700000 0,012500 
34,800000 0,012251 
34,900000 0,012326 
35,000000 0,012255 
35,100000 0,012297 
35,200000 0,012051 
35,300000 0,012161 
35,400000 0,012141 
35,500000 0,012310 
35,600000 0,012201 
35,700000 0,012298 
35,800000 0,012386 
35,900000 0,011948 
36,000000 0,012326 
36,100000 0,012212 
36,200000 0,012180 
36,300000 0,011986 
36,400000 0,012267 
36,500000 0,012206 
36,600000 0,012100 
36,700000 0,012285 
36,800000 0,011999 
36,900000 0,012120 
37,000000 0,012142 
37,100000 0,012398 
37,200000 0,012202 
37,300000 0,012239 
37,400000 0,012107 
37,500000 0,012155 
37,600000 0,012232 
37,700000 0,012023 
37,800000 0,012142 
37,900000 0,012233 
38,000000 0,012153 
38,100000 0,012002 
38,200000 0,012343 
38,300000 0,012305 
38,400000 0,012090 
38,500000 0,012236 
38,600000 0,012099 
38,700000 0,012250 
38,800000 0,012223 
38,900000 0,012124 
39,000000 0,012015 
39,100000 0,012312 
39,200000 0,012011 
39,300000 0,012102 
39,400000 0,012156 
39,500000 0,012205 
39,600000 0,011937 
39,700000 0,012166 
39,800000 0,012454 
39,900000 0,012211 
40,000000 0,011992 
40,100000 0,012055 
40,200000 0,012049 
40,300000 0,012181 
40,400000 0,012196 
40,500000 0,012128 
40,600000 0,012204 
40,700000 0,012050 
40,800000 0,012062 
40,900000 0,011869 
41,000000 0,011608 
41,100000 0,011428 
41,200000 0,011249 
41,300000 0,011250 
41,400000 0,011364 
41,500000 0,011716 
41,600000 0,011795 
41,700000 0,011760 
41,800000 0,011895 
41,900000 0,012061 
42,000000 0,012370 
42,100000 0,011941 
42,200000 0,011815 
42,300000 0,011836 
42,400000 0,012019 
42,500000 0,011938 
42,600000 0,012453 
42,700000 0,012181 
42,800000 0,012365 
42,900000 0,011759 
43,000000 0,012019 
43,100000 0,011792 
43,200000 0,011985 
43,300000 0,011837 
43,400000 0,011967 
43,500000 0,011833 
43,600000 0,011987 
43,700000 0,012049 
43,800000 0,012107 
43,900000 0,011914 
44,000000 0,011383 
44,100000 0,011180 
44,200000 0,011305 
44,300000 0,010860 
44,400000 0,010810 
44,500000 0,010938 
44,600000 0,011224 
44,700000 0,011734 
44,800000 0,011780 
44,900000 0,011350 
45,000000 0,010539 
45,100000 0,010332 
45,200000 0,009916 
45,300000 0,009420 
45,400000 0,009585 
45,500000 0,010136 
45,600000 0,010806 
45,700000 0,011078 
45,800000 0,011563 
45,900000 0,011735 
46,000000 0,012090 
46,100000 0,012393 
46,200000 0,012083 
46,300000 0,011840 
46,400000 0,011749 
46,500000 0,011543 
46,600000 0,012109 
46,700000 0,012145 
46,800000 0,012219 
46,900000 0,012122 
47,000000 0,012208 
47,100000 0,012161 
47,200000 0,012098 
47,300000 0,012090 
47,400000 0,012124 
47,500000 0,011822 
47,600000 0,012040 
47,700000 0,011849 
47,800000 0,011836 
47,900000 0,011772 
48,000000 0,011146 
48,100000 0,010635 
48,200000 0,010284 
48,300000 0,010414 
48,400000 0,010134 
48,500000 0,010296 
48,600000 0,010744 
48,700000 0,011512 
48,800000 0,011833 
48,900000 0,011848 
49,000000 0,011562 
49,100000 0,011326 
49,200000 0,011526 
49,300000 0,011823 
49,400000 0,011644 
49,500000 0,011940 
49,600000 0,011582 
49,700000 0,011615 
49,800000 0,011614 
49,900000 0,011708 
50,000000 0,011826 
50,100000 0,011612 
50,200000 0,011818 
50,300000 0,012038 
50,400000 0,011680 
50,500000 0,011132 
50,600000 0,011670 
50,700000 0,011443 
50,800000 0,011302 
50,900000 0,011265 
51,000000 0,011394 
51,100000 0,011553 
51,200000 0,010514 
51,300000 0,010570 
51,400000 0,010398 
51,500000 0,010651 
51,600000 0,010854 
51,700000 0,011087 
51,800000 0,011363 
51,900000 0,011703 
52,000000 0,011576 
52,100000 0,011779 
52,200000 0,011600 
52,300000 0,011301 
52,400000 0,011485 
52,500000 0,011486 
52,600000 0,011678 
52,700000 0,011667 
52,800000 0,011545 
52,900000 0,011532 
53,000000 0,011908 
53,100000 0,012038 
53,200000 0,011794 
53,300000 0,011510 
53,400000 0,011687 
53,500000 0,011752 
53,600000 0,011413 
53,700000 0,011556 
53,800000 0,011720 
53,900000 0,011866 
54,000000 0,011848 
54,100000 0,011326 
54,200000 0,011686 
54,300000 0,011731 
54,400000 0,011912 
54,500000 0,011626 
54,600000 0,011326 
54,700000 0,011427 
54,800000 0,011491 
54,900000 0,011522 
55,000000 0,011554 
55,100000 0,011962 
55,200000 0,011454 
55,300000 0,011969 
55,400000 0,011850 
55,500000 0,011673 
55,600000 0,011567 
55,700000 0,011576 
55,800000 0,011724 
55,900000 0,011579 
56,000000 0,011689 
56,100000 0,011789 
56,200000 0,011864 
56,300000 0,011573 
56,400000 0,011448 
56,500000 0,011533 
56,600000 0,011805 
56,700000 0,011582 
56,800000 0,011313 
56,900000 0,011694 
57,000000 0,011656 
57,100000 0,011952 
57,200000 0,012391 
57,300000 0,012277 
57,400000 0,012027 
57,500000 0,011694 
57,600000 0,011858 
57,700000 0,012190 
57,800000 0,012354 
57,900000 0,012268 
58,000000 0,011964 
58,100000 0,011837 
58,200000 0,011877 
58,300000 0,012098 
58,400000 0,012145 
58,500000 0,012142 
58,600000 0,011948 
58,700000 0,012125 
58,800000 0,011996 
58,900000 0,012226 
59,000000 0,012142 
59,100000 0,011746 
59,200000 0,011535 
59,300000 0,011871 
59,400000 0,011587 
59,500000 0,011971 
59,600000 0,011649 
59,700000 0,011648 
59,800000 0,011588 
59,900000 0,011721 
60,000000 0,012418 
60,100000 0,012175 
60,200000 0,012153 
60,300000 0,012121 
60,400000 0,012087 
60,500000 0,012154 
60,600000 0,011991 
60,700000 0,012059 
60,800000 0,011687 
60,900000 0,011825 
61,000000 0,011915 
61,100000 0,012037 
61,200000 0,012050 
61,300000 0,012002 
61,400000 0,011719 
61,500000 0,011998 
61,600000 0,012171 
61,700000 0,012273 
61,800000 0,011907 
61,900000 0,011953 
62,000000 0,012134 
62,100000 0,012019 
62,200000 0,011876 
62,300000 0,011919 
62,400000 0,011877 
62,500000 0,011765 
62,600000 0,011741 
62,700000 0,011723 
62,800000 0,011673 
62,900000 0,011702 
63,000000 0,011794 
63,100000 0,011825 
63,200000 0,011573 
63,300000 0,011648 
63,400000 0,011627 
63,500000 0,011634 
63,600000 0,011842 
63,700000 0,011843 
63,800000 0,011953 
63,900000 0,012017 
64,000000 0,011846 
64,100000 0,011850 
64,200000 0,011876 
64,300000 0,011654 
64,400000 0,011756 
64,500000 0,011826 
64,600000 0,011770 
64,700000 0,011796 
64,800000 0,011890 
64,900000 0,011930 
65,000000 0,011780 
65,100000 0,011795 
65,200000 0,012204 
65,300000 0,011912 
65,400000 0,011817 
65,500000 0,011882 
65,600000 0,011927 
65,700000 0,011914 
65,800000 0,011840 
65,900000 0,011990 
66,000000 0,011929 
66,100000 0,012372 
66,200000 0,011996 
66,300000 0,012039 
66,400000 0,012050 
66,500000 0,011833 
66,600000 0,011517 
66,700000 0,012104 
66,800000 0,012149 
66,900000 0,012240 
67,000000 0,012077 
67,100000 0,011791 
67,200000 0,011619 
67,300000 0,011331 
67,400000 0,011257 
67,500000 0,010965 
67,600000 0,011078 
67,700000 0,011464 
67,800000 0,011723 
67,900000 0,012254 
68,000000 0,012125 
68,100000 0,011841 
68,200000 0,011884 
68,300000 0,011831 
68,400000 0,012096 
68,500000 0,012109 
68,600000 0,012166 
68,700000 0,011802 
68,800000 0,011862 
68,900000 0,011704 
69,000000 0,011725 
69,100000 0,011761 
69,200000 0,011865 
69,300000 0,011903 
69,400000 0,011856 
69,500000 0,011878 
69,600000 0,012099 
69,700000 0,011966 
69,800000 0,011782 
69,900000 0,011722 
70,000000 0,011678 
70,100000 0,011855 
70,200000 0,011232 
70,300000 0,010405 
70,400000 0,009777 
70,500000 0,009455 
70,600000 0,009661 
70,700000 0,009915 
70,800000 0,010796 
70,900000 0,011231 
71,000000 0,011483 
71,100000 0,011450 
71,200000 0,011592 
71,300000 0,011962 
71,400000 0,011978 
71,500000 0,011990 
71,600000 0,011935 
71,700000 0,011977 
71,800000 0,011807 
71,900000 0,011716 
72,000000 0,011763 
72,100000 0,011730 
72,200000 0,011863 
72,300000 0,012137 
72,400000 0,011975 
72,500000 0,011995 
72,600000 0,011899 
72,700000 0,011746 
72,800000 0,011391 
72,900000 0,011725 
73,000000 0,011983 
73,100000 0,011930 
73,200000 0,011733 
73,300000 0,011839 
73,400000 0,011856 
73,500000 0,011815 
73,600000 0,011942 
73,700000 0,011843 
73,800000 0,011867 
73,900000 0,012115 
74,000000 0,012033 
74,100000 0,012212 
74,200000 0,012007 
74,300000 0,011783 
74,400000 0,012025 
74,500000 0,011818 
74,600000 0,011672 
74,700000 0,011608 
74,800000 0,011792 
74,900000 0,012069 
75,000000 0,012330 
75,100000 0,012011 
75,200000 0,011710 
75,300000 0,011754 
75,400000 0,012061 
75,500000 0,012194 
75,600000 0,012014 
75,700000 0,011870 
75,800000 0,011699 
75,900000 0,011988 
76,000000 0,011985 
76,100000 0,012325 
76,200000 0,011964 
76,300000 0,012034 
76,400000 0,012156 
76,500000 0,011947 
76,600000 0,011968 
76,700000 0,011851 
76,800000 0,011733 
76,900000 0,011848 
77,000000 0,011708 
77,100000 0,011868 
77,200000 0,011936 
77,300000 0,011749 
77,400000 0,011850 
77,500000 0,011868 
77,600000 0,012086 
77,700000 0,011813 
77,800000 0,011838 
77,900000 0,012121 
78,000000 0,011767 
78,100000 0,011945 
78,200000 0,011985 
78,300000 0,012186 
78,400000 0,012075 
78,500000 0,011756 
78,600000 0,012066 
78,700000 0,012135 
78,800000 0,011973 
78,900000 0,011773 
79,000000 0,011859 
79,100000 0,012059 
79,200000 0,011905 
79,300000 0,012227 
79,400000 0,011885 
79,500000 0,011780 
79,600000 0,011765 
79,700000 0,012004 
79,800000 0,012021 
79,900000 0,012005 
80,000000 0,011987 
80,100000 0,012023 
80,200000 0,012081 
80,300000 0,011999 
80,400000 0,011792 
80,500000 0,011898 
80,600000 0,011769 
80,700000 0,011901 
80,800000 0,011941 
80,900000 0,011872 
81,000000 0,011925 
81,100000 0,011960 
81,200000 0,012250 
81,300000 0,012019 
81,400000 0,012215 
81,500000 0,011950 
81,600000 0,011864 
81,700000 0,011926 
81,800000 0,011578 
81,900000 0,012137 
82,000000 0,011937 
82,100000 0,011762 
82,200000 0,011775 
82,300000 0,011821 
82,400000 0,011975 
82,500000 0,011871 
82,600000 0,011528 
82,700000 0,011445 
82,800000 0,011922 
82,900000 0,011805 
83,000000 0,012239 
83,100000 0,012120 
83,200000 0,011764 
83,300000 0,011686 
83,400000 0,011891 
83,500000 0,011979 
83,600000 0,011688 
83,700000 0,012045 
83,800000 0,012116 
83,900000 0,011860 
84,000000 0,012030 
84,100000 0,011997 
84,200000 0,012169 
84,300000 0,011963 
84,400000 0,011979 
84,500000 0,011557 
84,600000 0,011874 
84,700000 0,011870 
84,800000 0,011926 
84,900000 0,011889 
85,000000 0,011794 
85,100000 0,011734 
85,200000 0,011753 
85,300000 0,012188 
85,400000 0,011991 
85,500000 0,011894 
85,600000 0,011977 
85,700000 0,011794 
85,800000 0,011968 
85,900000 0,011906 
86,000000 0,011898 
86,100000 0,011680 
86,200000 0,011822 
86,300000 0,011831 
86,400000 0,011995 
86,500000 0,011674 
86,600000 0,012098 
86,700000 0,011761 
86,800000 0,011779 
86,900000 0,011798 
87,000000 0,012270 
87,100000 0,012172 
87,200000 0,012325 
87,300000 0,012002 
87,400000 0,012250 
87,500000 0,011843 
87,600000 0,012199 
87,700000 0,012287 
87,800000 0,012183 
87,900000 0,012208 
88,000000 0,011986 
88,100000 0,011967 
88,200000 0,012108 
88,300000 0,011927 
88,400000 0,012041 
88,500000 0,012016 
88,600000 0,011865 
88,700000 0,011910 
88,800000 0,011969 
88,900000 0,011876 
89,000000 0,011805 
89,100000 0,011907 
89,200000 0,011849 
89,300000 0,012420 
89,400000 0,012129 
89,500000 0,011866 
89,600000 0,012079 
89,700000 0,012293 
89,800000 0,012026 
89,900000 0,012135 
90,000000 0,012164 
90,100000 0,011621 
90,200000 0,011426 
90,300000 0,011574 
90,400000 0,011685 
90,500000 0,011844 
90,600000 0,012346 
90,700000 0,011528 
90,800000 0,011499 
90,900000 0,011617 
91,000000 0,011893 
91,100000 0,011639 
91,200000 0,011499 
91,300000 0,011580 
91,400000 0,011426 
91,500000 0,011335 
91,600000 0,011413 
91,700000 0,011574 
91,800000 0,011852 
91,900000 0,011881 
92,000000 0,011539 
92,100000 0,011676 
92,200000 0,011833 
92,300000 0,011719 
92,400000 0,011648 
92,500000 0,011411 
92,600000 0,011590 
92,700000 0,011584 
92,800000 0,011590 
92,900000 0,011735 
93,000000 0,011703 
93,100000 0,011604 
93,200000 0,011556 
93,300000 0,011669 
93,400000 0,011862 
93,500000 0,011752 
93,600000 0,012022 
93,700000 0,011638 
93,800000 0,011782 
93,900000 0,011488 
94,000000 0,011282 
94,100000 0,011628 
94,200000 0,011417 
94,300000 0,011978 
94,400000 0,011857 
94,500000 0,011852 
94,600000 0,012337 
94,700000 0,012096 
94,800000 0,011889 
94,900000 0,012199 
95,000000 0,012301 
95,100000 0,012143 
95,200000 0,011766 
95,300000 0,011711 
95,400000 0,011921 
95,500000 0,012527 
95,600000 0,012323 
95,700000 0,012681 
95,800000 0,010127 
95,900000 0,010194 
96,000000 0,010654 
96,100000 0,011342 
96,200000 0,011452 
96,300000 0,011718 
96,400000 0,011456 
96,500000 0,011809 
96,600000 0,011787 
96,700000 0,011907 
96,800000 0,011677 
96,900000 0,012130 
97,000000 0,012131 
97,100000 0,011515 
97,200000 0,011619 
97,300000 0,011611 
97,400000 0,011721 
97,500000 0,011106 
97,600000 0,011586 
97,700000 0,011306 
97,800000 0,011567 
97,900000 0,011852 
98,000000 0,011667 
98,100000 0,011590 
98,200000 0,011502 
98,300000 0,011274 
98,400000 0,012046 
98,500000 0,011447 
98,600000 0,011525 
98,700000 0,011508 
98,800000 0,011527 
98,900000 0,011465 
99,000000 0,011407 
99,100000 0,011157 
99,200000 0,011462 
99,300000 0,011382 
99,400000 0,011592 
99,500000 0,011476 
99,600000 0,011698 
99,700000 0,011296 
99,800000 0,011411 
99,900000 0,011636 
100,000000 0,011685 
