0,000000 0,002450 
0,100000 0,005611 
0,200000 0,007333 
0,300000 0,008516 
0,400000 0,008918 
0,500000 0,009219 
0,600000 0,009512 
0,700000 0,009600 
0,800000 0,009750 
0,900000 0,009898 
1,000000 0,010044 
1,100000 0,009967 
1,200000 0,010024 
1,300000 0,009857 
1,400000 0,009648 
1,500000 0,009849 
1,600000 0,009835 
1,700000 0,009927 
1,800000 0,009735 
1,900000 0,009756 
2,000000 0,009875 
2,100000 0,010006 
2,200000 0,010043 
2,300000 0,009896 
2,400000 0,009816 
2,500000 0,009729 
2,600000 0,009842 
2,700000 0,009760 
2,800000 0,010166 
2,900000 0,010530 
3,000000 0,010512 
3,100000 0,010750 
3,200000 0,011238 
3,300000 0,011688 
3,400000 0,011678 
3,500000 0,011863 
3,600000 0,011906 
3,700000 0,011830 
3,800000 0,011541 
3,900000 0,011584 
4,000000 0,011723 
4,100000 0,012169 
4,200000 0,012185 
4,300000 0,012211 
4,400000 0,012117 
4,500000 0,011955 
4,600000 0,012016 
4,700000 0,012010 
4,800000 0,012188 
4,900000 0,012290 
5,000000 0,012323 
5,100000 0,012149 
5,200000 0,012245 
5,300000 0,012408 
5,400000 0,012268 
5,500000 0,012365 
5,600000 0,012247 
5,700000 0,012336 
5,800000 0,012142 
5,900000 0,012022 
6,000000 0,012259 
6,100000 0,012195 
6,200000 0,011954 
6,300000 0,012341 
6,400000 0,012294 
6,500000 0,012274 
6,600000 0,012152 
6,700000 0,012085 
6,800000 0,012037 
6,900000 0,012088 
7,000000 0,012237 
7,100000 0,012028 
7,200000 0,012147 
7,300000 0,012130 
7,400000 0,011974 
7,500000 0,011994 
7,600000 0,012125 
7,700000 0,011894 
7,800000 0,012235 
7,900000 0,012205 
8,000000 0,011917 
8,100000 0,012180 
8,200000 0,012228 
8,300000 0,012202 
8,400000 0,012305 
8,500000 0,012049 
8,600000 0,012117 
8,700000 0,012753 
8,800000 0,011995 
8,900000 0,012010 
9,000000 0,012033 
9,100000 0,012512 
9,200000 0,012155 
9,300000 0,012521 
9,400000 0,012103 
9,500000 0,011778 
9,600000 0,012864 
9,700000 0,013884 
9,800000 0,013948 
9,900000 0,013304 
10,000000 0,013026 
10,100000 0,013194 
10,200000 0,013362 
10,300000 0,012886 
10,400000 0,012911 
10,500000 0,013002 
10,600000 0,013208 
10,700000 0,012676 
10,800000 0,012772 
10,900000 0,012128 
11,000000 0,011979 
11,100000 0,012140 
11,200000 0,012337 
11,300000 0,012597 
11,400000 0,012734 
11,500000 0,012706 
11,600000 0,012328 
11,700000 0,012538 
11,800000 0,012634 
11,900000 0,012977 
12,000000 0,013024 
12,100000 0,012854 
12,200000 0,012710 
12,300000 0,012889 
12,400000 0,012649 
12,500000 0,012092 
12,600000 0,012208 
12,700000 0,012513 
12,800000 0,012521 
12,900000 0,012537 
13,000000 0,012418 
13,100000 0,012066 
13,200000 0,011682 
13,300000 0,011567 
13,400000 0,010960 
13,500000 0,011187 
13,600000 0,011807 
13,700000 0,012211 
13,800000 0,012268 
13,900000 0,012465 
14,000000 0,012368 
14,100000 0,012515 
14,200000 0,012337 
14,300000 0,012401 
14,400000 0,012726 
14,500000 0,012628 
14,600000 0,013207 
14,700000 0,012764 
14,800000 0,012264 
14,900000 0,012198 
15,000000 0,012161 
15,100000 0,011714 
15,200000 0,010884 
15,300000 0,011059 
15,400000 0,011393 
15,500000 0,011527 
15,600000 0,011493 
15,700000 0,011820 
15,800000 0,012127 
15,900000 0,011869 
16,000000 0,012334 
16,100000 0,012145 
16,200000 0,012289 
16,300000 0,011911 
16,400000 0,012146 
16,500000 0,011928 
16,600000 0,012085 
16,700000 0,012152 
16,800000 0,011957 
16,900000 0,011800 
17,000000 0,011448 
17,100000 0,010909 
17,200000 0,010027 
17,300000 0,009709 
17,400000 0,009948 
17,500000 0,010452 
17,600000 0,011166 
17,700000 0,011382 
17,800000 0,011561 
17,900000 0,010410 
18,000000 0,005999 
18,100000 0,000626 
18,200000 -0,003293 
18,300000 -0,004915 
18,400000 -0,005278 
18,500000 -0,001788 
18,600000 0,004214 
18,700000 0,007053 
18,800000 0,007455 
18,900000 0,001010 
19,000000 -0,015039 
19,100000 -0,033525 
19,200000 -0,046524 
19,300000 -0,053872 
19,400000 -0,053784 
19,500000 -0,037676 
19,600000 -0,019576 
19,700000 -0,006735 
19,800000 0,001360 
19,900000 0,006054 
20,000000 0,007599 
20,100000 0,008751 
20,200000 0,009428 
20,300000 0,009998 
20,400000 0,010327 
20,500000 0,011784 
20,600000 0,011237 
20,700000 0,011273 
20,800000 0,010751 
20,900000 0,007617 
21,000000 0,000355 
21,100000 -0,006362 
21,200000 -0,009173 
21,300000 -0,011667 
21,400000 -0,010592 
21,500000 -0,004387 
21,600000 0,001490 
21,700000 0,006895 
21,800000 0,009377 
21,900000 0,010111 
22,000000 0,011284 
22,100000 0,011902 
22,200000 0,012428 
22,300000 0,012610 
22,400000 0,012133 
22,500000 0,012361 
22,600000 0,012579 
22,700000 0,012321 
22,800000 0,012254 
22,900000 0,012557 
23,000000 0,012472 
23,100000 0,012628 
23,200000 0,012422 
23,300000 0,012354 
23,400000 0,012470 
23,500000 0,012593 
23,600000 0,012526 
23,700000 0,012268 
23,800000 0,012471 
23,900000 0,012421 
24,000000 0,012544 
24,100000 0,012714 
24,200000 0,012341 
24,300000 0,012340 
24,400000 0,012691 
24,500000 0,012549 
24,600000 0,012375 
24,700000 0,012118 
24,800000 0,012422 
24,900000 0,012519 
25,000000 0,012305 
25,100000 0,012822 
25,200000 0,012624 
25,300000 0,012768 
25,400000 0,012528 
25,500000 0,012252 
25,600000 0,012648 
25,700000 0,012734 
25,800000 0,012668 
25,900000 0,012918 
26,000000 0,012316 
26,100000 0,012355 
26,200000 0,012366 
26,300000 0,012451 
26,400000 0,011987 
26,500000 0,012333 
26,600000 0,012409 
26,700000 0,012485 
26,800000 0,012639 
26,900000 0,012630 
27,000000 0,012365 
27,100000 0,011866 
27,200000 0,012091 
27,300000 0,012084 
27,400000 0,012227 
27,500000 0,012196 
27,600000 0,012528 
27,700000 0,012388 
27,800000 0,012466 
27,900000 0,012500 
28,000000 0,012079 
28,100000 0,011269 
28,200000 0,011067 
28,300000 0,011078 
28,400000 0,010063 
28,500000 0,010748 
28,600000 0,010451 
28,700000 0,009684 
28,800000 0,004623 
28,900000 -0,007316 
29,000000 -0,019971 
29,100000 -0,030871 
29,200000 -0,035776 
29,300000 -0,037663 
29,400000 -0,034518 
29,500000 -0,024892 
29,600000 -0,011486 
29,700000 -0,001135 
29,800000 0,004259 
29,900000 0,007369 
30,000000 0,008759 
30,100000 0,009733 
30,200000 0,010232 
30,300000 0,010516 
30,400000 0,010433 
30,500000 0,011169 
30,600000 0,011543 
30,700000 0,011262 
30,800000 0,011484 
30,900000 0,011572 
31,000000 0,011072 
31,100000 0,010750 
31,200000 0,010709 
31,300000 0,010782 
31,400000 0,010662 
31,500000 0,011007 
31,600000 0,012646 
31,700000 0,012576 
31,800000 0,011535 
31,900000 0,010126 
32,000000 0,009809 
32,100000 0,009053 
32,200000 0,008384 
32,300000 0,008251 
32,400000 0,008308 
32,500000 0,009592 
32,600000 0,010540 
32,700000 0,010948 
32,800000 0,011004 
32,900000 0,010417 
33,000000 0,009601 
33,100000 0,009164 
33,200000 0,008800 
33,300000 0,008448 
33,400000 0,009267 
33,500000 0,009621 
33,600000 0,010785 
33,700000 0,010968 
33,800000 0,011018 
33,900000 0,011780 
34,000000 0,011813 
34,100000 0,012051 
34,200000 0,011931 
34,300000 0,011863 
34,400000 0,011906 
34,500000 0,012048 
34,600000 0,012174 
34,700000 0,012224 
34,800000 0,012381 
34,900000 0,012363 
35,000000 0,012177 
35,100000 0,011935 
35,200000 0,012140 
35,300000 0,012157 
35,400000 0,011971 
35,500000 0,012066 
35,600000 0,011924 
35,700000 0,011989 
35,800000 0,011975 
35,900000 0,012228 
36,000000 0,011908 
36,100000 0,012142 
36,200000 0,011954 
36,300000 0,012548 
36,400000 0,012017 
36,500000 0,011984 
36,600000 0,011928 
36,700000 0,012367 
36,800000 0,011934 
36,900000 0,012773 
37,000000 0,012165 
37,100000 0,012224 
37,200000 0,011956 
37,300000 0,012402 
37,400000 0,012069 
37,500000 0,012366 
37,600000 0,012599 
37,700000 0,012225 
37,800000 0,012129 
37,900000 0,011758 
38,000000 0,012114 
38,100000 0,012159 
38,200000 0,012117 
38,300000 0,011854 
38,400000 0,012050 
38,500000 0,012262 
38,600000 0,012170 
38,700000 0,011965 
38,800000 0,011577 
38,900000 0,012355 
39,000000 0,011878 
39,100000 0,011782 
39,200000 0,012180 
39,300000 0,011981 
39,400000 0,011717 
39,500000 0,011922 
39,600000 0,012172 
39,700000 0,011909 
39,800000 0,011983 
39,900000 0,011663 
40,000000 0,011997 
40,100000 0,012258 
40,200000 0,012102 
40,300000 0,012079 
40,400000 0,012121 
40,500000 0,012001 
40,600000 0,011918 
40,700000 0,012386 
40,800000 0,012221 
40,900000 0,012314 
41,000000 0,012261 
41,100000 0,012181 
41,200000 0,011802 
41,300000 0,011707 
41,400000 0,011525 
41,500000 0,012300 
41,600000 0,012432 
41,700000 0,012286 
41,800000 0,012341 
41,900000 0,012097 
42,000000 0,011697 
42,100000 0,012712 
42,200000 0,012452 
42,300000 0,012375 
42,400000 0,012075 
42,500000 0,012524 
42,600000 0,012935 
42,700000 0,011799 
42,800000 0,011538 
42,900000 0,011625 
43,000000 0,011881 
43,100000 0,011874 
43,200000 0,011768 
43,300000 0,012302 
43,400000 0,012005 
43,500000 0,011756 
43,600000 0,012132 
43,700000 0,011889 
43,800000 0,011909 
43,900000 0,011672 
44,000000 0,011595 
44,100000 0,011798 
44,200000 0,011530 
44,300000 0,011279 
44,400000 0,011320 
44,500000 0,012836 
44,600000 0,013004 
44,700000 0,011749 
44,800000 0,011933 
44,900000 0,010732 
45,000000 0,009655 
45,100000 0,008037 
45,200000 0,006907 
45,300000 0,006140 
45,400000 0,006721 
45,500000 0,007245 
45,600000 0,009090 
45,700000 0,010391 
45,800000 0,010931 
45,900000 0,011471 
46,000000 0,011560 
46,100000 0,011953 
46,200000 0,011610 
46,300000 0,011680 
46,400000 0,011701 
46,500000 0,011732 
46,600000 0,011690 
46,700000 0,012500 
46,800000 0,012335 
46,900000 0,012328 
47,000000 0,012301 
47,100000 0,012455 
47,200000 0,012418 
47,300000 0,012250 
47,400000 0,012316 
47,500000 0,012171 
47,600000 0,012258 
47,700000 0,011625 
47,800000 0,011647 
47,900000 0,011019 
48,000000 0,009930 
48,100000 0,008152 
48,200000 0,006721 
48,300000 0,005862 
48,400000 0,005976 
48,500000 0,006705 
48,600000 0,008972 
48,700000 0,009852 
48,800000 0,010610 
48,900000 0,011462 
49,000000 0,012008 
49,100000 0,011902 
49,200000 0,012153 
49,300000 0,011699 
49,400000 0,011886 
49,500000 0,012126 
49,600000 0,011977 
49,700000 0,012119 
49,800000 0,012171 
49,900000 0,012129 
50,000000 0,012008 
50,100000 0,012432 
50,200000 0,011967 
50,300000 0,012296 
50,400000 0,012488 
50,500000 0,011425 
50,600000 0,012618 
50,700000 0,011690 
50,800000 0,011806 
50,900000 0,012855 
51,000000 0,012209 
51,100000 0,010838 
51,200000 0,010492 
51,300000 0,010027 
51,400000 0,010527 
51,500000 0,010707 
51,600000 0,010859 
51,700000 0,011625 
51,800000 0,012021 
51,900000 0,011707 
52,000000 0,011976 
52,100000 0,011812 
52,200000 0,011895 
52,300000 0,011739 
52,400000 0,011726 
52,500000 0,011794 
52,600000 0,011947 
52,700000 0,012205 
52,800000 0,012152 
52,900000 0,012473 
53,000000 0,012645 
53,100000 0,012593 
53,200000 0,012550 
53,300000 0,012531 
53,400000 0,011137 
53,500000 0,011221 
53,600000 0,011476 
53,700000 0,011875 
53,800000 0,011990 
53,900000 0,012069 
54,000000 0,011941 
54,100000 0,012149 
54,200000 0,012021 
54,300000 0,012364 
54,400000 0,012270 
54,500000 0,011902 
54,600000 0,011986 
54,700000 0,012464 
54,800000 0,011545 
54,900000 0,011700 
55,000000 0,011863 
55,100000 0,012232 
55,200000 0,012415 
55,300000 0,012398 
55,400000 0,012427 
55,500000 0,012336 
55,600000 0,011694 
55,700000 0,012146 
55,800000 0,011948 
55,900000 0,012028 
56,000000 0,012254 
56,100000 0,012530 
56,200000 0,011878 
56,300000 0,012030 
56,400000 0,012027 
56,500000 0,012014 
56,600000 0,012049 
56,700000 0,011976 
56,800000 0,011735 
56,900000 0,012123 
57,000000 0,012419 
57,100000 0,011818 
57,200000 0,011868 
57,300000 0,011938 
57,400000 0,011823 
57,500000 0,011579 
57,600000 0,011570 
57,700000 0,011719 
57,800000 0,011827 
57,900000 0,011510 
58,000000 0,011662 
58,100000 0,011617 
58,200000 0,011578 
58,300000 0,011707 
58,400000 0,011839 
58,500000 0,011658 
58,600000 0,011752 
58,700000 0,011944 
58,800000 0,011779 
58,900000 0,011799 
59,000000 0,011807 
59,100000 0,011841 
59,200000 0,011486 
59,300000 0,011750 
59,400000 0,011671 
59,500000 0,011495 
59,600000 0,011882 
59,700000 0,011802 
59,800000 0,011718 
59,900000 0,011742 
60,000000 0,012027 
60,100000 0,011656 
60,200000 0,011735 
60,300000 0,011601 
60,400000 0,011674 
60,500000 0,011669 
60,600000 0,011802 
60,700000 0,011222 
60,800000 0,011093 
60,900000 0,011602 
61,000000 0,011473 
61,100000 0,012131 
61,200000 0,012626 
61,300000 0,011889 
61,400000 0,012152 
61,500000 0,012244 
61,600000 0,011160 
61,700000 0,011165 
61,800000 0,011228 
61,900000 0,011703 
62,000000 0,011465 
62,100000 0,011863 
62,200000 0,011877 
62,300000 0,011626 
62,400000 0,011569 
62,500000 0,011767 
62,600000 0,011549 
62,700000 0,011468 
62,800000 0,010875 
62,900000 0,011204 
63,000000 0,011294 
63,100000 0,011190 
63,200000 0,011344 
63,300000 0,011427 
63,400000 0,011230 
63,500000 0,011180 
63,600000 0,011102 
63,700000 0,011263 
63,800000 0,012225 
63,900000 0,012040 
64,000000 0,012874 
64,100000 0,012555 
64,200000 0,011561 
64,300000 0,011127 
64,400000 0,011044 
64,500000 0,011573 
64,600000 0,011467 
64,700000 0,011037 
64,800000 0,012123 
64,900000 0,011829 
65,000000 0,012035 
65,100000 0,012221 
65,200000 0,011505 
65,300000 0,012271 
65,400000 0,012319 
65,500000 0,012715 
65,600000 0,012190 
65,700000 0,012345 
65,800000 0,011654 
65,900000 0,012014 
66,000000 0,011881 
66,100000 0,011665 
66,200000 0,011571 
66,300000 0,011679 
66,400000 0,011562 
66,500000 0,011365 
66,600000 0,011353 
66,700000 0,011441 
66,800000 0,011556 
66,900000 0,012526 
67,000000 0,012494 
67,100000 0,012059 
67,200000 0,011415 
67,300000 0,010858 
67,400000 0,010303 
67,500000 0,010039 
67,600000 0,010231 
67,700000 0,010443 
67,800000 0,010802 
67,900000 0,011467 
68,000000 0,011208 
68,100000 0,011587 
68,200000 0,011494 
68,300000 0,011968 
68,400000 0,011924 
68,500000 0,011592 
68,600000 0,011570 
68,700000 0,011992 
68,800000 0,011920 
68,900000 0,011776 
69,000000 0,012074 
69,100000 0,011760 
69,200000 0,011574 
69,300000 0,011406 
69,400000 0,011888 
69,500000 0,012293 
69,600000 0,011978 
69,700000 0,011848 
69,800000 0,011951 
69,900000 0,011562 
70,000000 0,011500 
70,100000 0,011352 
70,200000 0,010210 
70,300000 0,007156 
70,400000 0,005229 
70,500000 0,004358 
70,600000 0,004214 
70,700000 0,005572 
70,800000 0,008132 
70,900000 0,009766 
71,000000 0,010293 
71,100000 0,010702 
71,200000 0,010968 
71,300000 0,011125 
71,400000 0,011323 
71,500000 0,011104 
71,600000 0,011230 
71,700000 0,011170 
71,800000 0,011375 
71,900000 0,011121 
72,000000 0,011207 
72,100000 0,011567 
72,200000 0,011360 
72,300000 0,011596 
72,400000 0,011437 
72,500000 0,011325 
72,600000 0,011387 
72,700000 0,011483 
72,800000 0,011220 
72,900000 0,011452 
73,000000 0,011227 
73,100000 0,011513 
73,200000 0,011209 
73,300000 0,011289 
73,400000 0,011526 
73,500000 0,011543 
73,600000 0,011779 
73,700000 0,011759 
73,800000 0,011524 
73,900000 0,011276 
74,000000 0,011047 
74,100000 0,011215 
74,200000 0,011465 
74,300000 0,011405 
74,400000 0,011504 
74,500000 0,011629 
74,600000 0,011675 
74,700000 0,011474 
74,800000 0,010916 
74,900000 0,011144 
75,000000 0,011102 
75,100000 0,011443 
75,200000 0,011428 
75,300000 0,011426 
75,400000 0,011566 
75,500000 0,011274 
75,600000 0,011291 
75,700000 0,011333 
75,800000 0,011468 
75,900000 0,011157 
76,000000 0,011125 
76,100000 0,011470 
76,200000 0,011563 
76,300000 0,011605 
76,400000 0,011557 
76,500000 0,011107 
76,600000 0,011241 
76,700000 0,011361 
76,800000 0,011822 
76,900000 0,011855 
77,000000 0,011722 
77,100000 0,011857 
77,200000 0,011574 
77,300000 0,011623 
77,400000 0,011595 
77,500000 0,011539 
77,600000 0,011582 
77,700000 0,011359 
77,800000 0,011654 
77,900000 0,011612 
78,000000 0,011784 
78,100000 0,011412 
78,200000 0,011206 
78,300000 0,011262 
78,400000 0,011822 
78,500000 0,011711 
78,600000 0,011453 
78,700000 0,011515 
78,800000 0,011402 
78,900000 0,011433 
79,000000 0,011522 
79,100000 0,011680 
79,200000 0,011659 
79,300000 0,011766 
79,400000 0,012094 
79,500000 0,012380 
79,600000 0,011986 
79,700000 0,011254 
79,800000 0,011392 
79,900000 0,011386 
80,000000 0,011437 
80,100000 0,011547 
80,200000 0,011677 
80,300000 0,011928 
80,400000 0,011458 
80,500000 0,011165 
80,600000 0,011290 
80,700000 0,011489 
80,800000 0,011842 
80,900000 0,011978 
81,000000 0,011649 
81,100000 0,011352 
81,200000 0,011717 
81,300000 0,011710 
81,400000 0,011662 
81,500000 0,011293 
81,600000 0,011493 
81,700000 0,011518 
81,800000 0,011289 
81,900000 0,011245 
82,000000 0,011604 
82,100000 0,011080 
82,200000 0,011140 
82,300000 0,011313 
82,400000 0,011627 
82,500000 0,012000 
82,600000 0,011444 
82,700000 0,011333 
82,800000 0,011385 
82,900000 0,011060 
83,000000 0,011298 
83,100000 0,011382 
83,200000 0,011508 
83,300000 0,011688 
83,400000 0,011613 
83,500000 0,011282 
83,600000 0,011271 
83,700000 0,011952 
83,800000 0,012242 
83,900000 0,011984 
84,000000 0,012703 
84,100000 0,012643 
84,200000 0,012787 
84,300000 0,012323 
84,400000 0,011785 
84,500000 0,011205 
84,600000 0,011530 
84,700000 0,011725 
84,800000 0,011701 
84,900000 0,011513 
85,000000 0,011622 
85,100000 0,011567 
85,200000 0,012089 
85,300000 0,011779 
85,400000 0,011693 
85,500000 0,011615 
85,600000 0,011907 
85,700000 0,011576 
85,800000 0,011709 
85,900000 0,011805 
86,000000 0,011501 
86,100000 0,011538 
86,200000 0,011521 
86,300000 0,011684 
86,400000 0,012265 
86,500000 0,011791 
86,600000 0,012040 
86,700000 0,011595 
86,800000 0,011932 
86,900000 0,011836 
87,000000 0,011836 
87,100000 0,011958 
87,200000 0,011843 
87,300000 0,011629 
87,400000 0,012027 
87,500000 0,012177 
87,600000 0,011663 
87,700000 0,012063 
87,800000 0,011877 
87,900000 0,011902 
88,000000 0,012164 
88,100000 0,012108 
88,200000 0,012178 
88,300000 0,012103 
88,400000 0,011983 
88,500000 0,012107 
88,600000 0,012115 
88,700000 0,012333 
88,800000 0,012040 
88,900000 0,012230 
89,000000 0,011637 
89,100000 0,011966 
89,200000 0,012101 
89,300000 0,012592 
89,400000 0,012234 
89,500000 0,011804 
89,600000 0,012265 
89,700000 0,012124 
89,800000 0,011888 
89,900000 0,011807 
90,000000 0,012348 
90,100000 0,012007 
90,200000 0,012227 
90,300000 0,011967 
90,400000 0,012104 
90,500000 0,011874 
90,600000 0,011852 
90,700000 0,012063 
90,800000 0,012998 
90,900000 0,012731 
91,000000 0,012617 
91,100000 0,012536 
91,200000 0,012343 
91,300000 0,012435 
91,400000 0,012510 
91,500000 0,012511 
91,600000 0,012348 
91,700000 0,012274 
91,800000 0,012145 
91,900000 0,012388 
92,000000 0,012373 
92,100000 0,012385 
92,200000 0,012464 
92,300000 0,012290 
92,400000 0,012198 
92,500000 0,012374 
92,600000 0,012363 
92,700000 0,012397 
92,800000 0,012380 
92,900000 0,012483 
93,000000 0,011420 
93,100000 0,011345 
93,200000 0,011769 
93,300000 0,011714 
93,400000 0,011906 
93,500000 0,011568 
93,600000 0,011568 
93,700000 0,011853 
93,800000 0,011783 
93,900000 0,011867 
94,000000 0,012039 
94,100000 0,011763 
94,200000 0,011497 
94,300000 0,012132 
94,400000 0,011766 
94,500000 0,012081 
94,600000 0,011937 
94,700000 0,011636 
94,800000 0,011635 
94,900000 0,011784 
95,000000 0,012089 
95,100000 0,011619 
95,200000 0,012189 
95,300000 0,011942 
95,400000 0,011930 
95,500000 0,012021 
95,600000 0,012126 
95,700000 0,011728 
95,800000 0,011137 
95,900000 0,011294 
96,000000 0,011636 
96,100000 0,012006 
96,200000 0,011593 
96,300000 0,011394 
96,400000 0,011692 
96,500000 0,011648 
96,600000 0,011779 
96,700000 0,011594 
96,800000 0,011548 
96,900000 0,011488 
97,000000 0,011634 
97,100000 0,011603 
97,200000 0,011605 
97,300000 0,012639 
97,400000 0,013357 
97,500000 0,013104 
97,600000 0,012772 
97,700000 0,012534 
97,800000 0,012521 
97,900000 0,012205 
98,000000 0,012256 
98,100000 0,011408 
98,200000 0,011205 
98,300000 0,011443 
98,400000 0,011497 
98,500000 0,011375 
98,600000 0,011428 
98,700000 0,011729 
98,800000 0,011707 
98,900000 0,011581 
99,000000 0,011879 
99,100000 0,011483 
99,200000 0,011626 
99,300000 0,011994 
99,400000 0,012053 
99,500000 0,011792 
99,600000 0,011373 
99,700000 0,010907 
99,800000 0,010631 
99,900000 0,011507 
100,000000 0,011360 
