0,000000 0,007913 
0,100000 0,009090 
0,200000 0,009862 
0,300000 0,010198 
0,400000 0,010350 
0,500000 0,010655 
0,600000 0,010659 
0,700000 0,010442 
0,800000 0,010770 
0,900000 0,010948 
1,000000 0,010794 
1,100000 0,010751 
1,200000 0,010459 
1,300000 0,010623 
1,400000 0,010644 
1,500000 0,010752 
1,600000 0,010735 
1,700000 0,010744 
1,800000 0,010778 
1,900000 0,010634 
2,000000 0,010646 
2,100000 0,010829 
2,200000 0,010790 
2,300000 0,010586 
2,400000 0,010983 
2,500000 0,010893 
2,600000 0,010882 
2,700000 0,010937 
2,800000 0,010908 
2,900000 0,011884 
3,000000 0,012886 
3,100000 0,012673 
3,200000 0,012443 
3,300000 0,012399 
3,400000 0,012261 
3,500000 0,013151 
3,600000 0,012736 
3,700000 0,012549 
3,800000 0,011564 
3,900000 0,012548 
4,000000 0,011938 
4,100000 0,012182 
4,200000 0,012248 
4,300000 0,013020 
4,400000 0,012874 
4,500000 0,012219 
4,600000 0,012399 
4,700000 0,012399 
4,800000 0,012599 
4,900000 0,012490 
5,000000 0,012392 
5,100000 0,012630 
5,200000 0,012652 
5,300000 0,012814 
5,400000 0,012798 
5,500000 0,012833 
5,600000 0,012647 
5,700000 0,012688 
5,800000 0,012641 
5,900000 0,012376 
6,000000 0,012286 
6,100000 0,012020 
6,200000 0,012279 
6,300000 0,012661 
6,400000 0,012745 
6,500000 0,012625 
6,600000 0,012865 
6,700000 0,012419 
6,800000 0,012458 
6,900000 0,012752 
7,000000 0,012568 
7,100000 0,012400 
7,200000 0,012597 
7,300000 0,012675 
7,400000 0,012603 
7,500000 0,012380 
7,600000 0,012211 
7,700000 0,012203 
7,800000 0,012266 
7,900000 0,012342 
8,000000 0,012504 
8,100000 0,012368 
8,200000 0,012944 
8,300000 0,012011 
8,400000 0,012238 
8,500000 0,012592 
8,600000 0,012298 
8,700000 0,012487 
8,800000 0,012108 
8,900000 0,012302 
9,000000 0,012275 
9,100000 0,012353 
9,200000 0,012453 
9,300000 0,012268 
9,400000 0,012274 
9,500000 0,012366 
9,600000 0,012558 
9,700000 0,012595 
9,800000 0,012400 
9,900000 0,012230 
10,000000 0,012219 
10,100000 0,012233 
10,200000 0,012383 
10,300000 0,012549 
10,400000 0,012388 
10,500000 0,012328 
10,600000 0,012356 
10,700000 0,012525 
10,800000 0,012518 
10,900000 0,012228 
11,000000 0,012424 
11,100000 0,012408 
11,200000 0,012325 
11,300000 0,012290 
11,400000 0,012458 
11,500000 0,012549 
11,600000 0,012539 
11,700000 0,012670 
11,800000 0,012397 
11,900000 0,012447 
12,000000 0,012332 
12,100000 0,012863 
12,200000 0,012771 
12,300000 0,012423 
12,400000 0,012641 
12,500000 0,012513 
12,600000 0,012231 
12,700000 0,012483 
12,800000 0,012333 
12,900000 0,012441 
13,000000 0,012119 
13,100000 0,012370 
13,200000 0,012387 
13,300000 0,011927 
13,400000 0,011804 
13,500000 0,011911 
13,600000 0,012320 
13,700000 0,012221 
13,800000 0,012362 
13,900000 0,012475 
14,000000 0,012536 
14,100000 0,012144 
14,200000 0,012540 
14,300000 0,013321 
14,400000 0,012430 
14,500000 0,012162 
14,600000 0,012980 
14,700000 0,013142 
14,800000 0,012176 
14,900000 0,012210 
15,000000 0,012427 
15,100000 0,011878 
15,200000 0,011995 
15,300000 0,011851 
15,400000 0,011749 
15,500000 0,011811 
15,600000 0,011902 
15,700000 0,011964 
15,800000 0,012175 
15,900000 0,012720 
16,000000 0,012540 
16,100000 0,012696 
16,200000 0,012449 
16,300000 0,012098 
16,400000 0,011967 
16,500000 0,012222 
16,600000 0,012169 
16,700000 0,012291 
16,800000 0,012109 
16,900000 0,012154 
17,000000 0,011859 
17,100000 0,012368 
17,200000 0,012161 
17,300000 0,011251 
17,400000 0,011463 
17,500000 0,011134 
17,600000 0,011459 
17,700000 0,011748 
17,800000 0,011698 
17,900000 0,011142 
18,000000 0,009596 
18,100000 0,007192 
18,200000 0,005345 
18,300000 0,004700 
18,400000 0,004239 
18,500000 0,006815 
18,600000 0,008349 
18,700000 0,009762 
18,800000 0,009644 
18,900000 0,006338 
19,000000 -0,002535 
19,100000 -0,011133 
19,200000 -0,018469 
19,300000 -0,022409 
19,400000 -0,021914 
19,500000 -0,014138 
19,600000 -0,004250 
19,700000 0,003480 
19,800000 0,006983 
19,900000 0,009153 
20,000000 0,010352 
20,100000 0,010807 
20,200000 0,011050 
20,300000 0,011004 
20,400000 0,011477 
20,500000 0,011658 
20,600000 0,011594 
20,700000 0,011696 
20,800000 0,011151 
20,900000 0,009846 
21,000000 0,007148 
21,100000 0,004362 
21,200000 0,002180 
21,300000 0,000977 
21,400000 0,001521 
21,500000 0,004929 
21,600000 0,007915 
21,700000 0,009805 
21,800000 0,010733 
21,900000 0,011230 
22,000000 0,011854 
22,100000 0,012025 
22,200000 0,012178 
22,300000 0,012329 
22,400000 0,012183 
22,500000 0,012420 
22,600000 0,012366 
22,700000 0,012281 
22,800000 0,012340 
22,900000 0,012066 
23,000000 0,012121 
23,100000 0,012053 
23,200000 0,012325 
23,300000 0,012481 
23,400000 0,012317 
23,500000 0,012127 
23,600000 0,012148 
23,700000 0,012137 
23,800000 0,012377 
23,900000 0,012250 
24,000000 0,012258 
24,100000 0,012418 
24,200000 0,012214 
24,300000 0,012615 
24,400000 0,012532 
24,500000 0,012381 
24,600000 0,012482 
24,700000 0,012095 
24,800000 0,012343 
24,900000 0,012516 
25,000000 0,012325 
25,100000 0,012338 
25,200000 0,012246 
25,300000 0,012556 
25,400000 0,012386 
25,500000 0,012167 
25,600000 0,012554 
25,700000 0,012230 
25,800000 0,012353 
25,900000 0,012246 
26,000000 0,012222 
26,100000 0,012258 
26,200000 0,012602 
26,300000 0,012318 
26,400000 0,012161 
26,500000 0,012256 
26,600000 0,012573 
26,700000 0,012562 
26,800000 0,013211 
26,900000 0,013213 
27,000000 0,012938 
27,100000 0,012764 
27,200000 0,012581 
27,300000 0,012539 
27,400000 0,011461 
27,500000 0,012792 
27,600000 0,012879 
27,700000 0,012787 
27,800000 0,012385 
27,900000 0,012618 
28,000000 0,012487 
28,100000 0,012226 
28,200000 0,012192 
28,300000 0,011427 
28,400000 0,011226 
28,500000 0,011539 
28,600000 0,011606 
28,700000 0,010844 
28,800000 0,009703 
28,900000 0,005971 
29,000000 0,001156 
29,100000 -0,002947 
29,200000 -0,004746 
29,300000 -0,005266 
29,400000 -0,004308 
29,500000 -0,000343 
29,600000 0,005042 
29,700000 0,008197 
29,800000 0,009901 
29,900000 0,010678 
30,000000 0,011023 
30,100000 0,011380 
30,200000 0,011470 
30,300000 0,011628 
30,400000 0,011576 
30,500000 0,012208 
30,600000 0,012272 
30,700000 0,012268 
30,800000 0,012168 
30,900000 0,012235 
31,000000 0,012238 
31,100000 0,011853 
31,200000 0,011557 
31,300000 0,011541 
31,400000 0,011775 
31,500000 0,011827 
31,600000 0,012292 
31,700000 0,011911 
31,800000 0,011890 
31,900000 0,011664 
32,000000 0,011475 
32,100000 0,011098 
32,200000 0,011092 
32,300000 0,011109 
32,400000 0,011089 
32,500000 0,011730 
32,600000 0,011646 
32,700000 0,012061 
32,800000 0,011706 
32,900000 0,011354 
33,000000 0,010890 
33,100000 0,010635 
33,200000 0,010424 
33,300000 0,010431 
33,400000 0,010615 
33,500000 0,010934 
33,600000 0,011490 
33,700000 0,011811 
33,800000 0,012214 
33,900000 0,012200 
34,000000 0,012141 
34,100000 0,012188 
34,200000 0,012053 
34,300000 0,012387 
34,400000 0,012306 
34,500000 0,012361 
34,600000 0,012549 
34,700000 0,012832 
34,800000 0,012807 
34,900000 0,012675 
35,000000 0,012469 
35,100000 0,012534 
35,200000 0,012183 
35,300000 0,012185 
35,400000 0,012230 
35,500000 0,012307 
35,600000 0,012504 
35,700000 0,012317 
35,800000 0,012241 
35,900000 0,012233 
36,000000 0,012227 
36,100000 0,012552 
36,200000 0,012474 
36,300000 0,012659 
36,400000 0,012286 
36,500000 0,012384 
36,600000 0,012449 
36,700000 0,012344 
36,800000 0,012342 
36,900000 0,012346 
37,000000 0,012330 
37,100000 0,012184 
37,200000 0,012404 
37,300000 0,012489 
37,400000 0,012519 
37,500000 0,012305 
37,600000 0,012254 
37,700000 0,012539 
37,800000 0,012593 
37,900000 0,012491 
38,000000 0,012421 
38,100000 0,012106 
38,200000 0,012406 
38,300000 0,012481 
38,400000 0,012383 
38,500000 0,012486 
38,600000 0,013650 
38,700000 0,012843 
38,800000 0,012856 
38,900000 0,012915 
39,000000 0,012922 
39,100000 0,012794 
39,200000 0,011695 
39,300000 0,012115 
39,400000 0,012173 
39,500000 0,012360 
39,600000 0,012435 
39,700000 0,012418 
39,800000 0,012541 
39,900000 0,012383 
40,000000 0,012217 
40,100000 0,012297 
40,200000 0,012060 
40,300000 0,011993 
40,400000 0,012458 
40,500000 0,012302 
40,600000 0,012608 
40,700000 0,012393 
40,800000 0,012504 
40,900000 0,012178 
41,000000 0,012025 
41,100000 0,012071 
41,200000 0,012145 
41,300000 0,012168 
41,400000 0,012353 
41,500000 0,012289 
41,600000 0,012503 
41,700000 0,012307 
41,800000 0,012644 
41,900000 0,012496 
42,000000 0,012301 
42,100000 0,012258 
42,200000 0,012407 
42,300000 0,012360 
42,400000 0,012322 
42,500000 0,012323 
42,600000 0,012300 
42,700000 0,012629 
42,800000 0,012847 
42,900000 0,012550 
43,000000 0,012390 
43,100000 0,012573 
43,200000 0,012386 
43,300000 0,012356 
43,400000 0,012469 
43,500000 0,012446 
43,600000 0,012486 
43,700000 0,012545 
43,800000 0,012440 
43,900000 0,012648 
44,000000 0,012405 
44,100000 0,012330 
44,200000 0,011949 
44,300000 0,012342 
44,400000 0,012290 
44,500000 0,012316 
44,600000 0,012643 
44,700000 0,012224 
44,800000 0,011941 
44,900000 0,011622 
45,000000 0,011086 
45,100000 0,010425 
45,200000 0,010060 
45,300000 0,010007 
45,400000 0,010005 
45,500000 0,010420 
45,600000 0,011059 
45,700000 0,011739 
45,800000 0,011874 
45,900000 0,012137 
46,000000 0,012196 
46,100000 0,012337 
46,200000 0,012075 
46,300000 0,012236 
46,400000 0,012163 
46,500000 0,012148 
46,600000 0,012251 
46,700000 0,012529 
46,800000 0,012479 
46,900000 0,012446 
47,000000 0,012172 
47,100000 0,012397 
47,200000 0,012492 
47,300000 0,012437 
47,400000 0,012280 
47,500000 0,012374 
47,600000 0,012310 
47,700000 0,012181 
47,800000 0,012122 
47,900000 0,012298 
48,000000 0,011824 
48,100000 0,011204 
48,200000 0,010842 
48,300000 0,010734 
48,400000 0,010563 
48,500000 0,010763 
48,600000 0,011313 
48,700000 0,012082 
48,800000 0,012178 
48,900000 0,012291 
49,000000 0,012386 
49,100000 0,012386 
49,200000 0,012061 
49,300000 0,012614 
49,400000 0,012290 
49,500000 0,012499 
49,600000 0,012451 
49,700000 0,012411 
49,800000 0,012684 
49,900000 0,012789 
50,000000 0,012655 
50,100000 0,012371 
50,200000 0,012428 
50,300000 0,012578 
50,400000 0,012417 
50,500000 0,012557 
50,600000 0,012472 
50,700000 0,012351 
50,800000 0,012306 
50,900000 0,012325 
51,000000 0,012127 
51,100000 0,012217 
51,200000 0,012005 
51,300000 0,011644 
51,400000 0,011668 
51,500000 0,011635 
51,600000 0,011849 
51,700000 0,011978 
51,800000 0,012056 
51,900000 0,012327 
52,000000 0,012258 
52,100000 0,012393 
52,200000 0,012372 
52,300000 0,012242 
52,400000 0,011918 
52,500000 0,012071 
52,600000 0,012256 
52,700000 0,012246 
52,800000 0,012700 
52,900000 0,012252 
53,000000 0,012572 
53,100000 0,012333 
53,200000 0,012372 
53,300000 0,012423 
53,400000 0,012282 
53,500000 0,012516 
53,600000 0,012330 
53,700000 0,012527 
53,800000 0,011975 
53,900000 0,012425 
54,000000 0,012740 
54,100000 0,012533 
54,200000 0,012480 
54,300000 0,012347 
54,400000 0,012570 
54,500000 0,012236 
54,600000 0,012461 
54,700000 0,012398 
54,800000 0,012599 
54,900000 0,012255 
55,000000 0,012609 
55,100000 0,012216 
55,200000 0,012516 
55,300000 0,012729 
55,400000 0,012661 
55,500000 0,012576 
55,600000 0,012511 
55,700000 0,012683 
55,800000 0,012563 
55,900000 0,012440 
56,000000 0,012500 
56,100000 0,012396 
56,200000 0,012418 
56,300000 0,012214 
56,400000 0,012532 
56,500000 0,012677 
56,600000 0,012705 
56,700000 0,012547 
56,800000 0,012364 
56,900000 0,012488 
57,000000 0,012357 
57,100000 0,012252 
57,200000 0,012391 
57,300000 0,012262 
57,400000 0,012418 
57,500000 0,012247 
57,600000 0,012413 
57,700000 0,012378 
57,800000 0,012372 
57,900000 0,012458 
58,000000 0,012668 
58,100000 0,012429 
58,200000 0,012389 
58,300000 0,012301 
58,400000 0,012221 
58,500000 0,012291 
58,600000 0,012300 
58,700000 0,012718 
58,800000 0,012439 
58,900000 0,012248 
59,000000 0,012308 
59,100000 0,012326 
59,200000 0,012374 
59,300000 0,012530 
59,400000 0,012251 
59,500000 0,012457 
59,600000 0,012683 
59,700000 0,012619 
59,800000 0,012417 
59,900000 0,012355 
60,000000 0,012384 
60,100000 0,012702 
60,200000 0,012293 
60,300000 0,012456 
60,400000 0,012551 
60,500000 0,012562 
60,600000 0,012431 
60,700000 0,012253 
60,800000 0,012496 
60,900000 0,012384 
61,000000 0,012540 
61,100000 0,012102 
61,200000 0,012311 
61,300000 0,012228 
61,400000 0,012553 
61,500000 0,012516 
61,600000 0,012302 
61,700000 0,012174 
61,800000 0,012346 
61,900000 0,012298 
62,000000 0,012412 
62,100000 0,012199 
62,200000 0,012125 
62,300000 0,012461 
62,400000 0,012365 
62,500000 0,012443 
62,600000 0,012486 
62,700000 0,012436 
62,800000 0,012473 
62,900000 0,012258 
63,000000 0,012323 
63,100000 0,012279 
63,200000 0,012667 
63,300000 0,011940 
63,400000 0,011612 
63,500000 0,012194 
63,600000 0,011923 
63,700000 0,011539 
63,800000 0,011466 
63,900000 0,011589 
64,000000 0,011602 
64,100000 0,011709 
64,200000 0,012142 
64,300000 0,011715 
64,400000 0,011834 
64,500000 0,012506 
64,600000 0,012607 
64,700000 0,012307 
64,800000 0,012410 
64,900000 0,012319 
65,000000 0,012156 
65,100000 0,012121 
65,200000 0,012194 
65,300000 0,011889 
65,400000 0,012192 
65,500000 0,012160 
65,600000 0,012197 
65,700000 0,012034 
65,800000 0,012093 
65,900000 0,012234 
66,000000 0,012190 
66,100000 0,012385 
66,200000 0,012202 
66,300000 0,012306 
66,400000 0,012242 
66,500000 0,012228 
66,600000 0,012363 
66,700000 0,012244 
66,800000 0,012209 
66,900000 0,012493 
67,000000 0,012376 
67,100000 0,012389 
67,200000 0,012170 
67,300000 0,011681 
67,400000 0,011490 
67,500000 0,011675 
67,600000 0,011524 
67,700000 0,011603 
67,800000 0,012087 
67,900000 0,012123 
68,000000 0,012151 
68,100000 0,012231 
68,200000 0,012160 
68,300000 0,012602 
68,400000 0,011841 
68,500000 0,012093 
68,600000 0,012298 
68,700000 0,012142 
68,800000 0,012427 
68,900000 0,012375 
69,000000 0,012405 
69,100000 0,012615 
69,200000 0,012607 
69,300000 0,012669 
69,400000 0,012186 
69,500000 0,012434 
69,600000 0,012263 
69,700000 0,011976 
69,800000 0,012234 
69,900000 0,012283 
70,000000 0,011931 
70,100000 0,012038 
70,200000 0,011555 
70,300000 0,011061 
70,400000 0,009996 
70,500000 0,009811 
70,600000 0,009870 
70,700000 0,011144 
70,800000 0,011098 
70,900000 0,011343 
71,000000 0,011851 
71,100000 0,011967 
71,200000 0,012194 
71,300000 0,012355 
71,400000 0,012390 
71,500000 0,012165 
71,600000 0,012147 
71,700000 0,012329 
71,800000 0,012522 
71,900000 0,012281 
72,000000 0,012278 
72,100000 0,013022 
72,200000 0,012657 
72,300000 0,012128 
72,400000 0,011907 
72,500000 0,012333 
72,600000 0,012284 
72,700000 0,012412 
72,800000 0,012397 
72,900000 0,012350 
73,000000 0,012461 
73,100000 0,012300 
73,200000 0,012370 
73,300000 0,012342 
73,400000 0,012094 
73,500000 0,012452 
73,600000 0,012683 
73,700000 0,012506 
73,800000 0,012509 
73,900000 0,012442 
74,000000 0,012415 
74,100000 0,012148 
74,200000 0,012378 
74,300000 0,012300 
74,400000 0,012548 
74,500000 0,012497 
74,600000 0,012022 
74,700000 0,012129 
74,800000 0,011752 
74,900000 0,012052 
75,000000 0,011928 
75,100000 0,011908 
75,200000 0,012100 
75,300000 0,013117 
75,400000 0,013133 
75,500000 0,012854 
75,600000 0,012413 
75,700000 0,012394 
75,800000 0,012327 
75,900000 0,012094 
76,000000 0,012383 
76,100000 0,012449 
76,200000 0,012296 
76,300000 0,012595 
76,400000 0,012119 
76,500000 0,012421 
76,600000 0,012077 
76,700000 0,011817 
76,800000 0,011512 
76,900000 0,011759 
77,000000 0,012000 
77,100000 0,012184 
77,200000 0,011952 
77,300000 0,011862 
77,400000 0,011872 
77,500000 0,011862 
77,600000 0,011904 
77,700000 0,011726 
77,800000 0,011948 
77,900000 0,012338 
78,000000 0,012331 
78,100000 0,012735 
78,200000 0,012939 
78,300000 0,012534 
78,400000 0,012463 
78,500000 0,012506 
78,600000 0,012615 
78,700000 0,012572 
78,800000 0,012778 
78,900000 0,012724 
79,000000 0,012305 
79,100000 0,012337 
79,200000 0,012352 
79,300000 0,012311 
79,400000 0,012478 
79,500000 0,011894 
79,600000 0,012425 
79,700000 0,012229 
79,800000 0,012146 
79,900000 0,012118 
80,000000 0,012247 
80,100000 0,012443 
80,200000 0,012471 
80,300000 0,012006 
80,400000 0,011394 
80,500000 0,011621 
80,600000 0,011629 
80,700000 0,011770 
80,800000 0,012416 
80,900000 0,012258 
81,000000 0,012323 
81,100000 0,012246 
81,200000 0,012583 
81,300000 0,012480 
81,400000 0,012235 
81,500000 0,011680 
81,600000 0,011749 
81,700000 0,011997 
81,800000 0,012046 
81,900000 0,011773 
82,000000 0,012326 
82,100000 0,012096 
82,200000 0,012168 
82,300000 0,012158 
82,400000 0,011945 
82,500000 0,011739 
82,600000 0,011829 
82,700000 0,012145 
82,800000 0,012051 
82,900000 0,011999 
83,000000 0,012164 
83,100000 0,012325 
83,200000 0,012286 
83,300000 0,012444 
83,400000 0,012034 
83,500000 0,012079 
83,600000 0,011800 
83,700000 0,012317 
83,800000 0,012157 
83,900000 0,012146 
84,000000 0,012123 
84,100000 0,012097 
84,200000 0,012040 
84,300000 0,012023 
84,400000 0,011998 
84,500000 0,012223 
84,600000 0,012082 
84,700000 0,011982 
84,800000 0,012153 
84,900000 0,012485 
85,000000 0,013165 
85,100000 0,012569 
85,200000 0,012698 
85,300000 0,012764 
85,400000 0,012605 
85,500000 0,012549 
85,600000 0,012499 
85,700000 0,012671 
85,800000 0,012727 
85,900000 0,012305 
86,000000 0,012484 
86,100000 0,012705 
86,200000 0,012535 
86,300000 0,012336 
86,400000 0,012587 
86,500000 0,012951 
86,600000 0,013024 
86,700000 0,012763 
86,800000 0,012858 
86,900000 0,012574 
87,000000 0,012085 
87,100000 0,011642 
87,200000 0,011789 
87,300000 0,011678 
87,400000 0,011942 
87,500000 0,012238 
87,600000 0,012060 
87,700000 0,011940 
87,800000 0,011403 
87,900000 0,011538 
88,000000 0,011650 
88,100000 0,011584 
88,200000 0,011765 
88,300000 0,012085 
88,400000 0,011811 
88,500000 0,011917 
88,600000 0,011737 
88,700000 0,012145 
88,800000 0,012087 
88,900000 0,011874 
89,000000 0,011793 
89,100000 0,012000 
89,200000 0,011684 
89,300000 0,011719 
89,400000 0,011624 
89,500000 0,011675 
89,600000 0,011862 
89,700000 0,012067 
89,800000 0,011963 
89,900000 0,011566 
90,000000 0,011968 
90,100000 0,011930 
90,200000 0,011750 
90,300000 0,011841 
90,400000 0,011747 
90,500000 0,011808 
90,600000 0,011653 
90,700000 0,011970 
90,800000 0,012333 
90,900000 0,012131 
91,000000 0,011777 
91,100000 0,011795 
91,200000 0,012038 
91,300000 0,012008 
91,400000 0,011980 
91,500000 0,011832 
91,600000 0,011782 
91,700000 0,012051 
91,800000 0,011872 
91,900000 0,012077 
92,000000 0,011863 
92,100000 0,011896 
92,200000 0,012086 
92,300000 0,012087 
92,400000 0,012256 
92,500000 0,012136 
92,600000 0,011917 
92,700000 0,011927 
92,800000 0,011623 
92,900000 0,011980 
93,000000 0,011921 
93,100000 0,012056 
93,200000 0,011883 
93,300000 0,011995 
93,400000 0,011737 
93,500000 0,012318 
93,600000 0,012040 
93,700000 0,011934 
93,800000 0,011617 
93,900000 0,012190 
94,000000 0,012110 
94,100000 0,011888 
94,200000 0,011977 
94,300000 0,011882 
94,400000 0,011805 
94,500000 0,012111 
94,600000 0,011960 
94,700000 0,011883 
94,800000 0,011756 
94,900000 0,012012 
95,000000 0,011623 
95,100000 0,011712 
95,200000 0,012147 
95,300000 0,011822 
95,400000 0,012058 
95,500000 0,011825 
95,600000 0,011814 
95,700000 0,011658 
95,800000 0,012114 
95,900000 0,011889 
96,000000 0,011975 
96,100000 0,012261 
96,200000 0,011852 
96,300000 0,011846 
96,400000 0,011695 
96,500000 0,012166 
96,600000 0,011931 
96,700000 0,011828 
96,800000 0,011793 
96,900000 0,012123 
97,000000 0,012034 
97,100000 0,011592 
97,200000 0,012416 
97,300000 0,011764 
97,400000 0,011791 
97,500000 0,011693 
97,600000 0,012100 
97,700000 0,012123 
97,800000 0,012010 
97,900000 0,012060 
98,000000 0,011687 
98,100000 0,011962 
98,200000 0,011786 
98,300000 0,012200 
98,400000 0,012249 
98,500000 0,012286 
98,600000 0,011931 
98,700000 0,011863 
98,800000 0,011922 
98,900000 0,012055 
99,000000 0,012038 
99,100000 0,011922 
99,200000 0,012082 
99,300000 0,011969 
99,400000 0,012027 
99,500000 0,012047 
99,600000 0,011956 
99,700000 0,012027 
99,800000 0,011917 
99,900000 0,012015 
100,000000 0,011949 
