0,000000 0,006035 
0,100000 0,007568 
0,200000 0,008721 
0,300000 0,008937 
0,400000 0,009384 
0,500000 0,009715 
0,600000 0,009601 
0,700000 0,009394 
0,800000 0,009321 
0,900000 0,009501 
1,000000 0,009542 
1,100000 0,009483 
1,200000 0,009530 
1,300000 0,009417 
1,400000 0,009645 
1,500000 0,009554 
1,600000 0,009668 
1,700000 0,009430 
1,800000 0,009385 
1,900000 0,009542 
2,000000 0,009477 
2,100000 0,009532 
2,200000 0,009629 
2,300000 0,009594 
2,400000 0,009464 
2,500000 0,009779 
2,600000 0,009553 
2,700000 0,009794 
2,800000 0,009507 
2,900000 0,010448 
3,000000 0,010358 
3,100000 0,010569 
3,200000 0,010740 
3,300000 0,010907 
3,400000 0,011167 
3,500000 0,011153 
3,600000 0,011278 
3,700000 0,011205 
3,800000 0,010524 
3,900000 0,010244 
4,000000 0,010772 
4,100000 0,010870 
4,200000 0,010965 
4,300000 0,011314 
4,400000 0,010863 
4,500000 0,010981 
4,600000 0,011348 
4,700000 0,011424 
4,800000 0,010939 
4,900000 0,011243 
5,000000 0,011044 
5,100000 0,010940 
5,200000 0,011173 
5,300000 0,011195 
5,400000 0,011420 
5,500000 0,010995 
5,600000 0,011227 
5,700000 0,011176 
5,800000 0,011010 
5,900000 0,011275 
6,000000 0,011157 
6,100000 0,011138 
6,200000 0,011000 
6,300000 0,011155 
6,400000 0,011376 
6,500000 0,011050 
6,600000 0,011240 
6,700000 0,011044 
6,800000 0,011251 
6,900000 0,011096 
7,000000 0,011181 
7,100000 0,011570 
7,200000 0,011497 
7,300000 0,011010 
7,400000 0,010924 
7,500000 0,010856 
7,600000 0,011100 
7,700000 0,011194 
7,800000 0,011240 
7,900000 0,010919 
8,000000 0,011021 
8,100000 0,011245 
8,200000 0,011432 
8,300000 0,011416 
8,400000 0,011431 
8,500000 0,011441 
8,600000 0,011502 
8,700000 0,012159 
8,800000 0,011718 
8,900000 0,011634 
9,000000 0,011538 
9,100000 0,011323 
9,200000 0,011779 
9,300000 0,011853 
9,400000 0,011619 
9,500000 0,011537 
9,600000 0,011530 
9,700000 0,011557 
9,800000 0,011458 
9,900000 0,011509 
10,000000 0,011570 
10,100000 0,011538 
10,200000 0,011884 
10,300000 0,011825 
10,400000 0,011410 
10,500000 0,011511 
10,600000 0,011466 
10,700000 0,011567 
10,800000 0,011462 
10,900000 0,011974 
11,000000 0,011664 
11,100000 0,011620 
11,200000 0,011452 
11,300000 0,011718 
11,400000 0,011569 
11,500000 0,011756 
11,600000 0,011571 
11,700000 0,011453 
11,800000 0,011373 
11,900000 0,011357 
12,000000 0,011704 
12,100000 0,011508 
12,200000 0,011594 
12,300000 0,011356 
12,400000 0,011166 
12,500000 0,011177 
12,600000 0,011238 
12,700000 0,011422 
12,800000 0,011478 
12,900000 0,011237 
13,000000 0,011491 
13,100000 0,011268 
13,200000 0,011196 
13,300000 0,011024 
13,400000 0,010897 
13,500000 0,010851 
13,600000 0,011112 
13,700000 0,011194 
13,800000 0,011274 
13,900000 0,011563 
14,000000 0,011538 
14,100000 0,011661 
14,200000 0,011201 
14,300000 0,011449 
14,400000 0,011445 
14,500000 0,011658 
14,600000 0,011674 
14,700000 0,011442 
14,800000 0,011431 
14,900000 0,011577 
15,000000 0,011449 
15,100000 0,010994 
15,200000 0,010758 
15,300000 0,010650 
15,400000 0,010502 
15,500000 0,010659 
15,600000 0,011024 
15,700000 0,010985 
15,800000 0,011381 
15,900000 0,011488 
16,000000 0,011177 
16,100000 0,010691 
16,200000 0,010520 
16,300000 0,010487 
16,400000 0,010401 
16,500000 0,010532 
16,600000 0,010788 
16,700000 0,011324 
16,800000 0,011140 
16,900000 0,010938 
17,000000 0,010791 
17,100000 0,010467 
17,200000 0,009976 
17,300000 0,009463 
17,400000 0,009880 
17,500000 0,010373 
17,600000 0,010832 
17,700000 0,010848 
17,800000 0,011024 
17,900000 0,010339 
18,000000 0,008191 
18,100000 0,005726 
18,200000 0,003691 
18,300000 0,001948 
18,400000 0,002273 
18,500000 0,004697 
18,600000 0,007385 
18,700000 0,009144 
18,800000 0,008886 
18,900000 0,005753 
19,000000 -0,003971 
19,100000 -0,014755 
19,200000 -0,022735 
19,300000 -0,026662 
19,400000 -0,026298 
19,500000 -0,017507 
19,600000 -0,006533 
19,700000 0,001279 
19,800000 0,005904 
19,900000 0,008104 
20,000000 0,009283 
20,100000 0,009993 
20,200000 0,010422 
20,300000 0,010538 
20,400000 0,010545 
20,500000 0,011160 
20,600000 0,011057 
20,700000 0,010991 
20,800000 0,010674 
20,900000 0,009374 
21,000000 0,006226 
21,100000 0,003161 
21,200000 0,000394 
21,300000 -0,000337 
21,400000 0,000152 
21,500000 0,003827 
21,600000 0,007008 
21,700000 0,009369 
21,800000 0,010624 
21,900000 0,011123 
22,000000 0,011267 
22,100000 0,011441 
22,200000 0,011590 
22,300000 0,011749 
22,400000 0,011764 
22,500000 0,011950 
22,600000 0,011582 
22,700000 0,011805 
22,800000 0,011711 
22,900000 0,012030 
23,000000 0,012027 
23,100000 0,011619 
23,200000 0,011817 
23,300000 0,011910 
23,400000 0,011516 
23,500000 0,011731 
23,600000 0,011773 
23,700000 0,011743 
23,800000 0,011872 
23,900000 0,011804 
24,000000 0,011363 
24,100000 0,011659 
24,200000 0,011777 
24,300000 0,011456 
24,400000 0,011785 
24,500000 0,011432 
24,600000 0,011793 
24,700000 0,011562 
24,800000 0,011618 
24,900000 0,011424 
25,000000 0,011541 
25,100000 0,011391 
25,200000 0,011288 
25,300000 0,011317 
25,400000 0,011376 
25,500000 0,011556 
25,600000 0,011240 
25,700000 0,011159 
25,800000 0,011027 
25,900000 0,011521 
26,000000 0,011236 
26,100000 0,011257 
26,200000 0,011278 
26,300000 0,011251 
26,400000 0,011035 
26,500000 0,011287 
26,600000 0,011347 
26,700000 0,011492 
26,800000 0,011824 
26,900000 0,011242 
27,000000 0,010868 
27,100000 0,010758 
27,200000 0,010620 
27,300000 0,010764 
27,400000 0,010560 
27,500000 0,010865 
27,600000 0,011083 
27,700000 0,011229 
27,800000 0,011430 
27,900000 0,011362 
28,000000 0,011026 
28,100000 0,010913 
28,200000 0,010614 
28,300000 0,010461 
28,400000 0,010524 
28,500000 0,010916 
28,600000 0,010881 
28,700000 0,010202 
28,800000 0,007700 
28,900000 0,001758 
29,000000 -0,005653 
29,100000 -0,010907 
29,200000 -0,013752 
29,300000 -0,014057 
29,400000 -0,012814 
29,500000 -0,006791 
29,600000 0,000282 
29,700000 0,005623 
29,800000 0,007993 
29,900000 0,009558 
30,000000 0,009818 
30,100000 0,010155 
30,200000 0,010316 
30,300000 0,010484 
30,400000 0,010735 
30,500000 0,010844 
30,600000 0,011089 
30,700000 0,011336 
30,800000 0,011191 
30,900000 0,011119 
31,000000 0,010708 
31,100000 0,010723 
31,200000 0,010600 
31,300000 0,010571 
31,400000 0,010690 
31,500000 0,010801 
31,600000 0,011084 
31,700000 0,011330 
31,800000 0,011316 
31,900000 0,011397 
32,000000 0,010641 
32,100000 0,010458 
32,200000 0,010546 
32,300000 0,010514 
32,400000 0,010641 
32,500000 0,010612 
32,600000 0,011000 
32,700000 0,011047 
32,800000 0,011023 
32,900000 0,010682 
33,000000 0,010441 
33,100000 0,010458 
33,200000 0,010084 
33,300000 0,009896 
33,400000 0,010054 
33,500000 0,010333 
33,600000 0,010855 
33,700000 0,011266 
33,800000 0,011025 
33,900000 0,011360 
34,000000 0,011368 
34,100000 0,011581 
34,200000 0,011446 
34,300000 0,011382 
34,400000 0,011099 
34,500000 0,010740 
34,600000 0,010930 
34,700000 0,011126 
34,800000 0,011269 
34,900000 0,011094 
35,000000 0,011161 
35,100000 0,011267 
35,200000 0,011211 
35,300000 0,010999 
35,400000 0,011432 
35,500000 0,011111 
35,600000 0,011128 
35,700000 0,011194 
35,800000 0,011069 
35,900000 0,011257 
36,000000 0,011179 
36,100000 0,011636 
36,200000 0,011839 
36,300000 0,011818 
36,400000 0,011796 
36,500000 0,011718 
36,600000 0,011663 
36,700000 0,011746 
36,800000 0,011926 
36,900000 0,011812 
37,000000 0,011568 
37,100000 0,011533 
37,200000 0,011873 
37,300000 0,011758 
37,400000 0,011760 
37,500000 0,011401 
37,600000 0,011806 
37,700000 0,011663 
37,800000 0,011622 
37,900000 0,011540 
38,000000 0,011515 
38,100000 0,011710 
38,200000 0,011532 
38,300000 0,011588 
38,400000 0,011700 
38,500000 0,011714 
38,600000 0,011684 
38,700000 0,011505 
38,800000 0,011641 
38,900000 0,011957 
39,000000 0,012110 
39,100000 0,011816 
39,200000 0,011817 
39,300000 0,011331 
39,400000 0,011702 
39,500000 0,011490 
39,600000 0,011508 
39,700000 0,011681 
39,800000 0,012284 
39,900000 0,012088 
40,000000 0,011888 
40,100000 0,011673 
40,200000 0,011481 
40,300000 0,011378 
40,400000 0,011656 
40,500000 0,011107 
40,600000 0,011268 
40,700000 0,011647 
40,800000 0,011416 
40,900000 0,010954 
41,000000 0,010262 
41,100000 0,009771 
41,200000 0,010004 
41,300000 0,009430 
41,400000 0,010290 
41,500000 0,010298 
41,600000 0,011187 
41,700000 0,011187 
41,800000 0,011537 
41,900000 0,011547 
42,000000 0,011363 
42,100000 0,011167 
42,200000 0,011220 
42,300000 0,011009 
42,400000 0,011221 
42,500000 0,011317 
42,600000 0,011660 
42,700000 0,011477 
42,800000 0,011689 
42,900000 0,011363 
43,000000 0,011486 
43,100000 0,011427 
43,200000 0,011459 
43,300000 0,011411 
43,400000 0,011234 
43,500000 0,011165 
43,600000 0,011407 
43,700000 0,011383 
43,800000 0,011334 
43,900000 0,011334 
44,000000 0,011033 
44,100000 0,010960 
44,200000 0,010946 
44,300000 0,010659 
44,400000 0,010834 
44,500000 0,011019 
44,600000 0,011171 
44,700000 0,011182 
44,800000 0,011405 
44,900000 0,010881 
45,000000 0,010143 
45,100000 0,009455 
45,200000 0,009027 
45,300000 0,009078 
45,400000 0,009116 
45,500000 0,009471 
45,600000 0,010445 
45,700000 0,010989 
45,800000 0,011260 
45,900000 0,011239 
46,000000 0,011221 
46,100000 0,011231 
46,200000 0,011685 
46,300000 0,011291 
46,400000 0,011487 
46,500000 0,010722 
46,600000 0,010639 
46,700000 0,011035 
46,800000 0,011022 
46,900000 0,010986 
47,000000 0,011161 
47,100000 0,011053 
47,200000 0,010944 
47,300000 0,011252 
47,400000 0,010975 
47,500000 0,011105 
47,600000 0,011221 
47,700000 0,011373 
47,800000 0,011335 
47,900000 0,010951 
48,000000 0,010536 
48,100000 0,010193 
48,200000 0,009771 
48,300000 0,009835 
48,400000 0,009742 
48,500000 0,009982 
48,600000 0,010415 
48,700000 0,010855 
48,800000 0,010871 
48,900000 0,010973 
49,000000 0,011160 
49,100000 0,010819 
49,200000 0,010534 
49,300000 0,010814 
49,400000 0,010629 
49,500000 0,010666 
49,600000 0,011129 
49,700000 0,011180 
49,800000 0,011606 
49,900000 0,011439 
50,000000 0,011410 
50,100000 0,011496 
50,200000 0,011119 
50,300000 0,011384 
50,400000 0,010711 
50,500000 0,010661 
50,600000 0,010666 
50,700000 0,010953 
50,800000 0,010902 
50,900000 0,010542 
51,000000 0,010678 
51,100000 0,010847 
51,200000 0,010855 
51,300000 0,010370 
51,400000 0,010569 
51,500000 0,010487 
51,600000 0,010350 
51,700000 0,010019 
51,800000 0,011051 
51,900000 0,010978 
52,000000 0,010819 
52,100000 0,010536 
52,200000 0,010760 
52,300000 0,010742 
52,400000 0,010695 
52,500000 0,010755 
52,600000 0,010839 
52,700000 0,011081 
52,800000 0,010946 
52,900000 0,011280 
53,000000 0,011929 
53,100000 0,011517 
53,200000 0,011447 
53,300000 0,011384 
53,400000 0,011396 
53,500000 0,011254 
53,600000 0,011125 
53,700000 0,011161 
53,800000 0,011276 
53,900000 0,011415 
54,000000 0,011532 
54,100000 0,011265 
54,200000 0,011212 
54,300000 0,011334 
54,400000 0,011272 
54,500000 0,011702 
54,600000 0,011388 
54,700000 0,011247 
54,800000 0,011370 
54,900000 0,011389 
55,000000 0,011218 
55,100000 0,011268 
55,200000 0,011254 
55,300000 0,010551 
55,400000 0,010769 
55,500000 0,010986 
55,600000 0,010979 
55,700000 0,011135 
55,800000 0,010784 
55,900000 0,012046 
56,000000 0,011847 
56,100000 0,011366 
56,200000 0,011437 
56,300000 0,011803 
56,400000 0,011781 
56,500000 0,011169 
56,600000 0,011212 
56,700000 0,011099 
56,800000 0,011341 
56,900000 0,011258 
57,000000 0,011203 
57,100000 0,011377 
57,200000 0,011509 
57,300000 0,011526 
57,400000 0,011572 
57,500000 0,011163 
57,600000 0,011284 
57,700000 0,011336 
57,800000 0,011264 
57,900000 0,011416 
58,000000 0,011358 
58,100000 0,011153 
58,200000 0,011432 
58,300000 0,011259 
58,400000 0,011570 
58,500000 0,011294 
58,600000 0,011024 
58,700000 0,011003 
58,800000 0,010812 
58,900000 0,011060 
59,000000 0,011450 
59,100000 0,011161 
59,200000 0,011211 
59,300000 0,011188 
59,400000 0,011162 
59,500000 0,012082 
59,600000 0,011316 
59,700000 0,011418 
59,800000 0,011258 
59,900000 0,011072 
60,000000 0,010835 
60,100000 0,011135 
60,200000 0,010928 
60,300000 0,011044 
60,400000 0,010937 
60,500000 0,011143 
60,600000 0,011248 
60,700000 0,011290 
60,800000 0,011215 
60,900000 0,011135 
61,000000 0,011093 
61,100000 0,011230 
61,200000 0,011281 
61,300000 0,011187 
61,400000 0,011013 
61,500000 0,011813 
61,600000 0,011582 
61,700000 0,011837 
61,800000 0,011681 
61,900000 0,011612 
62,000000 0,011483 
62,100000 0,011306 
62,200000 0,011466 
62,300000 0,011482 
62,400000 0,011363 
62,500000 0,011437 
62,600000 0,011343 
62,700000 0,011299 
62,800000 0,011199 
62,900000 0,011170 
63,000000 0,011276 
63,100000 0,011375 
63,200000 0,011465 
63,300000 0,011289 
63,400000 0,011186 
63,500000 0,011181 
63,600000 0,011479 
63,700000 0,011444 
63,800000 0,011453 
63,900000 0,011400 
64,000000 0,011442 
64,100000 0,011571 
64,200000 0,011755 
64,300000 0,011447 
64,400000 0,011194 
64,500000 0,011482 
64,600000 0,011661 
64,700000 0,011697 
64,800000 0,011407 
64,900000 0,011416 
65,000000 0,011337 
65,100000 0,011418 
65,200000 0,011499 
65,300000 0,011553 
65,400000 0,011584 
65,500000 0,011206 
65,600000 0,011461 
65,700000 0,011605 
65,800000 0,011507 
65,900000 0,011645 
66,000000 0,011390 
66,100000 0,011467 
66,200000 0,011295 
66,300000 0,011675 
66,400000 0,011719 
66,500000 0,011787 
66,600000 0,011587 
66,700000 0,011452 
66,800000 0,011447 
66,900000 0,011355 
67,000000 0,011359 
67,100000 0,010760 
67,200000 0,010771 
67,300000 0,011565 
67,400000 0,011086 
67,500000 0,011198 
67,600000 0,011156 
67,700000 0,011374 
67,800000 0,011293 
67,900000 0,011176 
68,000000 0,011530 
68,100000 0,011463 
68,200000 0,011482 
68,300000 0,011360 
68,400000 0,011370 
68,500000 0,011415 
68,600000 0,011505 
68,700000 0,011543 
68,800000 0,010953 
68,900000 0,011006 
69,000000 0,011009 
69,100000 0,010969 
69,200000 0,011360 
69,300000 0,011326 
69,400000 0,011288 
69,500000 0,011414 
69,600000 0,011242 
69,700000 0,011293 
69,800000 0,011857 
69,900000 0,011244 
70,000000 0,011119 
70,100000 0,011041 
70,200000 0,010601 
70,300000 0,010294 
70,400000 0,009406 
70,500000 0,008895 
70,600000 0,009130 
70,700000 0,009190 
70,800000 0,010399 
70,900000 0,010484 
71,000000 0,011164 
71,100000 0,011033 
71,200000 0,010511 
71,300000 0,010833 
71,400000 0,011339 
71,500000 0,011972 
71,600000 0,011604 
71,700000 0,011504 
71,800000 0,011287 
71,900000 0,011412 
72,000000 0,011018 
72,100000 0,011660 
72,200000 0,011398 
72,300000 0,011149 
72,400000 0,011056 
72,500000 0,011051 
72,600000 0,010986 
72,700000 0,011117 
72,800000 0,011012 
72,900000 0,010842 
73,000000 0,011007 
73,100000 0,011168 
73,200000 0,011106 
73,300000 0,011077 
73,400000 0,011130 
73,500000 0,011216 
73,600000 0,011027 
73,700000 0,011325 
73,800000 0,011404 
73,900000 0,011234 
74,000000 0,011149 
74,100000 0,011271 
74,200000 0,011271 
74,300000 0,011276 
74,400000 0,011138 
74,500000 0,011120 
74,600000 0,011035 
74,700000 0,011064 
74,800000 0,011363 
74,900000 0,011359 
75,000000 0,011249 
75,100000 0,011286 
75,200000 0,011126 
75,300000 0,011375 
75,400000 0,011544 
75,500000 0,011364 
75,600000 0,011151 
75,700000 0,010976 
75,800000 0,011268 
75,900000 0,011304 
76,000000 0,011281 
76,100000 0,011583 
76,200000 0,011290 
76,300000 0,011062 
76,400000 0,010978 
76,500000 0,011195 
76,600000 0,011263 
76,700000 0,011195 
76,800000 0,011330 
76,900000 0,011162 
77,000000 0,011579 
77,100000 0,011435 
77,200000 0,011400 
77,300000 0,011352 
77,400000 0,011343 
77,500000 0,011310 
77,600000 0,011350 
77,700000 0,011461 
77,800000 0,011559 
77,900000 0,011312 
78,000000 0,011239 
78,100000 0,011266 
78,200000 0,011627 
78,300000 0,011832 
78,400000 0,010292 
78,500000 0,010718 
78,600000 0,010836 
78,700000 0,011005 
78,800000 0,011736 
78,900000 0,011559 
79,000000 0,010525 
79,100000 0,011677 
79,200000 0,011976 
79,300000 0,011836 
79,400000 0,011713 
79,500000 0,011462 
79,600000 0,011361 
79,700000 0,011329 
79,800000 0,011199 
79,900000 0,011433 
80,000000 0,011589 
80,100000 0,011351 
80,200000 0,011070 
80,300000 0,011010 
80,400000 0,011245 
80,500000 0,011359 
80,600000 0,011650 
80,700000 0,011421 
80,800000 0,011368 
80,900000 0,011576 
81,000000 0,011457 
81,100000 0,011465 
81,200000 0,011494 
81,300000 0,011407 
81,400000 0,011281 
81,500000 0,011380 
81,600000 0,011481 
81,700000 0,011711 
81,800000 0,011434 
81,900000 0,011243 
82,000000 0,011252 
82,100000 0,011330 
82,200000 0,011392 
82,300000 0,011505 
82,400000 0,011378 
82,500000 0,011368 
82,600000 0,011373 
82,700000 0,011791 
82,800000 0,011592 
82,900000 0,011328 
83,000000 0,011427 
83,100000 0,011425 
83,200000 0,011513 
83,300000 0,011673 
83,400000 0,011479 
83,500000 0,011467 
83,600000 0,011518 
83,700000 0,011365 
83,800000 0,011551 
83,900000 0,011487 
84,000000 0,011320 
84,100000 0,011398 
84,200000 0,011381 
84,300000 0,011414 
84,400000 0,011433 
84,500000 0,010839 
84,600000 0,010959 
84,700000 0,011071 
84,800000 0,011914 
84,900000 0,011462 
85,000000 0,011748 
85,100000 0,011649 
85,200000 0,011435 
85,300000 0,011345 
85,400000 0,011525 
85,500000 0,011633 
85,600000 0,011569 
85,700000 0,011477 
85,800000 0,011456 
85,900000 0,011413 
86,000000 0,011580 
86,100000 0,011549 
86,200000 0,011616 
86,300000 0,011552 
86,400000 0,011340 
86,500000 0,011505 
86,600000 0,011509 
86,700000 0,011633 
86,800000 0,011422 
86,900000 0,011468 
87,000000 0,011498 
87,100000 0,011349 
87,200000 0,011730 
87,300000 0,011555 
87,400000 0,011512 
87,500000 0,011512 
87,600000 0,011292 
87,700000 0,011517 
87,800000 0,011653 
87,900000 0,011585 
88,000000 0,011650 
88,100000 0,011596 
88,200000 0,011599 
88,300000 0,011504 
88,400000 0,011500 
88,500000 0,011868 
88,600000 0,011519 
88,700000 0,011325 
88,800000 0,011365 
88,900000 0,011429 
89,000000 0,010729 
89,100000 0,011646 
89,200000 0,011471 
89,300000 0,011334 
89,400000 0,011458 
89,500000 0,011371 
89,600000 0,011325 
89,700000 0,010720 
89,800000 0,011069 
89,900000 0,010573 
90,000000 0,010983 
90,100000 0,011409 
90,200000 0,011308 
90,300000 0,011471 
90,400000 0,011225 
90,500000 0,011497 
90,600000 0,011306 
90,700000 0,011025 
90,800000 0,011187 
90,900000 0,011111 
91,000000 0,011275 
91,100000 0,011246 
91,200000 0,011204 
91,300000 0,011594 
91,400000 0,011575 
91,500000 0,011338 
91,600000 0,011236 
91,700000 0,011324 
91,800000 0,011358 
91,900000 0,011253 
92,000000 0,011255 
92,100000 0,011033 
92,200000 0,011076 
92,300000 0,011365 
92,400000 0,011313 
92,500000 0,011469 
92,600000 0,011362 
92,700000 0,011233 
92,800000 0,011082 
92,900000 0,011357 
93,000000 0,011775 
93,100000 0,011724 
93,200000 0,011458 
93,300000 0,011561 
93,400000 0,012218 
93,500000 0,011927 
93,600000 0,011827 
93,700000 0,011224 
93,800000 0,011550 
93,900000 0,011697 
94,000000 0,011268 
94,100000 0,010986 
94,200000 0,010974 
94,300000 0,011537 
94,400000 0,010845 
94,500000 0,011059 
94,600000 0,011343 
94,700000 0,011033 
94,800000 0,011202 
94,900000 0,011814 
95,000000 0,011250 
95,100000 0,011484 
95,200000 0,011218 
95,300000 0,011216 
95,400000 0,011243 
95,500000 0,011182 
95,600000 0,011261 
95,700000 0,011177 
95,800000 0,011677 
95,900000 0,011243 
96,000000 0,011566 
96,100000 0,011409 
96,200000 0,011243 
96,300000 0,011148 
96,400000 0,011269 
96,500000 0,011302 
96,600000 0,011274 
96,700000 0,011329 
96,800000 0,011116 
96,900000 0,011558 
97,000000 0,011423 
97,100000 0,011384 
97,200000 0,011294 
97,300000 0,011657 
97,400000 0,011530 
97,500000 0,010873 
97,600000 0,011130 
97,700000 0,011496 
97,800000 0,011287 
97,900000 0,010993 
98,000000 0,010690 
98,100000 0,011347 
98,200000 0,011567 
98,300000 0,011439 
98,400000 0,011454 
98,500000 0,011364 
98,600000 0,011418 
98,700000 0,011548 
98,800000 0,011716 
98,900000 0,011935 
99,000000 0,011596 
99,100000 0,011046 
99,200000 0,011492 
99,300000 0,010876 
99,400000 0,011228 
99,500000 0,011218 
99,600000 0,011124 
99,700000 0,011347 
99,800000 0,010989 
99,900000 0,010933 
100,000000 0,011154 
