0,000000 -0,024510 
0,100000 -0,034219 
0,200000 -0,040708 
0,300000 -0,042614 
0,400000 -0,045806 
0,500000 -0,046601 
0,600000 -0,047011 
0,700000 -0,047741 
0,800000 -0,047602 
0,900000 -0,047411 
1,000000 -0,048396 
1,100000 -0,047583 
1,200000 -0,047857 
1,300000 -0,048992 
1,400000 -0,047579 
1,500000 -0,047500 
1,600000 -0,047704 
1,700000 -0,047752 
1,800000 -0,049219 
1,900000 -0,047932 
2,000000 -0,047984 
2,100000 -0,047386 
2,200000 -0,048706 
2,300000 -0,048059 
2,400000 -0,047633 
2,500000 -0,047575 
2,600000 -0,047927 
2,700000 -0,048066 
2,800000 -0,038664 
2,900000 -0,021177 
3,000000 -0,011074 
3,100000 -0,004923 
3,200000 0,001092 
3,300000 0,004564 
3,400000 0,007016 
3,500000 0,007149 
3,600000 0,007036 
3,700000 0,000786 
3,800000 -0,014262 
3,900000 -0,022031 
4,000000 -0,012877 
4,100000 -0,003204 
4,200000 0,003249 
4,300000 0,006806 
4,400000 0,007887 
4,500000 0,008901 
4,600000 0,009942 
4,700000 0,010514 
4,800000 0,010846 
4,900000 0,011162 
5,000000 0,011114 
5,100000 0,011037 
5,200000 0,011426 
5,300000 0,010982 
5,400000 0,011053 
5,500000 0,010988 
5,600000 0,011261 
5,700000 0,011089 
5,800000 0,011054 
5,900000 0,011254 
6,000000 0,011159 
6,100000 0,011327 
6,200000 0,011413 
6,300000 0,011377 
6,400000 0,011238 
6,500000 0,011346 
6,600000 0,011307 
6,700000 0,011308 
6,800000 0,011370 
6,900000 0,011277 
7,000000 0,011474 
7,100000 0,011392 
7,200000 0,011387 
7,300000 0,011193 
7,400000 0,011330 
7,500000 0,011037 
7,600000 0,011075 
7,700000 0,011387 
7,800000 0,011089 
7,900000 0,011163 
8,000000 0,011332 
8,100000 0,011252 
8,200000 0,011597 
8,300000 0,011277 
8,400000 0,011307 
8,500000 0,011264 
8,600000 0,011361 
8,700000 0,011137 
8,800000 0,011372 
8,900000 0,011254 
9,000000 0,011319 
9,100000 0,011402 
9,200000 0,011201 
9,300000 0,011121 
9,400000 0,011342 
9,500000 0,011309 
9,600000 0,011090 
9,700000 0,011154 
9,800000 0,011120 
9,900000 0,010988 
10,000000 0,011262 
10,100000 0,011464 
10,200000 0,011245 
10,300000 0,011382 
10,400000 0,011152 
10,500000 0,011591 
10,600000 0,011342 
10,700000 0,011366 
10,800000 0,011309 
10,900000 0,011406 
11,000000 0,011172 
11,100000 0,011022 
11,200000 0,011516 
11,300000 0,011640 
11,400000 0,011712 
11,500000 0,011413 
11,600000 0,011381 
11,700000 0,011565 
11,800000 0,011627 
11,900000 0,011466 
12,000000 0,011714 
12,100000 0,011701 
12,200000 0,011433 
12,300000 0,011905 
12,400000 0,011780 
12,500000 0,011562 
12,600000 0,011540 
12,700000 0,011236 
12,800000 0,011444 
12,900000 0,010863 
13,000000 0,009715 
13,100000 0,007747 
13,200000 0,004666 
13,300000 0,002464 
13,400000 0,002096 
13,500000 0,002645 
13,600000 0,005925 
13,700000 0,007764 
13,800000 0,008960 
13,900000 0,009375 
14,000000 0,008619 
14,100000 0,006894 
14,200000 0,003693 
14,300000 0,001052 
14,400000 -0,002243 
14,500000 -0,003090 
14,600000 -0,002023 
14,700000 0,000292 
14,800000 0,001631 
14,900000 0,002257 
15,000000 -0,002017 
15,100000 -0,011198 
15,200000 -0,020814 
15,300000 -0,027390 
15,400000 -0,027643 
15,500000 -0,023635 
15,600000 -0,012176 
15,700000 -0,003758 
15,800000 0,000340 
15,900000 -0,005217 
16,000000 -0,025057 
16,100000 -0,061471 
16,200000 -0,096156 
16,300000 -0,117229 
16,400000 -0,121411 
16,500000 -0,102223 
16,600000 -0,061681 
16,700000 -0,030900 
16,800000 -0,015534 
16,900000 -0,009896 
17,000000 -0,014977 
17,100000 -0,027836 
17,200000 -0,039166 
17,300000 -0,046399 
17,400000 -0,045512 
17,500000 -0,036520 
17,600000 -0,019677 
17,700000 -0,007894 
17,800000 -0,001170 
17,900000 -0,000404 
18,000000 -0,005341 
18,100000 -0,012393 
18,200000 -0,017298 
18,300000 -0,020083 
18,400000 -0,019638 
18,500000 -0,013085 
18,600000 -0,004984 
18,700000 -0,000352 
18,800000 -0,001064 
18,900000 -0,013445 
19,000000 -0,041841 
19,100000 -0,073042 
19,200000 -0,094550 
19,300000 -0,103845 
19,400000 -0,105152 
19,500000 -0,077135 
19,600000 -0,042562 
19,700000 -0,019875 
19,800000 -0,008175 
19,900000 -0,001105 
20,000000 0,002823 
20,100000 0,004478 
20,200000 0,005472 
20,300000 0,006286 
20,400000 0,006362 
20,500000 0,006162 
20,600000 0,004080 
20,700000 -0,003575 
20,800000 -0,029645 
20,900000 -0,093332 
21,000000 -0,183227 
21,100000 -0,258120 
21,200000 -0,298450 
21,300000 -0,309152 
21,400000 -0,290473 
21,500000 -0,186967 
21,600000 -0,098362 
21,700000 -0,050192 
21,800000 -0,025993 
21,900000 -0,011546 
22,000000 -0,003083 
22,100000 0,002264 
22,200000 0,005565 
22,300000 0,007229 
22,400000 0,008363 
22,500000 0,009088 
22,600000 0,009939 
22,700000 0,010344 
22,800000 0,010422 
22,900000 0,010562 
23,000000 0,010604 
23,100000 0,010165 
23,200000 0,009913 
23,300000 0,009784 
23,400000 0,010240 
23,500000 0,010322 
23,600000 0,011047 
23,700000 0,011274 
23,800000 0,011495 
23,900000 0,011567 
24,000000 0,011300 
24,100000 0,011267 
24,200000 0,011233 
24,300000 0,011506 
24,400000 0,011385 
24,500000 0,011432 
24,600000 0,011645 
24,700000 0,011335 
24,800000 0,010912 
24,900000 0,009751 
25,000000 0,008635 
25,100000 0,008203 
25,200000 0,007732 
25,300000 0,007638 
25,400000 0,007662 
25,500000 0,008324 
25,600000 0,009738 
25,700000 0,009654 
25,800000 0,008797 
25,900000 0,006959 
26,000000 0,002985 
26,100000 0,000798 
26,200000 -0,000892 
26,300000 -0,001920 
26,400000 -0,001669 
26,500000 0,001502 
26,600000 0,004752 
26,700000 0,004881 
26,800000 0,000616 
26,900000 -0,011251 
27,000000 -0,026181 
27,100000 -0,037400 
27,200000 -0,045281 
27,300000 -0,046370 
27,400000 -0,046077 
27,500000 -0,034507 
27,600000 -0,018175 
27,700000 -0,008302 
27,800000 -0,005627 
27,900000 -0,010594 
28,000000 -0,020318 
28,100000 -0,027925 
28,200000 -0,032756 
28,300000 -0,034742 
28,400000 -0,032598 
28,500000 -0,027342 
28,600000 -0,021492 
28,700000 -0,035469 
28,800000 -0,087191 
28,900000 -0,200714 
29,000000 -0,328254 
29,100000 -0,420927 
29,200000 -0,458242 
29,300000 -0,459092 
29,400000 -0,414279 
29,500000 -0,306687 
29,600000 -0,173115 
29,700000 -0,090051 
29,800000 -0,049076 
29,900000 -0,033557 
30,000000 -0,027628 
30,100000 -0,025129 
30,200000 -0,023439 
30,300000 -0,021802 
30,400000 -0,018643 
30,500000 -0,012324 
30,600000 -0,004129 
30,700000 0,001846 
30,800000 0,003979 
30,900000 0,003306 
31,000000 0,001978 
31,100000 0,000865 
31,200000 -0,000450 
31,300000 0,000130 
31,400000 0,000431 
31,500000 0,002613 
31,600000 0,006319 
31,700000 0,007646 
31,800000 0,007910 
31,900000 0,007201 
32,000000 0,006108 
32,100000 0,004334 
32,200000 0,003283 
32,300000 0,003384 
32,400000 0,003897 
32,500000 0,005754 
32,600000 0,007477 
32,700000 0,008079 
32,800000 0,007609 
32,900000 0,006005 
33,000000 0,003001 
33,100000 0,001820 
33,200000 0,000763 
33,300000 0,000511 
33,400000 0,001916 
33,500000 0,003391 
33,600000 0,006940 
33,700000 0,008474 
33,800000 0,009441 
33,900000 0,009585 
34,000000 0,009393 
34,100000 0,009255 
34,200000 0,009522 
34,300000 0,009669 
34,400000 0,009540 
34,500000 0,009873 
34,600000 0,010271 
34,700000 0,010591 
34,800000 0,010857 
34,900000 0,010525 
35,000000 0,010337 
35,100000 0,009681 
35,200000 0,009814 
35,300000 0,009919 
35,400000 0,009834 
35,500000 0,010338 
35,600000 0,010724 
35,700000 0,010890 
35,800000 0,010932 
35,900000 0,010919 
36,000000 0,011011 
36,100000 0,011121 
36,200000 0,011094 
36,300000 0,011201 
36,400000 0,011270 
36,500000 0,011110 
36,600000 0,010990 
36,700000 0,010799 
36,800000 0,009789 
36,900000 0,008071 
37,000000 0,006488 
37,100000 0,005576 
37,200000 0,004716 
37,300000 0,004746 
37,400000 0,005361 
37,500000 0,006759 
37,600000 0,008306 
37,700000 0,009414 
37,800000 0,009258 
37,900000 0,008042 
38,000000 0,006313 
38,100000 0,005596 
38,200000 0,004697 
38,300000 0,004205 
38,400000 0,004287 
38,500000 0,005707 
38,600000 0,007521 
38,700000 0,008791 
38,800000 0,008783 
38,900000 0,007290 
39,000000 0,005152 
39,100000 0,002910 
39,200000 0,002052 
39,300000 0,001607 
39,400000 0,001918 
39,500000 0,002841 
39,600000 0,005858 
39,700000 0,007391 
39,800000 0,007014 
39,900000 0,002924 
40,000000 -0,003541 
40,100000 -0,008999 
40,200000 -0,012290 
40,300000 -0,014902 
40,400000 -0,017625 
40,500000 -0,020512 
40,600000 -0,029952 
40,700000 -0,070764 
40,800000 -0,187420 
40,900000 -0,571226 
41,000000 -1,005042 
41,100000 -1,240947 
41,200000 -1,305701 
41,300000 -1,233917 
41,400000 -1,049554 
41,500000 -0,673864 
41,600000 -0,330219 
41,700000 -0,158497 
41,800000 -0,085032 
41,900000 -0,049529 
42,000000 -0,033081 
42,100000 -0,025414 
42,200000 -0,020759 
42,300000 -0,017415 
42,400000 -0,013862 
42,500000 -0,009631 
42,600000 -0,004232 
42,700000 0,001232 
42,800000 0,002891 
42,900000 -0,001486 
43,000000 -0,009682 
43,100000 -0,015335 
43,200000 -0,019048 
43,300000 -0,020391 
43,400000 -0,020216 
43,500000 -0,016471 
43,600000 -0,009716 
43,700000 -0,006443 
43,800000 -0,014054 
43,900000 -0,053538 
44,000000 -0,116758 
44,100000 -0,174274 
44,200000 -0,212971 
44,300000 -0,225148 
44,400000 -0,217556 
44,500000 -0,182250 
44,600000 -0,114077 
44,700000 -0,060014 
44,800000 -0,032003 
44,900000 -0,024980 
45,000000 -0,026133 
45,100000 -0,028626 
45,200000 -0,031234 
45,300000 -0,030604 
45,400000 -0,028198 
45,500000 -0,021395 
45,600000 -0,010305 
45,700000 -0,001604 
45,800000 0,004150 
45,900000 0,006489 
46,000000 0,007479 
46,100000 0,007547 
46,200000 0,007459 
46,300000 0,007508 
46,400000 0,007917 
46,500000 0,008196 
46,600000 0,009427 
46,700000 0,010043 
46,800000 0,010364 
46,900000 0,010540 
47,000000 0,010313 
47,100000 0,010073 
47,200000 0,010044 
47,300000 0,009869 
47,400000 0,009952 
47,500000 0,010114 
47,600000 0,010409 
47,700000 0,010818 
47,800000 0,010888 
47,900000 0,010389 
48,000000 0,009501 
48,100000 0,008819 
48,200000 0,008540 
48,300000 0,007916 
48,400000 0,008214 
48,500000 0,008694 
48,600000 0,009752 
48,700000 0,010273 
48,800000 0,010782 
48,900000 0,010752 
49,000000 0,010847 
49,100000 0,010839 
49,200000 0,010735 
49,300000 0,010615 
49,400000 0,010710 
49,500000 0,010652 
49,600000 0,010959 
49,700000 0,011143 
49,800000 0,011194 
49,900000 0,010969 
50,000000 0,010989 
50,100000 0,011023 
50,200000 0,010986 
50,300000 0,010792 
50,400000 0,010944 
50,500000 0,010940 
50,600000 0,011083 
50,700000 0,011162 
50,800000 0,011134 
50,900000 0,010758 
51,000000 0,010368 
51,100000 0,009800 
51,200000 0,009292 
51,300000 0,008701 
51,400000 0,008975 
51,500000 0,009031 
51,600000 0,009796 
51,700000 0,010385 
51,800000 0,010739 
51,900000 0,011019 
52,000000 0,010770 
52,100000 0,010511 
52,200000 0,009999 
52,300000 0,010115 
52,400000 0,009963 
52,500000 0,009889 
52,600000 0,010066 
52,700000 0,010624 
52,800000 0,010875 
52,900000 0,010909 
53,000000 0,010729 
53,100000 0,010587 
53,200000 0,010410 
53,300000 0,010294 
53,400000 0,010313 
53,500000 0,010290 
53,600000 0,010574 
53,700000 0,010914 
53,800000 0,011035 
53,900000 0,011002 
54,000000 0,010836 
54,100000 0,010463 
54,200000 0,010084 
54,300000 0,010012 
54,400000 0,009793 
54,500000 0,010244 
54,600000 0,010401 
54,700000 0,010737 
54,800000 0,010893 
54,900000 0,011118 
55,000000 0,011017 
55,100000 0,010903 
55,200000 0,010764 
55,300000 0,010731 
55,400000 0,010461 
55,500000 0,010469 
55,600000 0,010736 
55,700000 0,010919 
55,800000 0,011012 
55,900000 0,011009 
56,000000 0,010919 
56,100000 0,010796 
56,200000 0,010316 
56,300000 0,010457 
56,400000 0,010247 
56,500000 0,010196 
56,600000 0,010647 
56,700000 0,010941 
56,800000 0,010961 
56,900000 0,011011 
57,000000 0,011020 
57,100000 0,010829 
57,200000 0,010760 
57,300000 0,010567 
57,400000 0,010440 
57,500000 0,010479 
57,600000 0,010466 
57,700000 0,010749 
57,800000 0,011007 
57,900000 0,010899 
58,000000 0,010954 
58,100000 0,010709 
58,200000 0,010012 
58,300000 0,009465 
58,400000 0,009114 
58,500000 0,009271 
58,600000 0,009340 
58,700000 0,009399 
58,800000 0,009418 
58,900000 0,008364 
59,000000 0,004938 
59,100000 -0,005525 
59,200000 -0,023640 
59,300000 -0,039094 
59,400000 -0,046916 
59,500000 -0,047538 
59,600000 -0,039370 
59,700000 -0,022941 
59,800000 -0,009480 
59,900000 -0,000966 
60,000000 0,004249 
60,100000 0,006683 
60,200000 0,007277 
60,300000 0,007630 
60,400000 0,007680 
60,500000 0,007952 
60,600000 0,008284 
60,700000 0,009415 
60,800000 0,010383 
60,900000 0,010159 
61,000000 0,010735 
61,100000 0,011142 
61,200000 0,010844 
61,300000 0,010284 
61,400000 0,010425 
61,500000 0,010357 
61,600000 0,011021 
61,700000 0,010613 
61,800000 0,011196 
61,900000 0,011424 
62,000000 0,011483 
62,100000 0,011127 
62,200000 0,011367 
62,300000 0,011180 
62,400000 0,011252 
62,500000 0,011182 
62,600000 0,011181 
62,700000 0,011454 
62,800000 0,011241 
62,900000 0,010992 
63,000000 0,011068 
63,100000 0,011080 
63,200000 0,010906 
63,300000 0,011046 
63,400000 0,010831 
63,500000 0,010655 
63,600000 0,010828 
63,700000 0,011049 
63,800000 0,011344 
63,900000 0,011097 
64,000000 0,011365 
64,100000 0,011019 
64,200000 0,011128 
64,300000 0,011276 
64,400000 0,011193 
64,500000 0,011216 
64,600000 0,011297 
64,700000 0,011057 
64,800000 0,011083 
64,900000 0,011116 
65,000000 0,011376 
65,100000 0,011406 
65,200000 0,011163 
65,300000 0,010927 
65,400000 0,011183 
65,500000 0,011122 
65,600000 0,010941 
65,700000 0,011097 
65,800000 0,011073 
65,900000 0,011093 
66,000000 0,011414 
66,100000 0,011281 
66,200000 0,011144 
66,300000 0,011033 
66,400000 0,011161 
66,500000 0,011079 
66,600000 0,011465 
66,700000 0,011253 
66,800000 0,011419 
66,900000 0,011110 
67,000000 0,011241 
67,100000 0,011135 
67,200000 0,011001 
67,300000 0,010468 
67,400000 0,010570 
67,500000 0,010293 
67,600000 0,010318 
67,700000 0,010566 
67,800000 0,010844 
67,900000 0,011047 
68,000000 0,011124 
68,100000 0,011107 
68,200000 0,011111 
68,300000 0,011133 
68,400000 0,011133 
68,500000 0,011073 
68,600000 0,011068 
68,700000 0,011077 
68,800000 0,011113 
68,900000 0,011288 
69,000000 0,011327 
69,100000 0,011362 
69,200000 0,011168 
69,300000 0,011067 
69,400000 0,011151 
69,500000 0,011090 
69,600000 0,011175 
69,700000 0,011195 
69,800000 0,010989 
69,900000 0,011158 
70,000000 0,011100 
70,100000 0,010989 
70,200000 0,010237 
70,300000 0,008792 
70,400000 0,007260 
70,500000 0,006949 
70,600000 0,007086 
70,700000 0,008277 
70,800000 0,009623 
70,900000 0,010478 
71,000000 0,010913 
71,100000 0,011129 
71,200000 0,011200 
71,300000 0,011043 
71,400000 0,011158 
71,500000 0,011041 
71,600000 0,011037 
71,700000 0,011184 
71,800000 0,011267 
71,900000 0,011146 
72,000000 0,011141 
72,100000 0,011063 
72,200000 0,011292 
72,300000 0,011247 
72,400000 0,011316 
72,500000 0,011132 
72,600000 0,011113 
72,700000 0,011136 
72,800000 0,011046 
72,900000 0,011304 
73,000000 0,011090 
73,100000 0,011053 
73,200000 0,010977 
73,300000 0,011372 
73,400000 0,011095 
73,500000 0,011472 
73,600000 0,011327 
73,700000 0,011010 
73,800000 0,011162 
73,900000 0,011332 
74,000000 0,011198 
74,100000 0,011300 
74,200000 0,011295 
74,300000 0,011125 
74,400000 0,011148 
74,500000 0,011221 
74,600000 0,011112 
74,700000 0,011036 
74,800000 0,011100 
74,900000 0,011088 
75,000000 0,010962 
75,100000 0,010986 
75,200000 0,011003 
75,300000 0,011176 
75,400000 0,010998 
75,500000 0,010808 
75,600000 0,011071 
75,700000 0,011025 
75,800000 0,011153 
75,900000 0,011007 
76,000000 0,011036 
76,100000 0,010893 
76,200000 0,011040 
76,300000 0,011119 
76,400000 0,011062 
76,500000 0,011003 
76,600000 0,010981 
76,700000 0,010993 
76,800000 0,011231 
76,900000 0,011325 
77,000000 0,011165 
77,100000 0,011145 
77,200000 0,011085 
77,300000 0,011357 
77,400000 0,011097 
77,500000 0,011070 
77,600000 0,011052 
77,700000 0,011240 
77,800000 0,010573 
77,900000 0,011118 
78,000000 0,011242 
78,100000 0,011256 
78,200000 0,011009 
78,300000 0,010959 
78,400000 0,011008 
78,500000 0,011022 
78,600000 0,011120 
78,700000 0,011063 
78,800000 0,011095 
78,900000 0,011018 
79,000000 0,011054 
79,100000 0,011240 
79,200000 0,011188 
79,300000 0,011115 
79,400000 0,011086 
79,500000 0,011079 
79,600000 0,011011 
79,700000 0,010947 
79,800000 0,011083 
79,900000 0,010947 
80,000000 0,010863 
80,100000 0,011101 
80,200000 0,011229 
80,300000 0,011281 
80,400000 0,011237 
80,500000 0,010934 
80,600000 0,011000 
80,700000 0,011012 
80,800000 0,011017 
80,900000 0,010828 
81,000000 0,010965 
81,100000 0,010862 
81,200000 0,010887 
81,300000 0,011059 
81,400000 0,011111 
81,500000 0,011019 
81,600000 0,011348 
81,700000 0,011008 
81,800000 0,011007 
81,900000 0,011119 
82,000000 0,011109 
82,100000 0,010948 
82,200000 0,011155 
82,300000 0,011261 
82,400000 0,011129 
82,500000 0,011199 
82,600000 0,010910 
82,700000 0,011172 
82,800000 0,010970 
82,900000 0,011094 
83,000000 0,011022 
83,100000 0,011207 
83,200000 0,011157 
83,300000 0,010809 
83,400000 0,011159 
83,500000 0,011095 
83,600000 0,011260 
83,700000 0,011101 
83,800000 0,010869 
83,900000 0,011008 
84,000000 0,011244 
84,100000 0,011202 
84,200000 0,011073 
84,300000 0,011124 
84,400000 0,011357 
84,500000 0,011283 
84,600000 0,011173 
84,700000 0,011043 
84,800000 0,011216 
84,900000 0,011278 
85,000000 0,011139 
85,100000 0,011118 
85,200000 0,011131 
85,300000 0,011120 
85,400000 0,011133 
85,500000 0,011115 
85,600000 0,011075 
85,700000 0,011136 
85,800000 0,011069 
85,900000 0,011002 
86,000000 0,011128 
86,100000 0,010952 
86,200000 0,010836 
86,300000 0,011074 
86,400000 0,011067 
86,500000 0,011295 
86,600000 0,010947 
86,700000 0,011077 
86,800000 0,010630 
86,900000 0,010958 
87,000000 0,011064 
87,100000 0,010874 
87,200000 0,010830 
87,300000 0,010888 
87,400000 0,010933 
87,500000 0,010985 
87,600000 0,011012 
87,700000 0,011097 
87,800000 0,010941 
87,900000 0,010905 
88,000000 0,010988 
88,100000 0,010835 
88,200000 0,011190 
88,300000 0,011359 
88,400000 0,011151 
88,500000 0,011220 
88,600000 0,011042 
88,700000 0,011020 
88,800000 0,011201 
88,900000 0,011076 
89,000000 0,011026 
89,100000 0,010888 
89,200000 0,010972 
89,300000 0,010951 
89,400000 0,011135 
89,500000 0,011025 
89,600000 0,010916 
89,700000 0,010964 
89,800000 0,010936 
89,900000 0,010901 
90,000000 0,011148 
90,100000 0,011156 
90,200000 0,010912 
90,300000 0,010848 
90,400000 0,011038 
90,500000 0,011031 
90,600000 0,011072 
90,700000 0,010967 
90,800000 0,010921 
90,900000 0,011081 
91,000000 0,011118 
91,100000 0,011162 
91,200000 0,010958 
91,300000 0,011122 
91,400000 0,011179 
91,500000 0,011164 
91,600000 0,011197 
91,700000 0,011099 
91,800000 0,011010 
91,900000 0,011007 
92,000000 0,010917 
92,100000 0,011266 
92,200000 0,011231 
92,300000 0,010972 
92,400000 0,010601 
92,500000 0,010609 
92,600000 0,010775 
92,700000 0,010708 
92,800000 0,011374 
92,900000 0,011129 
93,000000 0,010863 
93,100000 0,010861 
93,200000 0,010690 
93,300000 0,011178 
93,400000 0,010979 
93,500000 0,010942 
93,600000 0,010857 
93,700000 0,011061 
93,800000 0,011087 
93,900000 0,011199 
94,000000 0,011059 
94,100000 0,010897 
94,200000 0,011106 
94,300000 0,010983 
94,400000 0,010996 
94,500000 0,010950 
94,600000 0,010834 
94,700000 0,011023 
94,800000 0,011093 
94,900000 0,011149 
95,000000 0,011135 
95,100000 0,010965 
95,200000 0,010917 
95,300000 0,010762 
95,400000 0,011042 
95,500000 0,011038 
95,600000 0,010998 
95,700000 0,011059 
95,800000 0,011049 
95,900000 0,010841 
96,000000 0,011184 
96,100000 0,010897 
96,200000 0,010701 
96,300000 0,010657 
96,400000 0,011110 
96,500000 0,011078 
96,600000 0,011073 
96,700000 0,011050 
96,800000 0,010989 
96,900000 0,010945 
97,000000 0,010858 
97,100000 0,011135 
97,200000 0,010925 
97,300000 0,011028 
97,400000 0,010958 
97,500000 0,010886 
97,600000 0,010882 
97,700000 0,010985 
97,800000 0,010808 
97,900000 0,011164 
98,000000 0,011009 
98,100000 0,010817 
98,200000 0,011057 
98,300000 0,011101 
98,400000 0,011012 
98,500000 0,010978 
98,600000 0,010966 
98,700000 0,010980 
98,800000 0,010940 
98,900000 0,011208 
99,000000 0,010989 
99,100000 0,010944 
99,200000 0,010960 
99,300000 0,010915 
99,400000 0,011166 
99,500000 0,011017 
99,600000 0,010999 
99,700000 0,010909 
99,800000 0,010792 
99,900000 0,011109 
100,000000 0,010899 
