0,000000 -0,025068 
0,100000 -0,035636 
0,200000 -0,041177 
0,300000 -0,043455 
0,400000 -0,045822 
0,500000 -0,047007 
0,600000 -0,047012 
0,700000 -0,047800 
0,800000 -0,047771 
0,900000 -0,048787 
1,000000 -0,047852 
1,100000 -0,048556 
1,200000 -0,047983 
1,300000 -0,049174 
1,400000 -0,048154 
1,500000 -0,047902 
1,600000 -0,049370 
1,700000 -0,047932 
1,800000 -0,048908 
1,900000 -0,049098 
2,000000 -0,048338 
2,100000 -0,048839 
2,200000 -0,049049 
2,300000 -0,048798 
2,400000 -0,048922 
2,500000 -0,049951 
2,600000 -0,049151 
2,700000 -0,050516 
2,800000 -0,039938 
2,900000 -0,022233 
3,000000 -0,012170 
3,100000 -0,005340 
3,200000 0,000440 
3,300000 0,003949 
3,400000 0,006323 
3,500000 0,007008 
3,600000 0,007010 
3,700000 0,001146 
3,800000 -0,012366 
3,900000 -0,018573 
4,000000 -0,010957 
4,100000 -0,001628 
4,200000 0,003552 
4,300000 0,006806 
4,400000 0,007767 
4,500000 0,008927 
4,600000 0,009696 
4,700000 0,010080 
4,800000 0,009993 
4,900000 0,010426 
5,000000 0,010446 
5,100000 0,010516 
5,200000 0,010486 
5,300000 0,010548 
5,400000 0,010595 
5,500000 0,010630 
5,600000 0,010723 
5,700000 0,010590 
5,800000 0,010785 
5,900000 0,010740 
6,000000 0,010971 
6,100000 0,010917 
6,200000 0,010704 
6,300000 0,010739 
6,400000 0,010735 
6,500000 0,011138 
6,600000 0,010724 
6,700000 0,010610 
6,800000 0,010448 
6,900000 0,010827 
7,000000 0,010903 
7,100000 0,011148 
7,200000 0,010729 
7,300000 0,010733 
7,400000 0,010970 
7,500000 0,010786 
7,600000 0,010774 
7,700000 0,010946 
7,800000 0,010911 
7,900000 0,010952 
8,000000 0,011089 
8,100000 0,011177 
8,200000 0,011033 
8,300000 0,010883 
8,400000 0,010936 
8,500000 0,010805 
8,600000 0,010617 
8,700000 0,011011 
8,800000 0,010914 
8,900000 0,011009 
9,000000 0,010953 
9,100000 0,010864 
9,200000 0,010810 
9,300000 0,010753 
9,400000 0,010848 
9,500000 0,011075 
9,600000 0,010959 
9,700000 0,010915 
9,800000 0,011062 
9,900000 0,010971 
10,000000 0,011097 
10,100000 0,010967 
10,200000 0,010937 
10,300000 0,011040 
10,400000 0,011021 
10,500000 0,010929 
10,600000 0,010936 
10,700000 0,010873 
10,800000 0,010690 
10,900000 0,010540 
11,000000 0,010530 
11,100000 0,010842 
11,200000 0,010743 
11,300000 0,010628 
11,400000 0,010762 
11,500000 0,010862 
11,600000 0,010985 
11,700000 0,010908 
11,800000 0,010845 
11,900000 0,010530 
12,000000 0,010821 
12,100000 0,010817 
12,200000 0,011125 
12,300000 0,010887 
12,400000 0,010652 
12,500000 0,010701 
12,600000 0,010647 
12,700000 0,010751 
12,800000 0,010670 
12,900000 0,010339 
13,000000 0,009215 
13,100000 0,007216 
13,200000 0,003409 
13,300000 0,000927 
13,400000 -0,000671 
13,500000 0,000694 
13,600000 0,004194 
13,700000 0,007082 
13,800000 0,007882 
13,900000 0,008362 
14,000000 0,007924 
14,100000 0,006108 
14,200000 0,002849 
14,300000 -0,000616 
14,400000 -0,002974 
14,500000 -0,004878 
14,600000 -0,003329 
14,700000 -0,002039 
14,800000 0,000122 
14,900000 0,002087 
15,000000 -0,002297 
15,100000 -0,012676 
15,200000 -0,024937 
15,300000 -0,031963 
15,400000 -0,033904 
15,500000 -0,027986 
15,600000 -0,015157 
15,700000 -0,005989 
15,800000 -0,001765 
15,900000 -0,004721 
16,000000 -0,024177 
16,100000 -0,063432 
16,200000 -0,101702 
16,300000 -0,127531 
16,400000 -0,130301 
16,500000 -0,112123 
16,600000 -0,069131 
16,700000 -0,035044 
16,800000 -0,017588 
16,900000 -0,010381 
17,000000 -0,014604 
17,100000 -0,027435 
17,200000 -0,039589 
17,300000 -0,046501 
17,400000 -0,046048 
17,500000 -0,037759 
17,600000 -0,021260 
17,700000 -0,008826 
17,800000 -0,002137 
17,900000 -0,001116 
18,000000 -0,006420 
18,100000 -0,014145 
18,200000 -0,019760 
18,300000 -0,023486 
18,400000 -0,023561 
18,500000 -0,015380 
18,600000 -0,006814 
18,700000 -0,001551 
18,800000 -0,001807 
18,900000 -0,014332 
19,000000 -0,045271 
19,100000 -0,080503 
19,200000 -0,104471 
19,300000 -0,118458 
19,400000 -0,117455 
19,500000 -0,089624 
19,600000 -0,049440 
19,700000 -0,024226 
19,800000 -0,009651 
19,900000 -0,002648 
20,000000 0,001550 
20,100000 0,003155 
20,200000 0,003974 
20,300000 0,004690 
20,400000 0,004821 
20,500000 0,004442 
20,600000 0,002885 
20,700000 -0,002561 
20,800000 -0,024124 
20,900000 -0,087620 
21,000000 -0,184733 
21,100000 -0,267468 
21,200000 -0,313527 
21,300000 -0,329539 
21,400000 -0,307885 
21,500000 -0,199933 
21,600000 -0,103456 
21,700000 -0,052922 
21,800000 -0,027549 
21,900000 -0,012010 
22,000000 -0,004490 
22,100000 0,001543 
22,200000 0,004624 
22,300000 0,006949 
22,400000 0,007721 
22,500000 0,008304 
22,600000 0,009368 
22,700000 0,009851 
22,800000 0,010252 
22,900000 0,010121 
23,000000 0,009373 
23,100000 0,009132 
23,200000 0,009692 
23,300000 0,009619 
23,400000 0,009769 
23,500000 0,009643 
23,600000 0,010359 
23,700000 0,010782 
23,800000 0,010869 
23,900000 0,011009 
24,000000 0,011006 
24,100000 0,011230 
24,200000 0,011260 
24,300000 0,011218 
24,400000 0,011127 
24,500000 0,011426 
24,600000 0,011156 
24,700000 0,010791 
24,800000 0,010663 
24,900000 0,009431 
25,000000 0,008226 
25,100000 0,007639 
25,200000 0,007488 
25,300000 0,007303 
25,400000 0,007383 
25,500000 0,007686 
25,600000 0,008720 
25,700000 0,009033 
25,800000 0,008365 
25,900000 0,006459 
26,000000 0,002870 
26,100000 -0,000244 
26,200000 -0,002113 
26,300000 -0,002809 
26,400000 -0,002463 
26,500000 -0,000038 
26,600000 0,003774 
26,700000 0,004964 
26,800000 0,000656 
26,900000 -0,011486 
27,000000 -0,027145 
27,100000 -0,038219 
27,200000 -0,046839 
27,300000 -0,049464 
27,400000 -0,047399 
27,500000 -0,037635 
27,600000 -0,020121 
27,700000 -0,009030 
27,800000 -0,006253 
27,900000 -0,011342 
28,000000 -0,021634 
28,100000 -0,030173 
28,200000 -0,035916 
28,300000 -0,038284 
28,400000 -0,037218 
28,500000 -0,031051 
28,600000 -0,023596 
28,700000 -0,033485 
28,800000 -0,088907 
28,900000 -0,219133 
29,000000 -0,368973 
29,100000 -0,483367 
29,200000 -0,536969 
29,300000 -0,539057 
29,400000 -0,488371 
29,500000 -0,356961 
29,600000 -0,196323 
29,700000 -0,099983 
29,800000 -0,057240 
29,900000 -0,039569 
30,000000 -0,032604 
30,100000 -0,030416 
30,200000 -0,029589 
30,300000 -0,027990 
30,400000 -0,024212 
30,500000 -0,017082 
30,600000 -0,007918 
30,700000 -0,000261 
30,800000 0,002505 
30,900000 0,001541 
31,000000 -0,001871 
31,100000 -0,003929 
31,200000 -0,005080 
31,300000 -0,005246 
31,400000 -0,004275 
31,500000 -0,001145 
31,600000 0,003401 
31,700000 0,006800 
31,800000 0,007371 
31,900000 0,006958 
32,000000 0,004826 
32,100000 0,003112 
32,200000 0,002941 
32,300000 0,002496 
32,400000 0,002683 
32,500000 0,003803 
32,600000 0,007112 
32,700000 0,007694 
32,800000 0,007126 
32,900000 0,004032 
33,000000 0,000801 
33,100000 -0,001984 
33,200000 -0,003189 
33,300000 -0,003110 
33,400000 -0,002273 
33,500000 0,001741 
33,600000 0,005295 
33,700000 0,007639 
33,800000 0,008464 
33,900000 0,009004 
34,000000 0,008853 
34,100000 0,008588 
34,200000 0,008563 
34,300000 0,008895 
34,400000 0,008589 
34,500000 0,008976 
34,600000 0,010030 
34,700000 0,010848 
34,800000 0,010793 
34,900000 0,010344 
35,000000 0,009962 
35,100000 0,009516 
35,200000 0,009316 
35,300000 0,009141 
35,400000 0,009467 
35,500000 0,009699 
35,600000 0,010307 
35,700000 0,010900 
35,800000 0,011208 
35,900000 0,011296 
36,000000 0,011501 
36,100000 0,011250 
36,200000 0,011417 
36,300000 0,011346 
36,400000 0,011564 
36,500000 0,011450 
36,600000 0,011304 
36,700000 0,011111 
36,800000 0,009687 
36,900000 0,007627 
37,000000 0,006728 
37,100000 0,005159 
37,200000 0,003992 
37,300000 0,003739 
37,400000 0,004394 
37,500000 0,006568 
37,600000 0,007848 
37,700000 0,009198 
37,800000 0,009210 
37,900000 0,007812 
38,000000 0,006470 
38,100000 0,004614 
38,200000 0,003534 
38,300000 0,003038 
38,400000 0,003565 
38,500000 0,005633 
38,600000 0,007386 
38,700000 0,008322 
38,800000 0,008423 
38,900000 0,006798 
39,000000 0,004721 
39,100000 0,002656 
39,200000 0,001406 
39,300000 0,000392 
39,400000 0,000957 
39,500000 0,002677 
39,600000 0,005822 
39,700000 0,007196 
39,800000 0,007291 
39,900000 0,003169 
40,000000 -0,003878 
40,100000 -0,009303 
40,200000 -0,013465 
40,300000 -0,017155 
40,400000 -0,019357 
40,500000 -0,022041 
40,600000 -0,029081 
40,700000 -0,063468 
40,800000 -0,180422 
40,900000 -0,585133 
41,000000 -1,071477 
41,100000 -1,322602 
41,200000 -1,395018 
41,300000 -1,322985 
41,400000 -1,135535 
41,500000 -0,724339 
41,600000 -0,348537 
41,700000 -0,166219 
41,800000 -0,088661 
41,900000 -0,049770 
42,000000 -0,034179 
42,100000 -0,025939 
42,200000 -0,020922 
42,300000 -0,018253 
42,400000 -0,014406 
42,500000 -0,010633 
42,600000 -0,004138 
42,700000 0,000902 
42,800000 0,002832 
42,900000 -0,002003 
43,000000 -0,009694 
43,100000 -0,016626 
43,200000 -0,021663 
43,300000 -0,023680 
43,400000 -0,023243 
43,500000 -0,019010 
43,600000 -0,012022 
43,700000 -0,007700 
43,800000 -0,013352 
43,900000 -0,057127 
44,000000 -0,127166 
44,100000 -0,194058 
44,200000 -0,235595 
44,300000 -0,254480 
44,400000 -0,246347 
44,500000 -0,209361 
44,600000 -0,129768 
44,700000 -0,067470 
44,800000 -0,034934 
44,900000 -0,027698 
45,000000 -0,030579 
45,100000 -0,035137 
45,200000 -0,038353 
45,300000 -0,037797 
45,400000 -0,036388 
45,500000 -0,027916 
45,600000 -0,014880 
45,700000 -0,004290 
45,800000 0,002787 
45,900000 0,005802 
46,000000 0,007100 
46,100000 0,007294 
46,200000 0,006991 
46,300000 0,006657 
46,400000 0,007631 
46,500000 0,007945 
46,600000 0,008741 
46,700000 0,009530 
46,800000 0,010568 
46,900000 0,010904 
47,000000 0,010750 
47,100000 0,010280 
47,200000 0,009948 
47,300000 0,009630 
47,400000 0,009899 
47,500000 0,010027 
47,600000 0,010188 
47,700000 0,010957 
47,800000 0,011169 
47,900000 0,010850 
48,000000 0,009104 
48,100000 0,008171 
48,200000 0,007563 
48,300000 0,007578 
48,400000 0,007567 
48,500000 0,007970 
48,600000 0,009325 
48,700000 0,010376 
48,800000 0,011188 
48,900000 0,011267 
49,000000 0,011200 
49,100000 0,010846 
49,200000 0,010883 
49,300000 0,010822 
49,400000 0,010814 
49,500000 0,011127 
49,600000 0,011376 
49,700000 0,011403 
49,800000 0,011366 
49,900000 0,011365 
50,000000 0,011386 
50,100000 0,011455 
50,200000 0,010998 
50,300000 0,011099 
50,400000 0,010996 
50,500000 0,011371 
50,600000 0,011561 
50,700000 0,011507 
50,800000 0,011475 
50,900000 0,011274 
51,000000 0,010585 
51,100000 0,009774 
51,200000 0,008816 
51,300000 0,008558 
51,400000 0,008532 
51,500000 0,008823 
51,600000 0,009176 
51,700000 0,009406 
51,800000 0,011578 
51,900000 0,011436 
52,000000 0,011295 
52,100000 0,010781 
52,200000 0,010164 
52,300000 0,010054 
52,400000 0,009956 
52,500000 0,010174 
52,600000 0,010482 
52,700000 0,011307 
52,800000 0,011437 
52,900000 0,011201 
53,000000 0,011496 
53,100000 0,011079 
53,200000 0,010772 
53,300000 0,010735 
53,400000 0,010793 
53,500000 0,010917 
53,600000 0,011078 
53,700000 0,011291 
53,800000 0,011681 
53,900000 0,011733 
54,000000 0,011454 
54,100000 0,010752 
54,200000 0,010473 
54,300000 0,010114 
54,400000 0,010221 
54,500000 0,009999 
54,600000 0,010462 
54,700000 0,011066 
54,800000 0,011630 
54,900000 0,011379 
55,000000 0,011234 
55,100000 0,011601 
55,200000 0,011387 
55,300000 0,011101 
55,400000 0,011048 
55,500000 0,011377 
55,600000 0,011438 
55,700000 0,011513 
55,800000 0,011611 
55,900000 0,011492 
56,000000 0,011376 
56,100000 0,011002 
56,200000 0,009270 
56,300000 0,009597 
56,400000 0,009604 
56,500000 0,009373 
56,600000 0,010281 
56,700000 0,010849 
56,800000 0,010786 
56,900000 0,011474 
57,000000 0,011293 
57,100000 0,011015 
57,200000 0,010828 
57,300000 0,010470 
57,400000 0,010416 
57,500000 0,010271 
57,600000 0,010532 
57,700000 0,010815 
57,800000 0,011276 
57,900000 0,011518 
58,000000 0,011219 
58,100000 0,010763 
58,200000 0,009879 
58,300000 0,009304 
58,400000 0,008316 
58,500000 0,008268 
58,600000 0,008734 
58,700000 0,009536 
58,800000 0,009189 
58,900000 0,007829 
59,000000 0,004280 
59,100000 -0,006892 
59,200000 -0,026431 
59,300000 -0,043889 
59,400000 -0,052250 
59,500000 -0,052999 
59,600000 -0,045614 
59,700000 -0,026594 
59,800000 -0,011719 
59,900000 -0,001627 
60,000000 0,003458 
60,100000 0,006386 
60,200000 0,007272 
60,300000 0,007273 
60,400000 0,007589 
60,500000 0,007626 
60,600000 0,008260 
60,700000 0,008902 
60,800000 0,009750 
60,900000 0,010744 
61,000000 0,010944 
61,100000 0,011463 
61,200000 0,011232 
61,300000 0,011156 
61,400000 0,011191 
61,500000 0,011084 
61,600000 0,010854 
61,700000 0,011182 
61,800000 0,011323 
61,900000 0,011250 
62,000000 0,011275 
62,100000 0,011206 
62,200000 0,011265 
62,300000 0,011434 
62,400000 0,011269 
62,500000 0,011453 
62,600000 0,011489 
62,700000 0,011364 
62,800000 0,011230 
62,900000 0,011289 
63,000000 0,011418 
63,100000 0,011374 
63,200000 0,011195 
63,300000 0,010846 
63,400000 0,010921 
63,500000 0,010737 
63,600000 0,010853 
63,700000 0,011138 
63,800000 0,011062 
63,900000 0,011085 
64,000000 0,011387 
64,100000 0,011340 
64,200000 0,011272 
64,300000 0,011319 
64,400000 0,011198 
64,500000 0,011037 
64,600000 0,011251 
64,700000 0,011288 
64,800000 0,011419 
64,900000 0,011330 
65,000000 0,011319 
65,100000 0,011312 
65,200000 0,011524 
65,300000 0,011435 
65,400000 0,011398 
65,500000 0,011565 
65,600000 0,011448 
65,700000 0,011399 
65,800000 0,011484 
65,900000 0,011672 
66,000000 0,011508 
66,100000 0,011283 
66,200000 0,011257 
66,300000 0,011515 
66,400000 0,011514 
66,500000 0,011395 
66,600000 0,011187 
66,700000 0,011564 
66,800000 0,011607 
66,900000 0,011516 
67,000000 0,011359 
67,100000 0,011242 
67,200000 0,010410 
67,300000 0,010059 
67,400000 0,009894 
67,500000 0,009826 
67,600000 0,010123 
67,700000 0,010803 
67,800000 0,011071 
67,900000 0,011402 
68,000000 0,011078 
68,100000 0,011458 
68,200000 0,011438 
68,300000 0,011430 
68,400000 0,011038 
68,500000 0,010897 
68,600000 0,011118 
68,700000 0,011034 
68,800000 0,011311 
68,900000 0,011016 
69,000000 0,010991 
69,100000 0,011166 
69,200000 0,011408 
69,300000 0,011175 
69,400000 0,010869 
69,500000 0,011055 
69,600000 0,010843 
69,700000 0,011105 
69,800000 0,011178 
69,900000 0,011242 
70,000000 0,010955 
70,100000 0,010505 
70,200000 0,009345 
70,300000 0,008067 
70,400000 0,007208 
70,500000 0,006542 
70,600000 0,006688 
70,700000 0,007628 
70,800000 0,008693 
70,900000 0,009728 
71,000000 0,010318 
71,100000 0,010951 
71,200000 0,010944 
71,300000 0,011188 
71,400000 0,011234 
71,500000 0,011133 
71,600000 0,010784 
71,700000 0,010960 
71,800000 0,011089 
71,900000 0,011234 
72,000000 0,011401 
72,100000 0,011268 
72,200000 0,011299 
72,300000 0,011161 
72,400000 0,011145 
72,500000 0,011193 
72,600000 0,011323 
72,700000 0,011350 
72,800000 0,011376 
72,900000 0,011263 
73,000000 0,010879 
73,100000 0,011283 
73,200000 0,010970 
73,300000 0,011338 
73,400000 0,011223 
73,500000 0,011274 
73,600000 0,011072 
73,700000 0,011284 
73,800000 0,011369 
73,900000 0,011352 
74,000000 0,011258 
74,100000 0,011162 
74,200000 0,011334 
74,300000 0,011431 
74,400000 0,011335 
74,500000 0,011330 
74,600000 0,011156 
74,700000 0,011290 
74,800000 0,011196 
74,900000 0,011338 
75,000000 0,011261 
75,100000 0,011326 
75,200000 0,011152 
75,300000 0,011255 
75,400000 0,011245 
75,500000 0,011087 
75,600000 0,011051 
75,700000 0,011141 
75,800000 0,010955 
75,900000 0,011208 
76,000000 0,011618 
76,100000 0,011216 
76,200000 0,011192 
76,300000 0,011202 
76,400000 0,011413 
76,500000 0,011211 
76,600000 0,011054 
76,700000 0,011348 
76,800000 0,011230 
76,900000 0,011387 
77,000000 0,011172 
77,100000 0,011278 
77,200000 0,011146 
77,300000 0,011334 
77,400000 0,011333 
77,500000 0,011391 
77,600000 0,011483 
77,700000 0,011746 
77,800000 0,011393 
77,900000 0,011009 
78,000000 0,011028 
78,100000 0,011112 
78,200000 0,011426 
78,300000 0,011489 
78,400000 0,011136 
78,500000 0,011298 
78,600000 0,011252 
78,700000 0,010866 
78,800000 0,011118 
78,900000 0,011307 
79,000000 0,011368 
79,100000 0,011121 
79,200000 0,011165 
79,300000 0,011167 
79,400000 0,011407 
79,500000 0,011341 
79,600000 0,011343 
79,700000 0,011339 
79,800000 0,011533 
79,900000 0,010886 
80,000000 0,011163 
80,100000 0,011140 
80,200000 0,011137 
80,300000 0,011354 
80,400000 0,011221 
80,500000 0,011253 
80,600000 0,011246 
80,700000 0,011198 
80,800000 0,011205 
80,900000 0,011252 
81,000000 0,011126 
81,100000 0,011378 
81,200000 0,011399 
81,300000 0,011286 
81,400000 0,011332 
81,500000 0,011533 
81,600000 0,011636 
81,700000 0,011791 
81,800000 0,011425 
81,900000 0,011418 
82,000000 0,011505 
82,100000 0,011437 
82,200000 0,011523 
82,300000 0,011633 
82,400000 0,011513 
82,500000 0,011200 
82,600000 0,011453 
82,700000 0,011219 
82,800000 0,011330 
82,900000 0,011388 
83,000000 0,011409 
83,100000 0,011489 
83,200000 0,011294 
83,300000 0,011459 
83,400000 0,011250 
83,500000 0,011178 
83,600000 0,011428 
83,700000 0,011162 
83,800000 0,011329 
83,900000 0,011606 
84,000000 0,011480 
84,100000 0,011775 
84,200000 0,011449 
84,300000 0,011565 
84,400000 0,011611 
84,500000 0,011352 
84,600000 0,011441 
84,700000 0,011408 
84,800000 0,011370 
84,900000 0,011330 
85,000000 0,011429 
85,100000 0,011393 
85,200000 0,011639 
85,300000 0,011186 
85,400000 0,011414 
85,500000 0,011500 
85,600000 0,011556 
85,700000 0,011536 
85,800000 0,011513 
85,900000 0,011160 
86,000000 0,011261 
86,100000 0,011395 
86,200000 0,011204 
86,300000 0,011543 
86,400000 0,011598 
86,500000 0,011529 
86,600000 0,011180 
86,700000 0,011247 
86,800000 0,011303 
86,900000 0,011603 
87,000000 0,011483 
87,100000 0,011310 
87,200000 0,011482 
87,300000 0,011357 
87,400000 0,011331 
87,500000 0,011333 
87,600000 0,011311 
87,700000 0,011431 
87,800000 0,011435 
87,900000 0,011560 
88,000000 0,011537 
88,100000 0,011579 
88,200000 0,011150 
88,300000 0,011062 
88,400000 0,011512 
88,500000 0,011291 
88,600000 0,011406 
88,700000 0,011283 
88,800000 0,011431 
88,900000 0,011332 
89,000000 0,011485 
89,100000 0,011442 
89,200000 0,011232 
89,300000 0,011401 
89,400000 0,011319 
89,500000 0,011388 
89,600000 0,011632 
89,700000 0,011756 
89,800000 0,011564 
89,900000 0,011456 
90,000000 0,011482 
90,100000 0,011104 
90,200000 0,011509 
90,300000 0,011462 
90,400000 0,011664 
90,500000 0,011627 
90,600000 0,011427 
90,700000 0,011371 
90,800000 0,011259 
90,900000 0,011270 
91,000000 0,011402 
91,100000 0,011348 
91,200000 0,011309 
91,300000 0,011360 
91,400000 0,011274 
91,500000 0,011404 
91,600000 0,011289 
91,700000 0,011508 
91,800000 0,011550 
91,900000 0,011713 
92,000000 0,011558 
92,100000 0,011582 
92,200000 0,011492 
92,300000 0,011328 
92,400000 0,011282 
92,500000 0,011391 
92,600000 0,011511 
92,700000 0,011343 
92,800000 0,011349 
92,900000 0,011431 
93,000000 0,011548 
93,100000 0,011592 
93,200000 0,011673 
93,300000 0,011582 
93,400000 0,011519 
93,500000 0,011600 
93,600000 0,011430 
93,700000 0,011508 
93,800000 0,011746 
93,900000 0,011669 
94,000000 0,011663 
94,100000 0,011465 
94,200000 0,011402 
94,300000 0,011301 
94,400000 0,011725 
94,500000 0,011375 
94,600000 0,011345 
94,700000 0,011290 
94,800000 0,011529 
94,900000 0,011482 
95,000000 0,011302 
95,100000 0,011289 
95,200000 0,011484 
95,300000 0,011319 
95,400000 0,011520 
95,500000 0,011291 
95,600000 0,011465 
95,700000 0,011546 
95,800000 0,011533 
95,900000 0,011343 
96,000000 0,011507 
96,100000 0,011563 
96,200000 0,011468 
96,300000 0,011497 
96,400000 0,011500 
96,500000 0,011590 
96,600000 0,011655 
96,700000 0,011492 
96,800000 0,011344 
96,900000 0,011342 
97,000000 0,011348 
97,100000 0,011549 
97,200000 0,011495 
97,300000 0,011401 
97,400000 0,011499 
97,500000 0,011549 
97,600000 0,011546 
97,700000 0,011621 
97,800000 0,011563 
97,900000 0,011547 
98,000000 0,011568 
98,100000 0,011478 
98,200000 0,011605 
98,300000 0,011448 
98,400000 0,011550 
98,500000 0,011451 
98,600000 0,011331 
98,700000 0,011249 
98,800000 0,011512 
98,900000 0,011301 
99,000000 0,011436 
99,100000 0,011501 
99,200000 0,011807 
99,300000 0,011702 
99,400000 0,011407 
99,500000 0,011344 
99,600000 0,011368 
99,700000 0,011361 
99,800000 0,011320 
99,900000 0,011228 
100,000000 0,011094 
