0,000000 -0,018885 
0,100000 -0,037386 
0,200000 -0,042899 
0,300000 -0,044736 
0,400000 -0,045099 
0,500000 -0,045453 
0,600000 -0,045889 
0,700000 -0,045700 
0,800000 -0,046302 
0,900000 -0,046323 
1,000000 -0,045643 
1,100000 -0,046046 
1,200000 -0,045502 
1,300000 -0,045962 
1,400000 -0,045620 
1,500000 -0,045912 
1,600000 -0,045547 
1,700000 -0,045771 
1,800000 -0,045522 
1,900000 -0,045869 
2,000000 -0,045397 
2,100000 -0,045441 
2,200000 -0,045741 
2,300000 -0,045903 
2,400000 -0,045826 
2,500000 -0,045310 
2,600000 -0,045232 
2,700000 -0,045131 
2,800000 -0,026293 
2,900000 -0,008030 
3,000000 -0,000830 
3,100000 0,003930 
3,200000 0,007379 
3,300000 0,008678 
3,400000 0,009330 
3,500000 0,009281 
3,600000 0,008004 
3,700000 0,001267 
3,800000 -0,018482 
3,900000 -0,026499 
4,000000 -0,010129 
4,100000 0,004049 
4,200000 0,008545 
4,300000 0,010431 
4,400000 0,011020 
4,500000 0,011239 
4,600000 0,011098 
4,700000 0,011063 
4,800000 0,011125 
4,900000 0,011243 
5,000000 0,011449 
5,100000 0,011458 
5,200000 0,011257 
5,300000 0,011394 
5,400000 0,011226 
5,500000 0,011275 
5,600000 0,011313 
5,700000 0,011232 
5,800000 0,011167 
5,900000 0,011367 
6,000000 0,011207 
6,100000 0,011459 
6,200000 0,011290 
6,300000 0,011251 
6,400000 0,011369 
6,500000 0,011343 
6,600000 0,011045 
6,700000 0,011435 
6,800000 0,011146 
6,900000 0,011290 
7,000000 0,011477 
7,100000 0,011247 
7,200000 0,011214 
7,300000 0,011348 
7,400000 0,011213 
7,500000 0,010975 
7,600000 0,011253 
7,700000 0,011167 
7,800000 0,011132 
7,900000 0,011361 
8,000000 0,011120 
8,100000 0,011189 
8,200000 0,011244 
8,300000 0,011131 
8,400000 0,010961 
8,500000 0,010718 
8,600000 0,010874 
8,700000 0,011299 
8,800000 0,011281 
8,900000 0,011400 
9,000000 0,011407 
9,100000 0,011213 
9,200000 0,011384 
9,300000 0,011619 
9,400000 0,011328 
9,500000 0,011405 
9,600000 0,011520 
9,700000 0,011327 
9,800000 0,011422 
9,900000 0,011469 
10,000000 0,011164 
10,100000 0,011344 
10,200000 0,011437 
10,300000 0,011411 
10,400000 0,011462 
10,500000 0,011453 
10,600000 0,011323 
10,700000 0,011481 
10,800000 0,011422 
10,900000 0,011418 
11,000000 0,011582 
11,100000 0,011490 
11,200000 0,011409 
11,300000 0,011364 
11,400000 0,011503 
11,500000 0,011735 
11,600000 0,011781 
11,700000 0,011560 
11,800000 0,011705 
11,900000 0,011788 
12,000000 0,011494 
12,100000 0,011347 
12,200000 0,011473 
12,300000 0,011330 
12,400000 0,011903 
12,500000 0,011299 
12,600000 0,011291 
12,700000 0,011711 
12,800000 0,011382 
12,900000 0,011083 
13,000000 0,011048 
13,100000 0,010417 
13,200000 0,008546 
13,300000 0,006349 
13,400000 0,004156 
13,500000 0,005661 
13,600000 0,008429 
13,700000 0,010426 
13,800000 0,010922 
13,900000 0,011300 
14,000000 0,011204 
14,100000 0,010406 
14,200000 0,009097 
14,300000 0,007201 
14,400000 0,006327 
14,500000 0,007311 
14,600000 0,008160 
14,700000 0,008459 
14,800000 0,008164 
14,900000 0,007609 
15,000000 0,004514 
15,100000 -0,007602 
15,200000 -0,038119 
15,300000 -0,076861 
15,400000 -0,089712 
15,500000 -0,057300 
15,600000 -0,019208 
15,700000 -0,000960 
15,800000 0,006113 
15,900000 0,007066 
16,000000 0,006918 
16,100000 0,001619 
16,200000 -0,014111 
16,300000 -0,035196 
16,400000 -0,043776 
16,500000 -0,028018 
16,600000 -0,006923 
16,700000 0,004609 
16,800000 0,008183 
16,900000 0,009234 
17,000000 0,008086 
17,100000 0,002686 
17,200000 -0,009037 
17,300000 -0,022652 
17,400000 -0,026030 
17,500000 -0,012894 
17,600000 0,000835 
17,700000 0,007606 
17,800000 0,009427 
17,900000 0,009986 
18,000000 0,008916 
18,100000 0,005189 
18,200000 -0,004249 
18,300000 -0,014043 
18,400000 -0,017113 
18,500000 -0,006673 
18,600000 0,004473 
18,700000 0,008197 
18,800000 0,009541 
18,900000 0,009057 
19,000000 0,006796 
19,100000 -0,003742 
19,200000 -0,023105 
19,300000 -0,042589 
19,400000 -0,049133 
19,500000 -0,023356 
19,600000 -0,001830 
19,700000 0,006717 
19,800000 0,008979 
19,900000 0,010504 
20,000000 0,010703 
20,100000 0,010801 
20,200000 0,010004 
20,300000 0,009029 
20,400000 0,008678 
20,500000 0,009845 
20,600000 0,011229 
20,700000 0,011109 
20,800000 0,010435 
20,900000 0,010248 
21,000000 0,008778 
21,100000 0,006408 
21,200000 0,000015 
21,300000 -0,005422 
21,400000 -0,005815 
21,500000 0,002665 
21,600000 0,007999 
21,700000 0,010411 
21,800000 0,011070 
21,900000 0,011313 
22,000000 0,011526 
22,100000 0,011577 
22,200000 0,011668 
22,300000 0,011345 
22,400000 0,011350 
22,500000 0,011513 
22,600000 0,011527 
22,700000 0,011703 
22,800000 0,011524 
22,900000 0,011709 
23,000000 0,011776 
23,100000 0,011588 
23,200000 0,011409 
23,300000 0,011136 
23,400000 0,010770 
23,500000 0,011200 
23,600000 0,011798 
23,700000 0,011631 
23,800000 0,011759 
23,900000 0,011894 
24,000000 0,011502 
24,100000 0,011668 
24,200000 0,011698 
24,300000 0,011722 
24,400000 0,011595 
24,500000 0,011661 
24,600000 0,011848 
24,700000 0,011834 
24,800000 0,011888 
24,900000 0,011957 
25,000000 0,011981 
25,100000 0,011715 
25,200000 0,010900 
25,300000 0,010967 
25,400000 0,010796 
25,500000 0,011327 
25,600000 0,011815 
25,700000 0,011889 
25,800000 0,011670 
25,900000 0,012023 
26,000000 0,011620 
26,100000 0,010712 
26,200000 0,009033 
26,300000 0,007705 
26,400000 0,007818 
26,500000 0,009760 
26,600000 0,011406 
26,700000 0,011748 
26,800000 0,011632 
26,900000 0,011362 
27,000000 0,010139 
27,100000 0,006079 
27,200000 -0,001982 
27,300000 -0,010595 
27,400000 -0,012028 
27,500000 -0,002541 
27,600000 0,006168 
27,700000 0,010359 
27,800000 0,010819 
27,900000 0,009912 
28,000000 0,007450 
28,100000 -0,000216 
28,200000 -0,014448 
28,300000 -0,029785 
28,400000 -0,032232 
28,500000 -0,015502 
28,600000 -0,003201 
28,700000 -0,001358 
28,800000 -0,007281 
28,900000 -0,023120 
29,000000 -0,070547 
29,100000 -0,218544 
29,200000 -0,523645 
29,300000 -0,866228 
29,400000 -0,807098 
29,500000 -0,349270 
29,600000 -0,103439 
29,700000 -0,030796 
29,800000 -0,006261 
29,900000 0,002606 
30,000000 0,005941 
30,100000 0,005538 
30,200000 0,001185 
30,300000 -0,004063 
30,400000 -0,004370 
30,500000 0,002498 
30,600000 0,007839 
30,700000 0,009948 
30,800000 0,010639 
30,900000 0,010647 
31,000000 0,010098 
31,100000 0,008007 
31,200000 0,004937 
31,300000 0,000333 
31,400000 0,000439 
31,500000 0,005851 
31,600000 0,009202 
31,700000 0,010738 
31,800000 0,011014 
31,900000 0,010878 
32,000000 0,010521 
32,100000 0,008589 
32,200000 0,006297 
32,300000 0,001182 
32,400000 -0,000501 
32,500000 0,004692 
32,600000 0,008304 
32,700000 0,009200 
32,800000 0,009155 
32,900000 0,007953 
33,000000 0,004025 
33,100000 -0,009013 
33,200000 -0,032238 
33,300000 -0,062982 
33,400000 -0,060885 
33,500000 -0,025248 
33,600000 -0,001878 
33,700000 0,006315 
33,800000 0,009634 
33,900000 0,010940 
34,000000 0,011122 
34,100000 0,011375 
34,200000 0,011365 
34,300000 0,011061 
34,400000 0,011352 
34,500000 0,011422 
34,600000 0,011476 
34,700000 0,011721 
34,800000 0,011831 
34,900000 0,011769 
35,000000 0,011839 
35,100000 0,011676 
35,200000 0,011489 
35,300000 0,011736 
35,400000 0,011158 
35,500000 0,011736 
35,600000 0,011764 
35,700000 0,011585 
35,800000 0,011831 
35,900000 0,011922 
36,000000 0,011581 
36,100000 0,011673 
36,200000 0,011424 
36,300000 0,011256 
36,400000 0,011678 
36,500000 0,011548 
36,600000 0,011656 
36,700000 0,011603 
36,800000 0,011299 
36,900000 0,011472 
37,000000 0,011656 
37,100000 0,011911 
37,200000 0,011317 
37,300000 0,011422 
37,400000 0,011205 
37,500000 0,011377 
37,600000 0,011539 
37,700000 0,011351 
37,800000 0,011598 
37,900000 0,011630 
38,000000 0,011503 
38,100000 0,011615 
38,200000 0,011628 
38,300000 0,011211 
38,400000 0,010807 
38,500000 0,011281 
38,600000 0,011600 
38,700000 0,011612 
38,800000 0,011408 
38,900000 0,011290 
39,000000 0,011492 
39,100000 0,011545 
39,200000 0,011080 
39,300000 0,010898 
39,400000 0,010760 
39,500000 0,010774 
39,600000 0,011290 
39,700000 0,011109 
39,800000 0,011140 
39,900000 0,011363 
40,000000 0,011544 
40,100000 0,011449 
40,200000 0,010692 
40,300000 0,010282 
40,400000 0,009504 
40,500000 0,010314 
40,600000 0,011028 
40,700000 0,011661 
40,800000 0,011262 
40,900000 0,011127 
41,000000 0,011103 
41,100000 0,010377 
41,200000 0,009152 
41,300000 0,006664 
41,400000 0,005844 
41,500000 0,008261 
41,600000 0,010339 
41,700000 0,010800 
41,800000 0,011605 
41,900000 0,011414 
42,000000 0,011240 
42,100000 0,011095 
42,200000 0,010840 
42,300000 0,009803 
42,400000 0,008717 
42,500000 0,009600 
42,600000 0,010843 
42,700000 0,011348 
42,800000 0,011289 
42,900000 0,011426 
43,000000 0,011454 
43,100000 0,011396 
43,200000 0,011090 
43,300000 0,010468 
43,400000 0,009505 
43,500000 0,010206 
43,600000 0,010913 
43,700000 0,010908 
43,800000 0,011003 
43,900000 0,010701 
44,000000 0,010612 
44,100000 0,009784 
44,200000 0,007780 
44,300000 0,003441 
44,400000 -0,001723 
44,500000 0,002838 
44,600000 0,007531 
44,700000 0,009954 
44,800000 0,010955 
44,900000 0,011111 
45,000000 0,011410 
45,100000 0,010968 
45,200000 0,010493 
45,300000 0,009298 
45,400000 0,008296 
45,500000 0,009548 
45,600000 0,010849 
45,700000 0,011249 
45,800000 0,011272 
45,900000 0,011819 
46,000000 0,011085 
46,100000 0,011451 
46,200000 0,011363 
46,300000 0,011025 
46,400000 0,011037 
46,500000 0,011067 
46,600000 0,010933 
46,700000 0,011244 
46,800000 0,010907 
46,900000 0,011541 
47,000000 0,011654 
47,100000 0,011724 
47,200000 0,011426 
47,300000 0,011711 
47,400000 0,011495 
47,500000 0,011199 
47,600000 0,011559 
47,700000 0,011326 
47,800000 0,011535 
47,900000 0,011662 
48,000000 0,011476 
48,100000 0,011572 
48,200000 0,012197 
48,300000 0,011828 
48,400000 0,011304 
48,500000 0,011547 
48,600000 0,011402 
48,700000 0,011931 
48,800000 0,011730 
48,900000 0,011469 
49,000000 0,011659 
49,100000 0,011456 
49,200000 0,011348 
49,300000 0,011869 
49,400000 0,011475 
49,500000 0,011830 
49,600000 0,012045 
49,700000 0,011478 
49,800000 0,011788 
49,900000 0,011246 
