0,000000 -0,042445 
0,100000 -0,040884 
0,200000 -0,040754 
0,300000 -0,040495 
0,400000 -0,040027 
0,500000 -0,040325 
0,600000 -0,040372 
0,700000 -0,040545 
0,800000 -0,039783 
0,900000 -0,039987 
1,000000 -0,040748 
1,100000 -0,040421 
1,200000 -0,039525 
1,300000 -0,039570 
1,400000 -0,039780 
1,500000 -0,039775 
1,600000 -0,039940 
1,700000 -0,040102 
1,800000 -0,039221 
1,900000 -0,039932 
2,000000 -0,039858 
2,100000 -0,039304 
2,200000 -0,039517 
2,300000 -0,039648 
2,400000 -0,039509 
2,500000 -0,038969 
2,600000 -0,039604 
2,700000 -0,039397 
2,800000 -0,021920 
2,900000 -0,005526 
3,000000 0,001126 
3,100000 0,004605 
3,200000 0,007658 
3,300000 0,009103 
3,400000 0,009759 
3,500000 0,009856 
3,600000 0,007825 
3,700000 -0,003564 
3,800000 -0,023987 
3,900000 -0,029023 
4,000000 -0,010327 
4,100000 0,004581 
4,200000 0,008801 
4,300000 0,010579 
4,400000 0,011341 
4,500000 0,011657 
4,600000 0,011728 
4,700000 0,011829 
4,800000 0,011716 
4,900000 0,011582 
5,000000 0,011715 
5,100000 0,011763 
5,200000 0,011666 
5,300000 0,011898 
5,400000 0,011669 
5,500000 0,011715 
5,600000 0,011849 
5,700000 0,011896 
5,800000 0,011840 
5,900000 0,011877 
6,000000 0,011665 
6,100000 0,011820 
6,200000 0,011963 
6,300000 0,011863 
6,400000 0,011965 
6,500000 0,011997 
6,600000 0,011770 
6,700000 0,011993 
6,800000 0,011885 
6,900000 0,011900 
7,000000 0,011900 
7,100000 0,011948 
7,200000 0,011750 
7,300000 0,011868 
7,400000 0,011793 
7,500000 0,011740 
7,600000 0,011894 
7,700000 0,011747 
7,800000 0,011688 
7,900000 0,011823 
8,000000 0,011682 
8,100000 0,011679 
8,200000 0,011791 
8,300000 0,011347 
8,400000 0,011319 
8,500000 0,011320 
8,600000 0,011258 
8,700000 0,011433 
8,800000 0,011618 
8,900000 0,011687 
9,000000 0,011493 
9,100000 0,011814 
9,200000 0,011540 
9,300000 0,011730 
9,400000 0,011725 
9,500000 0,011546 
9,600000 0,011643 
9,700000 0,011524 
9,800000 0,011376 
9,900000 0,011885 
10,000000 0,011831 
10,100000 0,011593 
10,200000 0,011840 
10,300000 0,011835 
10,400000 0,011837 
10,500000 0,011833 
10,600000 0,011505 
10,700000 0,011668 
10,800000 0,011860 
10,900000 0,011791 
11,000000 0,011630 
11,100000 0,011884 
11,200000 0,011967 
11,300000 0,011921 
11,400000 0,011895 
11,500000 0,011862 
11,600000 0,011808 
11,700000 0,012009 
11,800000 0,011819 
11,900000 0,011829 
12,000000 0,011964 
12,100000 0,011949 
12,200000 0,012068 
12,300000 0,011901 
12,400000 0,011535 
12,500000 0,011643 
12,600000 0,011542 
12,700000 0,011382 
12,800000 0,010863 
12,900000 0,009008 
13,000000 0,006226 
13,100000 0,002866 
13,200000 -0,000311 
13,300000 -0,000794 
13,400000 0,000411 
13,500000 0,003006 
13,600000 0,006979 
13,700000 0,009398 
13,800000 0,009832 
13,900000 0,008713 
14,000000 0,007040 
14,100000 0,005066 
14,200000 0,003551 
14,300000 0,002987 
14,400000 0,002748 
14,500000 0,002657 
14,600000 0,003188 
14,700000 -0,001747 
14,800000 -0,022069 
14,900000 -0,069167 
15,000000 -0,124097 
15,100000 -0,160304 
15,200000 -0,174673 
15,300000 -0,173103 
15,400000 -0,154485 
15,500000 -0,120738 
15,600000 -0,058589 
15,700000 -0,021526 
15,800000 -0,017097 
15,900000 -0,035852 
16,000000 -0,060656 
16,100000 -0,075670 
16,200000 -0,082341 
16,300000 -0,081567 
16,400000 -0,072607 
16,500000 -0,056604 
16,600000 -0,027874 
16,700000 -0,011243 
16,800000 -0,014920 
16,900000 -0,032391 
17,000000 -0,048468 
17,100000 -0,057780 
17,200000 -0,060824 
17,300000 -0,058622 
17,400000 -0,050902 
17,500000 -0,037356 
17,600000 -0,015973 
17,700000 -0,006725 
17,800000 -0,012683 
17,900000 -0,026844 
18,000000 -0,038437 
18,100000 -0,043924 
18,200000 -0,045448 
18,300000 -0,043347 
18,400000 -0,038950 
18,500000 -0,028908 
18,600000 -0,015922 
18,700000 -0,019051 
18,800000 -0,044835 
18,900000 -0,077427 
19,000000 -0,097692 
19,100000 -0,106411 
19,200000 -0,107429 
19,300000 -0,102520 
19,400000 -0,092454 
19,500000 -0,065076 
19,600000 -0,025440 
19,700000 -0,003329 
19,800000 0,004020 
19,900000 0,005990 
20,000000 0,006534 
20,100000 0,006614 
20,200000 0,006675 
20,300000 0,007014 
20,400000 0,006836 
20,500000 0,006742 
20,600000 0,003998 
20,700000 -0,003150 
20,800000 -0,013554 
20,900000 -0,021525 
21,000000 -0,025996 
21,100000 -0,027039 
21,200000 -0,026652 
21,300000 -0,024334 
21,400000 -0,021018 
21,500000 -0,011123 
21,600000 0,000980 
21,700000 0,007493 
21,800000 0,009783 
21,900000 0,010862 
22,000000 0,011315 
22,100000 0,010576 
22,200000 0,011557 
22,300000 0,011711 
22,400000 0,011368 
22,500000 0,011016 
22,600000 0,010816 
22,700000 0,011063 
22,800000 0,010942 
22,900000 0,010509 
23,000000 0,010405 
23,100000 0,010410 
23,200000 0,010446 
23,300000 0,010519 
23,400000 0,010848 
23,500000 0,011003 
23,600000 0,011072 
23,700000 0,010996 
23,800000 0,011212 
23,900000 0,011294 
24,000000 0,011660 
24,100000 0,011675 
24,200000 0,011451 
24,300000 0,011531 
24,400000 0,011311 
24,500000 0,011299 
24,600000 0,010609 
24,700000 0,009491 
24,800000 0,008889 
24,900000 0,008346 
25,000000 0,008143 
25,100000 0,008341 
25,200000 0,008302 
25,300000 0,008670 
25,400000 0,008546 
25,500000 0,008645 
25,600000 0,007644 
25,700000 0,006233 
25,800000 0,003292 
25,900000 0,002274 
26,000000 0,001766 
26,100000 0,001579 
26,200000 0,001918 
26,300000 0,002217 
26,400000 0,002375 
26,500000 0,000126 
26,600000 -0,008897 
26,700000 -0,023659 
26,800000 -0,036652 
26,900000 -0,043918 
27,000000 -0,046681 
27,100000 -0,046764 
27,200000 -0,044737 
27,300000 -0,041668 
27,400000 -0,038229 
27,500000 -0,037563 
27,600000 -0,046702 
27,700000 -0,071064 
27,800000 -0,094464 
27,900000 -0,108634 
28,000000 -0,118009 
28,100000 -0,122236 
28,200000 -0,125685 
28,300000 -0,140988 
28,400000 -0,213583 
28,500000 -0,431300 
28,600000 -1,312122 
28,700000 -2,234045 
28,800000 -2,704868 
28,900000 -2,897370 
29,000000 -2,899363 
29,100000 -2,809139 
29,200000 -2,649479 
29,300000 -2,427700 
29,400000 -2,099076 
29,500000 -1,579741 
29,600000 -0,716048 
29,700000 -0,238625 
29,800000 -0,100799 
29,900000 -0,068091 
30,000000 -0,055609 
30,100000 -0,049465 
30,200000 -0,044057 
30,300000 -0,039933 
30,400000 -0,035565 
30,500000 -0,031558 
30,600000 -0,027661 
30,700000 -0,032878 
30,800000 -0,038092 
30,900000 -0,041433 
31,000000 -0,042101 
31,100000 -0,040795 
31,200000 -0,038777 
31,300000 -0,035116 
31,400000 -0,030635 
31,500000 -0,026489 
31,600000 -0,021549 
31,700000 -0,024569 
31,800000 -0,030217 
31,900000 -0,033700 
32,000000 -0,035263 
32,100000 -0,034792 
32,200000 -0,035196 
32,300000 -0,038882 
32,400000 -0,054794 
32,500000 -0,094320 
32,600000 -0,178550 
32,700000 -0,282679 
32,800000 -0,345157 
32,900000 -0,368881 
33,000000 -0,370576 
33,100000 -0,357855 
33,200000 -0,335774 
33,300000 -0,308480 
33,400000 -0,267399 
33,500000 -0,201303 
33,600000 -0,098864 
33,700000 -0,029555 
33,800000 -0,005201 
33,900000 0,004079 
34,000000 0,007222 
34,100000 0,008037 
34,200000 0,008752 
34,300000 0,009118 
34,400000 0,009776 
34,500000 0,009719 
34,600000 0,009718 
34,700000 0,009420 
34,800000 0,009359 
34,900000 0,008795 
35,000000 0,008621 
35,100000 0,009418 
35,200000 0,009459 
35,300000 0,009647 
35,400000 0,009827 
35,500000 0,010454 
35,600000 0,011147 
35,700000 0,011733 
35,800000 0,012004 
35,900000 0,011974 
36,000000 0,012035 
36,100000 0,012033 
36,200000 0,011848 
36,300000 0,011807 
36,400000 0,011492 
36,500000 0,011574 
36,600000 0,011193 
36,700000 0,010581 
36,800000 0,010066 
36,900000 0,009814 
37,000000 0,009438 
37,100000 0,009860 
37,200000 0,009551 
37,300000 0,009964 
37,400000 0,009201 
37,500000 0,008548 
37,600000 0,007886 
37,700000 0,007288 
37,800000 0,007177 
37,900000 0,006770 
38,000000 0,006647 
38,100000 0,006839 
38,200000 0,006949 
38,300000 0,007120 
38,400000 0,007019 
38,500000 0,006753 
38,600000 0,006161 
38,700000 0,005283 
38,800000 0,004315 
38,900000 0,003480 
39,000000 0,003177 
39,100000 0,003687 
39,200000 0,003460 
39,300000 0,003789 
39,400000 0,003645 
39,500000 0,002572 
39,600000 -0,000756 
39,700000 -0,003271 
39,800000 -0,005238 
39,900000 -0,006492 
40,000000 -0,007048 
40,100000 -0,007048 
40,200000 -0,007126 
40,300000 -0,008232 
40,400000 -0,012268 
40,500000 -0,023416 
40,600000 -0,036687 
40,700000 -0,044372 
40,800000 -0,050173 
40,900000 -0,051777 
41,000000 -0,052768 
41,100000 -0,050869 
41,200000 -0,047096 
41,300000 -0,043006 
41,400000 -0,038030 
41,500000 -0,032459 
41,600000 -0,024536 
41,700000 -0,019719 
41,800000 -0,018468 
41,900000 -0,019132 
42,000000 -0,019483 
42,100000 -0,018621 
42,200000 -0,017134 
42,300000 -0,016731 
42,400000 -0,015912 
42,500000 -0,016591 
42,600000 -0,017088 
42,700000 -0,016122 
42,800000 -0,015981 
42,900000 -0,016485 
43,000000 -0,017009 
43,100000 -0,017195 
43,200000 -0,017646 
43,300000 -0,022541 
43,400000 -0,034918 
43,500000 -0,067181 
43,600000 -0,118722 
43,700000 -0,163502 
43,800000 -0,193303 
43,900000 -0,210224 
44,000000 -0,214945 
44,100000 -0,212829 
44,200000 -0,199139 
44,300000 -0,188345 
44,400000 -0,172516 
44,500000 -0,159330 
44,600000 -0,131993 
44,700000 -0,089807 
44,800000 -0,064323 
44,900000 -0,056484 
45,000000 -0,052908 
45,100000 -0,049561 
45,200000 -0,045793 
45,300000 -0,042192 
45,400000 -0,037747 
45,500000 -0,032431 
45,600000 -0,025614 
45,700000 -0,015787 
45,800000 -0,011013 
45,900000 -0,009706 
46,000000 -0,009165 
46,100000 -0,008325 
46,200000 -0,007414 
46,300000 -0,006743 
46,400000 -0,005725 
46,500000 -0,004962 
46,600000 -0,004755 
46,700000 -0,002135 
46,800000 0,000249 
46,900000 0,001136 
47,000000 0,001783 
47,100000 0,001943 
47,200000 0,002224 
47,300000 0,002557 
47,400000 0,002744 
47,500000 0,002837 
47,600000 0,002844 
47,700000 0,004436 
47,800000 0,005850 
47,900000 0,006709 
48,000000 0,006641 
48,100000 0,006736 
48,200000 0,007140 
48,300000 0,007301 
48,400000 0,007532 
48,500000 0,007776 
48,600000 0,008428 
48,700000 0,009847 
48,800000 0,010698 
48,900000 0,011101 
49,000000 0,011081 
49,100000 0,011130 
49,200000 0,011029 
49,300000 0,011455 
49,400000 0,011262 
49,500000 0,011119 
49,600000 0,011507 
49,700000 0,011439 
49,800000 0,010458 
49,900000 0,011208 
