0,000000 -0,073291 
0,100000 -0,046688 
0,200000 -0,039850 
0,300000 -0,037242 
0,400000 -0,036284 
0,500000 -0,036214 
0,600000 -0,035596 
0,700000 -0,036126 
0,800000 -0,034800 
0,900000 -0,035210 
1,000000 -0,034848 
1,100000 -0,034804 
1,200000 -0,034999 
1,300000 -0,034799 
1,400000 -0,034861 
1,500000 -0,034493 
1,600000 -0,034811 
1,700000 -0,034676 
1,800000 -0,035033 
1,900000 -0,034467 
2,000000 -0,034294 
2,100000 -0,034127 
2,200000 -0,034873 
2,300000 -0,034751 
2,400000 -0,034197 
2,500000 -0,034220 
2,600000 -0,034311 
2,700000 -0,033836 
2,800000 -0,019414 
2,900000 -0,004992 
3,000000 0,000329 
3,100000 0,004128 
3,200000 0,007704 
3,300000 0,009381 
3,400000 0,009995 
3,500000 0,009378 
3,600000 0,003700 
3,700000 -0,015051 
3,800000 -0,029779 
3,900000 -0,030153 
4,000000 -0,011001 
4,100000 0,004302 
4,200000 0,008896 
4,300000 0,010899 
4,400000 0,011549 
4,500000 0,011587 
4,600000 0,011511 
4,700000 0,011523 
4,800000 0,011463 
4,900000 0,011749 
5,000000 0,011801 
5,100000 0,011746 
5,200000 0,011512 
5,300000 0,011751 
5,400000 0,011744 
5,500000 0,011821 
5,600000 0,011841 
5,700000 0,011704 
5,800000 0,011613 
5,900000 0,011789 
6,000000 0,011857 
6,100000 0,011892 
6,200000 0,011876 
6,300000 0,011773 
6,400000 0,011983 
6,500000 0,011838 
6,600000 0,011585 
6,700000 0,011886 
6,800000 0,011882 
6,900000 0,011713 
7,000000 0,011791 
7,100000 0,011607 
7,200000 0,011617 
7,300000 0,011859 
7,400000 0,011952 
7,500000 0,011590 
7,600000 0,011589 
7,700000 0,011555 
7,800000 0,011623 
7,900000 0,011535 
8,000000 0,011146 
8,100000 0,010942 
8,200000 0,010787 
8,300000 0,010767 
8,400000 0,010716 
8,500000 0,010753 
8,600000 0,010953 
8,700000 0,010905 
8,800000 0,011412 
8,900000 0,011541 
9,000000 0,011254 
9,100000 0,011569 
9,200000 0,011315 
9,300000 0,011280 
9,400000 0,010646 
9,500000 0,011116 
9,600000 0,011739 
9,700000 0,011237 
9,800000 0,011526 
9,900000 0,011460 
10,000000 0,011648 
10,100000 0,011430 
10,200000 0,011266 
10,300000 0,011543 
10,400000 0,011279 
10,500000 0,011415 
10,600000 0,011532 
10,700000 0,011372 
10,800000 0,011246 
10,900000 0,011349 
11,000000 0,011238 
11,100000 0,011467 
11,200000 0,011439 
11,300000 0,011457 
11,400000 0,011196 
11,500000 0,011467 
11,600000 0,011480 
11,700000 0,011494 
11,800000 0,011378 
11,900000 0,011321 
12,000000 0,011417 
12,100000 0,011443 
12,200000 0,011300 
12,300000 0,011203 
12,400000 0,008743 
12,500000 0,005011 
12,600000 0,000873 
12,700000 -0,002316 
12,800000 -0,004104 
12,900000 -0,004808 
13,000000 -0,005138 
13,100000 -0,005029 
13,200000 -0,004690 
13,300000 -0,004400 
13,400000 -0,005473 
13,500000 -0,007216 
13,600000 -0,007089 
13,700000 -0,004639 
13,800000 -0,002897 
13,900000 -0,002979 
14,000000 -0,004032 
14,100000 -0,007015 
14,200000 -0,018552 
14,300000 -0,051038 
14,400000 -0,134883 
14,500000 -0,204011 
14,600000 -0,239064 
14,700000 -0,254497 
14,800000 -0,256896 
14,900000 -0,261640 
15,000000 -0,258835 
15,100000 -0,255614 
15,200000 -0,255836 
15,300000 -0,269763 
15,400000 -0,287787 
15,500000 -0,287469 
15,600000 -0,262042 
15,700000 -0,200193 
15,800000 -0,151467 
15,900000 -0,133877 
16,000000 -0,128332 
16,100000 -0,130208 
16,200000 -0,141314 
16,300000 -0,160700 
16,400000 -0,176398 
16,500000 -0,177228 
16,600000 -0,166843 
16,700000 -0,140353 
16,800000 -0,113545 
16,900000 -0,103446 
17,000000 -0,101435 
17,100000 -0,108807 
17,200000 -0,123937 
17,300000 -0,138454 
17,400000 -0,143587 
17,500000 -0,141034 
17,600000 -0,130060 
17,700000 -0,107924 
17,800000 -0,090043 
17,900000 -0,087520 
18,000000 -0,100570 
18,100000 -0,138062 
18,200000 -0,177776 
18,300000 -0,205573 
18,400000 -0,219577 
18,500000 -0,221625 
18,600000 -0,215632 
18,700000 -0,195498 
18,800000 -0,181061 
18,900000 -0,173135 
19,000000 -0,165451 
19,100000 -0,161193 
19,200000 -0,153505 
19,300000 -0,144773 
19,400000 -0,135358 
19,500000 -0,117496 
19,600000 -0,094606 
19,700000 -0,056169 
19,800000 -0,026180 
19,900000 -0,018987 
20,000000 -0,027253 
20,100000 -0,037661 
20,200000 -0,044969 
20,300000 -0,048418 
20,400000 -0,050737 
20,500000 -0,051889 
20,600000 -0,051570 
20,700000 -0,050007 
20,800000 -0,048055 
20,900000 -0,047144 
21,000000 -0,045153 
21,100000 -0,042240 
21,200000 -0,040254 
21,300000 -0,036591 
21,400000 -0,033362 
21,500000 -0,027184 
21,600000 -0,020470 
21,700000 -0,008805 
21,800000 0,002122 
21,900000 0,007012 
22,000000 0,008303 
22,100000 0,008589 
22,200000 0,008869 
22,300000 0,009070 
22,400000 0,009098 
22,500000 0,009056 
22,600000 0,009206 
22,700000 0,009649 
22,800000 0,009632 
22,900000 0,009708 
23,000000 0,009844 
23,100000 0,010006 
23,200000 0,010064 
23,300000 0,010196 
23,400000 0,010806 
23,500000 0,010718 
23,600000 0,010436 
23,700000 0,009883 
23,800000 0,008940 
23,900000 0,008312 
24,000000 0,007595 
24,100000 0,007267 
24,200000 0,007320 
24,300000 0,007139 
24,400000 0,006976 
24,500000 0,006427 
24,600000 0,004163 
24,700000 0,000634 
24,800000 -0,003232 
24,900000 -0,005702 
25,000000 -0,006907 
25,100000 -0,007599 
25,200000 -0,007982 
25,300000 -0,008532 
25,400000 -0,010231 
25,500000 -0,014637 
25,600000 -0,031911 
25,700000 -0,053253 
25,800000 -0,067369 
25,900000 -0,077188 
26,000000 -0,084124 
26,100000 -0,086452 
26,200000 -0,088802 
26,300000 -0,092096 
26,400000 -0,098609 
26,500000 -0,114700 
26,600000 -0,163570 
26,700000 -0,205892 
26,800000 -0,232739 
26,900000 -0,247073 
27,000000 -0,259821 
27,100000 -0,275077 
27,200000 -0,307820 
27,300000 -0,444370 
27,400000 -0,793352 
27,500000 -1,708362 
27,600000 -3,250455 
27,700000 -4,099635 
27,800000 -4,472162 
27,900000 -4,684788 
28,000000 -4,814967 
28,100000 -4,895375 
28,200000 -4,924481 
28,300000 -4,927179 
28,400000 -4,915545 
28,500000 -4,915882 
28,600000 -4,834603 
28,700000 -4,737245 
28,800000 -4,580735 
28,900000 -4,400811 
29,000000 -4,170765 
29,100000 -3,995914 
29,200000 -3,830896 
29,300000 -3,595118 
29,400000 -3,316202 
29,500000 -3,016813 
29,600000 -2,635745 
29,700000 -1,803017 
29,800000 -0,795135 
29,900000 -0,337359 
30,000000 -0,220092 
30,100000 -0,186005 
30,200000 -0,178107 
30,300000 -0,174283 
30,400000 -0,182063 
30,500000 -0,191740 
30,600000 -0,197368 
30,700000 -0,191074 
30,800000 -0,175934 
30,900000 -0,167159 
31,000000 -0,166672 
31,100000 -0,185630 
31,200000 -0,237289 
31,300000 -0,365059 
31,400000 -0,519599 
31,500000 -0,632720 
31,600000 -0,697223 
31,700000 -0,728555 
31,800000 -0,739376 
31,900000 -0,735832 
32,000000 -0,736280 
32,100000 -0,738860 
32,200000 -0,734712 
32,300000 -0,729428 
32,400000 -0,725142 
32,500000 -0,709983 
32,600000 -0,699179 
32,700000 -0,669233 
32,800000 -0,636293 
32,900000 -0,601892 
33,000000 -0,563412 
33,100000 -0,538705 
33,200000 -0,515775 
33,300000 -0,484628 
33,400000 -0,442866 
33,500000 -0,403070 
33,600000 -0,352962 
33,700000 -0,263314 
33,800000 -0,142703 
33,900000 -0,053751 
34,000000 -0,017205 
34,100000 -0,004969 
34,200000 -0,000326 
34,300000 0,002155 
34,400000 0,002793 
34,500000 0,003776 
34,600000 0,004258 
34,700000 0,005205 
34,800000 0,005114 
34,900000 0,006137 
35,000000 0,006432 
35,100000 0,006275 
35,200000 0,006140 
35,300000 0,005770 
35,400000 0,005423 
35,500000 0,005326 
35,600000 0,005169 
35,700000 0,005635 
35,800000 0,005739 
35,900000 0,005960 
36,000000 0,005358 
36,100000 0,003435 
36,200000 0,000868 
36,300000 -0,000641 
36,400000 -0,002243 
36,500000 -0,003103 
36,600000 -0,003395 
36,700000 -0,003889 
36,800000 -0,004371 
36,900000 -0,004893 
37,000000 -0,006952 
37,100000 -0,009930 
37,200000 -0,012680 
37,300000 -0,014453 
37,400000 -0,016008 
37,500000 -0,016552 
37,600000 -0,016868 
37,700000 -0,017388 
37,800000 -0,017563 
37,900000 -0,019418 
38,000000 -0,024296 
38,100000 -0,030103 
38,200000 -0,035030 
38,300000 -0,038565 
38,400000 -0,040456 
38,500000 -0,041752 
38,600000 -0,043096 
38,700000 -0,044811 
38,800000 -0,053423 
38,900000 -0,071832 
39,000000 -0,095625 
39,100000 -0,114465 
39,200000 -0,126679 
39,300000 -0,134633 
39,400000 -0,140583 
39,500000 -0,144601 
39,600000 -0,146693 
39,700000 -0,147200 
39,800000 -0,148511 
39,900000 -0,156854 
40,000000 -0,164203 
40,100000 -0,171970 
40,200000 -0,175464 
40,300000 -0,178983 
40,400000 -0,178162 
40,500000 -0,175284 
40,600000 -0,174477 
40,700000 -0,171055 
40,800000 -0,171250 
40,900000 -0,172552 
41,000000 -0,173594 
41,100000 -0,174609 
41,200000 -0,174993 
41,300000 -0,172387 
41,400000 -0,170554 
41,500000 -0,165733 
41,600000 -0,166388 
41,700000 -0,178191 
41,800000 -0,216184 
41,900000 -0,306580 
42,000000 -0,385102 
42,100000 -0,436620 
42,200000 -0,468641 
42,300000 -0,496161 
42,400000 -0,512769 
42,500000 -0,525093 
42,600000 -0,532857 
42,700000 -0,542376 
42,800000 -0,564708 
42,900000 -0,578733 
43,000000 -0,589049 
43,100000 -0,594240 
43,200000 -0,596719 
43,300000 -0,596500 
43,400000 -0,590893 
43,500000 -0,587227 
43,600000 -0,576258 
43,700000 -0,566211 
43,800000 -0,554855 
43,900000 -0,533873 
44,000000 -0,514586 
44,100000 -0,495655 
44,200000 -0,478899 
44,300000 -0,461090 
44,400000 -0,440818 
44,500000 -0,414299 
44,600000 -0,384566 
44,700000 -0,360509 
44,800000 -0,328491 
44,900000 -0,267471 
45,000000 -0,193730 
45,100000 -0,152064 
45,200000 -0,136196 
45,300000 -0,128228 
45,400000 -0,121267 
45,500000 -0,115016 
45,600000 -0,107879 
45,700000 -0,102796 
45,800000 -0,096164 
45,900000 -0,085885 
46,000000 -0,066466 
46,100000 -0,054329 
46,200000 -0,049325 
46,300000 -0,046265 
46,400000 -0,044850 
46,500000 -0,042042 
46,600000 -0,039986 
46,700000 -0,037767 
46,800000 -0,035687 
46,900000 -0,031773 
47,000000 -0,026054 
47,100000 -0,021026 
47,200000 -0,017823 
47,300000 -0,016368 
47,400000 -0,014806 
47,500000 -0,013468 
47,600000 -0,012441 
47,700000 -0,011589 
47,800000 -0,010155 
47,900000 -0,008236 
48,000000 -0,005474 
48,100000 -0,002327 
48,200000 -0,000433 
48,300000 0,000933 
48,400000 0,001434 
48,500000 0,000960 
48,600000 0,000541 
48,700000 0,000020 
48,800000 -0,000059 
48,900000 0,000208 
49,000000 0,001699 
49,100000 0,002791 
49,200000 0,003027 
49,300000 0,003076 
49,400000 0,002924 
49,500000 0,001860 
49,600000 0,000249 
49,700000 -0,000611 
49,800000 -0,001706 
49,900000 -0,002334 
