0,000000 -0,050326 
0,100000 -0,042746 
0,200000 -0,040517 
0,300000 -0,039589 
0,400000 -0,039647 
0,500000 -0,039013 
0,600000 -0,038494 
0,700000 -0,038736 
0,800000 -0,038379 
0,900000 -0,038364 
1,000000 -0,038502 
1,100000 -0,038200 
1,200000 -0,038174 
1,300000 -0,038340 
1,400000 -0,038303 
1,500000 -0,038022 
1,600000 -0,038319 
1,700000 -0,038128 
1,800000 -0,037895 
1,900000 -0,037987 
2,000000 -0,038273 
2,100000 -0,037861 
2,200000 -0,037702 
2,300000 -0,037773 
2,400000 -0,037930 
2,500000 -0,037293 
2,600000 -0,037886 
2,700000 -0,037562 
2,800000 -0,021146 
2,900000 -0,005329 
3,000000 0,000123 
3,100000 0,004360 
3,200000 0,007661 
3,300000 0,009412 
3,400000 0,010152 
3,500000 0,009836 
3,600000 0,006791 
3,700000 -0,008449 
3,800000 -0,025864 
3,900000 -0,028074 
4,000000 -0,009610 
4,100000 0,004246 
4,200000 0,009139 
4,300000 0,010854 
4,400000 0,010986 
4,500000 0,011396 
4,600000 0,011410 
4,700000 0,011692 
4,800000 0,011778 
4,900000 0,011550 
5,000000 0,011568 
5,100000 0,011755 
5,200000 0,011711 
5,300000 0,011545 
5,400000 0,011781 
5,500000 0,011534 
5,600000 0,011882 
5,700000 0,011707 
5,800000 0,011770 
5,900000 0,011744 
6,000000 0,011861 
6,100000 0,011526 
6,200000 0,011684 
6,300000 0,011836 
6,400000 0,011607 
6,500000 0,011828 
6,600000 0,011765 
6,700000 0,011769 
6,800000 0,011544 
6,900000 0,011705 
7,000000 0,011570 
7,100000 0,011654 
7,200000 0,011856 
7,300000 0,011560 
7,400000 0,011569 
7,500000 0,011602 
7,600000 0,011607 
7,700000 0,011614 
7,800000 0,011778 
7,900000 0,011785 
8,000000 0,011582 
8,100000 0,011360 
8,200000 0,011105 
8,300000 0,011161 
8,400000 0,011234 
8,500000 0,011013 
8,600000 0,010996 
8,700000 0,011459 
8,800000 0,011083 
8,900000 0,011586 
9,000000 0,011750 
9,100000 0,011615 
9,200000 0,011777 
9,300000 0,011788 
9,400000 0,011503 
9,500000 0,011652 
9,600000 0,011477 
9,700000 0,011410 
9,800000 0,011889 
9,900000 0,011684 
10,000000 0,011300 
10,100000 0,011770 
10,200000 0,011721 
10,300000 0,011579 
10,400000 0,011831 
10,500000 0,011542 
10,600000 0,011591 
10,700000 0,011877 
10,800000 0,011956 
10,900000 0,011680 
11,000000 0,011631 
11,100000 0,011803 
11,200000 0,011711 
11,300000 0,011843 
11,400000 0,011581 
11,500000 0,011787 
11,600000 0,011858 
11,700000 0,011703 
11,800000 0,011643 
11,900000 0,011800 
12,000000 0,011668 
12,100000 0,011572 
12,200000 0,011713 
12,300000 0,011765 
12,400000 0,011536 
12,500000 0,011422 
12,600000 0,010346 
12,700000 0,008366 
12,800000 0,004416 
12,900000 0,000831 
13,000000 -0,001083 
13,100000 -0,001922 
13,200000 -0,001912 
13,300000 -0,001571 
13,400000 -0,000529 
13,500000 0,000587 
13,600000 0,003069 
13,700000 0,004842 
13,800000 0,004225 
13,900000 0,002841 
14,000000 0,001529 
14,100000 0,000832 
14,200000 0,000234 
14,300000 -0,000466 
14,400000 -0,005440 
14,500000 -0,022100 
14,600000 -0,062921 
14,700000 -0,124462 
14,800000 -0,176273 
14,900000 -0,205100 
15,000000 -0,217917 
15,100000 -0,219912 
15,200000 -0,215044 
15,300000 -0,205583 
15,400000 -0,187475 
15,500000 -0,169998 
15,600000 -0,140604 
15,700000 -0,111005 
15,800000 -0,102805 
15,900000 -0,103879 
16,000000 -0,105381 
16,100000 -0,104852 
16,200000 -0,101818 
16,300000 -0,096642 
16,400000 -0,092497 
16,500000 -0,093683 
16,600000 -0,093761 
16,700000 -0,084209 
16,800000 -0,080094 
16,900000 -0,081103 
17,000000 -0,080658 
17,100000 -0,080136 
17,200000 -0,076692 
17,300000 -0,072957 
17,400000 -0,072650 
17,500000 -0,077875 
17,600000 -0,077535 
17,700000 -0,067628 
17,800000 -0,063576 
17,900000 -0,062539 
18,000000 -0,062398 
18,100000 -0,061558 
18,200000 -0,060053 
18,300000 -0,062121 
18,400000 -0,073391 
18,500000 -0,109980 
18,600000 -0,135363 
18,700000 -0,140567 
18,800000 -0,141314 
18,900000 -0,143023 
19,000000 -0,142074 
19,100000 -0,137601 
19,200000 -0,132098 
19,300000 -0,124152 
19,400000 -0,113729 
19,500000 -0,094305 
19,600000 -0,058844 
19,700000 -0,024190 
19,800000 -0,005650 
19,900000 0,000722 
20,000000 0,002577 
20,100000 0,002991 
20,200000 0,001831 
20,300000 -0,003128 
20,400000 -0,013626 
20,500000 -0,026904 
20,600000 -0,034814 
20,700000 -0,037801 
20,800000 -0,038620 
20,900000 -0,039102 
21,000000 -0,037941 
21,100000 -0,036419 
21,200000 -0,033738 
21,300000 -0,030791 
21,400000 -0,026904 
21,500000 -0,020624 
21,600000 -0,009199 
21,700000 0,002369 
21,800000 0,007802 
21,900000 0,009971 
22,000000 0,010593 
22,100000 0,010855 
22,200000 0,010801 
22,300000 0,010707 
22,400000 0,010406 
22,500000 0,009983 
22,600000 0,009793 
22,700000 0,009791 
22,800000 0,009878 
22,900000 0,009857 
23,000000 0,010090 
23,100000 0,010120 
23,200000 0,009711 
23,300000 0,010253 
23,400000 0,010577 
23,500000 0,010673 
23,600000 0,010898 
23,700000 0,011408 
23,800000 0,011661 
23,900000 0,011491 
24,000000 0,011535 
24,100000 0,011528 
24,200000 0,010973 
24,300000 0,009507 
24,400000 0,008891 
24,500000 0,008064 
24,600000 0,008101 
24,700000 0,007836 
24,800000 0,007853 
24,900000 0,007630 
25,000000 0,007449 
25,100000 0,007080 
25,200000 0,004666 
25,300000 0,001401 
25,400000 -0,001474 
25,500000 -0,002549 
25,600000 -0,002730 
25,700000 -0,002463 
25,800000 -0,002552 
25,900000 -0,002993 
26,000000 -0,006440 
26,100000 -0,013708 
26,200000 -0,028528 
26,300000 -0,045524 
26,400000 -0,058381 
26,500000 -0,064427 
26,600000 -0,066300 
26,700000 -0,066126 
26,800000 -0,065747 
26,900000 -0,067356 
27,000000 -0,075780 
27,100000 -0,094848 
27,200000 -0,129118 
27,300000 -0,161793 
27,400000 -0,182811 
27,500000 -0,192221 
27,600000 -0,192403 
27,700000 -0,194392 
27,800000 -0,227790 
27,900000 -0,383546 
28,000000 -0,774969 
28,100000 -1,729027 
28,200000 -2,816239 
28,300000 -3,488585 
28,400000 -3,836532 
28,500000 -3,979326 
28,600000 -4,030088 
28,700000 -3,998406 
28,800000 -3,945420 
28,900000 -3,826094 
29,000000 -3,694201 
29,100000 -3,503443 
29,200000 -3,280908 
29,300000 -3,074363 
29,400000 -2,776374 
29,500000 -2,384957 
29,600000 -1,818548 
29,700000 -0,685826 
29,800000 -0,216489 
29,900000 -0,122254 
30,000000 -0,100099 
30,100000 -0,106289 
30,200000 -0,114133 
30,300000 -0,117882 
30,400000 -0,118148 
30,500000 -0,113736 
30,600000 -0,105025 
30,700000 -0,087459 
30,800000 -0,077089 
30,900000 -0,075384 
31,000000 -0,082192 
31,100000 -0,092909 
31,200000 -0,101174 
31,300000 -0,104400 
31,400000 -0,105501 
31,500000 -0,101432 
31,600000 -0,094118 
31,700000 -0,086019 
31,800000 -0,102783 
31,900000 -0,166257 
32,000000 -0,291832 
32,100000 -0,422374 
32,200000 -0,507037 
32,300000 -0,554372 
32,400000 -0,573068 
32,500000 -0,584306 
32,600000 -0,578322 
32,700000 -0,558442 
32,800000 -0,539390 
32,900000 -0,517214 
33,000000 -0,494763 
33,100000 -0,466982 
33,200000 -0,434584 
33,300000 -0,402510 
33,400000 -0,364995 
33,500000 -0,314528 
33,600000 -0,247024 
33,700000 -0,111467 
33,800000 -0,032983 
33,900000 -0,008574 
34,000000 -0,000429 
34,100000 0,002697 
34,200000 0,003856 
34,300000 0,004609 
34,400000 0,005669 
34,500000 0,006123 
34,600000 0,006584 
34,700000 0,006994 
34,800000 0,007288 
34,900000 0,007490 
35,000000 0,007913 
35,100000 0,007924 
35,200000 0,007977 
35,300000 0,008167 
35,400000 0,008768 
35,500000 0,009236 
35,600000 0,009508 
35,700000 0,010163 
35,800000 0,010743 
35,900000 0,010209 
36,000000 0,009690 
36,100000 0,009014 
36,200000 0,008570 
36,300000 0,008718 
36,400000 0,008515 
36,500000 0,008382 
36,600000 0,008040 
36,700000 0,007850 
36,800000 0,007179 
36,900000 0,005208 
37,000000 0,003300 
37,100000 0,002501 
37,200000 0,001691 
37,300000 0,001677 
37,400000 0,001533 
37,500000 0,001296 
37,600000 0,001288 
37,700000 0,001127 
37,800000 -0,000658 
37,900000 -0,002900 
38,000000 -0,005191 
38,100000 -0,006655 
38,200000 -0,007059 
38,300000 -0,007242 
38,400000 -0,007305 
38,500000 -0,007044 
38,600000 -0,006882 
38,700000 -0,006930 
38,800000 -0,009721 
38,900000 -0,014570 
39,000000 -0,018376 
39,100000 -0,021632 
39,200000 -0,022914 
39,300000 -0,023694 
39,400000 -0,024655 
39,500000 -0,025171 
39,600000 -0,027221 
39,700000 -0,034375 
39,800000 -0,049409 
39,900000 -0,072223 
40,000000 -0,088637 
40,100000 -0,096623 
40,200000 -0,101365 
40,300000 -0,103234 
40,400000 -0,103694 
40,500000 -0,102213 
40,600000 -0,100871 
40,700000 -0,099177 
40,800000 -0,101291 
40,900000 -0,104894 
41,000000 -0,106653 
41,100000 -0,107199 
41,200000 -0,105474 
41,300000 -0,101672 
41,400000 -0,096840 
41,500000 -0,089494 
41,600000 -0,082079 
41,700000 -0,071997 
41,800000 -0,062721 
41,900000 -0,061487 
42,000000 -0,062464 
42,100000 -0,063942 
42,200000 -0,064469 
42,300000 -0,064618 
42,400000 -0,064381 
42,500000 -0,066994 
42,600000 -0,078250 
42,700000 -0,111815 
42,800000 -0,177238 
42,900000 -0,258591 
43,000000 -0,314992 
43,100000 -0,347841 
43,200000 -0,365319 
43,300000 -0,374644 
43,400000 -0,379733 
43,500000 -0,381733 
43,600000 -0,384040 
43,700000 -0,389408 
43,800000 -0,400719 
43,900000 -0,399085 
44,000000 -0,388154 
44,100000 -0,375545 
44,200000 -0,363559 
44,300000 -0,347219 
44,400000 -0,326646 
44,500000 -0,302898 
44,600000 -0,272951 
44,700000 -0,238680 
44,800000 -0,189505 
44,900000 -0,136029 
45,000000 -0,109693 
45,100000 -0,098293 
45,200000 -0,093531 
45,300000 -0,087898 
45,400000 -0,082449 
45,500000 -0,076287 
45,600000 -0,068705 
45,700000 -0,061513 
45,800000 -0,048436 
45,900000 -0,037708 
46,000000 -0,031901 
46,100000 -0,029284 
46,200000 -0,027619 
46,300000 -0,026917 
46,400000 -0,025555 
46,500000 -0,024016 
46,600000 -0,022251 
46,700000 -0,021010 
46,800000 -0,018593 
46,900000 -0,014704 
47,000000 -0,011930 
47,100000 -0,011284 
47,200000 -0,010252 
47,300000 -0,009212 
47,400000 -0,007830 
47,500000 -0,007437 
47,600000 -0,006972 
47,700000 -0,005996 
47,800000 -0,003783 
47,900000 -0,001321 
48,000000 0,002006 
48,100000 0,002766 
48,200000 0,003075 
48,300000 0,003586 
48,400000 0,004756 
48,500000 0,005240 
48,600000 0,006189 
48,700000 0,007018 
48,800000 0,007544 
48,900000 0,008545 
49,000000 0,009562 
49,100000 0,009917 
49,200000 0,009677 
49,300000 0,010223 
49,400000 0,010371 
49,500000 0,010236 
49,600000 0,008980 
49,700000 0,008047 
49,800000 0,007385 
49,900000 0,007121 
