0,000000 -0,047973 
0,100000 -0,042504 
0,200000 -0,041510 
0,300000 -0,040302 
0,400000 -0,040235 
0,500000 -0,039900 
0,600000 -0,039953 
0,700000 -0,039587 
0,800000 -0,039696 
0,900000 -0,039033 
1,000000 -0,039443 
1,100000 -0,039628 
1,200000 -0,039638 
1,300000 -0,038466 
1,400000 -0,038685 
1,500000 -0,038810 
1,600000 -0,039518 
1,700000 -0,039056 
1,800000 -0,038881 
1,900000 -0,039703 
2,000000 -0,039117 
2,100000 -0,039169 
2,200000 -0,038607 
2,300000 -0,038952 
2,400000 -0,038325 
2,500000 -0,038357 
2,600000 -0,038481 
2,700000 -0,038522 
2,800000 -0,021277 
2,900000 -0,005039 
3,000000 0,001087 
3,100000 0,005404 
3,200000 0,008210 
3,300000 0,010140 
3,400000 0,010217 
3,500000 0,010276 
3,600000 0,007671 
3,700000 -0,006410 
3,800000 -0,026126 
3,900000 -0,030280 
4,000000 -0,011023 
4,100000 0,004423 
4,200000 0,009277 
4,300000 0,011396 
4,400000 0,011887 
4,500000 0,011905 
4,600000 0,012028 
4,700000 0,012127 
4,800000 0,012122 
4,900000 0,012139 
5,000000 0,012149 
5,100000 0,012176 
5,200000 0,012158 
5,300000 0,012159 
5,400000 0,012249 
5,500000 0,012226 
5,600000 0,012046 
5,700000 0,011988 
5,800000 0,012218 
5,900000 0,012287 
6,000000 0,012188 
6,100000 0,012204 
6,200000 0,012126 
6,300000 0,012259 
6,400000 0,012281 
6,500000 0,012191 
6,600000 0,012115 
6,700000 0,012224 
6,800000 0,012202 
6,900000 0,012183 
7,000000 0,012227 
7,100000 0,012211 
7,200000 0,012152 
7,300000 0,012193 
7,400000 0,011933 
7,500000 0,011985 
7,600000 0,012117 
7,700000 0,012075 
7,800000 0,012313 
7,900000 0,012272 
8,000000 0,012153 
8,100000 0,012074 
8,200000 0,011991 
8,300000 0,011695 
8,400000 0,011751 
8,500000 0,011738 
8,600000 0,011570 
8,700000 0,012039 
8,800000 0,012015 
8,900000 0,012158 
9,000000 0,012189 
9,100000 0,011924 
9,200000 0,012021 
9,300000 0,012045 
9,400000 0,011988 
9,500000 0,011918 
9,600000 0,012071 
9,700000 0,012124 
9,800000 0,012190 
9,900000 0,012166 
10,000000 0,012027 
10,100000 0,012046 
10,200000 0,011894 
10,300000 0,011774 
10,400000 0,011970 
10,500000 0,012369 
10,600000 0,012178 
10,700000 0,012026 
10,800000 0,012040 
10,900000 0,011686 
11,000000 0,011963 
11,100000 0,011925 
11,200000 0,011899 
11,300000 0,012089 
11,400000 0,012039 
11,500000 0,011989 
11,600000 0,011994 
11,700000 0,012040 
11,800000 0,011946 
11,900000 0,011797 
12,000000 0,011754 
12,100000 0,011703 
12,200000 0,011853 
12,300000 0,011864 
12,400000 0,012038 
12,500000 0,011996 
12,600000 0,011839 
12,700000 0,010733 
12,800000 0,008213 
12,900000 0,005074 
13,000000 0,001611 
13,100000 -0,001347 
13,200000 -0,002002 
13,300000 -0,001742 
13,400000 -0,000269 
13,500000 0,002202 
13,600000 0,005217 
13,700000 0,007486 
13,800000 0,007223 
13,900000 0,005603 
14,000000 0,003427 
14,100000 0,002674 
14,200000 0,002448 
14,300000 0,001721 
14,400000 0,000287 
14,500000 -0,002824 
14,600000 -0,015381 
14,700000 -0,049517 
14,800000 -0,110441 
14,900000 -0,163950 
15,000000 -0,191893 
15,100000 -0,203124 
15,200000 -0,202792 
15,300000 -0,193300 
15,400000 -0,174130 
15,500000 -0,144870 
15,600000 -0,093166 
15,700000 -0,061764 
15,800000 -0,067879 
15,900000 -0,084325 
16,000000 -0,093520 
16,100000 -0,096606 
16,200000 -0,095252 
16,300000 -0,090825 
16,400000 -0,081593 
16,500000 -0,070274 
16,600000 -0,054757 
16,700000 -0,049077 
16,800000 -0,057735 
16,900000 -0,066194 
17,000000 -0,072614 
17,100000 -0,072970 
17,200000 -0,071162 
17,300000 -0,066810 
17,400000 -0,059221 
17,500000 -0,052066 
17,600000 -0,042061 
17,700000 -0,041069 
17,800000 -0,047084 
17,900000 -0,053302 
18,000000 -0,054902 
18,100000 -0,055181 
18,200000 -0,052480 
18,300000 -0,051109 
18,400000 -0,049180 
18,500000 -0,056611 
18,600000 -0,073544 
18,700000 -0,095505 
18,800000 -0,114600 
18,900000 -0,125104 
19,000000 -0,129291 
19,100000 -0,128707 
19,200000 -0,123416 
19,300000 -0,115766 
19,400000 -0,105179 
19,500000 -0,081961 
19,600000 -0,042651 
19,700000 -0,013530 
19,800000 -0,000729 
19,900000 0,003293 
20,000000 0,004902 
20,100000 0,005831 
20,200000 0,005923 
20,300000 0,005127 
20,400000 0,002322 
20,500000 -0,008599 
20,600000 -0,019672 
20,700000 -0,027647 
20,800000 -0,032740 
20,900000 -0,034127 
21,000000 -0,033247 
21,100000 -0,033174 
21,200000 -0,031100 
21,300000 -0,028009 
21,400000 -0,024866 
21,500000 -0,016616 
21,600000 -0,003852 
21,700000 0,005765 
21,800000 0,009192 
21,900000 0,010438 
22,000000 0,011011 
22,100000 0,011413 
22,200000 0,011505 
22,300000 0,011424 
22,400000 0,011330 
22,500000 0,011255 
22,600000 0,011081 
22,700000 0,011119 
22,800000 0,010969 
22,900000 0,010971 
23,000000 0,010578 
23,100000 0,010586 
23,200000 0,010250 
23,300000 0,010673 
23,400000 0,010325 
23,500000 0,011016 
23,600000 0,011561 
23,700000 0,012104 
23,800000 0,012092 
23,900000 0,012008 
24,000000 0,012032 
24,100000 0,011926 
24,200000 0,011446 
24,300000 0,011571 
24,400000 0,010620 
24,500000 0,009730 
24,600000 0,008719 
24,700000 0,008598 
24,800000 0,008225 
24,900000 0,008044 
25,000000 0,008631 
25,100000 0,008005 
25,200000 0,007786 
25,300000 0,007956 
25,400000 0,005843 
25,500000 0,002696 
25,600000 0,001407 
25,700000 0,000464 
25,800000 -0,000446 
25,900000 -0,000953 
26,000000 -0,001244 
26,100000 -0,001720 
26,200000 -0,003930 
26,300000 -0,010274 
26,400000 -0,023679 
26,500000 -0,039311 
26,600000 -0,050130 
26,700000 -0,056281 
26,800000 -0,057421 
26,900000 -0,057814 
27,000000 -0,057410 
27,100000 -0,057939 
27,200000 -0,062619 
27,300000 -0,076845 
27,400000 -0,106849 
27,500000 -0,136786 
27,600000 -0,146510 
27,700000 -0,146724 
27,800000 -0,150412 
27,900000 -0,161004 
28,000000 -0,189978 
28,100000 -0,295075 
28,200000 -0,581198 
28,300000 -1,322773 
28,400000 -2,364852 
28,500000 -3,100279 
28,600000 -3,491439 
28,700000 -3,609448 
28,800000 -3,580464 
28,900000 -3,547932 
29,000000 -3,451282 
29,100000 -3,236213 
29,200000 -3,020912 
29,300000 -2,823789 
29,400000 -2,520884 
29,500000 -2,111864 
29,600000 -1,402191 
29,700000 -0,505843 
29,800000 -0,169603 
29,900000 -0,097203 
30,000000 -0,075347 
30,100000 -0,066343 
30,200000 -0,065845 
30,300000 -0,074906 
30,400000 -0,084945 
30,500000 -0,088822 
30,600000 -0,084159 
30,700000 -0,070440 
30,800000 -0,062964 
30,900000 -0,059440 
31,000000 -0,057667 
31,100000 -0,056809 
31,200000 -0,059892 
31,300000 -0,066974 
31,400000 -0,075480 
31,500000 -0,077647 
31,600000 -0,071738 
31,700000 -0,060094 
31,800000 -0,054344 
31,900000 -0,055364 
32,000000 -0,067983 
32,100000 -0,102789 
32,200000 -0,189091 
32,300000 -0,314847 
32,400000 -0,411851 
32,500000 -0,469873 
32,600000 -0,494418 
32,700000 -0,491932 
32,800000 -0,483973 
32,900000 -0,472983 
33,000000 -0,457247 
33,100000 -0,428683 
33,200000 -0,398047 
33,300000 -0,367305 
33,400000 -0,327174 
33,500000 -0,274977 
33,600000 -0,191060 
33,700000 -0,077788 
33,800000 -0,020598 
33,900000 -0,003355 
34,000000 0,003236 
34,100000 0,006596 
34,200000 0,007058 
34,300000 0,007059 
34,400000 0,006774 
34,500000 0,006825 
34,600000 0,007151 
34,700000 0,007376 
34,800000 0,007555 
34,900000 0,007617 
35,000000 0,007859 
35,100000 0,008149 
35,200000 0,008212 
35,300000 0,008274 
35,400000 0,008652 
35,500000 0,009374 
35,600000 0,009681 
35,700000 0,010585 
35,800000 0,011350 
35,900000 0,011503 
36,000000 0,011371 
36,100000 0,010856 
36,200000 0,010004 
36,300000 0,009543 
36,400000 0,008541 
36,500000 0,008297 
36,600000 0,008030 
36,700000 0,008214 
36,800000 0,008208 
36,900000 0,008148 
37,000000 0,007974 
37,100000 0,007514 
37,200000 0,006160 
37,300000 0,004214 
37,400000 0,003327 
37,500000 0,002980 
37,600000 0,002713 
37,700000 0,002921 
37,800000 0,003263 
37,900000 0,003328 
38,000000 0,002815 
38,100000 0,001926 
38,200000 -0,000969 
38,300000 -0,002788 
38,400000 -0,003722 
38,500000 -0,003926 
38,600000 -0,003739 
38,700000 -0,002559 
38,800000 -0,001864 
38,900000 -0,001734 
39,000000 -0,002658 
39,100000 -0,006025 
39,200000 -0,010530 
39,300000 -0,014451 
39,400000 -0,016907 
39,500000 -0,017467 
39,600000 -0,017438 
39,700000 -0,016826 
39,800000 -0,015999 
39,900000 -0,019295 
40,000000 -0,028670 
40,100000 -0,046089 
40,200000 -0,063393 
40,300000 -0,076634 
40,400000 -0,083837 
40,500000 -0,085561 
40,600000 -0,085109 
40,700000 -0,083011 
40,800000 -0,079075 
40,900000 -0,074793 
41,000000 -0,073677 
41,100000 -0,076967 
41,200000 -0,080445 
41,300000 -0,082523 
41,400000 -0,081209 
41,500000 -0,075264 
41,600000 -0,064320 
41,700000 -0,049559 
41,800000 -0,037289 
41,900000 -0,032990 
42,000000 -0,033619 
42,100000 -0,039096 
42,200000 -0,044557 
42,300000 -0,047920 
42,400000 -0,050036 
42,500000 -0,048648 
42,600000 -0,046042 
42,700000 -0,041992 
42,800000 -0,038387 
42,900000 -0,048604 
43,000000 -0,084099 
43,100000 -0,148269 
43,200000 -0,216237 
43,300000 -0,267000 
43,400000 -0,297419 
43,500000 -0,308030 
43,600000 -0,316002 
43,700000 -0,316279 
43,800000 -0,309489 
43,900000 -0,304630 
44,000000 -0,304990 
44,100000 -0,309741 
44,200000 -0,305860 
44,300000 -0,299020 
44,400000 -0,285197 
44,500000 -0,261535 
44,600000 -0,230969 
44,700000 -0,184937 
44,800000 -0,124778 
44,900000 -0,089146 
45,000000 -0,078786 
45,100000 -0,075512 
45,200000 -0,074737 
45,300000 -0,073889 
45,400000 -0,070653 
45,500000 -0,064415 
45,600000 -0,057300 
45,700000 -0,044390 
45,800000 -0,028497 
45,900000 -0,020415 
46,000000 -0,018659 
46,100000 -0,019880 
46,200000 -0,020469 
46,300000 -0,020717 
46,400000 -0,020245 
46,500000 -0,018900 
46,600000 -0,016810 
46,700000 -0,013367 
46,800000 -0,008973 
46,900000 -0,005761 
47,000000 -0,005429 
47,100000 -0,006031 
47,200000 -0,006130 
47,300000 -0,006268 
47,400000 -0,006325 
47,500000 -0,005498 
47,600000 -0,004369 
47,700000 -0,002558 
47,800000 -0,000365 
47,900000 0,002702 
48,000000 0,003296 
48,100000 0,004227 
48,200000 0,004398 
48,300000 0,004704 
48,400000 0,005737 
48,500000 0,006412 
48,600000 0,006924 
48,700000 0,007526 
48,800000 0,009174 
48,900000 0,010043 
49,000000 0,010685 
49,100000 0,010550 
49,200000 0,010573 
49,300000 0,010323 
49,400000 0,010474 
49,500000 0,010810 
49,600000 0,010694 
49,700000 0,010921 
49,800000 0,011002 
49,900000 0,010791 
