0,000000 -0,034189 
0,100000 -0,038833 
0,200000 -0,040502 
0,300000 -0,040939 
0,400000 -0,041357 
0,500000 -0,041273 
0,600000 -0,041332 
0,700000 -0,041383 
0,800000 -0,041136 
0,900000 -0,040749 
1,000000 -0,041233 
1,100000 -0,040870 
1,200000 -0,040847 
1,300000 -0,040485 
1,400000 -0,041188 
1,500000 -0,041214 
1,600000 -0,040957 
1,700000 -0,040947 
1,800000 -0,041127 
1,900000 -0,040645 
2,000000 -0,040803 
2,100000 -0,041147 
2,200000 -0,040727 
2,300000 -0,040548 
2,400000 -0,040830 
2,500000 -0,040911 
2,600000 -0,040520 
2,700000 -0,040927 
2,800000 -0,023679 
2,900000 -0,007026 
3,000000 -0,000451 
3,100000 0,004142 
3,200000 0,007368 
3,300000 0,008748 
3,400000 0,009586 
3,500000 0,009579 
3,600000 0,008225 
3,700000 -0,000509 
3,800000 -0,020623 
3,900000 -0,027014 
4,000000 -0,010388 
4,100000 0,003619 
4,200000 0,008204 
4,300000 0,010278 
4,400000 0,011099 
4,500000 0,011558 
4,600000 0,011576 
4,700000 0,011690 
4,800000 0,011752 
4,900000 0,011820 
5,000000 0,011962 
5,100000 0,011794 
5,200000 0,011932 
5,300000 0,011975 
5,400000 0,011979 
5,500000 0,011811 
5,600000 0,011955 
5,700000 0,011864 
5,800000 0,011822 
5,900000 0,011891 
6,000000 0,011819 
6,100000 0,011867 
6,200000 0,011995 
6,300000 0,011959 
6,400000 0,011944 
6,500000 0,011954 
6,600000 0,011937 
6,700000 0,011972 
6,800000 0,011878 
6,900000 0,011856 
7,000000 0,012029 
7,100000 0,011973 
7,200000 0,011913 
7,300000 0,011930 
7,400000 0,011948 
7,500000 0,011717 
7,600000 0,011837 
7,700000 0,011891 
7,800000 0,011772 
7,900000 0,011763 
8,000000 0,011748 
8,100000 0,011855 
8,200000 0,011900 
8,300000 0,011458 
8,400000 0,011459 
8,500000 0,011380 
8,600000 0,011287 
8,700000 0,011669 
8,800000 0,011944 
8,900000 0,011768 
9,000000 0,011745 
9,100000 0,011847 
9,200000 0,011778 
9,300000 0,011842 
9,400000 0,011684 
9,500000 0,011583 
9,600000 0,011793 
9,700000 0,011547 
9,800000 0,011611 
9,900000 0,011761 
10,000000 0,011663 
10,100000 0,011702 
10,200000 0,011963 
10,300000 0,011891 
10,400000 0,011906 
10,500000 0,011926 
10,600000 0,011869 
10,700000 0,011852 
10,800000 0,012085 
10,900000 0,011751 
11,000000 0,011774 
11,100000 0,011667 
11,200000 0,011707 
11,300000 0,011856 
11,400000 0,011818 
11,500000 0,011702 
11,600000 0,011898 
11,700000 0,011943 
11,800000 0,011727 
11,900000 0,011861 
12,000000 0,011883 
12,100000 0,011753 
12,200000 0,011931 
12,300000 0,011806 
12,400000 0,011816 
12,500000 0,011953 
12,600000 0,011796 
12,700000 0,011884 
12,800000 0,011825 
12,900000 0,011038 
13,000000 0,008844 
13,100000 0,006462 
13,200000 0,003124 
13,300000 0,002073 
13,400000 0,002172 
13,500000 0,003721 
13,600000 0,007432 
13,700000 0,009881 
13,800000 0,010871 
13,900000 0,010779 
14,000000 0,009228 
14,100000 0,007184 
14,200000 0,005358 
14,300000 0,004183 
14,400000 0,004135 
14,500000 0,004913 
14,600000 0,006634 
14,700000 0,006462 
14,800000 0,001531 
14,900000 -0,016693 
15,000000 -0,056498 
15,100000 -0,107722 
15,200000 -0,141901 
15,300000 -0,152558 
15,400000 -0,138590 
15,500000 -0,102174 
15,600000 -0,045724 
15,700000 -0,012343 
15,800000 -0,002708 
15,900000 -0,007514 
16,000000 -0,026397 
16,100000 -0,050516 
16,200000 -0,067013 
16,300000 -0,072502 
16,400000 -0,065853 
16,500000 -0,048419 
16,600000 -0,019985 
16,700000 -0,002535 
16,800000 0,001419 
16,900000 -0,006396 
17,000000 -0,022876 
17,100000 -0,039215 
17,200000 -0,048844 
17,300000 -0,050954 
17,400000 -0,044763 
17,500000 -0,029963 
17,600000 -0,009651 
17,700000 0,002800 
17,800000 0,003060 
17,900000 -0,004264 
18,000000 -0,017637 
18,100000 -0,029465 
18,200000 -0,035592 
18,300000 -0,036358 
18,400000 -0,033393 
18,500000 -0,021169 
18,600000 -0,005535 
18,700000 0,001672 
18,800000 -0,005519 
18,900000 -0,025740 
19,000000 -0,056056 
19,100000 -0,079649 
19,200000 -0,089413 
19,300000 -0,089192 
19,400000 -0,081707 
19,500000 -0,051799 
19,600000 -0,017203 
19,700000 0,000396 
19,800000 0,007008 
19,900000 0,008089 
20,000000 0,007777 
20,100000 0,007673 
20,200000 0,007558 
20,300000 0,007565 
20,400000 0,007794 
20,500000 0,008296 
20,600000 0,008801 
20,700000 0,007786 
20,800000 0,004038 
20,900000 -0,005545 
21,000000 -0,013946 
21,100000 -0,019041 
21,200000 -0,020643 
21,300000 -0,019691 
21,400000 -0,016921 
21,500000 -0,006639 
21,600000 0,004313 
21,700000 0,008663 
21,800000 0,010374 
21,900000 0,010851 
22,000000 0,011177 
22,100000 0,010897 
22,200000 0,011341 
22,300000 0,011692 
22,400000 0,011341 
22,500000 0,011681 
22,600000 0,011809 
22,700000 0,011799 
22,800000 0,011645 
22,900000 0,011136 
23,000000 0,010987 
23,100000 0,011392 
23,200000 0,011427 
23,300000 0,011002 
23,400000 0,011478 
23,500000 0,011641 
23,600000 0,011753 
23,700000 0,011900 
23,800000 0,011749 
23,900000 0,011744 
24,000000 0,011818 
24,100000 0,011962 
24,200000 0,011678 
24,300000 0,011782 
24,400000 0,011662 
24,500000 0,011790 
24,600000 0,011589 
24,700000 0,011374 
24,800000 0,010891 
24,900000 0,010353 
25,000000 0,009463 
25,100000 0,009442 
25,200000 0,009329 
25,300000 0,009393 
25,400000 0,009695 
25,500000 0,010167 
25,600000 0,010904 
25,700000 0,010819 
25,800000 0,009227 
25,900000 0,006733 
26,000000 0,004921 
26,100000 0,003640 
26,200000 0,003389 
26,300000 0,003673 
26,400000 0,004957 
26,500000 0,006648 
26,600000 0,007495 
26,700000 0,004630 
26,800000 -0,005312 
26,900000 -0,019544 
27,000000 -0,030462 
27,100000 -0,036365 
27,200000 -0,037463 
27,300000 -0,035225 
27,400000 -0,030671 
27,500000 -0,021434 
27,600000 -0,009104 
27,700000 -0,009890 
27,800000 -0,028037 
27,900000 -0,056604 
28,000000 -0,079606 
28,100000 -0,090532 
28,200000 -0,094758 
28,300000 -0,094020 
28,400000 -0,091006 
28,500000 -0,087656 
28,600000 -0,173578 
28,700000 -0,438069 
28,800000 -1,076771 
28,900000 -1,852219 
29,000000 -2,242952 
29,100000 -2,349135 
29,200000 -2,289095 
29,300000 -2,086784 
29,400000 -1,762093 
29,500000 -1,161108 
29,600000 -0,428193 
29,700000 -0,122145 
29,800000 -0,052775 
29,900000 -0,039064 
30,000000 -0,037157 
30,100000 -0,036595 
30,200000 -0,034579 
30,300000 -0,030714 
30,400000 -0,025772 
30,500000 -0,016456 
30,600000 -0,004712 
30,700000 -0,001854 
30,800000 -0,009432 
30,900000 -0,019661 
31,000000 -0,026220 
31,100000 -0,028474 
31,200000 -0,028063 
31,300000 -0,026078 
31,400000 -0,021337 
31,500000 -0,012806 
31,600000 -0,001546 
31,700000 0,001590 
31,800000 -0,005789 
31,900000 -0,014860 
32,000000 -0,021752 
32,100000 -0,024974 
32,200000 -0,025445 
32,300000 -0,024054 
32,400000 -0,021904 
32,500000 -0,017425 
32,600000 -0,017823 
32,700000 -0,054885 
32,800000 -0,136586 
32,900000 -0,218733 
33,000000 -0,266654 
33,100000 -0,284521 
33,200000 -0,276891 
33,300000 -0,252477 
33,400000 -0,214552 
33,500000 -0,141975 
33,600000 -0,057381 
33,700000 -0,014153 
33,800000 0,000777 
33,900000 0,006329 
34,000000 0,007793 
34,100000 0,008476 
34,200000 0,009091 
34,300000 0,009608 
34,400000 0,010074 
34,500000 0,010266 
34,600000 0,011006 
34,700000 0,011062 
34,800000 0,010489 
34,900000 0,010042 
35,000000 0,009399 
35,100000 0,008760 
35,200000 0,008926 
35,300000 0,009351 
35,400000 0,009801 
35,500000 0,010703 
35,600000 0,010934 
35,700000 0,011333 
35,800000 0,011552 
35,900000 0,011582 
36,000000 0,011696 
36,100000 0,011796 
36,200000 0,011299 
36,300000 0,011543 
36,400000 0,011577 
36,500000 0,011328 
36,600000 0,011474 
36,700000 0,011412 
36,800000 0,010405 
36,900000 0,009928 
37,000000 0,009891 
37,100000 0,009694 
37,200000 0,010177 
37,300000 0,010223 
37,400000 0,010444 
37,500000 0,010616 
37,600000 0,010792 
37,700000 0,010902 
37,800000 0,009699 
37,900000 0,008497 
38,000000 0,007517 
38,100000 0,006702 
38,200000 0,006724 
38,300000 0,007255 
38,400000 0,007667 
38,500000 0,008348 
38,600000 0,009632 
38,700000 0,010255 
38,800000 0,008794 
38,900000 0,007040 
39,000000 0,006038 
39,100000 0,005395 
39,200000 0,004907 
39,300000 0,005416 
39,400000 0,005701 
39,500000 0,007198 
39,600000 0,008547 
39,700000 0,008435 
39,800000 0,007116 
39,900000 0,002984 
40,000000 -0,001297 
40,100000 -0,002785 
40,200000 -0,003060 
40,300000 -0,002689 
40,400000 -0,001976 
40,500000 0,000681 
40,600000 0,002666 
40,700000 0,000820 
40,800000 -0,009057 
40,900000 -0,023665 
41,000000 -0,032676 
41,100000 -0,036115 
41,200000 -0,036046 
41,300000 -0,032217 
41,400000 -0,026733 
41,500000 -0,016121 
41,600000 -0,003125 
41,700000 0,003836 
41,800000 0,003567 
41,900000 -0,003705 
42,000000 -0,009111 
42,100000 -0,011694 
42,200000 -0,011824 
42,300000 -0,011546 
42,400000 -0,009053 
42,500000 -0,005432 
42,600000 0,000954 
42,700000 0,004977 
42,800000 0,004324 
42,900000 -0,001969 
43,000000 -0,006996 
43,100000 -0,008624 
43,200000 -0,009097 
43,300000 -0,008207 
43,400000 -0,007520 
43,500000 -0,005964 
43,600000 -0,004446 
43,700000 -0,010495 
43,800000 -0,030730 
43,900000 -0,082405 
44,000000 -0,126567 
44,100000 -0,146485 
44,200000 -0,150152 
44,300000 -0,142438 
44,400000 -0,126502 
44,500000 -0,101281 
44,600000 -0,054126 
44,700000 -0,019553 
44,800000 -0,012368 
44,900000 -0,021791 
45,000000 -0,030053 
45,100000 -0,032489 
45,200000 -0,032875 
45,300000 -0,029909 
45,400000 -0,025771 
45,500000 -0,017453 
45,600000 -0,004351 
45,700000 0,004888 
45,800000 0,006847 
45,900000 0,004487 
46,000000 0,000047 
46,100000 -0,002290 
46,200000 -0,003068 
46,300000 -0,002763 
46,400000 -0,001695 
46,500000 0,001213 
46,600000 0,004931 
46,700000 0,008121 
46,800000 0,008837 
46,900000 0,007861 
47,000000 0,006120 
47,100000 0,005113 
47,200000 0,004647 
47,300000 0,004611 
47,400000 0,005395 
47,500000 0,006307 
47,600000 0,007718 
47,700000 0,009642 
47,800000 0,010214 
47,900000 0,009845 
48,000000 0,009213 
48,100000 0,007984 
48,200000 0,007821 
48,300000 0,008332 
48,400000 0,008610 
48,500000 0,009205 
48,600000 0,010617 
48,700000 0,011329 
48,800000 0,011390 
48,900000 0,011392 
49,000000 0,011308 
49,100000 0,011094 
49,200000 0,010776 
49,300000 0,011149 
49,400000 0,010956 
49,500000 0,011240 
49,600000 0,011380 
49,700000 0,011235 
49,800000 0,011518 
49,900000 0,011468 
