0,000000 -0,020670 
0,100000 -0,035203 
0,200000 -0,039520 
0,300000 -0,041853 
0,400000 -0,042076 
0,500000 -0,042315 
0,600000 -0,041952 
0,700000 -0,042284 
0,800000 -0,042075 
0,900000 -0,042103 
1,000000 -0,042092 
1,100000 -0,041914 
1,200000 -0,042126 
1,300000 -0,042583 
1,400000 -0,041962 
1,500000 -0,041957 
1,600000 -0,042081 
1,700000 -0,041925 
1,800000 -0,042058 
1,900000 -0,041890 
2,000000 -0,042074 
2,100000 -0,041704 
2,200000 -0,041574 
2,300000 -0,041809 
2,400000 -0,041994 
2,500000 -0,041601 
2,600000 -0,041953 
2,700000 -0,041544 
2,800000 -0,023154 
2,900000 -0,006186 
3,000000 0,000764 
3,100000 0,004726 
3,200000 0,007652 
3,300000 0,009227 
3,400000 0,009942 
3,500000 0,009699 
3,600000 0,008622 
3,700000 0,000362 
3,800000 -0,019272 
3,900000 -0,026531 
4,000000 -0,009698 
4,100000 0,004264 
4,200000 0,008770 
4,300000 0,010740 
4,400000 0,011094 
4,500000 0,011285 
4,600000 0,011428 
4,700000 0,011459 
4,800000 0,011451 
4,900000 0,011795 
5,000000 0,011667 
5,100000 0,011585 
5,200000 0,011406 
5,300000 0,011526 
5,400000 0,011628 
5,500000 0,011984 
5,600000 0,011768 
5,700000 0,011946 
5,800000 0,011733 
5,900000 0,011593 
6,000000 0,011631 
6,100000 0,011728 
6,200000 0,011833 
6,300000 0,011997 
6,400000 0,011940 
6,500000 0,011951 
6,600000 0,012030 
6,700000 0,011891 
6,800000 0,011847 
6,900000 0,011881 
7,000000 0,011548 
7,100000 0,012173 
7,200000 0,012175 
7,300000 0,011921 
7,400000 0,011535 
7,500000 0,011533 
7,600000 0,011635 
7,700000 0,011665 
7,800000 0,011192 
7,900000 0,011830 
8,000000 0,011861 
8,100000 0,011835 
8,200000 0,011744 
8,300000 0,011617 
8,400000 0,010234 
8,500000 0,010767 
8,600000 0,011282 
8,700000 0,011744 
8,800000 0,011646 
8,900000 0,011811 
9,000000 0,011708 
9,100000 0,011605 
9,200000 0,011702 
9,300000 0,011605 
9,400000 0,011854 
9,500000 0,011897 
9,600000 0,011401 
9,700000 0,011710 
9,800000 0,011725 
9,900000 0,011606 
10,000000 0,011765 
10,100000 0,011583 
10,200000 0,011241 
10,300000 0,011639 
10,400000 0,011853 
10,500000 0,011670 
10,600000 0,011760 
10,700000 0,011614 
10,800000 0,011552 
10,900000 0,011813 
11,000000 0,011667 
11,100000 0,011594 
11,200000 0,011711 
11,300000 0,011635 
11,400000 0,011670 
11,500000 0,011710 
11,600000 0,011775 
11,700000 0,011680 
11,800000 0,011674 
11,900000 0,011747 
12,000000 0,011827 
12,100000 0,011921 
12,200000 0,011650 
12,300000 0,011548 
12,400000 0,011409 
12,500000 0,011859 
12,600000 0,011741 
12,700000 0,011700 
12,800000 0,011590 
12,900000 0,011307 
13,000000 0,010943 
13,100000 0,009504 
13,200000 0,007089 
13,300000 0,004259 
13,400000 0,003323 
13,500000 0,004950 
13,600000 0,008515 
13,700000 0,010647 
13,800000 0,011346 
13,900000 0,011477 
14,000000 0,011148 
14,100000 0,009782 
14,200000 0,007820 
14,300000 0,006544 
14,400000 0,005812 
14,500000 0,006629 
14,600000 0,007807 
14,700000 0,008694 
14,800000 0,008063 
14,900000 0,005843 
15,000000 -0,006552 
15,100000 -0,034245 
15,200000 -0,078641 
15,300000 -0,111483 
15,400000 -0,112096 
15,500000 -0,074898 
15,600000 -0,028246 
15,700000 -0,004532 
15,800000 0,003640 
15,900000 0,006067 
16,000000 0,001318 
16,100000 -0,011977 
16,200000 -0,034182 
16,300000 -0,052104 
16,400000 -0,052123 
16,500000 -0,035859 
16,600000 -0,011199 
16,700000 0,003311 
16,800000 0,007544 
16,900000 0,007709 
17,000000 0,003110 
17,100000 -0,009352 
17,200000 -0,024836 
17,300000 -0,035400 
17,400000 -0,033770 
17,500000 -0,018856 
17,600000 -0,002265 
17,700000 0,005980 
17,800000 0,008773 
17,900000 0,008537 
18,000000 0,004531 
18,100000 -0,005720 
18,200000 -0,017171 
18,300000 -0,024344 
18,400000 -0,024629 
18,500000 -0,011642 
18,600000 0,001581 
18,700000 0,007623 
18,800000 0,008297 
18,900000 0,005858 
19,000000 -0,005530 
19,100000 -0,027230 
19,200000 -0,052289 
19,300000 -0,064901 
19,400000 -0,063169 
19,500000 -0,032088 
19,600000 -0,005993 
19,700000 0,005385 
19,800000 0,009026 
19,900000 0,010488 
20,000000 0,010397 
20,100000 0,009759 
20,200000 0,008918 
20,300000 0,008776 
20,400000 0,008793 
20,500000 0,009925 
20,600000 0,010704 
20,700000 0,010744 
20,800000 0,010255 
20,900000 0,008613 
21,000000 0,005185 
21,100000 -0,002799 
21,200000 -0,009546 
21,300000 -0,012269 
21,400000 -0,011019 
21,500000 -0,000422 
21,600000 0,007592 
21,700000 0,010433 
21,800000 0,011229 
21,900000 0,011394 
22,000000 0,011588 
22,100000 0,011704 
22,200000 0,011551 
22,300000 0,011859 
22,400000 0,011706 
22,500000 0,011915 
22,600000 0,011775 
22,700000 0,012050 
22,800000 0,011880 
22,900000 0,011908 
23,000000 0,011900 
23,100000 0,011574 
23,200000 0,011572 
23,300000 0,011289 
23,400000 0,011292 
23,500000 0,011655 
23,600000 0,011898 
23,700000 0,012014 
23,800000 0,012038 
23,900000 0,011997 
24,000000 0,011962 
24,100000 0,012151 
24,200000 0,012025 
24,300000 0,012036 
24,400000 0,012034 
24,500000 0,012150 
24,600000 0,012186 
24,700000 0,012137 
24,800000 0,012078 
24,900000 0,012064 
25,000000 0,011802 
25,100000 0,011188 
25,200000 0,010700 
25,300000 0,009649 
25,400000 0,010813 
25,500000 0,011414 
25,600000 0,011848 
25,700000 0,012022 
25,800000 0,012147 
25,900000 0,011320 
26,000000 0,010176 
26,100000 0,008104 
26,200000 0,006910 
26,300000 0,006767 
26,400000 0,006599 
26,500000 0,008463 
26,600000 0,010738 
26,700000 0,011545 
26,800000 0,010969 
26,900000 0,008680 
27,000000 0,002834 
27,100000 -0,008841 
27,200000 -0,018467 
27,300000 -0,022147 
27,400000 -0,020021 
27,500000 -0,008718 
27,600000 0,003320 
27,700000 0,008021 
27,800000 0,007846 
27,900000 0,003370 
28,000000 -0,008759 
28,100000 -0,029414 
28,200000 -0,050349 
28,300000 -0,057022 
28,400000 -0,053656 
28,500000 -0,033627 
28,600000 -0,017579 
28,700000 -0,020294 
28,800000 -0,055044 
28,900000 -0,180467 
29,000000 -0,462427 
29,100000 -1,007099 
29,200000 -1,437459 
29,300000 -1,500627 
29,400000 -1,234136 
29,500000 -0,595979 
29,600000 -0,187816 
29,700000 -0,055232 
29,800000 -0,016856 
29,900000 -0,005089 
30,000000 -0,003969 
30,100000 -0,008678 
30,200000 -0,014198 
30,300000 -0,016188 
30,400000 -0,013017 
30,500000 -0,003741 
30,600000 0,005337 
30,700000 0,008533 
30,800000 0,009419 
30,900000 0,007994 
31,000000 0,004499 
31,100000 -0,003101 
31,200000 -0,009497 
31,300000 -0,011775 
31,400000 -0,008273 
31,500000 -0,000238 
31,600000 0,007157 
31,700000 0,010165 
31,800000 0,010657 
31,900000 0,008871 
32,000000 0,006524 
32,100000 -0,000411 
32,200000 -0,007403 
32,300000 -0,010596 
32,400000 -0,009042 
32,500000 -0,001753 
32,600000 0,005601 
32,700000 0,007283 
32,800000 0,003284 
32,900000 -0,010921 
33,000000 -0,038466 
33,100000 -0,091533 
33,200000 -0,138795 
33,300000 -0,156265 
33,400000 -0,127518 
33,500000 -0,061267 
33,600000 -0,015828 
33,700000 0,001559 
33,800000 0,007646 
33,900000 0,009356 
34,000000 0,010712 
34,100000 0,010673 
34,200000 0,010661 
34,300000 0,010701 
34,400000 0,010864 
34,500000 0,011194 
34,600000 0,011532 
34,700000 0,011559 
34,800000 0,011544 
34,900000 0,011549 
35,000000 0,011493 
35,100000 0,011250 
35,200000 0,011024 
35,300000 0,010931 
35,400000 0,010740 
35,500000 0,011435 
35,600000 0,011581 
35,700000 0,011831 
35,800000 0,011758 
35,900000 0,011945 
36,000000 0,011704 
36,100000 0,011772 
36,200000 0,011619 
36,300000 0,011719 
36,400000 0,011599 
36,500000 0,011696 
36,600000 0,012039 
36,700000 0,011949 
36,800000 0,011744 
36,900000 0,011826 
37,000000 0,011647 
37,100000 0,011125 
37,200000 0,011357 
37,300000 0,011160 
37,400000 0,011109 
37,500000 0,011601 
37,600000 0,011880 
37,700000 0,011724 
37,800000 0,011418 
37,900000 0,011486 
38,000000 0,011322 
38,100000 0,010706 
38,200000 0,009947 
38,300000 0,009521 
38,400000 0,009494 
38,500000 0,010678 
38,600000 0,011303 
38,700000 0,011784 
38,800000 0,011628 
38,900000 0,011618 
39,000000 0,012057 
39,100000 0,010540 
39,200000 0,009238 
39,300000 0,008158 
39,400000 0,008429 
39,500000 0,009666 
39,600000 0,010706 
39,700000 0,011384 
39,800000 0,011770 
39,900000 0,011361 
40,000000 0,010697 
40,100000 0,009276 
40,200000 0,007181 
40,300000 0,005680 
40,400000 0,005722 
40,500000 0,007429 
40,600000 0,009586 
40,700000 0,011260 
40,800000 0,010919 
40,900000 0,009711 
41,000000 0,007227 
41,100000 0,000755 
41,200000 -0,006868 
41,300000 -0,011414 
41,400000 -0,008598 
41,500000 0,000262 
41,600000 0,007438 
41,700000 0,010013 
41,800000 0,011124 
41,900000 0,011268 
42,000000 0,010354 
42,100000 0,008231 
42,200000 0,005552 
42,300000 0,002067 
42,400000 0,001360 
42,500000 0,004225 
42,600000 0,008118 
42,700000 0,010493 
42,800000 0,011204 
42,900000 0,011135 
43,000000 0,010240 
43,100000 0,008930 
43,200000 0,006616 
43,300000 0,003467 
43,400000 0,002956 
43,500000 0,005704 
43,600000 0,008224 
43,700000 0,009856 
43,800000 0,009953 
43,900000 0,008071 
44,000000 0,003746 
44,100000 -0,006686 
44,200000 -0,026481 
44,300000 -0,047936 
44,400000 -0,053860 
44,500000 -0,036735 
44,600000 -0,011159 
44,700000 0,003420 
44,800000 0,007989 
44,900000 0,009066 
45,000000 0,008588 
45,100000 0,006261 
45,200000 -0,000457 
45,300000 -0,006286 
45,400000 -0,006872 
45,500000 0,000168 
45,600000 0,007226 
45,700000 0,009820 
45,800000 0,010965 
45,900000 0,011471 
46,000000 0,011259 
46,100000 0,010637 
46,200000 0,009157 
46,300000 0,007477 
46,400000 0,006811 
46,500000 0,007464 
46,600000 0,009434 
46,700000 0,011207 
46,800000 0,011783 
46,900000 0,011812 
47,000000 0,011618 
47,100000 0,011305 
47,200000 0,010841 
47,300000 0,009722 
47,400000 0,008987 
47,500000 0,009264 
47,600000 0,010766 
47,700000 0,011530 
47,800000 0,011832 
47,900000 0,012074 
48,000000 0,011956 
48,100000 0,011538 
48,200000 0,011328 
48,300000 0,010706 
48,400000 0,010755 
48,500000 0,011065 
48,600000 0,011548 
48,700000 0,012060 
48,800000 0,011967 
48,900000 0,011904 
49,000000 0,011814 
49,100000 0,011944 
49,200000 0,011616 
49,300000 0,011715 
49,400000 0,011684 
49,500000 0,011654 
49,600000 0,011926 
49,700000 0,012047 
49,800000 0,011989 
49,900000 0,012094 
