0,000000 -0,052733 
0,100000 -0,042760 
0,200000 -0,040143 
0,300000 -0,038597 
0,400000 -0,038068 
0,500000 -0,038408 
0,600000 -0,037899 
0,700000 -0,037612 
0,800000 -0,037599 
0,900000 -0,037513 
1,000000 -0,037491 
1,100000 -0,037346 
1,200000 -0,037322 
1,300000 -0,037106 
1,400000 -0,036959 
1,500000 -0,037105 
1,600000 -0,037479 
1,700000 -0,037058 
1,800000 -0,036958 
1,900000 -0,036779 
2,000000 -0,036992 
2,100000 -0,037011 
2,200000 -0,036976 
2,300000 -0,036916 
2,400000 -0,036954 
2,500000 -0,036978 
2,600000 -0,036764 
2,700000 -0,036982 
2,800000 -0,020563 
2,900000 -0,005603 
3,000000 0,000374 
3,100000 0,004242 
3,200000 0,007447 
3,300000 0,008980 
3,400000 0,009812 
3,500000 0,009367 
3,600000 0,005745 
3,700000 -0,011194 
3,800000 -0,027836 
3,900000 -0,029012 
4,000000 -0,010209 
4,100000 0,004536 
4,200000 0,008599 
4,300000 0,010574 
4,400000 0,011541 
4,500000 0,011810 
4,600000 0,011760 
4,700000 0,011933 
4,800000 0,011938 
4,900000 0,011794 
5,000000 0,011928 
5,100000 0,011910 
5,200000 0,011893 
5,300000 0,011985 
5,400000 0,011867 
5,500000 0,011746 
5,600000 0,011695 
5,700000 0,011983 
5,800000 0,011840 
5,900000 0,012019 
6,000000 0,011922 
6,100000 0,011948 
6,200000 0,012043 
6,300000 0,011969 
6,400000 0,012071 
6,500000 0,011999 
6,600000 0,011912 
6,700000 0,011670 
6,800000 0,012006 
6,900000 0,011784 
7,000000 0,011766 
7,100000 0,011942 
7,200000 0,011924 
7,300000 0,011947 
7,400000 0,011953 
7,500000 0,011540 
7,600000 0,010969 
7,700000 0,012157 
7,800000 0,011962 
7,900000 0,011811 
8,000000 0,010714 
8,100000 0,010544 
8,200000 0,010823 
8,300000 0,010815 
8,400000 0,010703 
8,500000 0,010810 
8,600000 0,010966 
8,700000 0,011167 
8,800000 0,011276 
8,900000 0,011698 
9,000000 0,011401 
9,100000 0,011410 
9,200000 0,011612 
9,300000 0,011268 
9,400000 0,011252 
9,500000 0,011488 
9,600000 0,011415 
9,700000 0,011489 
9,800000 0,011521 
9,900000 0,011378 
10,000000 0,011422 
10,100000 0,011610 
10,200000 0,011206 
10,300000 0,011516 
10,400000 0,011537 
10,500000 0,011360 
10,600000 0,011381 
10,700000 0,011417 
10,800000 0,011414 
10,900000 0,011615 
11,000000 0,011584 
11,100000 0,011148 
11,200000 0,011427 
11,300000 0,011532 
11,400000 0,011481 
11,500000 0,011495 
11,600000 0,011590 
11,700000 0,011468 
11,800000 0,011544 
11,900000 0,011414 
12,000000 0,011359 
12,100000 0,011481 
12,200000 0,011477 
12,300000 0,011432 
12,400000 0,011149 
12,500000 0,009793 
12,600000 0,007406 
12,700000 0,003444 
12,800000 -0,000335 
12,900000 -0,002640 
13,000000 -0,003363 
13,100000 -0,003640 
13,200000 -0,003839 
13,300000 -0,002971 
13,400000 -0,002545 
13,500000 -0,002099 
13,600000 -0,002056 
13,700000 0,000065 
13,800000 0,000836 
13,900000 0,000414 
14,000000 -0,000677 
14,100000 -0,001914 
14,200000 -0,002944 
14,300000 -0,006235 
14,400000 -0,029830 
14,500000 -0,084917 
14,600000 -0,151289 
14,700000 -0,198574 
14,800000 -0,222879 
14,900000 -0,235338 
15,000000 -0,237943 
15,100000 -0,235158 
15,200000 -0,228772 
15,300000 -0,219655 
15,400000 -0,215427 
15,500000 -0,219298 
15,600000 -0,204464 
15,700000 -0,155827 
15,800000 -0,126569 
15,900000 -0,118290 
16,000000 -0,115852 
16,100000 -0,113666 
16,200000 -0,109744 
16,300000 -0,108510 
16,400000 -0,121783 
16,500000 -0,134724 
16,600000 -0,133999 
16,700000 -0,112385 
16,800000 -0,096587 
16,900000 -0,090400 
17,000000 -0,088681 
17,100000 -0,086370 
17,200000 -0,085091 
17,300000 -0,087583 
17,400000 -0,102166 
17,500000 -0,112395 
17,600000 -0,105458 
17,700000 -0,086899 
17,800000 -0,074981 
17,900000 -0,070686 
18,000000 -0,070703 
18,100000 -0,071575 
18,200000 -0,078060 
18,300000 -0,103474 
18,400000 -0,141299 
18,500000 -0,172520 
18,600000 -0,179670 
18,700000 -0,169556 
18,800000 -0,159615 
18,900000 -0,156660 
19,000000 -0,153085 
19,100000 -0,148406 
19,200000 -0,141481 
19,300000 -0,132817 
19,400000 -0,123546 
19,500000 -0,105225 
19,600000 -0,075516 
19,700000 -0,034980 
19,800000 -0,011394 
19,900000 -0,003280 
20,000000 -0,001340 
20,100000 -0,004535 
20,200000 -0,013745 
20,300000 -0,025952 
20,400000 -0,035867 
20,500000 -0,041991 
20,600000 -0,044177 
20,700000 -0,043887 
20,800000 -0,043570 
20,900000 -0,043069 
21,000000 -0,041822 
21,100000 -0,039754 
21,200000 -0,036986 
21,300000 -0,033724 
21,400000 -0,030108 
21,500000 -0,023950 
21,600000 -0,014456 
21,700000 -0,001660 
21,800000 0,006078 
21,900000 0,008725 
22,000000 0,009721 
22,100000 0,009716 
22,200000 0,009700 
22,300000 0,009275 
22,400000 0,009447 
22,500000 0,009331 
22,600000 0,009521 
22,700000 0,009563 
22,800000 0,009541 
22,900000 0,009357 
23,000000 0,009382 
23,100000 0,009617 
23,200000 0,009653 
23,300000 0,009794 
23,400000 0,009923 
23,500000 0,010189 
23,600000 0,010371 
23,700000 0,010858 
23,800000 0,011068 
23,900000 0,010691 
24,000000 0,010175 
24,100000 0,008849 
24,200000 0,008244 
24,300000 0,007692 
24,400000 0,007492 
24,500000 0,007099 
24,600000 0,006821 
24,700000 0,006773 
24,800000 0,006265 
24,900000 0,005687 
25,000000 0,002786 
25,100000 -0,001175 
25,200000 -0,003509 
25,300000 -0,005156 
25,400000 -0,005609 
25,500000 -0,005999 
25,600000 -0,006003 
25,700000 -0,006603 
25,800000 -0,010545 
25,900000 -0,020838 
26,000000 -0,038288 
26,100000 -0,055149 
26,200000 -0,066927 
26,300000 -0,073560 
26,400000 -0,076261 
26,500000 -0,077677 
26,600000 -0,078251 
26,700000 -0,081025 
26,800000 -0,093009 
26,900000 -0,123016 
27,000000 -0,161522 
27,100000 -0,191962 
27,200000 -0,210868 
27,300000 -0,221883 
27,400000 -0,233133 
27,500000 -0,244636 
27,600000 -0,334812 
27,700000 -0,598767 
27,800000 -1,287716 
27,900000 -2,452968 
28,000000 -3,404079 
28,100000 -3,926192 
28,200000 -4,214922 
28,300000 -4,364027 
28,400000 -4,428532 
28,500000 -4,434666 
28,600000 -4,411829 
28,700000 -4,337871 
28,800000 -4,241602 
28,900000 -4,089226 
29,000000 -3,920158 
29,100000 -3,716727 
29,200000 -3,540097 
29,300000 -3,276119 
29,400000 -3,003433 
29,500000 -2,625259 
29,600000 -2,182814 
29,700000 -1,037803 
29,800000 -0,380552 
29,900000 -0,203036 
30,000000 -0,162926 
30,100000 -0,151853 
30,200000 -0,146784 
30,300000 -0,142139 
30,400000 -0,138075 
30,500000 -0,131368 
30,600000 -0,125288 
30,700000 -0,117426 
30,800000 -0,117042 
30,900000 -0,123128 
31,000000 -0,127432 
31,100000 -0,128964 
31,200000 -0,129369 
31,300000 -0,128662 
31,400000 -0,127902 
31,500000 -0,139523 
31,600000 -0,172670 
31,700000 -0,306073 
31,800000 -0,450490 
31,900000 -0,546816 
32,000000 -0,601907 
32,100000 -0,629988 
32,200000 -0,646537 
32,300000 -0,653097 
32,400000 -0,653183 
32,500000 -0,647819 
32,600000 -0,635877 
32,700000 -0,616247 
32,800000 -0,584988 
32,900000 -0,553900 
33,000000 -0,526480 
33,100000 -0,497368 
33,200000 -0,471893 
33,300000 -0,436917 
33,400000 -0,398737 
33,500000 -0,348633 
33,600000 -0,295187 
33,700000 -0,174240 
33,800000 -0,066186 
33,900000 -0,020473 
34,000000 -0,005607 
34,100000 0,000149 
34,200000 0,002710 
34,300000 0,003752 
34,400000 0,004432 
34,500000 0,004976 
34,600000 0,005565 
34,700000 0,006078 
34,800000 0,006700 
34,900000 0,007100 
35,000000 0,007410 
35,100000 0,007655 
35,200000 0,007669 
35,300000 0,008207 
35,400000 0,007956 
35,500000 0,007866 
35,600000 0,008081 
35,700000 0,007888 
35,800000 0,008101 
35,900000 0,008068 
36,000000 0,007888 
36,100000 0,007823 
36,200000 0,007570 
36,300000 0,007505 
36,400000 0,007117 
36,500000 0,006452 
36,600000 0,004134 
36,700000 0,002270 
36,800000 0,000734 
36,900000 -0,000517 
37,000000 -0,001104 
37,100000 -0,001638 
37,200000 -0,001829 
37,300000 -0,001979 
37,400000 -0,002587 
37,500000 -0,004153 
37,600000 -0,006851 
37,700000 -0,008502 
37,800000 -0,010026 
37,900000 -0,010646 
38,000000 -0,011064 
38,100000 -0,010926 
38,200000 -0,010952 
38,300000 -0,011567 
38,400000 -0,013008 
38,500000 -0,017203 
38,600000 -0,022512 
38,700000 -0,026338 
38,800000 -0,028370 
38,900000 -0,029366 
39,000000 -0,029726 
39,100000 -0,030646 
39,200000 -0,033375 
39,300000 -0,039303 
39,400000 -0,053678 
39,500000 -0,076371 
39,600000 -0,094558 
39,700000 -0,106938 
39,800000 -0,114588 
39,900000 -0,117477 
40,000000 -0,118725 
40,100000 -0,119109 
40,200000 -0,120769 
40,300000 -0,121868 
40,400000 -0,125718 
40,500000 -0,133769 
40,600000 -0,140074 
40,700000 -0,143147 
40,800000 -0,142031 
40,900000 -0,133623 
41,000000 -0,126736 
41,100000 -0,124236 
41,200000 -0,121588 
41,300000 -0,118119 
41,400000 -0,118171 
41,500000 -0,121707 
41,600000 -0,121815 
41,700000 -0,114408 
41,800000 -0,104324 
41,900000 -0,089706 
42,000000 -0,083828 
42,100000 -0,086131 
42,200000 -0,096672 
42,300000 -0,132328 
42,400000 -0,206054 
42,500000 -0,285084 
42,600000 -0,348905 
42,700000 -0,390328 
42,800000 -0,413467 
42,900000 -0,424672 
43,000000 -0,430230 
43,100000 -0,436450 
43,200000 -0,444198 
43,300000 -0,461338 
43,400000 -0,476715 
43,500000 -0,494260 
43,600000 -0,495666 
43,700000 -0,492056 
43,800000 -0,481582 
43,900000 -0,459750 
44,000000 -0,436070 
44,100000 -0,414500 
44,200000 -0,405843 
44,300000 -0,393140 
44,400000 -0,373953 
44,500000 -0,353339 
44,600000 -0,332971 
44,700000 -0,298825 
44,800000 -0,255974 
44,900000 -0,176393 
45,000000 -0,129597 
45,100000 -0,112824 
45,200000 -0,106216 
45,300000 -0,102033 
45,400000 -0,099224 
45,500000 -0,095093 
45,600000 -0,089303 
45,700000 -0,083240 
45,800000 -0,071308 
45,900000 -0,055278 
46,000000 -0,042446 
46,100000 -0,036544 
46,200000 -0,034811 
46,300000 -0,035096 
46,400000 -0,034427 
46,500000 -0,033966 
46,600000 -0,032417 
46,700000 -0,030049 
46,800000 -0,027275 
46,900000 -0,023001 
47,000000 -0,017610 
47,100000 -0,014847 
47,200000 -0,013119 
47,300000 -0,012526 
47,400000 -0,011884 
47,500000 -0,010779 
47,600000 -0,009390 
47,700000 -0,008418 
47,800000 -0,006847 
47,900000 -0,004591 
48,000000 -0,001087 
48,100000 0,001111 
48,200000 0,002194 
48,300000 0,002616 
48,400000 0,003316 
48,500000 0,003861 
48,600000 0,004672 
48,700000 0,005677 
48,800000 0,006282 
48,900000 0,007331 
49,000000 0,008531 
49,100000 0,008578 
49,200000 0,008101 
49,300000 0,006975 
49,400000 0,006175 
49,500000 0,005865 
49,600000 0,005502 
49,700000 0,005356 
49,800000 0,005199 
49,900000 0,005046 
