0,000000 -0,038658 
0,100000 -0,048260 
0,200000 -0,053742 
0,300000 -0,055675 
0,400000 -0,057871 
0,500000 -0,057776 
0,600000 -0,059307 
0,700000 -0,059924 
0,800000 -0,058682 
0,900000 -0,060151 
1,000000 -0,060978 
1,100000 -0,060996 
1,200000 -0,060218 
1,300000 -0,060282 
1,400000 -0,060116 
1,500000 -0,060176 
1,600000 -0,060062 
1,700000 -0,060688 
1,800000 -0,060646 
1,900000 -0,060084 
2,000000 -0,060728 
2,100000 -0,060365 
2,200000 -0,060041 
2,300000 -0,060177 
2,400000 -0,060399 
2,500000 -0,060334 
2,600000 -0,060449 
2,700000 -0,060728 
2,800000 -0,051467 
2,900000 -0,029151 
3,000000 -0,017231 
3,100000 -0,009802 
3,200000 -0,002911 
3,300000 0,001722 
3,400000 0,004714 
3,500000 0,006004 
3,600000 0,003956 
3,700000 -0,009532 
3,800000 -0,042122 
3,900000 -0,059895 
4,000000 -0,039680 
4,100000 -0,018238 
4,200000 -0,006366 
4,300000 0,001179 
4,400000 0,005538 
4,500000 0,007444 
4,600000 0,009209 
4,700000 0,009720 
4,800000 0,010531 
4,900000 0,010646 
5,000000 0,010531 
5,100000 0,010801 
5,200000 0,010950 
5,300000 0,011002 
5,400000 0,011034 
5,500000 0,010987 
5,600000 0,010991 
5,700000 0,010888 
5,800000 0,011452 
5,900000 0,011239 
6,000000 0,011101 
6,100000 0,010965 
6,200000 0,011208 
6,300000 0,011178 
6,400000 0,011389 
6,500000 0,011267 
6,600000 0,011394 
6,700000 0,011071 
6,800000 0,010937 
6,900000 0,011235 
7,000000 0,011124 
7,100000 0,011260 
7,200000 0,011180 
7,300000 0,011070 
7,400000 0,011068 
7,500000 0,011093 
7,600000 0,011095 
7,700000 0,010953 
7,800000 0,010938 
7,900000 0,011206 
8,000000 0,010933 
8,100000 0,011150 
8,200000 0,011079 
8,300000 0,010858 
8,400000 0,010759 
8,500000 0,010981 
8,600000 0,011000 
8,700000 0,010953 
8,800000 0,010904 
8,900000 0,010917 
9,000000 0,011012 
9,100000 0,011023 
9,200000 0,011177 
9,300000 0,011314 
9,400000 0,010803 
9,500000 0,010814 
9,600000 0,011009 
9,700000 0,010999 
9,800000 0,011208 
9,900000 0,011265 
10,000000 0,011099 
10,100000 0,011187 
10,200000 0,011023 
10,300000 0,011194 
10,400000 0,011338 
10,500000 0,011237 
10,600000 0,011189 
10,700000 0,010995 
10,800000 0,011053 
10,900000 0,010890 
11,000000 0,010994 
11,100000 0,011021 
11,200000 0,011212 
11,300000 0,011176 
11,400000 0,011405 
11,500000 0,011444 
11,600000 0,011252 
11,700000 0,010999 
11,800000 0,011201 
11,900000 0,011199 
12,000000 0,011251 
12,100000 0,011271 
12,200000 0,010925 
12,300000 0,011041 
12,400000 0,011204 
12,500000 0,011408 
12,600000 0,011208 
12,700000 0,011159 
12,800000 0,010808 
12,900000 0,010450 
13,000000 0,009465 
13,100000 0,006258 
13,200000 0,001616 
13,300000 -0,002461 
13,400000 -0,003876 
13,500000 -0,002156 
13,600000 0,002441 
13,700000 0,006359 
13,800000 0,007772 
13,900000 0,008855 
14,000000 0,007290 
14,100000 0,003074 
14,200000 -0,002951 
14,300000 -0,006687 
14,400000 -0,008097 
14,500000 -0,006667 
14,600000 -0,002045 
14,700000 0,001400 
14,800000 0,003330 
14,900000 0,001181 
15,000000 -0,011566 
15,100000 -0,035530 
15,200000 -0,059128 
15,300000 -0,074825 
15,400000 -0,077405 
15,500000 -0,065885 
15,600000 -0,039763 
15,700000 -0,019584 
15,800000 -0,009640 
15,900000 -0,008401 
16,000000 -0,023537 
16,100000 -0,056798 
16,200000 -0,088874 
16,300000 -0,108954 
16,400000 -0,111902 
16,500000 -0,095534 
16,600000 -0,058292 
16,700000 -0,029880 
16,800000 -0,015397 
16,900000 -0,011141 
17,000000 -0,022334 
17,100000 -0,044351 
17,200000 -0,064151 
17,300000 -0,076931 
17,400000 -0,076655 
17,500000 -0,063584 
17,600000 -0,037169 
17,700000 -0,018554 
17,800000 -0,008441 
17,900000 -0,006791 
18,000000 -0,015608 
18,100000 -0,028330 
18,200000 -0,038725 
18,300000 -0,043143 
18,400000 -0,043231 
18,500000 -0,031830 
18,600000 -0,017087 
18,700000 -0,007987 
18,800000 -0,008462 
18,900000 -0,026898 
19,000000 -0,073261 
19,100000 -0,128132 
19,200000 -0,166455 
19,300000 -0,185622 
19,400000 -0,184158 
19,500000 -0,137065 
19,600000 -0,078883 
19,700000 -0,041460 
19,800000 -0,020524 
19,900000 -0,011991 
20,000000 -0,011105 
20,100000 -0,013549 
20,200000 -0,016155 
20,300000 -0,017183 
20,400000 -0,015612 
20,500000 -0,010063 
20,600000 -0,003812 
20,700000 0,000143 
20,800000 -0,002656 
20,900000 -0,014724 
21,000000 -0,033585 
21,100000 -0,049914 
21,200000 -0,060213 
21,300000 -0,063309 
21,400000 -0,060175 
21,500000 -0,039257 
21,600000 -0,019227 
21,700000 -0,006941 
21,800000 0,000618 
21,900000 0,004637 
22,000000 0,006932 
22,100000 0,008175 
22,200000 0,009310 
22,300000 0,009714 
22,400000 0,009924 
22,500000 0,010165 
22,600000 0,010065 
22,700000 0,010312 
22,800000 0,010407 
22,900000 0,010024 
23,000000 0,009820 
23,100000 0,009839 
23,200000 0,009857 
23,300000 0,009739 
23,400000 0,010175 
23,500000 0,010426 
23,600000 0,010550 
23,700000 0,010820 
23,800000 0,011184 
23,900000 0,011236 
24,000000 0,011405 
24,100000 0,011187 
24,200000 0,011117 
24,300000 0,011558 
24,400000 0,011316 
24,500000 0,011445 
24,600000 0,011139 
24,700000 0,010812 
24,800000 0,010080 
24,900000 0,008190 
25,000000 0,006419 
25,100000 0,004244 
25,200000 0,002845 
25,300000 0,002639 
25,400000 0,003252 
25,500000 0,004843 
25,600000 0,006855 
25,700000 0,007737 
25,800000 0,006155 
25,900000 -0,000036 
26,000000 -0,007659 
26,100000 -0,013696 
26,200000 -0,017645 
26,300000 -0,019008 
26,400000 -0,018447 
26,500000 -0,012851 
26,600000 -0,006119 
26,700000 -0,004563 
26,800000 -0,015526 
26,900000 -0,046307 
27,000000 -0,088321 
27,100000 -0,123138 
27,200000 -0,142159 
27,300000 -0,148510 
27,400000 -0,143059 
27,500000 -0,114943 
27,600000 -0,069766 
27,700000 -0,041929 
27,800000 -0,040085 
27,900000 -0,068749 
28,000000 -0,114139 
28,100000 -0,153670 
28,200000 -0,178051 
28,300000 -0,185866 
28,400000 -0,177380 
28,500000 -0,151254 
28,600000 -0,108793 
28,700000 -0,112027 
28,800000 -0,232536 
28,900000 -0,544050 
29,000000 -0,929167 
29,100000 -1,185013 
29,200000 -1,289769 
29,300000 -1,264307 
29,400000 -1,135514 
29,500000 -0,799691 
29,600000 -0,408454 
29,700000 -0,198279 
29,800000 -0,124894 
29,900000 -0,114806 
30,000000 -0,130416 
30,100000 -0,148785 
30,200000 -0,160099 
30,300000 -0,159824 
30,400000 -0,147314 
30,500000 -0,114271 
30,600000 -0,067408 
30,700000 -0,037420 
30,800000 -0,024955 
30,900000 -0,026573 
31,000000 -0,034208 
31,100000 -0,042473 
31,200000 -0,045394 
31,300000 -0,046555 
31,400000 -0,043923 
31,500000 -0,034855 
31,600000 -0,022828 
31,700000 -0,025293 
31,800000 -0,061737 
31,900000 -0,151670 
32,000000 -0,270810 
32,100000 -0,362687 
32,200000 -0,417233 
32,300000 -0,427993 
32,400000 -0,394248 
32,500000 -0,313542 
32,600000 -0,182362 
32,700000 -0,099729 
32,800000 -0,069215 
32,900000 -0,067080 
33,000000 -0,077992 
33,100000 -0,087463 
33,200000 -0,090778 
33,300000 -0,090089 
33,400000 -0,079826 
33,500000 -0,058782 
33,600000 -0,031788 
33,700000 -0,014321 
33,800000 -0,004866 
33,900000 0,000666 
34,000000 0,003322 
34,100000 0,004934 
34,200000 0,005713 
34,300000 0,006378 
34,400000 0,006989 
34,500000 0,007811 
34,600000 0,008946 
34,700000 0,009458 
34,800000 0,009552 
34,900000 0,009573 
35,000000 0,009073 
35,100000 0,008621 
35,200000 0,008479 
35,300000 0,008672 
35,400000 0,008771 
35,500000 0,009067 
35,600000 0,010107 
35,700000 0,011025 
35,800000 0,010833 
35,900000 0,010760 
36,000000 0,010831 
36,100000 0,011014 
36,200000 0,010902 
36,300000 0,010919 
36,400000 0,011135 
36,500000 0,011462 
36,600000 0,011267 
36,700000 0,011050 
36,800000 0,010836 
36,900000 0,010543 
37,000000 0,009987 
37,100000 0,009679 
37,200000 0,009352 
37,300000 0,009638 
37,400000 0,009712 
37,500000 0,009885 
37,600000 0,010533 
37,700000 0,010561 
37,800000 0,010249 
37,900000 0,009928 
38,000000 0,009162 
38,100000 0,008189 
38,200000 0,007733 
38,300000 0,007353 
38,400000 0,007973 
38,500000 0,008631 
38,600000 0,009639 
38,700000 0,009894 
38,800000 0,010029 
38,900000 0,009384 
39,000000 0,007760 
39,100000 0,006635 
39,200000 0,005889 
39,300000 0,005981 
39,400000 0,005980 
39,500000 0,006525 
39,600000 0,007819 
39,700000 0,008756 
39,800000 0,008311 
39,900000 0,004851 
40,000000 -0,000923 
40,100000 -0,005708 
40,200000 -0,008522 
40,300000 -0,009356 
40,400000 -0,008944 
40,500000 -0,007673 
40,600000 -0,004653 
40,700000 -0,007068 
40,800000 -0,023778 
40,900000 -0,080673 
41,000000 -0,142967 
41,100000 -0,186021 
41,200000 -0,207690 
41,300000 -0,207067 
41,400000 -0,186027 
41,500000 -0,131147 
41,600000 -0,074472 
41,700000 -0,037835 
41,800000 -0,019430 
41,900000 -0,016106 
42,000000 -0,020738 
42,100000 -0,026716 
42,200000 -0,030666 
42,300000 -0,032779 
42,400000 -0,031058 
42,500000 -0,025782 
42,600000 -0,014956 
42,700000 -0,005465 
42,800000 -0,001413 
42,900000 -0,006305 
43,000000 -0,016187 
43,100000 -0,025504 
43,200000 -0,032443 
43,300000 -0,035614 
43,400000 -0,034410 
43,500000 -0,028925 
43,600000 -0,017843 
43,700000 -0,008788 
43,800000 -0,006800 
43,900000 -0,022237 
44,000000 -0,051528 
44,100000 -0,078789 
44,200000 -0,098876 
44,300000 -0,107691 
44,400000 -0,105018 
44,500000 -0,091540 
44,600000 -0,060570 
44,700000 -0,033382 
44,800000 -0,018594 
44,900000 -0,019366 
45,000000 -0,029400 
45,100000 -0,039816 
45,200000 -0,046590 
45,300000 -0,048854 
45,400000 -0,046532 
45,500000 -0,038728 
45,600000 -0,023684 
45,700000 -0,011699 
45,800000 -0,008191 
45,900000 -0,016703 
46,000000 -0,053475 
46,100000 -0,095759 
46,200000 -0,124773 
46,300000 -0,140762 
46,400000 -0,139334 
46,500000 -0,124507 
46,600000 -0,085242 
46,700000 -0,047039 
46,800000 -0,024478 
46,900000 -0,017601 
47,000000 -0,030890 
47,100000 -0,049511 
47,200000 -0,063263 
47,300000 -0,072337 
47,400000 -0,071936 
47,500000 -0,065161 
47,600000 -0,045882 
47,700000 -0,022914 
47,800000 -0,009704 
47,900000 -0,001986 
48,000000 0,001273 
48,100000 0,001651 
48,200000 0,002397 
48,300000 0,002524 
48,400000 0,003094 
48,500000 0,004314 
48,600000 0,006230 
48,700000 0,007581 
48,800000 0,008978 
48,900000 0,009494 
49,000000 0,009648 
49,100000 0,009594 
49,200000 0,009579 
49,300000 0,009697 
49,400000 0,009547 
49,500000 0,010008 
49,600000 0,010138 
49,700000 0,010271 
49,800000 0,010558 
49,900000 0,010349 
50,000000 0,010439 
50,100000 0,010293 
50,200000 0,010164 
50,300000 0,010280 
50,400000 0,010273 
50,500000 0,010122 
50,600000 0,010126 
50,700000 0,010625 
50,800000 0,010515 
50,900000 0,010349 
51,000000 0,010027 
51,100000 0,008964 
51,200000 0,008260 
51,300000 0,007830 
51,400000 0,007558 
51,500000 0,007929 
51,600000 0,008216 
51,700000 0,009719 
51,800000 0,010267 
51,900000 0,010271 
52,000000 0,010127 
52,100000 0,008834 
52,200000 0,008868 
52,300000 0,008451 
52,400000 0,008434 
52,500000 0,008686 
52,600000 0,009162 
52,700000 0,009822 
52,800000 0,010272 
52,900000 0,010525 
53,000000 0,010431 
53,100000 0,010099 
53,200000 0,009863 
53,300000 0,009656 
53,400000 0,009503 
53,500000 0,009488 
53,600000 0,009935 
53,700000 0,009938 
53,800000 0,010540 
53,900000 0,010598 
54,000000 0,010449 
54,100000 0,010116 
54,200000 0,009579 
54,300000 0,009348 
54,400000 0,009239 
54,500000 0,009198 
54,600000 0,009500 
54,700000 0,010089 
54,800000 0,010454 
54,900000 0,010550 
55,000000 0,010530 
55,100000 0,010305 
55,200000 0,010263 
55,300000 0,010066 
55,400000 0,009926 
55,500000 0,009050 
55,600000 0,009482 
55,700000 0,009997 
55,800000 0,010229 
55,900000 0,010295 
56,000000 0,010262 
56,100000 0,009546 
56,200000 0,008868 
56,300000 0,007791 
56,400000 0,007502 
56,500000 0,007153 
56,600000 0,007801 
56,700000 0,008720 
56,800000 0,009214 
56,900000 0,009757 
57,000000 0,009088 
57,100000 0,007160 
57,200000 0,003216 
57,300000 -0,000616 
57,400000 -0,002965 
57,500000 -0,003098 
57,600000 -0,001594 
57,700000 0,002698 
57,800000 0,005869 
57,900000 0,007440 
58,000000 0,007685 
58,100000 0,006344 
58,200000 0,001941 
58,300000 -0,002134 
58,400000 -0,004439 
58,500000 -0,005196 
58,600000 -0,003586 
58,700000 -0,000146 
58,800000 0,004639 
58,900000 0,006799 
59,000000 0,007335 
59,100000 0,006562 
59,200000 0,002384 
59,300000 -0,001428 
59,400000 -0,003620 
59,500000 -0,002773 
59,600000 -0,001306 
59,700000 0,003125 
59,800000 0,006380 
59,900000 0,008062 
60,000000 0,008862 
60,100000 0,009431 
60,200000 0,009588 
60,300000 0,009770 
60,400000 0,009658 
60,500000 0,009671 
60,600000 0,010074 
60,700000 0,010377 
60,800000 0,010509 
60,900000 0,010620 
61,000000 0,010783 
61,100000 0,010517 
61,200000 0,010568 
61,300000 0,010743 
61,400000 0,010270 
61,500000 0,010249 
61,600000 0,010180 
61,700000 0,010498 
61,800000 0,010426 
61,900000 0,010715 
62,000000 0,010548 
62,100000 0,010621 
62,200000 0,010379 
62,300000 0,010411 
62,400000 0,010559 
62,500000 0,010746 
62,600000 0,010825 
62,700000 0,010661 
62,800000 0,010587 
62,900000 0,010433 
63,000000 0,010773 
63,100000 0,010298 
63,200000 0,010288 
63,300000 0,010237 
63,400000 0,010118 
63,500000 0,010252 
63,600000 0,010459 
63,700000 0,010495 
63,800000 0,010408 
63,900000 0,010895 
64,000000 0,010288 
64,100000 0,010485 
64,200000 0,010352 
64,300000 0,010444 
64,400000 0,010221 
64,500000 0,010353 
64,600000 0,010175 
64,700000 0,010359 
64,800000 0,010355 
64,900000 0,010596 
65,000000 0,010641 
65,100000 0,010404 
65,200000 0,010189 
65,300000 0,010270 
65,400000 0,010393 
65,500000 0,010437 
65,600000 0,010266 
65,700000 0,010375 
65,800000 0,010570 
65,900000 0,010662 
66,000000 0,010741 
66,100000 0,010615 
66,200000 0,010662 
66,300000 0,010430 
66,400000 0,010572 
66,500000 0,010655 
66,600000 0,010459 
66,700000 0,010230 
66,800000 0,010430 
66,900000 0,010295 
67,000000 0,010789 
67,100000 0,010674 
67,200000 0,010272 
67,300000 0,009491 
67,400000 0,009955 
67,500000 0,009897 
67,600000 0,009955 
67,700000 0,010113 
67,800000 0,010185 
67,900000 0,010217 
68,000000 0,010154 
68,100000 0,010581 
68,200000 0,011002 
68,300000 0,010749 
68,400000 0,010668 
68,500000 0,010528 
68,600000 0,010187 
68,700000 0,010228 
68,800000 0,010518 
68,900000 0,010451 
69,000000 0,010493 
69,100000 0,010919 
69,200000 0,010530 
69,300000 0,011340 
69,400000 0,011352 
69,500000 0,011317 
69,600000 0,010840 
69,700000 0,010543 
69,800000 0,010745 
69,900000 0,010871 
70,000000 0,010729 
70,100000 0,010585 
70,200000 0,009688 
70,300000 0,007872 
70,400000 0,006327 
70,500000 0,005720 
70,600000 0,005324 
70,700000 0,006345 
70,800000 0,008148 
70,900000 0,009653 
71,000000 0,010430 
71,100000 0,010918 
71,200000 0,010690 
71,300000 0,010667 
71,400000 0,010437 
71,500000 0,009819 
71,600000 0,009646 
71,700000 0,009540 
71,800000 0,010000 
71,900000 0,010445 
72,000000 0,010886 
72,100000 0,011092 
72,200000 0,010856 
72,300000 0,010542 
72,400000 0,009216 
72,500000 0,007870 
72,600000 0,006842 
72,700000 0,007546 
72,800000 0,008206 
72,900000 0,009654 
73,000000 0,010091 
73,100000 0,010457 
73,200000 0,010484 
73,300000 0,010941 
73,400000 0,010637 
73,500000 0,010463 
73,600000 0,010680 
73,700000 0,010774 
73,800000 0,010634 
73,900000 0,010827 
74,000000 0,010720 
74,100000 0,010777 
74,200000 0,010776 
74,300000 0,010927 
74,400000 0,011131 
74,500000 0,011026 
74,600000 0,010772 
74,700000 0,010906 
74,800000 0,010854 
74,900000 0,010777 
75,000000 0,011045 
75,100000 0,010617 
75,200000 0,010812 
75,300000 0,010881 
75,400000 0,010823 
75,500000 0,010734 
75,600000 0,010814 
75,700000 0,010530 
75,800000 0,010997 
75,900000 0,011475 
76,000000 0,011324 
76,100000 0,011059 
76,200000 0,011085 
76,300000 0,011237 
76,400000 0,011157 
76,500000 0,010996 
76,600000 0,010712 
76,700000 0,010981 
76,800000 0,010859 
76,900000 0,010841 
77,000000 0,011041 
77,100000 0,010949 
77,200000 0,011000 
77,300000 0,011030 
77,400000 0,011419 
77,500000 0,011188 
77,600000 0,011131 
77,700000 0,011410 
77,800000 0,011302 
77,900000 0,011344 
78,000000 0,010571 
78,100000 0,010696 
78,200000 0,010564 
78,300000 0,010876 
78,400000 0,010975 
78,500000 0,010910 
78,600000 0,010976 
78,700000 0,010817 
78,800000 0,010912 
78,900000 0,010995 
79,000000 0,010853 
79,100000 0,010909 
79,200000 0,011017 
79,300000 0,010900 
79,400000 0,011034 
79,500000 0,010996 
79,600000 0,010873 
79,700000 0,010957 
79,800000 0,010940 
79,900000 0,010794 
80,000000 0,011239 
80,100000 0,011175 
80,200000 0,011072 
80,300000 0,010901 
80,400000 0,010855 
80,500000 0,010894 
80,600000 0,010931 
80,700000 0,010127 
80,800000 0,011334 
80,900000 0,011138 
81,000000 0,011205 
81,100000 0,010810 
81,200000 0,011262 
81,300000 0,011146 
81,400000 0,011048 
81,500000 0,011022 
81,600000 0,011162 
81,700000 0,010766 
81,800000 0,010721 
81,900000 0,010730 
82,000000 0,010789 
82,100000 0,011032 
82,200000 0,010928 
82,300000 0,010979 
82,400000 0,011194 
82,500000 0,010887 
82,600000 0,010726 
82,700000 0,010639 
82,800000 0,011062 
82,900000 0,010830 
83,000000 0,011019 
83,100000 0,010950 
83,200000 0,011133 
83,300000 0,011011 
83,400000 0,011124 
83,500000 0,011350 
83,600000 0,010976 
83,700000 0,011048 
83,800000 0,010755 
83,900000 0,011123 
84,000000 0,011004 
84,100000 0,010986 
84,200000 0,011421 
84,300000 0,011255 
84,400000 0,011098 
84,500000 0,011296 
84,600000 0,011463 
84,700000 0,011225 
84,800000 0,011089 
84,900000 0,010965 
85,000000 0,011096 
85,100000 0,011323 
85,200000 0,011114 
85,300000 0,010891 
85,400000 0,010770 
85,500000 0,011032 
85,600000 0,011060 
85,700000 0,011082 
85,800000 0,011339 
85,900000 0,010938 
86,000000 0,011032 
86,100000 0,011086 
86,200000 0,010786 
86,300000 0,010802 
86,400000 0,010881 
86,500000 0,011026 
86,600000 0,010981 
86,700000 0,011041 
86,800000 0,010600 
86,900000 0,011172 
87,000000 0,010987 
87,100000 0,010600 
87,200000 0,010798 
87,300000 0,010952 
87,400000 0,010973 
87,500000 0,010875 
87,600000 0,010913 
87,700000 0,010519 
87,800000 0,010312 
87,900000 0,010210 
88,000000 0,010735 
88,100000 0,010904 
88,200000 0,010975 
88,300000 0,011086 
88,400000 0,011033 
88,500000 0,011073 
88,600000 0,011140 
88,700000 0,011061 
88,800000 0,011223 
88,900000 0,011317 
89,000000 0,011163 
89,100000 0,011544 
89,200000 0,011192 
89,300000 0,011361 
89,400000 0,011218 
89,500000 0,010963 
89,600000 0,011086 
89,700000 0,011041 
89,800000 0,010858 
89,900000 0,010956 
90,000000 0,010756 
90,100000 0,011007 
90,200000 0,011075 
90,300000 0,011143 
90,400000 0,010976 
90,500000 0,010902 
90,600000 0,011212 
90,700000 0,011458 
90,800000 0,011272 
90,900000 0,010875 
91,000000 0,011057 
91,100000 0,010794 
91,200000 0,010994 
91,300000 0,011117 
91,400000 0,011027 
91,500000 0,010923 
91,600000 0,011234 
91,700000 0,010899 
91,800000 0,011376 
91,900000 0,011379 
92,000000 0,011062 
92,100000 0,011302 
92,200000 0,010908 
92,300000 0,010775 
92,400000 0,011022 
92,500000 0,010744 
92,600000 0,011113 
92,700000 0,011072 
92,800000 0,010934 
92,900000 0,010876 
93,000000 0,011113 
93,100000 0,011287 
93,200000 0,011350 
93,300000 0,010874 
93,400000 0,010820 
93,500000 0,011206 
93,600000 0,011346 
93,700000 0,011291 
93,800000 0,010860 
93,900000 0,011173 
94,000000 0,010917 
94,100000 0,011111 
94,200000 0,011287 
94,300000 0,010937 
94,400000 0,011017 
94,500000 0,010758 
94,600000 0,011020 
94,700000 0,011131 
94,800000 0,011137 
94,900000 0,010834 
95,000000 0,011126 
95,100000 0,011098 
95,200000 0,011272 
95,300000 0,011209 
95,400000 0,011280 
95,500000 0,011180 
95,600000 0,010991 
95,700000 0,010923 
95,800000 0,010981 
95,900000 0,011085 
96,000000 0,011120 
96,100000 0,010987 
96,200000 0,010929 
96,300000 0,011016 
96,400000 0,010946 
96,500000 0,011328 
96,600000 0,011191 
96,700000 0,011166 
96,800000 0,011165 
96,900000 0,010870 
97,000000 0,011049 
97,100000 0,011042 
97,200000 0,010855 
97,300000 0,010743 
97,400000 0,010939 
97,500000 0,010999 
97,600000 0,011194 
97,700000 0,011259 
97,800000 0,010891 
97,900000 0,010831 
98,000000 0,010813 
98,100000 0,010916 
98,200000 0,011255 
98,300000 0,010891 
98,400000 0,011069 
98,500000 0,011114 
98,600000 0,011205 
98,700000 0,010995 
98,800000 0,011008 
98,900000 0,010975 
99,000000 0,011035 
99,100000 0,010934 
99,200000 0,011134 
99,300000 0,011288 
99,400000 0,011040 
99,500000 0,010959 
99,600000 0,010908 
99,700000 0,011086 
99,800000 0,010958 
99,900000 0,011123 
100,000000 0,011174 
