0,000000 -0,018782 
0,100000 -0,030696 
0,200000 -0,036668 
0,300000 -0,039134 
0,400000 -0,041143 
0,500000 -0,042646 
0,600000 -0,043529 
0,700000 -0,043776 
0,800000 -0,044174 
0,900000 -0,044512 
1,000000 -0,043957 
1,100000 -0,044499 
1,200000 -0,044460 
1,300000 -0,044509 
1,400000 -0,044984 
1,500000 -0,044556 
1,600000 -0,045615 
1,700000 -0,045011 
1,800000 -0,044618 
1,900000 -0,045505 
2,000000 -0,044719 
2,100000 -0,045373 
2,200000 -0,045009 
2,300000 -0,045302 
2,400000 -0,045475 
2,500000 -0,045363 
2,600000 -0,045613 
2,700000 -0,045096 
2,800000 -0,037192 
2,900000 -0,019449 
3,000000 -0,009292 
3,100000 -0,002263 
3,200000 0,002530 
3,300000 0,005716 
3,400000 0,007198 
3,500000 0,007609 
3,600000 0,007208 
3,700000 0,001486 
3,800000 -0,009382 
3,900000 -0,017003 
4,000000 -0,009255 
4,100000 0,000159 
4,200000 0,005456 
4,300000 0,007629 
4,400000 0,008615 
4,500000 0,009992 
4,600000 0,010533 
4,700000 0,011032 
4,800000 0,011476 
4,900000 0,011436 
5,000000 0,011267 
5,100000 0,011585 
5,200000 0,011590 
5,300000 0,012066 
5,400000 0,011848 
5,500000 0,011746 
5,600000 0,011827 
5,700000 0,012032 
5,800000 0,011847 
5,900000 0,011875 
6,000000 0,011865 
6,100000 0,011699 
6,200000 0,011608 
6,300000 0,011940 
6,400000 0,011863 
6,500000 0,011722 
6,600000 0,011841 
6,700000 0,011654 
6,800000 0,011805 
6,900000 0,011980 
7,000000 0,011855 
7,100000 0,011782 
7,200000 0,011811 
7,300000 0,011678 
7,400000 0,011946 
7,500000 0,011696 
7,600000 0,011537 
7,700000 0,011579 
7,800000 0,011693 
7,900000 0,011859 
8,000000 0,011695 
8,100000 0,011755 
8,200000 0,011690 
8,300000 0,011628 
8,400000 0,011632 
8,500000 0,011500 
8,600000 0,011617 
8,700000 0,011363 
8,800000 0,011236 
8,900000 0,011452 
9,000000 0,011459 
9,100000 0,011677 
9,200000 0,011632 
9,300000 0,011591 
9,400000 0,011386 
9,500000 0,011387 
9,600000 0,011681 
9,700000 0,011376 
9,800000 0,011525 
9,900000 0,011422 
10,000000 0,011452 
10,100000 0,011759 
10,200000 0,011703 
10,300000 0,011797 
10,400000 0,011108 
10,500000 0,011261 
10,600000 0,011298 
10,700000 0,011507 
10,800000 0,011601 
10,900000 0,011396 
11,000000 0,011172 
11,100000 0,011277 
11,200000 0,011465 
11,300000 0,011575 
11,400000 0,011493 
11,500000 0,011372 
11,600000 0,011388 
11,700000 0,011240 
11,800000 0,011602 
11,900000 0,011486 
12,000000 0,011693 
12,100000 0,011471 
12,200000 0,011485 
12,300000 0,011485 
12,400000 0,011428 
12,500000 0,011439 
12,600000 0,011251 
12,700000 0,011161 
12,800000 0,011244 
12,900000 0,011110 
13,000000 0,010773 
13,100000 0,007928 
13,200000 0,004416 
13,300000 0,001445 
13,400000 0,000583 
13,500000 0,001881 
13,600000 0,005131 
13,700000 0,008004 
13,800000 0,009192 
13,900000 0,010074 
14,000000 0,009828 
14,100000 0,007555 
14,200000 0,005061 
14,300000 0,002782 
14,400000 0,002310 
14,500000 0,002654 
14,600000 0,005539 
14,700000 0,006929 
14,800000 0,006988 
14,900000 0,004991 
15,000000 -0,007997 
15,100000 -0,039050 
15,200000 -0,071803 
15,300000 -0,092208 
15,400000 -0,095535 
15,500000 -0,078578 
15,600000 -0,045131 
15,700000 -0,021114 
15,800000 -0,008998 
15,900000 -0,004089 
16,000000 -0,012903 
16,100000 -0,040066 
16,200000 -0,066639 
16,300000 -0,083040 
16,400000 -0,085186 
16,500000 -0,073473 
16,600000 -0,041188 
16,700000 -0,017291 
16,800000 -0,005879 
16,900000 -0,001815 
17,000000 -0,008332 
17,100000 -0,022856 
17,200000 -0,035418 
17,300000 -0,042394 
17,400000 -0,041557 
17,500000 -0,031662 
17,600000 -0,015690 
17,700000 -0,004526 
17,800000 0,002065 
17,900000 0,003548 
18,000000 -0,000794 
18,100000 -0,008128 
18,200000 -0,012774 
18,300000 -0,015599 
18,400000 -0,015807 
18,500000 -0,009798 
18,600000 -0,001794 
18,700000 0,003649 
18,800000 0,005421 
18,900000 0,001606 
19,000000 -0,017453 
19,100000 -0,039158 
19,200000 -0,054521 
19,300000 -0,061430 
19,400000 -0,061329 
19,500000 -0,043131 
19,600000 -0,020706 
19,700000 -0,006837 
19,800000 0,001145 
19,900000 0,005127 
20,000000 0,006319 
20,100000 0,006795 
20,200000 0,006794 
20,300000 0,006709 
20,400000 0,007070 
20,500000 0,007640 
20,600000 0,008328 
20,700000 0,009100 
20,800000 0,008945 
20,900000 0,006266 
21,000000 0,000952 
21,100000 -0,003431 
21,200000 -0,006515 
21,300000 -0,007253 
21,400000 -0,006569 
21,500000 -0,001223 
21,600000 0,004907 
21,700000 0,007532 
21,800000 0,009185 
21,900000 0,010120 
22,000000 0,010553 
22,100000 0,010936 
22,200000 0,011026 
22,300000 0,011311 
22,400000 0,011410 
22,500000 0,011261 
22,600000 0,011382 
22,700000 0,011463 
22,800000 0,011585 
22,900000 0,011390 
23,000000 0,011062 
23,100000 0,010870 
23,200000 0,010789 
23,300000 0,011009 
23,400000 0,010700 
23,500000 0,010929 
23,600000 0,011254 
23,700000 0,011304 
23,800000 0,011728 
23,900000 0,011655 
24,000000 0,011757 
24,100000 0,011603 
24,200000 0,011660 
24,300000 0,011708 
24,400000 0,011782 
24,500000 0,011648 
24,600000 0,011651 
24,700000 0,011442 
24,800000 0,011324 
24,900000 0,010693 
25,000000 0,008858 
25,100000 0,008236 
25,200000 0,007738 
25,300000 0,007893 
25,400000 0,008052 
25,500000 0,008374 
25,600000 0,009557 
25,700000 0,010417 
25,800000 0,009938 
25,900000 0,006986 
26,000000 0,003010 
26,100000 -0,000165 
26,200000 -0,002281 
26,300000 -0,002525 
26,400000 -0,001630 
26,500000 0,001181 
26,600000 0,005118 
26,700000 0,006793 
26,800000 0,003991 
26,900000 -0,012663 
27,000000 -0,032920 
27,100000 -0,047783 
27,200000 -0,056306 
27,300000 -0,056595 
27,400000 -0,053621 
27,500000 -0,041679 
27,600000 -0,022152 
27,700000 -0,009440 
27,800000 -0,007586 
27,900000 -0,024751 
28,000000 -0,049939 
28,100000 -0,067040 
28,200000 -0,077381 
28,300000 -0,079671 
28,400000 -0,077324 
28,500000 -0,065116 
28,600000 -0,053053 
28,700000 -0,066545 
28,800000 -0,197600 
28,900000 -0,695937 
29,000000 -1,310995 
29,100000 -1,649040 
29,200000 -1,724125 
29,300000 -1,640447 
29,400000 -1,443492 
29,500000 -1,009976 
29,600000 -0,488136 
29,700000 -0,217079 
29,800000 -0,112190 
29,900000 -0,075877 
30,000000 -0,060286 
30,100000 -0,052251 
30,200000 -0,047495 
30,300000 -0,041778 
30,400000 -0,035716 
30,500000 -0,025742 
30,600000 -0,012934 
30,700000 -0,004452 
30,800000 -0,000955 
30,900000 -0,002357 
31,000000 -0,006063 
31,100000 -0,007497 
31,200000 -0,007969 
31,300000 -0,008332 
31,400000 -0,007233 
31,500000 -0,003653 
31,600000 0,001672 
31,700000 0,004803 
31,800000 0,003350 
31,900000 -0,007088 
32,000000 -0,018384 
32,100000 -0,026028 
32,200000 -0,030138 
32,300000 -0,030819 
32,400000 -0,028130 
32,500000 -0,022708 
32,600000 -0,012187 
32,700000 -0,007819 
32,800000 -0,027232 
32,900000 -0,075320 
33,000000 -0,122715 
33,100000 -0,153090 
33,200000 -0,167062 
33,300000 -0,165651 
33,400000 -0,149883 
33,500000 -0,106031 
33,600000 -0,057771 
33,700000 -0,028215 
33,800000 -0,012474 
33,900000 -0,004163 
34,000000 0,001321 
34,100000 0,004541 
34,200000 0,006835 
34,300000 0,007623 
34,400000 0,008186 
34,500000 0,008830 
34,600000 0,010061 
34,700000 0,010380 
34,800000 0,010682 
34,900000 0,010203 
35,000000 0,009806 
35,100000 0,009498 
35,200000 0,009510 
35,300000 0,009685 
35,400000 0,009403 
35,500000 0,009866 
35,600000 0,010405 
35,700000 0,010815 
35,800000 0,011017 
35,900000 0,011340 
36,000000 0,011419 
36,100000 0,011261 
36,200000 0,011140 
36,300000 0,011453 
36,400000 0,011458 
36,500000 0,011609 
36,600000 0,011658 
36,700000 0,011414 
36,800000 0,011097 
36,900000 0,010544 
37,000000 0,009683 
37,100000 0,009310 
37,200000 0,009180 
37,300000 0,009225 
37,400000 0,009267 
37,500000 0,009801 
37,600000 0,010549 
37,700000 0,010820 
37,800000 0,010540 
37,900000 0,008893 
38,000000 0,007358 
38,100000 0,006537 
38,200000 0,005729 
38,300000 0,005292 
38,400000 0,006020 
38,500000 0,006967 
38,600000 0,008781 
38,700000 0,010007 
38,800000 0,009803 
38,900000 0,008107 
39,000000 0,006496 
39,100000 0,004115 
39,200000 0,003019 
39,300000 0,002839 
39,400000 0,003396 
39,500000 0,004870 
39,600000 0,007016 
39,700000 0,008488 
39,800000 0,009185 
39,900000 0,005865 
40,000000 -0,000097 
40,100000 -0,004606 
40,200000 -0,006707 
40,300000 -0,007319 
40,400000 -0,006727 
40,500000 -0,004284 
40,600000 0,001059 
40,700000 0,004777 
40,800000 0,004534 
40,900000 -0,007871 
41,000000 -0,020110 
41,100000 -0,028484 
41,200000 -0,032161 
41,300000 -0,032304 
41,400000 -0,029121 
41,500000 -0,019280 
41,600000 -0,007501 
41,700000 0,000142 
41,800000 0,004218 
41,900000 0,001344 
42,000000 -0,005011 
42,100000 -0,009615 
42,200000 -0,012399 
42,300000 -0,013031 
42,400000 -0,011811 
42,500000 -0,008920 
42,600000 -0,002654 
42,700000 0,003620 
42,800000 0,006096 
42,900000 0,001757 
43,000000 -0,005039 
43,100000 -0,010164 
43,200000 -0,013128 
43,300000 -0,013532 
43,400000 -0,013021 
43,500000 -0,010533 
43,600000 -0,004783 
43,700000 -0,001276 
43,800000 -0,002293 
43,900000 -0,042461 
44,000000 -0,102300 
44,100000 -0,149095 
44,200000 -0,177871 
44,300000 -0,184996 
44,400000 -0,176679 
44,500000 -0,150952 
44,600000 -0,091072 
44,700000 -0,044662 
44,800000 -0,022582 
44,900000 -0,019673 
45,000000 -0,025245 
45,100000 -0,028874 
45,200000 -0,032144 
45,300000 -0,031421 
45,400000 -0,027844 
45,500000 -0,021972 
45,600000 -0,010357 
45,700000 -0,001257 
45,800000 0,003655 
45,900000 0,005667 
46,000000 0,002529 
46,100000 -0,001813 
46,200000 -0,004123 
46,300000 -0,004821 
46,400000 -0,004393 
46,500000 -0,003023 
46,600000 0,001698 
46,700000 0,006215 
46,800000 0,007839 
46,900000 0,008728 
47,000000 0,006882 
47,100000 0,004262 
47,200000 0,003110 
47,300000 0,002532 
47,400000 0,002546 
47,500000 0,003100 
47,600000 0,005249 
47,700000 0,007776 
47,800000 0,009577 
47,900000 0,009563 
48,000000 0,008897 
48,100000 0,008105 
48,200000 0,007639 
48,300000 0,007635 
48,400000 0,007878 
48,500000 0,008083 
48,600000 0,008816 
48,700000 0,010230 
48,800000 0,010654 
48,900000 0,010911 
49,000000 0,010890 
49,100000 0,011011 
49,200000 0,010819 
49,300000 0,011462 
49,400000 0,011168 
49,500000 0,010904 
49,600000 0,011172 
49,700000 0,011255 
49,800000 0,011096 
49,900000 0,011288 
50,000000 0,011107 
50,100000 0,011088 
50,200000 0,010463 
50,300000 0,010689 
50,400000 0,010552 
50,500000 0,011402 
50,600000 0,011371 
50,700000 0,011194 
50,800000 0,011073 
50,900000 0,011175 
51,000000 0,010001 
51,100000 0,009332 
51,200000 0,008415 
51,300000 0,008091 
51,400000 0,008405 
51,500000 0,008726 
51,600000 0,009233 
51,700000 0,010217 
51,800000 0,010788 
51,900000 0,010673 
52,000000 0,010417 
52,100000 0,009395 
52,200000 0,008884 
52,300000 0,008365 
52,400000 0,008420 
52,500000 0,008891 
52,600000 0,009497 
52,700000 0,010423 
52,800000 0,010963 
52,900000 0,011335 
53,000000 0,010870 
53,100000 0,010280 
53,200000 0,009766 
53,300000 0,009481 
53,400000 0,009544 
53,500000 0,009718 
53,600000 0,010354 
53,700000 0,010981 
53,800000 0,011233 
53,900000 0,011497 
54,000000 0,011140 
54,100000 0,010929 
54,200000 0,010498 
54,300000 0,010053 
54,400000 0,010087 
54,500000 0,010616 
54,600000 0,010715 
54,700000 0,011146 
54,800000 0,011450 
54,900000 0,011548 
55,000000 0,011653 
55,100000 0,011656 
55,200000 0,011058 
55,300000 0,011016 
55,400000 0,011151 
55,500000 0,011434 
55,600000 0,011620 
55,700000 0,011426 
55,800000 0,011427 
55,900000 0,011604 
56,000000 0,011613 
56,100000 0,011355 
56,200000 0,011104 
56,300000 0,010724 
56,400000 0,010686 
56,500000 0,010605 
56,600000 0,011142 
56,700000 0,011142 
56,800000 0,011324 
56,900000 0,011443 
57,000000 0,011580 
57,100000 0,011398 
57,200000 0,010747 
57,300000 0,010639 
57,400000 0,009999 
57,500000 0,010309 
57,600000 0,010688 
57,700000 0,010938 
57,800000 0,011333 
57,900000 0,011454 
58,000000 0,011435 
58,100000 0,010648 
58,200000 0,009772 
58,300000 0,008856 
58,400000 0,008500 
58,500000 0,008632 
58,600000 0,008861 
58,700000 0,009259 
58,800000 0,009802 
58,900000 0,009569 
59,000000 0,007485 
59,100000 -0,002234 
59,200000 -0,018322 
59,300000 -0,030614 
59,400000 -0,035968 
59,500000 -0,035774 
59,600000 -0,029839 
59,700000 -0,015028 
59,800000 -0,002911 
59,900000 0,003373 
60,000000 0,006942 
60,100000 0,007951 
60,200000 0,008609 
60,300000 0,008850 
60,400000 0,008715 
60,500000 0,009035 
60,600000 0,009232 
60,700000 0,010158 
60,800000 0,010753 
60,900000 0,011297 
61,000000 0,011323 
61,100000 0,011443 
61,200000 0,011261 
61,300000 0,011219 
61,400000 0,011380 
61,500000 0,011260 
61,600000 0,011574 
61,700000 0,011659 
61,800000 0,011626 
61,900000 0,011398 
62,000000 0,011783 
62,100000 0,011816 
62,200000 0,011631 
62,300000 0,011559 
62,400000 0,011775 
62,500000 0,011667 
62,600000 0,011711 
62,700000 0,011892 
62,800000 0,011641 
62,900000 0,011571 
63,000000 0,011231 
63,100000 0,011281 
63,200000 0,011446 
63,300000 0,011218 
63,400000 0,011137 
63,500000 0,011216 
63,600000 0,011163 
63,700000 0,011464 
63,800000 0,011840 
63,900000 0,011770 
64,000000 0,011713 
64,100000 0,011576 
64,200000 0,011434 
64,300000 0,011668 
64,400000 0,011478 
64,500000 0,011233 
64,600000 0,011478 
64,700000 0,011448 
64,800000 0,011591 
64,900000 0,011783 
65,000000 0,011604 
65,100000 0,011568 
65,200000 0,011476 
65,300000 0,011592 
65,400000 0,011648 
65,500000 0,011517 
65,600000 0,011410 
65,700000 0,011069 
65,800000 0,011403 
65,900000 0,011694 
66,000000 0,011770 
66,100000 0,011739 
66,200000 0,011467 
66,300000 0,011309 
66,400000 0,011652 
66,500000 0,011365 
66,600000 0,011312 
66,700000 0,011362 
66,800000 0,011393 
66,900000 0,011335 
67,000000 0,011706 
67,100000 0,011325 
67,200000 0,010856 
67,300000 0,010486 
67,400000 0,010358 
67,500000 0,010541 
67,600000 0,010327 
67,700000 0,010993 
67,800000 0,011116 
67,900000 0,011183 
68,000000 0,011071 
68,100000 0,011545 
68,200000 0,011517 
68,300000 0,011353 
68,400000 0,011316 
68,500000 0,011615 
68,600000 0,011533 
68,700000 0,011693 
68,800000 0,011626 
68,900000 0,011439 
69,000000 0,011270 
69,100000 0,011612 
69,200000 0,011700 
69,300000 0,011585 
69,400000 0,011356 
69,500000 0,011463 
69,600000 0,011232 
69,700000 0,011617 
69,800000 0,011588 
69,900000 0,011397 
70,000000 0,011271 
70,100000 0,010976 
70,200000 0,010252 
70,300000 0,008204 
70,400000 0,007100 
70,500000 0,006373 
70,600000 0,006387 
70,700000 0,007935 
70,800000 0,009409 
70,900000 0,010381 
71,000000 0,010617 
71,100000 0,010901 
71,200000 0,011253 
71,300000 0,011184 
71,400000 0,011578 
71,500000 0,011420 
71,600000 0,011234 
71,700000 0,011332 
71,800000 0,011290 
71,900000 0,011656 
72,000000 0,011797 
72,100000 0,011725 
72,200000 0,011578 
72,300000 0,011257 
72,400000 0,011573 
72,500000 0,011497 
72,600000 0,011313 
72,700000 0,011550 
72,800000 0,011173 
72,900000 0,011594 
73,000000 0,011911 
73,100000 0,011537 
73,200000 0,011493 
73,300000 0,011278 
73,400000 0,011880 
73,500000 0,011310 
73,600000 0,011284 
73,700000 0,011345 
73,800000 0,011334 
73,900000 0,011477 
74,000000 0,011649 
74,100000 0,011851 
74,200000 0,011714 
74,300000 0,011495 
74,400000 0,011193 
74,500000 0,011293 
74,600000 0,011475 
74,700000 0,011555 
74,800000 0,011477 
74,900000 0,011236 
75,000000 0,011419 
75,100000 0,011450 
75,200000 0,011620 
75,300000 0,011565 
75,400000 0,011481 
75,500000 0,011421 
75,600000 0,011540 
75,700000 0,011739 
75,800000 0,011621 
75,900000 0,011702 
76,000000 0,011376 
76,100000 0,011538 
76,200000 0,011562 
76,300000 0,011254 
76,400000 0,011745 
76,500000 0,011519 
76,600000 0,011509 
76,700000 0,011541 
76,800000 0,011620 
76,900000 0,011601 
77,000000 0,011564 
77,100000 0,011437 
77,200000 0,011681 
77,300000 0,011577 
77,400000 0,011856 
77,500000 0,011856 
77,600000 0,011555 
77,700000 0,011184 
77,800000 0,011461 
77,900000 0,011689 
78,000000 0,011723 
78,100000 0,011530 
78,200000 0,011752 
78,300000 0,011566 
78,400000 0,011506 
78,500000 0,011054 
78,600000 0,011769 
78,700000 0,011449 
78,800000 0,011454 
78,900000 0,011287 
79,000000 0,011427 
79,100000 0,011677 
79,200000 0,011553 
79,300000 0,011380 
79,400000 0,011232 
79,500000 0,011342 
79,600000 0,011630 
79,700000 0,011627 
79,800000 0,011471 
79,900000 0,011198 
80,000000 0,011475 
80,100000 0,011418 
80,200000 0,011632 
80,300000 0,011589 
80,400000 0,011377 
80,500000 0,011240 
80,600000 0,011233 
80,700000 0,011530 
80,800000 0,011594 
80,900000 0,011414 
81,000000 0,011257 
81,100000 0,011492 
81,200000 0,010330 
81,300000 0,010773 
81,400000 0,010964 
81,500000 0,010675 
81,600000 0,010671 
81,700000 0,011073 
81,800000 0,011161 
81,900000 0,011073 
82,000000 0,010875 
82,100000 0,011016 
82,200000 0,011189 
82,300000 0,011222 
82,400000 0,011251 
82,500000 0,011808 
82,600000 0,011573 
82,700000 0,011533 
82,800000 0,011531 
82,900000 0,011769 
83,000000 0,011479 
83,100000 0,011254 
83,200000 0,011435 
83,300000 0,011627 
83,400000 0,011419 
83,500000 0,011525 
83,600000 0,011214 
83,700000 0,011374 
83,800000 0,011580 
83,900000 0,011776 
84,000000 0,011866 
84,100000 0,011639 
84,200000 0,011458 
84,300000 0,011515 
84,400000 0,011596 
84,500000 0,011497 
84,600000 0,011553 
84,700000 0,011362 
84,800000 0,011130 
84,900000 0,011163 
85,000000 0,011511 
85,100000 0,011569 
85,200000 0,011346 
85,300000 0,011366 
85,400000 0,011460 
85,500000 0,011298 
85,600000 0,011722 
85,700000 0,011501 
85,800000 0,011472 
85,900000 0,011551 
86,000000 0,011580 
86,100000 0,011400 
86,200000 0,011406 
86,300000 0,011358 
86,400000 0,011202 
86,500000 0,011267 
86,600000 0,011553 
86,700000 0,011542 
86,800000 0,011576 
86,900000 0,011450 
87,000000 0,011436 
87,100000 0,011545 
87,200000 0,011522 
87,300000 0,011608 
87,400000 0,011539 
87,500000 0,011412 
87,600000 0,011853 
87,700000 0,011748 
87,800000 0,011813 
87,900000 0,011828 
88,000000 0,011806 
88,100000 0,011657 
88,200000 0,011563 
88,300000 0,011622 
88,400000 0,011430 
88,500000 0,011630 
88,600000 0,011375 
88,700000 0,011366 
88,800000 0,011513 
88,900000 0,011756 
89,000000 0,011825 
89,100000 0,011718 
89,200000 0,011598 
89,300000 0,011571 
89,400000 0,011672 
89,500000 0,011809 
89,600000 0,011630 
89,700000 0,011609 
89,800000 0,011547 
89,900000 0,011487 
90,000000 0,011689 
90,100000 0,011647 
90,200000 0,011544 
90,300000 0,011442 
90,400000 0,011455 
90,500000 0,011815 
90,600000 0,011729 
90,700000 0,011592 
90,800000 0,011526 
90,900000 0,011547 
91,000000 0,011571 
91,100000 0,011527 
91,200000 0,011597 
91,300000 0,011845 
91,400000 0,011359 
91,500000 0,011715 
91,600000 0,011596 
91,700000 0,012015 
91,800000 0,011523 
91,900000 0,011496 
92,000000 0,011697 
92,100000 0,011824 
92,200000 0,011616 
92,300000 0,011577 
92,400000 0,011375 
92,500000 0,011539 
92,600000 0,011634 
92,700000 0,011593 
92,800000 0,011818 
92,900000 0,011641 
93,000000 0,011591 
93,100000 0,011530 
93,200000 0,011845 
93,300000 0,011910 
93,400000 0,011702 
93,500000 0,011431 
93,600000 0,011645 
93,700000 0,011674 
93,800000 0,011762 
93,900000 0,011746 
94,000000 0,011770 
94,100000 0,011701 
94,200000 0,011505 
94,300000 0,011742 
94,400000 0,011787 
94,500000 0,011742 
94,600000 0,011605 
94,700000 0,011541 
94,800000 0,011584 
94,900000 0,011881 
95,000000 0,011902 
95,100000 0,011995 
95,200000 0,011880 
95,300000 0,011729 
95,400000 0,011802 
95,500000 0,011512 
95,600000 0,011617 
95,700000 0,011653 
95,800000 0,011502 
95,900000 0,011539 
96,000000 0,011666 
96,100000 0,011637 
96,200000 0,011794 
96,300000 0,011640 
96,400000 0,011914 
96,500000 0,011811 
96,600000 0,011790 
96,700000 0,011432 
96,800000 0,011369 
96,900000 0,011513 
97,000000 0,011554 
97,100000 0,011815 
97,200000 0,012043 
97,300000 0,011650 
97,400000 0,011512 
97,500000 0,011786 
97,600000 0,011913 
97,700000 0,011700 
97,800000 0,011443 
97,900000 0,011655 
98,000000 0,011722 
98,100000 0,011629 
98,200000 0,011914 
98,300000 0,011777 
98,400000 0,011843 
98,500000 0,011609 
98,600000 0,011601 
98,700000 0,011781 
98,800000 0,011908 
98,900000 0,012235 
99,000000 0,011456 
99,100000 0,011665 
99,200000 0,011825 
99,300000 0,011675 
99,400000 0,011739 
99,500000 0,011572 
99,600000 0,011604 
99,700000 0,011805 
99,800000 0,011745 
99,900000 0,011581 
100,000000 0,011612 
