0,000000 -0,023292 
0,100000 -0,009533 
0,200000 -0,002892 
0,300000 0,001931 
0,400000 0,004414 
0,500000 0,005780 
0,600000 0,006842 
0,700000 0,007436 
0,800000 0,006609 
0,900000 0,008605 
1,000000 0,008245 
1,100000 0,008197 
1,200000 0,008221 
1,300000 0,008222 
1,400000 0,008262 
1,500000 0,008564 
1,600000 0,008431 
1,700000 0,008360 
1,800000 0,008310 
1,900000 0,008845 
2,000000 0,010055 
2,100000 0,009386 
2,200000 0,010438 
2,300000 0,011081 
2,400000 0,011735 
2,500000 0,012058 
2,600000 0,012126 
2,700000 0,012117 
2,800000 0,011997 
2,900000 0,011658 
3,000000 0,011835 
3,100000 0,011917 
3,200000 0,012070 
3,300000 0,012562 
3,400000 0,012377 
3,500000 0,012443 
3,600000 0,012649 
3,700000 0,012530 
3,800000 0,012449 
3,900000 0,012385 
4,000000 0,012381 
4,100000 0,012575 
4,200000 0,012636 
4,300000 0,012875 
4,400000 0,012744 
4,500000 0,012209 
4,600000 0,012638 
4,700000 0,012337 
4,800000 0,012602 
4,900000 0,012595 
5,000000 0,012775 
5,100000 0,012699 
5,200000 0,012470 
5,300000 0,012688 
5,400000 0,012655 
5,500000 0,012764 
5,600000 0,012741 
5,700000 0,012639 
5,800000 0,012528 
5,900000 0,012495 
6,000000 0,012565 
6,100000 0,012617 
6,200000 0,012794 
6,300000 0,012615 
6,400000 0,012710 
6,500000 0,012515 
6,600000 0,012367 
6,700000 0,012654 
6,800000 0,012449 
6,900000 0,012669 
7,000000 0,012187 
7,100000 0,012408 
7,200000 0,012406 
7,300000 0,012586 
7,400000 0,012450 
7,500000 0,012403 
7,600000 0,012443 
7,700000 0,012526 
7,800000 0,012539 
7,900000 0,012445 
8,000000 0,012409 
8,100000 0,012524 
8,200000 0,012552 
8,300000 0,012545 
8,400000 0,012641 
8,500000 0,012573 
8,600000 0,012501 
8,700000 0,012454 
8,800000 0,012625 
8,900000 0,012387 
9,000000 0,012608 
9,100000 0,012690 
9,200000 0,012363 
9,300000 0,012619 
9,400000 0,012546 
9,500000 0,012677 
9,600000 0,012571 
9,700000 0,012281 
9,800000 0,012343 
9,900000 0,012290 
10,000000 0,012373 
10,100000 0,012355 
10,200000 0,012554 
10,300000 0,012461 
10,400000 0,012502 
10,500000 0,012493 
10,600000 0,012762 
10,700000 0,012404 
10,800000 0,012342 
10,900000 0,012638 
11,000000 0,012382 
11,100000 0,012561 
11,200000 0,012541 
11,300000 0,012581 
11,400000 0,012444 
11,500000 0,012692 
11,600000 0,012633 
11,700000 0,012506 
11,800000 0,012462 
11,900000 0,012386 
12,000000 0,012200 
12,100000 0,012062 
12,200000 0,011361 
12,300000 0,011130 
12,400000 0,011265 
12,500000 0,010904 
12,600000 0,010999 
12,700000 0,011600 
12,800000 0,012085 
12,900000 0,012361 
13,000000 0,012442 
13,100000 0,012639 
13,200000 0,012337 
13,300000 0,012406 
13,400000 0,012536 
13,500000 0,012998 
13,600000 0,012466 
13,700000 0,012427 
13,800000 0,012466 
13,900000 0,013157 
14,000000 0,012305 
14,100000 0,011718 
14,200000 0,011474 
14,300000 0,011433 
14,400000 0,011261 
14,500000 0,011297 
14,600000 0,011625 
14,700000 0,012115 
14,800000 0,012301 
14,900000 0,012382 
15,000000 0,012414 
15,100000 0,012180 
15,200000 0,012004 
15,300000 0,011974 
15,400000 0,012052 
15,500000 0,012174 
15,600000 0,012047 
15,700000 0,012188 
15,800000 0,012309 
15,900000 0,012069 
16,000000 0,011636 
16,100000 0,010810 
16,200000 0,009857 
16,300000 0,009083 
16,400000 0,009031 
16,500000 0,009794 
16,600000 0,010771 
16,700000 0,011308 
16,800000 0,011075 
16,900000 0,010246 
17,000000 0,006584 
17,100000 0,001121 
17,200000 -0,004275 
17,300000 -0,007852 
17,400000 -0,008258 
17,500000 -0,005109 
17,600000 0,001045 
17,700000 0,005615 
17,800000 0,006219 
17,900000 0,000735 
18,000000 -0,013334 
18,100000 -0,032386 
18,200000 -0,050835 
18,300000 -0,062415 
18,400000 -0,066371 
18,500000 -0,053101 
18,600000 -0,028963 
18,700000 -0,012508 
18,800000 -0,002737 
18,900000 0,003622 
19,000000 0,006472 
19,100000 0,007952 
19,200000 0,008772 
19,300000 0,009020 
19,400000 0,009671 
19,500000 0,010430 
19,600000 0,010930 
19,700000 0,011106 
19,800000 0,010035 
19,900000 0,005882 
20,000000 -0,002903 
20,100000 -0,012283 
20,200000 -0,019215 
20,300000 -0,023643 
20,400000 -0,024279 
20,500000 -0,017442 
20,600000 -0,006487 
20,700000 0,001811 
20,800000 0,006092 
20,900000 0,008729 
21,000000 0,010548 
21,100000 0,011143 
21,200000 0,011726 
21,300000 0,012056 
21,400000 0,011725 
21,500000 0,012046 
21,600000 0,012065 
21,700000 0,012269 
21,800000 0,012327 
21,900000 0,012521 
22,000000 0,012501 
22,100000 0,012386 
22,200000 0,012308 
22,300000 0,012394 
22,400000 0,012259 
22,500000 0,012266 
22,600000 0,012420 
22,700000 0,012584 
22,800000 0,012531 
22,900000 0,012583 
23,000000 0,012363 
23,100000 0,012276 
23,200000 0,012690 
23,300000 0,012727 
23,400000 0,012652 
23,500000 0,012584 
23,600000 0,012255 
23,700000 0,012221 
23,800000 0,012345 
23,900000 0,012325 
24,000000 0,012186 
24,100000 0,012485 
24,200000 0,012408 
24,300000 0,012248 
24,400000 0,012298 
24,500000 0,012351 
24,600000 0,012843 
24,700000 0,012630 
24,800000 0,012491 
24,900000 0,012456 
25,000000 0,012513 
25,100000 0,012318 
25,200000 0,012537 
25,300000 0,012227 
25,400000 0,012314 
25,500000 0,012192 
25,600000 0,012440 
25,700000 0,012548 
25,800000 0,012212 
25,900000 0,012164 
26,000000 0,011672 
26,100000 0,011669 
26,200000 0,011577 
26,300000 0,011407 
26,400000 0,011248 
26,500000 0,011570 
26,600000 0,011819 
26,700000 0,012017 
26,800000 0,012133 
26,900000 0,011793 
27,000000 0,011214 
27,100000 0,010637 
27,200000 0,010478 
27,300000 0,010000 
27,400000 0,009991 
27,500000 0,010212 
27,600000 0,010113 
27,700000 0,008338 
27,800000 0,002443 
27,900000 -0,009389 
28,000000 -0,022970 
28,100000 -0,035766 
28,200000 -0,043479 
28,300000 -0,046124 
28,400000 -0,043804 
28,500000 -0,030437 
28,600000 -0,015021 
28,700000 -0,003852 
28,800000 0,003357 
28,900000 0,006483 
29,000000 0,007940 
29,100000 0,008987 
29,200000 0,009375 
29,300000 0,009560 
29,400000 0,010255 
29,500000 0,010505 
29,600000 0,011181 
29,700000 0,011748 
29,800000 0,011710 
29,900000 0,011512 
30,000000 0,011335 
30,100000 0,010792 
30,200000 0,010576 
30,300000 0,010516 
30,400000 0,010703 
30,500000 0,011123 
30,600000 0,011460 
30,700000 0,011543 
30,800000 0,011190 
30,900000 0,010218 
31,000000 0,008808 
31,100000 0,008025 
31,200000 0,007006 
31,300000 0,006808 
31,400000 0,006788 
31,500000 0,008516 
31,600000 0,010165 
31,700000 0,010932 
31,800000 0,010807 
31,900000 0,010543 
32,000000 0,009949 
32,100000 0,009340 
32,200000 0,009033 
32,300000 0,009105 
32,400000 0,009249 
32,500000 0,010006 
32,600000 0,010967 
32,700000 0,011474 
32,800000 0,011916 
32,900000 0,012297 
33,000000 0,012307 
33,100000 0,012242 
33,200000 0,012541 
33,300000 0,012372 
33,400000 0,012314 
33,500000 0,012514 
33,600000 0,012387 
33,700000 0,012487 
33,800000 0,012002 
33,900000 0,011896 
34,000000 0,012652 
34,100000 0,013021 
34,200000 0,012785 
34,300000 0,012490 
34,400000 0,012485 
34,500000 0,012485 
34,600000 0,012446 
34,700000 0,012534 
34,800000 0,012675 
34,900000 0,012556 
35,000000 0,012722 
35,100000 0,012760 
35,200000 0,012546 
35,300000 0,012524 
35,400000 0,012714 
35,500000 0,012506 
35,600000 0,012473 
35,700000 0,012573 
35,800000 0,012354 
35,900000 0,012351 
36,000000 0,012548 
36,100000 0,012527 
36,200000 0,012380 
36,300000 0,012582 
36,400000 0,012743 
36,500000 0,012905 
36,600000 0,012461 
36,700000 0,012607 
36,800000 0,012162 
36,900000 0,012543 
37,000000 0,012390 
37,100000 0,012394 
37,200000 0,012361 
37,300000 0,012422 
37,400000 0,012530 
37,500000 0,012320 
37,600000 0,012358 
37,700000 0,012658 
37,800000 0,012364 
37,900000 0,012383 
38,000000 0,012379 
38,100000 0,012446 
38,200000 0,012516 
38,300000 0,012311 
38,400000 0,012404 
38,500000 0,012219 
38,600000 0,012537 
38,700000 0,012589 
38,800000 0,012305 
38,900000 0,012261 
39,000000 0,012294 
39,100000 0,012077 
39,200000 0,012129 
39,300000 0,012152 
39,400000 0,011964 
39,500000 0,012152 
39,600000 0,012292 
39,700000 0,012362 
39,800000 0,012562 
39,900000 0,012405 
40,000000 0,012064 
40,100000 0,012063 
40,200000 0,012105 
40,300000 0,012119 
40,400000 0,012077 
40,500000 0,012258 
40,600000 0,012245 
40,700000 0,012483 
40,800000 0,012593 
40,900000 0,012262 
41,000000 0,012532 
41,100000 0,012054 
41,200000 0,012089 
41,300000 0,012358 
41,400000 0,012249 
41,500000 0,012134 
41,600000 0,012321 
41,700000 0,012449 
41,800000 0,012584 
41,900000 0,012408 
42,000000 0,012267 
42,100000 0,012235 
42,200000 0,011982 
42,300000 0,011975 
42,400000 0,012260 
42,500000 0,012238 
42,600000 0,012216 
42,700000 0,012385 
42,800000 0,012304 
42,900000 0,012125 
43,000000 0,012689 
43,100000 0,012269 
43,200000 0,011931 
43,300000 0,011654 
43,400000 0,011671 
43,500000 0,011849 
43,600000 0,012121 
43,700000 0,011844 
43,800000 0,011296 
43,900000 0,009691 
44,000000 0,007183 
44,100000 0,005479 
44,200000 0,003715 
44,300000 0,003345 
44,400000 0,004624 
44,500000 0,006610 
44,600000 0,008919 
44,700000 0,010540 
44,800000 0,011415 
44,900000 0,011529 
45,000000 0,011738 
45,100000 0,011804 
45,200000 0,011834 
45,300000 0,011785 
45,400000 0,011826 
45,500000 0,012111 
45,600000 0,011993 
45,700000 0,012053 
45,800000 0,012297 
45,900000 0,012428 
46,000000 0,012529 
46,100000 0,012614 
46,200000 0,012238 
46,300000 0,012192 
46,400000 0,012388 
46,500000 0,012393 
46,600000 0,012528 
46,700000 0,011920 
46,800000 0,011758 
46,900000 0,010815 
47,000000 0,008963 
47,100000 0,006695 
47,200000 0,005958 
47,300000 0,005428 
47,400000 0,006067 
47,500000 0,007649 
47,600000 0,009680 
47,700000 0,010858 
47,800000 0,011639 
47,900000 0,011792 
48,000000 0,011989 
48,100000 0,011603 
48,200000 0,011861 
48,300000 0,012029 
48,400000 0,011811 
48,500000 0,011968 
48,600000 0,012101 
48,700000 0,012186 
48,800000 0,012195 
48,900000 0,012120 
49,000000 0,011947 
49,100000 0,012246 
49,200000 0,012316 
49,300000 0,012299 
49,400000 0,012320 
49,500000 0,012315 
49,600000 0,012279 
49,700000 0,012146 
49,800000 0,012096 
49,900000 0,011531 
50,000000 0,010976 
50,100000 0,010306 
50,200000 0,010170 
50,300000 0,009790 
50,400000 0,010119 
50,500000 0,010839 
50,600000 0,011687 
50,700000 0,011762 
50,800000 0,012069 
50,900000 0,012151 
51,000000 0,012152 
51,100000 0,012002 
51,200000 0,011638 
51,300000 0,011498 
51,400000 0,011700 
51,500000 0,012006 
51,600000 0,012211 
51,700000 0,012270 
51,800000 0,012421 
51,900000 0,012378 
52,000000 0,012422 
52,100000 0,012478 
52,200000 0,012299 
52,300000 0,012529 
52,400000 0,012677 
52,500000 0,012671 
52,600000 0,012229 
52,700000 0,012376 
52,800000 0,012539 
52,900000 0,012304 
53,000000 0,012222 
53,100000 0,012540 
53,200000 0,012366 
53,300000 0,012385 
53,400000 0,012250 
53,500000 0,011981 
53,600000 0,012041 
53,700000 0,012601 
53,800000 0,011323 
53,900000 0,011516 
54,000000 0,012510 
54,100000 0,012722 
54,200000 0,012747 
54,300000 0,012522 
54,400000 0,012303 
54,500000 0,011721 
54,600000 0,012495 
54,700000 0,012472 
54,800000 0,012433 
54,900000 0,012304 
55,000000 0,012355 
55,100000 0,012549 
55,200000 0,012357 
55,300000 0,012226 
55,400000 0,011282 
55,500000 0,012176 
55,600000 0,011323 
55,700000 0,012634 
55,800000 0,011933 
55,900000 0,011577 
56,000000 0,011770 
56,100000 0,013054 
56,200000 0,012324 
56,300000 0,011711 
56,400000 0,011665 
56,500000 0,012945 
56,600000 0,013017 
56,700000 0,012649 
56,800000 0,012680 
56,900000 0,012750 
57,000000 0,012428 
57,100000 0,012634 
57,200000 0,012639 
57,300000 0,012486 
57,400000 0,012382 
57,500000 0,012342 
57,600000 0,012605 
57,700000 0,012598 
57,800000 0,012573 
57,900000 0,012482 
58,000000 0,012523 
58,100000 0,012129 
58,200000 0,012465 
58,300000 0,012519 
58,400000 0,012470 
58,500000 0,012527 
58,600000 0,011708 
58,700000 0,012765 
58,800000 0,012666 
58,900000 0,012089 
59,000000 0,012867 
59,100000 0,012520 
59,200000 0,012277 
59,300000 0,011876 
59,400000 0,012104 
59,500000 0,012339 
59,600000 0,012459 
59,700000 0,012430 
59,800000 0,012552 
59,900000 0,012270 
60,000000 0,011754 
60,100000 0,011934 
60,200000 0,011721 
60,300000 0,012884 
60,400000 0,012498 
60,500000 0,012333 
60,600000 0,012341 
60,700000 0,012258 
60,800000 0,012279 
60,900000 0,012426 
61,000000 0,012122 
61,100000 0,012066 
61,200000 0,011870 
61,300000 0,012187 
61,400000 0,012451 
61,500000 0,012524 
61,600000 0,012646 
61,700000 0,012215 
61,800000 0,011911 
61,900000 0,011990 
62,000000 0,011815 
62,100000 0,011751 
62,200000 0,012677 
62,300000 0,012424 
62,400000 0,012596 
62,500000 0,012396 
62,600000 0,012560 
62,700000 0,012131 
62,800000 0,012277 
62,900000 0,012346 
63,000000 0,012356 
63,100000 0,012317 
63,200000 0,012374 
63,300000 0,012593 
63,400000 0,012216 
63,500000 0,012329 
63,600000 0,012219 
63,700000 0,012677 
63,800000 0,012493 
63,900000 0,012659 
64,000000 0,012436 
64,100000 0,012201 
64,200000 0,012447 
64,300000 0,011865 
64,400000 0,012502 
64,500000 0,012516 
64,600000 0,012564 
64,700000 0,012557 
64,800000 0,012407 
64,900000 0,012383 
65,000000 0,012599 
65,100000 0,012437 
65,200000 0,012238 
65,300000 0,012298 
65,400000 0,012269 
65,500000 0,012367 
65,600000 0,012534 
65,700000 0,012465 
65,800000 0,012420 
65,900000 0,012269 
66,000000 0,011740 
66,100000 0,011327 
66,200000 0,011067 
66,300000 0,010635 
66,400000 0,010437 
66,500000 0,010600 
66,600000 0,011344 
66,700000 0,011858 
66,800000 0,012117 
66,900000 0,012293 
67,000000 0,012208 
67,100000 0,012416 
67,200000 0,012265 
67,300000 0,012378 
67,400000 0,012202 
67,500000 0,012495 
67,600000 0,012292 
67,700000 0,012266 
67,800000 0,012296 
67,900000 0,012326 
68,000000 0,012599 
68,100000 0,012299 
68,200000 0,012314 
68,300000 0,012356 
68,400000 0,012233 
68,500000 0,012232 
68,600000 0,012298 
68,700000 0,012272 
68,800000 0,012031 
68,900000 0,011848 
69,000000 0,011198 
69,100000 0,009409 
69,200000 0,006658 
69,300000 0,003916 
69,400000 0,002299 
69,500000 0,003489 
69,600000 0,006571 
69,700000 0,008916 
69,800000 0,010557 
69,900000 0,011491 
70,000000 0,011609 
70,100000 0,011893 
70,200000 0,012197 
70,300000 0,012006 
70,400000 0,012162 
70,500000 0,012193 
70,600000 0,012211 
70,700000 0,012538 
70,800000 0,012439 
70,900000 0,012303 
71,000000 0,012375 
71,100000 0,012512 
71,200000 0,012032 
71,300000 0,012413 
71,400000 0,012375 
71,500000 0,012302 
71,600000 0,012365 
71,700000 0,012308 
71,800000 0,012118 
71,900000 0,012532 
72,000000 0,012531 
72,100000 0,012843 
72,200000 0,012818 
72,300000 0,012573 
72,400000 0,012583 
72,500000 0,012318 
72,600000 0,012119 
72,700000 0,012452 
72,800000 0,012687 
72,900000 0,012409 
73,000000 0,012541 
73,100000 0,012386 
73,200000 0,012585 
73,300000 0,012371 
73,400000 0,012426 
73,500000 0,012377 
73,600000 0,012423 
73,700000 0,012416 
73,800000 0,012300 
73,900000 0,012632 
74,000000 0,012406 
74,100000 0,012340 
74,200000 0,012348 
74,300000 0,012352 
74,400000 0,012327 
74,500000 0,012376 
74,600000 0,012156 
74,700000 0,012653 
74,800000 0,012677 
74,900000 0,012370 
75,000000 0,012408 
75,100000 0,012263 
75,200000 0,012180 
75,300000 0,012187 
75,400000 0,012289 
75,500000 0,012235 
75,600000 0,012363 
75,700000 0,012517 
75,800000 0,012345 
75,900000 0,012329 
76,000000 0,012338 
76,100000 0,012449 
76,200000 0,012380 
76,300000 0,012528 
76,400000 0,012548 
76,500000 0,012322 
76,600000 0,012571 
76,700000 0,012534 
76,800000 0,012547 
76,900000 0,012433 
77,000000 0,012579 
77,100000 0,012667 
77,200000 0,012664 
77,300000 0,012665 
77,400000 0,012526 
77,500000 0,012609 
77,600000 0,012597 
77,700000 0,012628 
77,800000 0,012372 
77,900000 0,012019 
78,000000 0,012507 
78,100000 0,011971 
78,200000 0,012258 
78,300000 0,012289 
78,400000 0,012204 
78,500000 0,012116 
78,600000 0,012238 
78,700000 0,012444 
78,800000 0,012316 
78,900000 0,012503 
79,000000 0,012278 
79,100000 0,012534 
79,200000 0,012338 
79,300000 0,012426 
79,400000 0,012583 
79,500000 0,012522 
79,600000 0,012473 
79,700000 0,012545 
79,800000 0,012605 
79,900000 0,012595 
80,000000 0,012519 
80,100000 0,012486 
80,200000 0,012678 
80,300000 0,012477 
80,400000 0,012491 
80,500000 0,012272 
80,600000 0,012509 
80,700000 0,012521 
80,800000 0,012602 
80,900000 0,012466 
81,000000 0,012312 
81,100000 0,012473 
81,200000 0,012707 
81,300000 0,012653 
81,400000 0,012201 
81,500000 0,012260 
81,600000 0,012289 
81,700000 0,012144 
81,800000 0,012274 
81,900000 0,012344 
82,000000 0,012893 
82,100000 0,013127 
82,200000 0,013004 
82,300000 0,013020 
82,400000 0,012761 
82,500000 0,012383 
82,600000 0,012408 
82,700000 0,013216 
82,800000 0,013168 
82,900000 0,012399 
83,000000 0,012068 
83,100000 0,012435 
83,200000 0,013106 
83,300000 0,012314 
83,400000 0,012333 
83,500000 0,012136 
83,600000 0,012280 
83,700000 0,012538 
83,800000 0,012500 
83,900000 0,012461 
84,000000 0,012459 
84,100000 0,012452 
84,200000 0,012275 
84,300000 0,012436 
84,400000 0,012436 
84,500000 0,012417 
84,600000 0,012683 
84,700000 0,012538 
84,800000 0,012420 
84,900000 0,012477 
85,000000 0,012255 
85,100000 0,012621 
85,200000 0,012344 
85,300000 0,012437 
85,400000 0,012288 
85,500000 0,012244 
85,600000 0,012350 
85,700000 0,012417 
85,800000 0,012346 
85,900000 0,012198 
86,000000 0,012375 
86,100000 0,012201 
86,200000 0,012268 
86,300000 0,012451 
86,400000 0,012261 
86,500000 0,012004 
86,600000 0,012132 
86,700000 0,012263 
86,800000 0,012216 
86,900000 0,012433 
87,000000 0,012139 
87,100000 0,012105 
87,200000 0,012301 
87,300000 0,012158 
87,400000 0,012197 
87,500000 0,012315 
87,600000 0,012253 
87,700000 0,012408 
87,800000 0,012340 
87,900000 0,012370 
88,000000 0,012205 
88,100000 0,012303 
88,200000 0,012342 
88,300000 0,012316 
88,400000 0,012238 
88,500000 0,011991 
88,600000 0,012148 
88,700000 0,012299 
88,800000 0,012323 
88,900000 0,012301 
89,000000 0,012177 
89,100000 0,012313 
89,200000 0,012318 
89,300000 0,011991 
89,400000 0,012369 
89,500000 0,012442 
89,600000 0,012459 
89,700000 0,012296 
89,800000 0,012461 
89,900000 0,012366 
90,000000 0,012276 
90,100000 0,012284 
90,200000 0,012302 
90,300000 0,012427 
90,400000 0,012351 
90,500000 0,012268 
90,600000 0,012259 
90,700000 0,012025 
90,800000 0,012268 
90,900000 0,012358 
91,000000 0,012252 
91,100000 0,012300 
91,200000 0,012470 
91,300000 0,012193 
91,400000 0,012321 
91,500000 0,012244 
91,600000 0,012249 
91,700000 0,012252 
91,800000 0,012188 
91,900000 0,012190 
92,000000 0,012436 
92,100000 0,012318 
92,200000 0,012497 
92,300000 0,012497 
92,400000 0,012345 
92,500000 0,011994 
92,600000 0,012203 
92,700000 0,012291 
92,800000 0,012128 
92,900000 0,012114 
93,000000 0,012349 
93,100000 0,012353 
93,200000 0,012374 
93,300000 0,012447 
93,400000 0,012317 
93,500000 0,012109 
93,600000 0,012382 
93,700000 0,012031 
93,800000 0,012403 
93,900000 0,012423 
94,000000 0,012424 
94,100000 0,012195 
94,200000 0,012158 
94,300000 0,012163 
94,400000 0,012311 
94,500000 0,012461 
94,600000 0,012348 
94,700000 0,012395 
94,800000 0,012405 
94,900000 0,012413 
95,000000 0,012358 
95,100000 0,012333 
95,200000 0,012579 
95,300000 0,012194 
95,400000 0,012504 
95,500000 0,012124 
95,600000 0,012354 
95,700000 0,012156 
95,800000 0,012280 
95,900000 0,012453 
96,000000 0,012521 
96,100000 0,012670 
96,200000 0,012478 
96,300000 0,012192 
96,400000 0,012467 
96,500000 0,012555 
96,600000 0,012526 
96,700000 0,012272 
96,800000 0,012541 
96,900000 0,012157 
97,000000 0,012243 
97,100000 0,012614 
97,200000 0,012524 
97,300000 0,012688 
97,400000 0,012461 
97,500000 0,012183 
97,600000 0,012304 
97,700000 0,012167 
97,800000 0,012009 
97,900000 0,012446 
98,000000 0,012502 
98,100000 0,012116 
98,200000 0,012394 
98,300000 0,012266 
98,400000 0,012543 
98,500000 0,012539 
98,600000 0,012296 
98,700000 0,012466 
98,800000 0,012288 
98,900000 0,013284 
99,000000 0,012940 
99,100000 0,012045 
99,200000 0,012375 
99,300000 0,012269 
99,400000 0,012685 
99,500000 0,012676 
99,600000 0,012554 
99,700000 0,012592 
99,800000 0,012425 
99,900000 0,012546 
100,000000 0,012698 
