0,000000 -0,789667 
0,100000 -1,264700 
0,200000 -1,327225 
0,300000 -1,339212 
0,400000 -1,339059 
0,500000 -1,343531 
0,600000 -1,341383 
0,700000 -1,341970 
0,800000 -1,342431 
0,900000 -1,336020 
1,000000 -1,342863 
1,100000 -1,342041 
1,200000 -1,342583 
1,300000 -1,344604 
1,400000 -1,346143 
1,500000 -1,345386 
1,600000 -1,344982 
1,700000 -1,343022 
1,800000 -1,342282 
1,900000 -1,344778 
2,000000 -1,344961 
2,100000 -1,338569 
2,200000 -1,340448 
2,300000 -1,346294 
2,400000 -1,341181 
2,500000 -1,343102 
2,600000 -1,344543 
2,700000 -1,345533 
2,800000 -1,241265 
2,900000 -1,089589 
3,000000 -0,979774 
3,100000 -0,883772 
3,200000 -0,772898 
3,300000 -0,680426 
3,400000 -0,611895 
3,500000 -0,555075 
3,600000 -0,505804 
3,700000 -0,463595 
3,800000 -0,430953 
3,900000 -0,397260 
4,000000 -0,369074 
4,100000 -0,345314 
4,200000 -0,317630 
4,300000 -0,293000 
4,400000 -0,275771 
4,500000 -0,254134 
4,600000 -0,238058 
4,700000 -0,221114 
4,800000 -0,207245 
4,900000 -0,192356 
5,000000 -0,179096 
5,100000 -0,166821 
5,200000 -0,152452 
5,300000 -0,139653 
5,400000 -0,130403 
5,500000 -0,122048 
5,600000 -0,114562 
5,700000 -0,106760 
5,800000 -0,099914 
5,900000 -0,094124 
6,000000 -0,088415 
6,100000 -0,083409 
6,200000 -0,079272 
6,300000 -0,074015 
6,400000 -0,069989 
6,500000 -0,065431 
6,600000 -0,061774 
6,700000 -0,060095 
6,800000 -0,057357 
6,900000 -0,053954 
7,000000 -0,051684 
7,100000 -0,048764 
7,200000 -0,046585 
7,300000 -0,044126 
7,400000 -0,041982 
7,500000 -0,039858 
7,600000 -0,038824 
7,700000 -0,036290 
7,800000 -0,034750 
7,900000 -0,033497 
8,000000 -0,031345 
8,100000 -0,029783 
8,200000 -0,028430 
8,300000 -0,026962 
8,400000 -0,026499 
8,500000 -0,024582 
8,600000 -0,023663 
8,700000 -0,022630 
8,800000 -0,021914 
8,900000 -0,020897 
9,000000 -0,019947 
9,100000 -0,019297 
9,200000 -0,019619 
9,300000 -0,018097 
9,400000 -0,016855 
9,500000 -0,016349 
9,600000 -0,015792 
9,700000 -0,015405 
9,800000 -0,015053 
9,900000 -0,014564 
10,000000 -0,014737 
10,100000 -0,013878 
10,200000 -0,013561 
10,300000 -0,013332 
10,400000 -0,012773 
10,500000 -0,012681 
10,600000 -0,012360 
10,700000 -0,012183 
10,800000 -0,012091 
10,900000 -0,011841 
11,000000 -0,012202 
11,100000 -0,011919 
11,200000 -0,011856 
11,300000 -0,011588 
11,400000 -0,011987 
11,500000 -0,011864 
11,600000 -0,012161 
11,700000 -0,012041 
11,800000 -0,011821 
11,900000 -0,012093 
12,000000 -0,011850 
12,100000 -0,012519 
12,200000 -0,012881 
12,300000 -0,013437 
12,400000 -0,014183 
12,500000 -0,015499 
12,600000 -0,015189 
12,700000 -0,016591 
12,800000 -0,017650 
12,900000 -0,018541 
13,000000 -0,019104 
13,100000 -0,020935 
13,200000 -0,022540 
13,300000 -0,023856 
13,400000 -0,024865 
13,500000 -0,026300 
13,600000 -0,027375 
13,700000 -0,028121 
13,800000 -0,029563 
13,900000 -0,030906 
14,000000 -0,033401 
14,100000 -0,036260 
14,200000 -0,038989 
14,300000 -0,042568 
14,400000 -0,047258 
14,500000 -0,052081 
14,600000 -0,057677 
14,700000 -0,062800 
14,800000 -0,069953 
14,900000 -0,078742 
15,000000 -0,089001 
15,100000 -0,099989 
15,200000 -0,112112 
15,300000 -0,123721 
15,400000 -0,125670 
15,500000 -0,120077 
15,600000 -0,103969 
15,700000 -0,092570 
15,800000 -0,083838 
15,900000 -0,078532 
16,000000 -0,076838 
16,100000 -0,076524 
16,200000 -0,078115 
16,300000 -0,079745 
16,400000 -0,079380 
16,500000 -0,075601 
16,600000 -0,067193 
16,700000 -0,060843 
16,800000 -0,057669 
16,900000 -0,056717 
17,000000 -0,056875 
17,100000 -0,059742 
17,200000 -0,062356 
17,300000 -0,063583 
17,400000 -0,064750 
17,500000 -0,061041 
17,600000 -0,054876 
17,700000 -0,050621 
17,800000 -0,049791 
17,900000 -0,050436 
18,000000 -0,051353 
18,100000 -0,055035 
18,200000 -0,057787 
18,300000 -0,060296 
18,400000 -0,061602 
18,500000 -0,059654 
18,600000 -0,057705 
18,700000 -0,056577 
18,800000 -0,057416 
18,900000 -0,060989 
19,000000 -0,065204 
19,100000 -0,071368 
19,200000 -0,077301 
19,300000 -0,079863 
19,400000 -0,078610 
19,500000 -0,067885 
19,600000 -0,053395 
19,700000 -0,042042 
19,800000 -0,033863 
19,900000 -0,028033 
20,000000 -0,024250 
20,100000 -0,021605 
20,200000 -0,019801 
20,300000 -0,018444 
20,400000 -0,018023 
20,500000 -0,017641 
20,600000 -0,017651 
20,700000 -0,018304 
20,800000 -0,019325 
20,900000 -0,020868 
21,000000 -0,022758 
21,100000 -0,024266 
21,200000 -0,026177 
21,300000 -0,027231 
21,400000 -0,026222 
21,500000 -0,022264 
21,600000 -0,018062 
21,700000 -0,014817 
21,800000 -0,012914 
21,900000 -0,010848 
22,000000 -0,009962 
22,100000 -0,008980 
22,200000 -0,008314 
22,300000 -0,008606 
22,400000 -0,008501 
22,500000 -0,008881 
22,600000 -0,008875 
22,700000 -0,009568 
22,800000 -0,009825 
22,900000 -0,010005 
23,000000 -0,010844 
23,100000 -0,011521 
23,200000 -0,012212 
23,300000 -0,013116 
23,400000 -0,013466 
23,500000 -0,014690 
23,600000 -0,015279 
23,700000 -0,016007 
23,800000 -0,017016 
23,900000 -0,018096 
24,000000 -0,019263 
24,100000 -0,020892 
24,200000 -0,021949 
24,300000 -0,023285 
24,400000 -0,024620 
24,500000 -0,026365 
24,600000 -0,027914 
24,700000 -0,030622 
24,800000 -0,032814 
24,900000 -0,034974 
25,000000 -0,037542 
25,100000 -0,040074 
25,200000 -0,043038 
25,300000 -0,046597 
25,400000 -0,049807 
25,500000 -0,053088 
25,600000 -0,056911 
25,700000 -0,062840 
25,800000 -0,068399 
25,900000 -0,073050 
26,000000 -0,080299 
26,100000 -0,085268 
26,200000 -0,093030 
26,300000 -0,099617 
26,400000 -0,106631 
26,500000 -0,114962 
26,600000 -0,126744 
26,700000 -0,138931 
26,800000 -0,152995 
26,900000 -0,162493 
27,000000 -0,178544 
27,100000 -0,195891 
27,200000 -0,214045 
27,300000 -0,232893 
27,400000 -0,251427 
27,500000 -0,272639 
27,600000 -0,300009 
27,700000 -0,330881 
27,800000 -0,366502 
27,900000 -0,403736 
28,000000 -0,448999 
28,100000 -0,502140 
28,200000 -0,557975 
28,300000 -0,620434 
28,400000 -0,688574 
28,500000 -0,766911 
28,600000 -0,903061 
28,700000 -1,051596 
28,800000 -1,208780 
28,900000 -1,377933 
29,000000 -1,546642 
29,100000 -1,694265 
29,200000 -1,777804 
29,300000 -1,759556 
29,400000 -1,590736 
29,500000 -1,296041 
29,600000 -0,986642 
29,700000 -0,700521 
29,800000 -0,526492 
29,900000 -0,420601 
30,000000 -0,349646 
30,100000 -0,293239 
30,200000 -0,251529 
30,300000 -0,216057 
30,400000 -0,187631 
30,500000 -0,162684 
30,600000 -0,143001 
30,700000 -0,123449 
30,800000 -0,112375 
30,900000 -0,104549 
31,000000 -0,100949 
31,100000 -0,098841 
31,200000 -0,096171 
31,300000 -0,093713 
31,400000 -0,090079 
31,500000 -0,084162 
31,600000 -0,079433 
31,700000 -0,077087 
31,800000 -0,077994 
31,900000 -0,080333 
32,000000 -0,084821 
32,100000 -0,090971 
32,200000 -0,096763 
32,300000 -0,102781 
32,400000 -0,110714 
32,500000 -0,118510 
32,600000 -0,128435 
32,700000 -0,145811 
32,800000 -0,167069 
32,900000 -0,187345 
33,000000 -0,208050 
33,100000 -0,223632 
33,200000 -0,233801 
33,300000 -0,230636 
33,400000 -0,210279 
33,500000 -0,170711 
33,600000 -0,129202 
33,700000 -0,091709 
33,800000 -0,065454 
33,900000 -0,049417 
34,000000 -0,037381 
34,100000 -0,028199 
34,200000 -0,021010 
34,300000 -0,016075 
34,400000 -0,012730 
34,500000 -0,008920 
34,600000 -0,006478 
34,700000 -0,003879 
34,800000 -0,001733 
34,900000 0,000486 
35,000000 0,001759 
35,100000 0,002821 
35,200000 0,003406 
35,300000 0,004244 
35,400000 0,004889 
35,500000 0,005430 
35,600000 0,006064 
35,700000 0,006568 
35,800000 0,007024 
35,900000 0,007136 
36,000000 0,007255 
36,100000 0,007216 
36,200000 0,007733 
36,300000 0,007920 
36,400000 0,007738 
36,500000 0,007668 
36,600000 0,007613 
36,700000 0,007506 
36,800000 0,007229 
36,900000 0,006933 
37,000000 0,006460 
37,100000 0,006431 
37,200000 0,006286 
37,300000 0,006084 
37,400000 0,005949 
37,500000 0,005867 
37,600000 0,005738 
37,700000 0,005410 
37,800000 0,004841 
37,900000 0,004303 
38,000000 0,003990 
38,100000 0,003348 
38,200000 0,002308 
38,300000 0,001831 
38,400000 0,001598 
38,500000 0,001628 
38,600000 0,001171 
38,700000 0,000847 
38,800000 0,000199 
38,900000 -0,000335 
39,000000 -0,001592 
39,100000 -0,002762 
39,200000 -0,003442 
39,300000 -0,004550 
39,400000 -0,004827 
39,500000 -0,005288 
39,600000 -0,005869 
39,700000 -0,006513 
39,800000 -0,007867 
39,900000 -0,009556 
40,000000 -0,011544 
40,100000 -0,013397 
40,200000 -0,015025 
40,300000 -0,016731 
40,400000 -0,018409 
40,500000 -0,019489 
40,600000 -0,020474 
40,700000 -0,022865 
40,800000 -0,025024 
40,900000 -0,028659 
41,000000 -0,032691 
41,100000 -0,035647 
41,200000 -0,037887 
41,300000 -0,038172 
41,400000 -0,036819 
41,500000 -0,032710 
41,600000 -0,028317 
41,700000 -0,025252 
41,800000 -0,024171 
41,900000 -0,023762 
42,000000 -0,024252 
42,100000 -0,024991 
42,200000 -0,026604 
42,300000 -0,028244 
42,400000 -0,028817 
42,500000 -0,029178 
42,600000 -0,029262 
42,700000 -0,028987 
42,800000 -0,030118 
42,900000 -0,033568 
43,000000 -0,038000 
43,100000 -0,041425 
43,200000 -0,044951 
43,300000 -0,049581 
43,400000 -0,054765 
43,500000 -0,058855 
43,600000 -0,064146 
43,700000 -0,070398 
43,800000 -0,078990 
43,900000 -0,091417 
44,000000 -0,102533 
44,100000 -0,113012 
44,200000 -0,117488 
44,300000 -0,120987 
44,400000 -0,117967 
44,500000 -0,104061 
44,600000 -0,086331 
44,700000 -0,069710 
44,800000 -0,058254 
44,900000 -0,049699 
45,000000 -0,044506 
45,100000 -0,041871 
45,200000 -0,039983 
45,300000 -0,037420 
45,400000 -0,033481 
45,500000 -0,028623 
45,600000 -0,022543 
45,700000 -0,017383 
45,800000 -0,013677 
45,900000 -0,011248 
46,000000 -0,009398 
46,100000 -0,008713 
46,200000 -0,007908 
46,300000 -0,007506 
46,400000 -0,006357 
46,500000 -0,004813 
46,600000 -0,003059 
46,700000 -0,000754 
46,800000 0,000833 
46,900000 0,001558 
47,000000 0,002364 
47,100000 0,002642 
47,200000 0,002492 
47,300000 0,003085 
47,400000 0,003273 
47,500000 0,004203 
47,600000 0,005146 
47,700000 0,005661 
47,800000 0,006319 
47,900000 0,006886 
48,000000 0,007039 
48,100000 0,006862 
48,200000 0,007067 
48,300000 0,007863 
48,400000 0,007728 
48,500000 0,007951 
48,600000 0,008796 
48,700000 0,009357 
48,800000 0,009573 
48,900000 0,009836 
49,000000 0,010114 
49,100000 0,010203 
49,200000 0,010085 
49,300000 0,010293 
49,400000 0,010496 
49,500000 0,010375 
49,600000 0,010311 
49,700000 0,010447 
49,800000 0,010656 
49,900000 0,010521 
