0,000000 0,005285 
0,100000 0,009728 
0,200000 0,010768 
0,300000 0,011230 
0,400000 0,011534 
0,500000 0,011429 
0,600000 0,011787 
0,700000 0,011747 
0,800000 0,011572 
0,900000 0,011501 
1,000000 0,011467 
1,100000 0,011623 
1,200000 0,011630 
1,300000 0,011523 
1,400000 0,011747 
1,500000 0,011613 
1,600000 0,011590 
1,700000 0,011773 
1,800000 0,011730 
1,900000 0,011705 
2,000000 0,011433 
2,100000 0,011734 
2,200000 0,011759 
2,300000 0,011719 
2,400000 0,011778 
2,500000 0,011639 
2,600000 0,012310 
2,700000 0,012167 
2,800000 0,012052 
2,900000 0,012063 
3,000000 0,010095 
3,100000 0,010412 
3,200000 0,011596 
3,300000 0,011745 
3,400000 0,011988 
3,500000 0,011960 
3,600000 0,011922 
3,700000 0,001981 
3,800000 -0,012741 
3,900000 -0,013805 
4,000000 0,000261 
4,100000 0,008431 
4,200000 0,010740 
4,300000 0,011371 
4,400000 0,011802 
4,500000 0,011984 
4,600000 0,011748 
4,700000 0,011803 
4,800000 0,011760 
4,900000 0,011711 
5,000000 0,011781 
5,100000 0,011887 
5,200000 0,011618 
5,300000 0,011648 
5,400000 0,011677 
5,500000 0,011890 
5,600000 0,011796 
5,700000 0,011673 
5,800000 0,011784 
5,900000 0,011858 
6,000000 0,011626 
6,100000 0,011721 
6,200000 0,011770 
6,300000 0,011798 
6,400000 0,011961 
6,500000 0,011673 
6,600000 0,011897 
6,700000 0,011708 
6,800000 0,012062 
6,900000 0,011609 
7,000000 0,011817 
7,100000 0,011879 
7,200000 0,011920 
7,300000 0,012188 
7,400000 0,012207 
7,500000 0,012339 
7,600000 0,012104 
7,700000 0,012106 
7,800000 0,012002 
7,900000 0,012182 
8,000000 0,011401 
8,100000 0,011567 
8,200000 0,011520 
8,300000 0,011721 
8,400000 0,011400 
8,500000 0,011251 
8,600000 0,011365 
8,700000 0,011345 
8,800000 0,011719 
8,900000 0,011740 
9,000000 0,011642 
9,100000 0,011766 
9,200000 0,011703 
9,300000 0,011618 
9,400000 0,011516 
9,500000 0,011433 
9,600000 0,011492 
9,700000 0,011614 
9,800000 0,011873 
9,900000 0,011640 
10,000000 0,012159 
10,100000 0,012265 
10,200000 0,012277 
10,300000 0,012246 
10,400000 0,012174 
10,500000 0,012116 
10,600000 0,012048 
10,700000 0,011680 
10,800000 0,011551 
10,900000 0,011921 
11,000000 0,011917 
11,100000 0,010815 
11,200000 0,011379 
11,300000 0,011457 
11,400000 0,011536 
11,500000 0,011493 
11,600000 0,011371 
11,700000 0,011368 
11,800000 0,011675 
11,900000 0,011499 
12,000000 0,011973 
12,100000 0,012341 
12,200000 0,011565 
12,300000 0,011567 
12,400000 0,011851 
12,500000 0,011907 
12,600000 0,011442 
12,700000 0,011670 
12,800000 0,011495 
12,900000 0,011514 
13,000000 0,011364 
13,100000 0,010135 
13,200000 0,008640 
13,300000 0,007585 
13,400000 0,007651 
13,500000 0,008549 
13,600000 0,010871 
13,700000 0,011599 
13,800000 0,011698 
13,900000 0,011313 
14,000000 0,011074 
14,100000 0,010444 
14,200000 0,009264 
14,300000 0,008758 
14,400000 0,008756 
14,500000 0,009141 
14,600000 0,010203 
14,700000 0,010613 
14,800000 0,010629 
14,900000 0,008890 
15,000000 -0,001399 
15,100000 -0,033822 
15,200000 -0,061977 
15,300000 -0,073377 
15,400000 -0,065938 
15,500000 -0,046618 
15,600000 -0,014850 
15,700000 0,002690 
15,800000 0,008105 
15,900000 0,009090 
16,000000 0,005645 
16,100000 -0,008812 
16,200000 -0,020781 
16,300000 -0,025191 
16,400000 -0,022935 
16,500000 -0,014505 
16,600000 -0,000189 
16,700000 0,007940 
16,800000 0,010214 
16,900000 0,009540 
17,000000 0,003920 
17,100000 -0,008595 
17,200000 -0,016732 
17,300000 -0,019179 
17,400000 -0,016492 
17,500000 -0,008013 
17,600000 0,003425 
17,700000 0,009198 
17,800000 0,010430 
17,900000 0,010066 
18,000000 0,004458 
18,100000 -0,005895 
18,200000 -0,012076 
18,300000 -0,013185 
18,400000 -0,011319 
18,500000 -0,003720 
18,600000 0,005333 
18,700000 0,009433 
18,800000 0,010366 
18,900000 0,008142 
19,000000 -0,008117 
19,100000 -0,027865 
19,200000 -0,038795 
19,300000 -0,039677 
19,400000 -0,035425 
19,500000 -0,017138 
19,600000 0,000388 
19,700000 0,008140 
19,800000 0,010172 
19,900000 0,010852 
20,000000 0,010471 
20,100000 0,010285 
20,200000 0,009860 
20,300000 0,009910 
20,400000 0,010106 
20,500000 0,010664 
20,600000 0,011260 
20,700000 0,011768 
20,800000 0,011376 
20,900000 0,009796 
21,000000 0,003879 
21,100000 -0,002295 
21,200000 -0,004755 
21,300000 -0,004405 
21,400000 -0,003227 
21,500000 0,004391 
21,600000 0,009039 
21,700000 0,010727 
21,800000 0,010678 
21,900000 0,011174 
22,000000 0,011166 
22,100000 0,011193 
22,200000 0,011420 
22,300000 0,011456 
22,400000 0,011472 
22,500000 0,011516 
22,600000 0,011583 
22,700000 0,011522 
22,800000 0,011541 
22,900000 0,011467 
23,000000 0,011448 
23,100000 0,011484 
23,200000 0,011203 
23,300000 0,011293 
23,400000 0,011348 
23,500000 0,011254 
23,600000 0,011462 
23,700000 0,012306 
23,800000 0,012076 
23,900000 0,011995 
24,000000 0,011914 
24,100000 0,011372 
24,200000 0,011739 
24,300000 0,011957 
24,400000 0,012368 
24,500000 0,012303 
24,600000 0,012167 
24,700000 0,012160 
24,800000 0,011465 
24,900000 0,011532 
25,000000 0,011132 
25,100000 0,011174 
25,200000 0,011265 
25,300000 0,011663 
25,400000 0,011385 
25,500000 0,011387 
25,600000 0,011796 
25,700000 0,012131 
25,800000 0,011958 
25,900000 0,011254 
26,000000 0,010552 
26,100000 0,009325 
26,200000 0,009215 
26,300000 0,009236 
26,400000 0,009545 
26,500000 0,010583 
26,600000 0,011563 
26,700000 0,012065 
26,800000 0,011834 
26,900000 0,008438 
27,000000 0,001096 
27,100000 -0,004254 
27,200000 -0,006401 
27,300000 -0,006198 
27,400000 -0,003903 
27,500000 0,001824 
27,600000 0,008210 
27,700000 0,011358 
27,800000 0,010660 
27,900000 0,001562 
28,000000 -0,013968 
28,100000 -0,024008 
28,200000 -0,028237 
28,300000 -0,026947 
28,400000 -0,023145 
28,500000 -0,011960 
28,600000 0,000420 
28,700000 0,000721 
28,800000 -0,033866 
28,900000 -0,313780 
29,000000 -0,742901 
29,100000 -0,988915 
29,200000 -1,039755 
29,300000 -0,950515 
29,400000 -0,803454 
29,500000 -0,461799 
29,600000 -0,158852 
29,700000 -0,041235 
29,800000 -0,010645 
29,900000 -0,004035 
30,000000 -0,005308 
30,100000 -0,007530 
30,200000 -0,008183 
30,300000 -0,007184 
30,400000 -0,004496 
30,500000 0,001364 
30,600000 0,007232 
30,700000 0,009786 
30,800000 0,009408 
30,900000 0,004298 
31,000000 -0,003869 
31,100000 -0,008104 
31,200000 -0,009369 
31,300000 -0,008561 
31,400000 -0,006141 
31,500000 0,000362 
31,600000 0,006887 
31,700000 0,009547 
31,800000 0,010327 
31,900000 0,007498 
32,000000 0,002693 
32,100000 -0,001302 
32,200000 -0,003007 
32,300000 -0,002426 
32,400000 -0,000921 
32,500000 0,003782 
32,600000 0,007825 
32,700000 0,009176 
32,800000 0,001681 
32,900000 -0,036634 
33,000000 -0,081294 
33,100000 -0,108424 
33,200000 -0,116017 
33,300000 -0,107399 
33,400000 -0,087175 
33,500000 -0,046934 
33,600000 -0,012930 
33,700000 0,003730 
33,800000 0,008064 
33,900000 0,009727 
34,000000 0,010411 
34,100000 0,010556 
34,200000 0,010505 
34,300000 0,010670 
34,400000 0,010693 
34,500000 0,011010 
34,600000 0,011363 
34,700000 0,011388 
34,800000 0,011264 
34,900000 0,011203 
35,000000 0,011211 
35,100000 0,010839 
35,200000 0,010755 
35,300000 0,010869 
35,400000 0,010890 
35,500000 0,011199 
35,600000 0,011458 
35,700000 0,011202 
35,800000 0,011580 
35,900000 0,011450 
36,000000 0,011510 
36,100000 0,011610 
36,200000 0,011580 
36,300000 0,011351 
36,400000 0,011408 
36,500000 0,011529 
36,600000 0,011365 
36,700000 0,011788 
36,800000 0,011604 
36,900000 0,010875 
37,000000 0,011444 
37,100000 0,011072 
37,200000 0,011213 
37,300000 0,011270 
37,400000 0,011313 
37,500000 0,011397 
37,600000 0,011453 
37,700000 0,011509 
37,800000 0,011341 
37,900000 0,011483 
38,000000 0,010783 
38,100000 0,010495 
38,200000 0,010464 
38,300000 0,010444 
38,400000 0,010497 
38,500000 0,010994 
38,600000 0,011260 
38,700000 0,011496 
38,800000 0,011645 
38,900000 0,011029 
39,000000 0,010516 
39,100000 0,009914 
39,200000 0,009790 
39,300000 0,009845 
39,400000 0,009948 
39,500000 0,010478 
39,600000 0,010943 
39,700000 0,011443 
39,800000 0,011159 
39,900000 0,010647 
40,000000 0,009447 
40,100000 0,008195 
40,200000 0,007553 
40,300000 0,007266 
40,400000 0,007793 
40,500000 0,008803 
40,600000 0,010153 
40,700000 0,011047 
40,800000 0,010640 
40,900000 0,006140 
41,000000 -0,000561 
41,100000 -0,004529 
41,200000 -0,005991 
41,300000 -0,005022 
41,400000 -0,002585 
41,500000 0,003748 
41,600000 0,008390 
41,700000 0,010423 
41,800000 0,011047 
41,900000 0,010299 
42,000000 0,007936 
42,100000 0,005668 
42,200000 0,004821 
42,300000 0,004615 
42,400000 0,005435 
42,500000 0,007224 
42,600000 0,009530 
42,700000 0,010718 
42,800000 0,011135 
42,900000 0,010335 
43,000000 0,008044 
43,100000 0,006389 
43,200000 0,005730 
43,300000 0,005601 
43,400000 0,006198 
43,500000 0,007734 
43,600000 0,009809 
43,700000 0,010836 
43,800000 0,010901 
43,900000 0,004518 
44,000000 -0,012436 
44,100000 -0,027188 
44,200000 -0,035490 
44,300000 -0,037094 
44,400000 -0,032279 
44,500000 -0,020095 
44,600000 -0,003164 
44,700000 0,006277 
44,800000 0,009126 
44,900000 0,007774 
45,000000 0,003133 
45,100000 -0,001452 
45,200000 -0,003582 
45,300000 -0,003297 
45,400000 -0,001292 
45,500000 0,003377 
45,600000 0,007804 
45,700000 0,010140 
45,800000 0,010688 
45,900000 0,010915 
46,000000 0,009329 
46,100000 0,008135 
46,200000 0,007254 
46,300000 0,007099 
46,400000 0,007173 
46,500000 0,007904 
46,600000 0,009593 
46,700000 0,010201 
46,800000 0,011171 
46,900000 0,011248 
47,000000 0,010560 
47,100000 0,009923 
47,200000 0,009483 
47,300000 0,009463 
47,400000 0,009604 
47,500000 0,009890 
47,600000 0,010505 
47,700000 0,011291 
47,800000 0,010854 
47,900000 0,010770 
48,000000 0,010374 
48,100000 0,010466 
48,200000 0,010295 
48,300000 0,010104 
48,400000 0,010047 
48,500000 0,010473 
48,600000 0,010987 
48,700000 0,010981 
48,800000 0,011080 
48,900000 0,010844 
49,000000 0,010775 
49,100000 0,010880 
49,200000 0,010917 
49,300000 0,010878 
49,400000 0,010896 
49,500000 0,011113 
49,600000 0,010922 
49,700000 0,011080 
49,800000 0,011111 
49,900000 0,010844 
