0,000000 -0,920226 
0,100000 -1,386150 
0,200000 -1,434892 
0,300000 -1,448454 
0,400000 -1,450390 
0,500000 -1,448961 
0,600000 -1,450091 
0,700000 -1,454053 
0,800000 -1,452740 
0,900000 -1,448032 
1,000000 -1,451282 
1,100000 -1,453499 
1,200000 -1,449610 
1,300000 -1,448434 
1,400000 -1,450261 
1,500000 -1,449822 
1,600000 -1,452445 
1,700000 -1,449298 
1,800000 -1,452627 
1,900000 -1,450979 
2,000000 -1,453367 
2,100000 -1,453297 
2,200000 -1,451004 
2,300000 -1,453060 
2,400000 -1,452117 
2,500000 -1,449166 
2,600000 -1,450708 
2,700000 -1,454381 
2,800000 -1,456037 
2,900000 -1,450703 
3,000000 -1,424792 
3,100000 -1,390320 
3,200000 -1,317292 
3,300000 -1,252704 
3,400000 -1,191071 
3,500000 -1,130045 
3,600000 -1,064093 
3,700000 -1,004983 
3,800000 -0,942436 
3,900000 -0,887975 
4,000000 -0,835094 
4,100000 -0,786744 
4,200000 -0,729072 
4,300000 -0,681730 
4,400000 -0,645823 
4,500000 -0,614065 
4,600000 -0,581059 
4,700000 -0,553974 
4,800000 -0,528490 
4,900000 -0,506960 
5,000000 -0,489337 
5,100000 -0,466476 
5,200000 -0,444116 
5,300000 -0,429627 
5,400000 -0,414838 
5,500000 -0,396211 
5,600000 -0,385102 
5,700000 -0,371682 
5,800000 -0,358980 
5,900000 -0,350357 
6,000000 -0,338504 
6,100000 -0,327964 
6,200000 -0,315471 
6,300000 -0,302198 
6,400000 -0,291896 
6,500000 -0,281957 
6,600000 -0,272479 
6,700000 -0,266203 
6,800000 -0,258066 
6,900000 -0,249758 
7,000000 -0,241222 
7,100000 -0,232052 
7,200000 -0,225826 
7,300000 -0,216464 
7,400000 -0,208806 
7,500000 -0,202318 
7,600000 -0,196113 
7,700000 -0,190518 
7,800000 -0,185161 
7,900000 -0,179869 
8,000000 -0,174439 
8,100000 -0,169859 
8,200000 -0,165438 
8,300000 -0,160482 
8,400000 -0,156000 
8,500000 -0,152724 
8,600000 -0,148727 
8,700000 -0,145138 
8,800000 -0,142853 
8,900000 -0,140202 
9,000000 -0,137198 
9,100000 -0,133611 
9,200000 -0,132052 
9,300000 -0,129370 
9,400000 -0,127178 
9,500000 -0,125840 
9,600000 -0,123544 
9,700000 -0,121856 
9,800000 -0,120060 
9,900000 -0,117636 
10,000000 -0,116220 
10,100000 -0,115113 
10,200000 -0,113523 
10,300000 -0,112606 
10,400000 -0,110342 
10,500000 -0,109340 
10,600000 -0,106970 
10,700000 -0,106324 
10,800000 -0,106071 
10,900000 -0,104895 
11,000000 -0,104364 
11,100000 -0,104004 
11,200000 -0,103060 
11,300000 -0,101856 
11,400000 -0,100458 
11,500000 -0,100786 
11,600000 -0,099286 
11,700000 -0,099443 
11,800000 -0,100212 
11,900000 -0,099021 
12,000000 -0,098879 
12,100000 -0,099924 
12,200000 -0,100098 
12,300000 -0,099622 
12,400000 -0,099867 
12,500000 -0,099876 
12,600000 -0,101354 
12,700000 -0,103157 
12,800000 -0,102684 
12,900000 -0,103353 
13,000000 -0,103423 
13,100000 -0,104184 
13,200000 -0,106341 
13,300000 -0,107355 
13,400000 -0,108787 
13,500000 -0,110469 
13,600000 -0,111888 
13,700000 -0,114468 
13,800000 -0,117073 
13,900000 -0,118445 
14,000000 -0,120944 
14,100000 -0,123616 
14,200000 -0,127343 
14,300000 -0,131204 
14,400000 -0,136293 
14,500000 -0,141516 
14,600000 -0,145514 
14,700000 -0,150601 
14,800000 -0,155989 
14,900000 -0,162079 
15,000000 -0,167182 
15,100000 -0,173075 
15,200000 -0,178783 
15,300000 -0,183993 
15,400000 -0,184252 
15,500000 -0,181302 
15,600000 -0,178984 
15,700000 -0,173965 
15,800000 -0,169068 
15,900000 -0,168562 
16,000000 -0,164921 
16,100000 -0,161509 
16,200000 -0,160647 
16,300000 -0,158880 
16,400000 -0,155636 
16,500000 -0,151984 
16,600000 -0,148388 
16,700000 -0,145405 
16,800000 -0,142599 
16,900000 -0,139190 
17,000000 -0,138984 
17,100000 -0,139031 
17,200000 -0,138151 
17,300000 -0,138703 
17,400000 -0,136836 
17,500000 -0,134488 
17,600000 -0,133220 
17,700000 -0,131808 
17,800000 -0,130885 
17,900000 -0,130034 
18,000000 -0,130655 
18,100000 -0,130515 
18,200000 -0,131240 
18,300000 -0,131724 
18,400000 -0,131998 
18,500000 -0,132641 
18,600000 -0,131731 
18,700000 -0,130122 
18,800000 -0,130416 
18,900000 -0,131451 
19,000000 -0,133184 
19,100000 -0,133494 
19,200000 -0,134925 
19,300000 -0,134105 
19,400000 -0,130014 
19,500000 -0,125628 
19,600000 -0,118930 
19,700000 -0,113144 
19,800000 -0,108182 
19,900000 -0,104366 
20,000000 -0,100474 
20,100000 -0,097410 
20,200000 -0,095062 
20,300000 -0,093317 
20,400000 -0,091676 
20,500000 -0,091153 
20,600000 -0,090102 
20,700000 -0,089905 
20,800000 -0,090420 
20,900000 -0,089639 
21,000000 -0,090438 
21,100000 -0,091537 
21,200000 -0,092125 
21,300000 -0,092411 
21,400000 -0,091334 
21,500000 -0,090346 
21,600000 -0,088917 
21,700000 -0,088558 
21,800000 -0,087006 
21,900000 -0,086978 
22,000000 -0,086620 
22,100000 -0,087180 
22,200000 -0,087238 
22,300000 -0,088134 
22,400000 -0,089132 
22,500000 -0,090383 
22,600000 -0,091776 
22,700000 -0,092994 
22,800000 -0,095300 
22,900000 -0,096952 
23,000000 -0,099221 
23,100000 -0,101535 
23,200000 -0,102998 
23,300000 -0,105265 
23,400000 -0,108135 
23,500000 -0,109874 
23,600000 -0,114223 
23,700000 -0,117558 
23,800000 -0,121139 
23,900000 -0,124490 
24,000000 -0,127720 
24,100000 -0,132015 
24,200000 -0,135043 
24,300000 -0,138643 
24,400000 -0,142881 
24,500000 -0,148360 
24,600000 -0,155568 
24,700000 -0,160671 
24,800000 -0,165482 
24,900000 -0,171593 
25,000000 -0,177704 
25,100000 -0,184752 
25,200000 -0,190720 
25,300000 -0,198495 
25,400000 -0,205609 
25,500000 -0,214021 
25,600000 -0,225255 
25,700000 -0,237587 
25,800000 -0,246762 
25,900000 -0,256745 
26,000000 -0,267616 
26,100000 -0,282913 
26,200000 -0,296196 
26,300000 -0,311671 
26,400000 -0,325339 
26,500000 -0,341934 
26,600000 -0,363806 
26,700000 -0,385120 
26,800000 -0,403590 
26,900000 -0,424560 
27,000000 -0,446387 
27,100000 -0,472793 
27,200000 -0,492893 
27,300000 -0,520670 
27,400000 -0,551570 
27,500000 -0,580459 
27,600000 -0,622757 
27,700000 -0,664613 
27,800000 -0,704221 
27,900000 -0,740820 
28,000000 -0,782502 
28,100000 -0,836198 
28,200000 -0,895313 
28,300000 -0,959367 
28,400000 -1,023370 
28,500000 -1,085117 
28,600000 -1,169966 
28,700000 -1,254423 
28,800000 -1,322661 
28,900000 -1,392593 
29,000000 -1,451328 
29,100000 -1,493576 
29,200000 -1,503190 
29,300000 -1,465679 
29,400000 -1,386900 
29,500000 -1,265978 
29,600000 -1,131133 
29,700000 -0,961623 
29,800000 -0,832672 
29,900000 -0,738623 
30,000000 -0,661537 
30,100000 -0,596540 
30,200000 -0,540488 
30,300000 -0,487722 
30,400000 -0,446105 
30,500000 -0,409269 
30,600000 -0,376679 
30,700000 -0,343204 
30,800000 -0,315204 
30,900000 -0,296381 
31,000000 -0,280108 
31,100000 -0,265199 
31,200000 -0,253914 
31,300000 -0,242890 
31,400000 -0,231466 
31,500000 -0,221772 
31,600000 -0,212183 
31,700000 -0,206256 
31,800000 -0,201246 
31,900000 -0,199426 
32,000000 -0,198033 
32,100000 -0,197965 
32,200000 -0,199769 
32,300000 -0,201841 
32,400000 -0,203589 
32,500000 -0,206947 
32,600000 -0,208975 
32,700000 -0,215328 
32,800000 -0,219479 
32,900000 -0,225908 
33,000000 -0,228559 
33,100000 -0,229997 
33,200000 -0,229192 
33,300000 -0,221506 
33,400000 -0,208494 
33,500000 -0,189946 
33,600000 -0,169028 
33,700000 -0,143361 
33,800000 -0,122999 
33,900000 -0,107357 
34,000000 -0,094665 
34,100000 -0,084720 
34,200000 -0,075041 
34,300000 -0,066355 
34,400000 -0,060039 
34,500000 -0,053300 
34,600000 -0,048195 
34,700000 -0,043445 
34,800000 -0,038957 
34,900000 -0,035000 
35,000000 -0,030617 
35,100000 -0,028100 
35,200000 -0,026135 
35,300000 -0,023662 
35,400000 -0,022001 
35,500000 -0,020526 
35,600000 -0,018769 
35,700000 -0,017442 
35,800000 -0,015977 
35,900000 -0,014836 
36,000000 -0,013578 
36,100000 -0,013145 
36,200000 -0,012465 
36,300000 -0,012052 
36,400000 -0,011634 
36,500000 -0,011029 
36,600000 -0,010587 
36,700000 -0,010250 
36,800000 -0,009835 
36,900000 -0,009839 
37,000000 -0,010258 
37,100000 -0,009738 
37,200000 -0,010856 
37,300000 -0,011138 
37,400000 -0,010760 
37,500000 -0,011188 
37,600000 -0,011666 
37,700000 -0,011901 
37,800000 -0,012138 
37,900000 -0,012914 
38,000000 -0,013969 
38,100000 -0,014226 
38,200000 -0,015001 
38,300000 -0,015162 
38,400000 -0,015869 
38,500000 -0,016309 
38,600000 -0,017258 
38,700000 -0,018432 
38,800000 -0,019406 
38,900000 -0,019853 
39,000000 -0,021107 
39,100000 -0,022221 
39,200000 -0,023629 
39,300000 -0,024208 
39,400000 -0,024853 
39,500000 -0,026357 
39,600000 -0,027522 
39,700000 -0,028947 
39,800000 -0,029614 
39,900000 -0,032591 
40,000000 -0,034267 
40,100000 -0,036433 
40,200000 -0,038314 
40,300000 -0,039957 
40,400000 -0,042598 
40,500000 -0,043533 
40,600000 -0,045278 
40,700000 -0,047227 
40,800000 -0,049002 
40,900000 -0,051506 
41,000000 -0,053984 
41,100000 -0,055908 
41,200000 -0,057440 
41,300000 -0,058947 
41,400000 -0,059233 
41,500000 -0,058360 
41,600000 -0,057888 
41,700000 -0,056022 
41,800000 -0,055939 
41,900000 -0,056191 
42,000000 -0,058337 
42,100000 -0,058260 
42,200000 -0,059091 
42,300000 -0,061277 
42,400000 -0,062522 
42,500000 -0,063678 
42,600000 -0,064963 
42,700000 -0,066319 
42,800000 -0,068113 
42,900000 -0,071635 
43,000000 -0,074921 
43,100000 -0,078888 
43,200000 -0,082187 
43,300000 -0,086064 
43,400000 -0,090217 
43,500000 -0,093760 
43,600000 -0,098018 
43,700000 -0,101929 
43,800000 -0,105191 
43,900000 -0,110123 
44,000000 -0,114145 
44,100000 -0,117349 
44,200000 -0,117991 
44,300000 -0,116838 
44,400000 -0,112472 
44,500000 -0,106798 
44,600000 -0,098200 
44,700000 -0,089693 
44,800000 -0,082632 
44,900000 -0,074266 
45,000000 -0,068425 
45,100000 -0,063249 
45,200000 -0,059195 
45,300000 -0,055032 
45,400000 -0,051159 
45,500000 -0,046773 
45,600000 -0,042566 
45,700000 -0,038215 
45,800000 -0,033847 
45,900000 -0,030348 
46,000000 -0,027595 
46,100000 -0,024880 
46,200000 -0,023128 
46,300000 -0,020723 
46,400000 -0,019181 
46,500000 -0,016941 
46,600000 -0,015012 
46,700000 -0,013460 
46,800000 -0,011775 
46,900000 -0,010102 
47,000000 -0,009115 
47,100000 -0,007910 
47,200000 -0,006276 
47,300000 -0,005459 
47,400000 -0,004873 
47,500000 -0,004205 
47,600000 -0,003335 
47,700000 -0,002424 
47,800000 -0,001262 
47,900000 0,000015 
48,000000 0,000952 
48,100000 0,001652 
48,200000 0,002497 
48,300000 0,003250 
48,400000 0,003572 
48,500000 0,003887 
48,600000 0,004663 
48,700000 0,005015 
48,800000 0,005314 
48,900000 0,005552 
49,000000 0,005709 
49,100000 0,006270 
49,200000 0,006560 
49,300000 0,006767 
49,400000 0,006824 
49,500000 0,006861 
49,600000 0,007080 
49,700000 0,007103 
49,800000 0,007365 
49,900000 0,007701 
