0,000000 -0,743728 
0,100000 -1,200181 
0,200000 -1,262099 
0,300000 -1,268292 
0,400000 -1,272012 
0,500000 -1,274907 
0,600000 -1,272552 
0,700000 -1,275300 
0,800000 -1,275004 
0,900000 -1,274999 
1,000000 -1,274479 
1,100000 -1,271745 
1,200000 -1,276146 
1,300000 -1,270931 
1,400000 -1,276192 
1,500000 -1,276183 
1,600000 -1,273386 
1,700000 -1,273628 
1,800000 -1,274988 
1,900000 -1,274172 
2,000000 -1,271753 
2,100000 -1,271938 
2,200000 -1,269005 
2,300000 -1,274982 
2,400000 -1,275053 
2,500000 -1,273600 
2,600000 -1,273971 
2,700000 -1,271282 
2,800000 -1,109888 
2,900000 -0,928635 
3,000000 -0,816781 
3,100000 -0,716163 
3,200000 -0,609228 
3,300000 -0,531360 
3,400000 -0,474686 
3,500000 -0,429718 
3,600000 -0,392239 
3,700000 -0,359715 
3,800000 -0,333367 
3,900000 -0,308174 
4,000000 -0,284458 
4,100000 -0,261451 
4,200000 -0,235376 
4,300000 -0,211565 
4,400000 -0,193340 
4,500000 -0,175335 
4,600000 -0,161279 
4,700000 -0,147439 
4,800000 -0,135938 
4,900000 -0,124105 
5,000000 -0,114387 
5,100000 -0,105451 
5,200000 -0,095264 
5,300000 -0,085205 
5,400000 -0,079640 
5,500000 -0,073217 
5,600000 -0,068025 
5,700000 -0,063075 
5,800000 -0,059349 
5,900000 -0,055446 
6,000000 -0,052622 
6,100000 -0,049788 
6,200000 -0,045116 
6,300000 -0,042385 
6,400000 -0,038756 
6,500000 -0,036149 
6,600000 -0,034356 
6,700000 -0,032200 
6,800000 -0,030519 
6,900000 -0,028355 
7,000000 -0,026660 
7,100000 -0,024769 
7,200000 -0,023433 
7,300000 -0,021241 
7,400000 -0,020143 
7,500000 -0,018510 
7,600000 -0,017292 
7,700000 -0,016174 
7,800000 -0,014729 
7,900000 -0,013897 
8,000000 -0,013048 
8,100000 -0,012585 
8,200000 -0,011602 
8,300000 -0,010780 
8,400000 -0,010394 
8,500000 -0,010367 
8,600000 -0,008751 
8,700000 -0,008270 
8,800000 -0,007412 
8,900000 -0,006696 
9,000000 -0,006683 
9,100000 -0,005949 
9,200000 -0,005577 
9,300000 -0,005232 
9,400000 -0,004741 
9,500000 -0,004446 
9,600000 -0,004191 
9,700000 -0,003899 
9,800000 -0,003530 
9,900000 -0,003592 
10,000000 -0,003373 
10,100000 -0,003030 
10,200000 -0,002592 
10,300000 -0,002278 
10,400000 -0,002319 
10,500000 -0,002142 
10,600000 -0,002210 
10,700000 -0,001943 
10,800000 -0,001763 
10,900000 -0,001488 
11,000000 -0,001284 
11,100000 -0,001635 
11,200000 -0,001714 
11,300000 -0,001372 
11,400000 -0,001476 
11,500000 -0,001787 
11,600000 -0,001802 
11,700000 -0,002031 
11,800000 -0,002096 
11,900000 -0,002719 
12,000000 -0,002406 
12,100000 -0,002819 
12,200000 -0,003252 
12,300000 -0,003660 
12,400000 -0,004069 
12,500000 -0,005047 
12,600000 -0,005629 
12,700000 -0,006408 
12,800000 -0,007095 
12,900000 -0,007913 
13,000000 -0,008945 
13,100000 -0,010316 
13,200000 -0,011720 
13,300000 -0,013058 
13,400000 -0,014361 
13,500000 -0,015111 
13,600000 -0,015813 
13,700000 -0,016528 
13,800000 -0,017092 
13,900000 -0,018890 
14,000000 -0,020971 
14,100000 -0,023519 
14,200000 -0,026265 
14,300000 -0,029038 
14,400000 -0,033799 
14,500000 -0,038962 
14,600000 -0,043853 
14,700000 -0,048000 
14,800000 -0,056501 
14,900000 -0,066381 
15,000000 -0,078121 
15,100000 -0,092391 
15,200000 -0,107103 
15,300000 -0,121033 
15,400000 -0,124226 
15,500000 -0,113703 
15,600000 -0,096191 
15,700000 -0,080281 
15,800000 -0,068224 
15,900000 -0,062609 
16,000000 -0,061725 
16,100000 -0,064721 
16,200000 -0,068416 
16,300000 -0,072789 
16,400000 -0,071602 
16,500000 -0,064440 
16,600000 -0,055418 
16,700000 -0,048256 
16,800000 -0,044513 
16,900000 -0,043293 
17,000000 -0,044495 
17,100000 -0,049507 
17,200000 -0,053103 
17,300000 -0,055906 
17,400000 -0,055693 
17,500000 -0,051047 
17,600000 -0,043645 
17,700000 -0,039724 
17,800000 -0,037349 
17,900000 -0,038048 
18,000000 -0,040953 
18,100000 -0,043874 
18,200000 -0,048580 
18,300000 -0,052243 
18,400000 -0,054370 
18,500000 -0,051525 
18,600000 -0,047467 
18,700000 -0,045336 
18,800000 -0,047669 
18,900000 -0,051903 
19,000000 -0,059511 
19,100000 -0,066704 
19,200000 -0,073740 
19,300000 -0,079061 
19,400000 -0,076958 
19,500000 -0,062125 
19,600000 -0,045318 
19,700000 -0,032272 
19,800000 -0,023867 
19,900000 -0,017440 
20,000000 -0,014009 
20,100000 -0,011851 
20,200000 -0,010104 
20,300000 -0,009415 
20,400000 -0,008504 
20,500000 -0,008520 
20,600000 -0,008876 
20,700000 -0,009620 
20,800000 -0,011415 
20,900000 -0,013448 
21,000000 -0,015714 
21,100000 -0,018257 
21,200000 -0,020564 
21,300000 -0,021192 
21,400000 -0,020137 
21,500000 -0,015225 
21,600000 -0,010383 
21,700000 -0,006621 
21,800000 -0,004113 
21,900000 -0,002598 
22,000000 -0,001368 
22,100000 -0,000388 
22,200000 0,000153 
22,300000 0,000642 
22,400000 0,000575 
22,500000 0,000517 
22,600000 0,000364 
22,700000 -0,000020 
22,800000 -0,000471 
22,900000 -0,000436 
23,000000 -0,000630 
23,100000 -0,001474 
23,200000 -0,002006 
23,300000 -0,002308 
23,400000 -0,002894 
23,500000 -0,003290 
23,600000 -0,003922 
23,700000 -0,004259 
23,800000 -0,004983 
23,900000 -0,005886 
24,000000 -0,006676 
24,100000 -0,007303 
24,200000 -0,008105 
24,300000 -0,009077 
24,400000 -0,009995 
24,500000 -0,011470 
24,600000 -0,012667 
24,700000 -0,014307 
24,800000 -0,016305 
24,900000 -0,017442 
25,000000 -0,019633 
25,100000 -0,021589 
25,200000 -0,023483 
25,300000 -0,025790 
25,400000 -0,027882 
25,500000 -0,030362 
25,600000 -0,034010 
25,700000 -0,037253 
25,800000 -0,040775 
25,900000 -0,045157 
26,000000 -0,049772 
26,100000 -0,054549 
26,200000 -0,059816 
26,300000 -0,065098 
26,400000 -0,071340 
26,500000 -0,077687 
26,600000 -0,086763 
26,700000 -0,097073 
26,800000 -0,107115 
26,900000 -0,119759 
27,000000 -0,133790 
27,100000 -0,147338 
27,200000 -0,164912 
27,300000 -0,178851 
27,400000 -0,190921 
27,500000 -0,208640 
27,600000 -0,232350 
27,700000 -0,258623 
27,800000 -0,290159 
27,900000 -0,325552 
28,000000 -0,371664 
28,100000 -0,421690 
28,200000 -0,476302 
28,300000 -0,538452 
28,400000 -0,602770 
28,500000 -0,681881 
28,600000 -0,829165 
28,700000 -1,001168 
28,800000 -1,193643 
28,900000 -1,407648 
29,000000 -1,621296 
29,100000 -1,800689 
29,200000 -1,892913 
29,300000 -1,860328 
29,400000 -1,655525 
29,500000 -1,302021 
29,600000 -0,934843 
29,700000 -0,620180 
29,800000 -0,442768 
29,900000 -0,341699 
30,000000 -0,273237 
30,100000 -0,225536 
30,200000 -0,189990 
30,300000 -0,161866 
30,400000 -0,138079 
30,500000 -0,117718 
30,600000 -0,100373 
30,700000 -0,086362 
30,800000 -0,078843 
30,900000 -0,074865 
31,000000 -0,073823 
31,100000 -0,074264 
31,200000 -0,074215 
31,300000 -0,073343 
31,400000 -0,069748 
31,500000 -0,065250 
31,600000 -0,059656 
31,700000 -0,057126 
31,800000 -0,057993 
31,900000 -0,062170 
32,000000 -0,067019 
32,100000 -0,073764 
32,200000 -0,080698 
32,300000 -0,087966 
32,400000 -0,095899 
32,500000 -0,102667 
32,600000 -0,113326 
32,700000 -0,134621 
32,800000 -0,160229 
32,900000 -0,189050 
33,000000 -0,211973 
33,100000 -0,232651 
33,200000 -0,244615 
33,300000 -0,240528 
33,400000 -0,217175 
33,500000 -0,169919 
33,600000 -0,122595 
33,700000 -0,079577 
33,800000 -0,053717 
33,900000 -0,036557 
34,000000 -0,025620 
34,100000 -0,018257 
34,200000 -0,012305 
34,300000 -0,008180 
34,400000 -0,004832 
34,500000 -0,001991 
34,600000 0,000490 
34,700000 0,002336 
34,800000 0,004043 
34,900000 0,005256 
35,000000 0,005711 
35,100000 0,006028 
35,200000 0,006549 
35,300000 0,007146 
35,400000 0,007572 
35,500000 0,007838 
35,600000 0,008293 
35,700000 0,008892 
35,800000 0,009465 
35,900000 0,009646 
36,000000 0,009719 
36,100000 0,009691 
36,200000 0,009818 
36,300000 0,009796 
36,400000 0,009763 
36,500000 0,009575 
36,600000 0,009764 
36,700000 0,009282 
36,800000 0,008889 
36,900000 0,008801 
37,000000 0,008523 
37,100000 0,008126 
37,200000 0,008008 
37,300000 0,007749 
37,400000 0,007559 
37,500000 0,007583 
37,600000 0,007500 
37,700000 0,007202 
37,800000 0,006660 
37,900000 0,006298 
38,000000 0,005921 
38,100000 0,005335 
38,200000 0,004866 
38,300000 0,004352 
38,400000 0,004321 
38,500000 0,004176 
38,600000 0,004280 
38,700000 0,004118 
38,800000 0,003489 
38,900000 0,002597 
39,000000 0,001753 
39,100000 0,000716 
39,200000 -0,000256 
39,300000 -0,001093 
39,400000 -0,001576 
39,500000 -0,002077 
39,600000 -0,002206 
39,700000 -0,003073 
39,800000 -0,004009 
39,900000 -0,005730 
40,000000 -0,007576 
40,100000 -0,009620 
40,200000 -0,011319 
40,300000 -0,013056 
40,400000 -0,014291 
40,500000 -0,014937 
40,600000 -0,016786 
40,700000 -0,017965 
40,800000 -0,020667 
40,900000 -0,025479 
41,000000 -0,029392 
41,100000 -0,033165 
41,200000 -0,035716 
41,300000 -0,036209 
41,400000 -0,034201 
41,500000 -0,028591 
41,600000 -0,023924 
41,700000 -0,019341 
41,800000 -0,017513 
41,900000 -0,017416 
42,000000 -0,018258 
42,100000 -0,019787 
42,200000 -0,021556 
42,300000 -0,022732 
42,400000 -0,023275 
42,500000 -0,023013 
42,600000 -0,022149 
42,700000 -0,022314 
42,800000 -0,022894 
42,900000 -0,025379 
43,000000 -0,029512 
43,100000 -0,032919 
43,200000 -0,038062 
43,300000 -0,041837 
43,400000 -0,045861 
43,500000 -0,049950 
43,600000 -0,054596 
43,700000 -0,061693 
43,800000 -0,071361 
43,900000 -0,087142 
44,000000 -0,101091 
44,100000 -0,114304 
44,200000 -0,123290 
44,300000 -0,126125 
44,400000 -0,121495 
44,500000 -0,106398 
44,600000 -0,084272 
44,700000 -0,064028 
44,800000 -0,051194 
44,900000 -0,042920 
45,000000 -0,039526 
45,100000 -0,038125 
45,200000 -0,037415 
45,300000 -0,034411 
45,400000 -0,030674 
45,500000 -0,025275 
45,600000 -0,018547 
45,700000 -0,012907 
45,800000 -0,009137 
45,900000 -0,006597 
46,000000 -0,005628 
46,100000 -0,005587 
46,200000 -0,005321 
46,300000 -0,005210 
46,400000 -0,004385 
46,500000 -0,003199 
46,600000 -0,000932 
46,700000 0,001680 
46,800000 0,003232 
46,900000 0,003858 
47,000000 0,004276 
47,100000 0,004439 
47,200000 0,004072 
47,300000 0,004271 
47,400000 0,004435 
47,500000 0,005271 
47,600000 0,006246 
47,700000 0,006968 
47,800000 0,007451 
47,900000 0,008123 
48,000000 0,008182 
48,100000 0,008173 
48,200000 0,008184 
48,300000 0,008321 
48,400000 0,008199 
48,500000 0,009003 
48,600000 0,009524 
48,700000 0,009956 
48,800000 0,010308 
48,900000 0,010627 
49,000000 0,011015 
49,100000 0,010915 
49,200000 0,010795 
49,300000 0,010811 
49,400000 0,010895 
49,500000 0,011023 
49,600000 0,011047 
49,700000 0,011211 
49,800000 0,011264 
49,900000 0,011352 
