0,000000 -0,818542 
0,100000 -1,297109 
0,200000 -1,361841 
0,300000 -1,366209 
0,400000 -1,374806 
0,500000 -1,368905 
0,600000 -1,371597 
0,700000 -1,372252 
0,800000 -1,375923 
0,900000 -1,375216 
1,000000 -1,375253 
1,100000 -1,376104 
1,200000 -1,372609 
1,300000 -1,376787 
1,400000 -1,377709 
1,500000 -1,375151 
1,600000 -1,380248 
1,700000 -1,374577 
1,800000 -1,374958 
1,900000 -1,376175 
2,000000 -1,373016 
2,100000 -1,382738 
2,200000 -1,380918 
2,300000 -1,376993 
2,400000 -1,376823 
2,500000 -1,379907 
2,600000 -1,378857 
2,700000 -1,379463 
2,800000 -1,325691 
2,900000 -1,223320 
3,000000 -1,123044 
3,100000 -1,031662 
3,200000 -0,917119 
3,300000 -0,825535 
3,400000 -0,748951 
3,500000 -0,681536 
3,600000 -0,621699 
3,700000 -0,573877 
3,800000 -0,527107 
3,900000 -0,489902 
4,000000 -0,456264 
4,100000 -0,425065 
4,200000 -0,393534 
4,300000 -0,366421 
4,400000 -0,347693 
4,500000 -0,324313 
4,600000 -0,309860 
4,700000 -0,290414 
4,800000 -0,276113 
4,900000 -0,261106 
5,000000 -0,246840 
5,100000 -0,233895 
5,200000 -0,216180 
5,300000 -0,201467 
5,400000 -0,189827 
5,500000 -0,179659 
5,600000 -0,167405 
5,700000 -0,159012 
5,800000 -0,148659 
5,900000 -0,140798 
6,000000 -0,133160 
6,100000 -0,126072 
6,200000 -0,118131 
6,300000 -0,110469 
6,400000 -0,105146 
6,500000 -0,099401 
6,600000 -0,095551 
6,700000 -0,089898 
6,800000 -0,086882 
6,900000 -0,083402 
7,000000 -0,080281 
7,100000 -0,078212 
7,200000 -0,074310 
7,300000 -0,070042 
7,400000 -0,067349 
7,500000 -0,064757 
7,600000 -0,062598 
7,700000 -0,059146 
7,800000 -0,057814 
7,900000 -0,056047 
8,000000 -0,054224 
8,100000 -0,052274 
8,200000 -0,050581 
8,300000 -0,048411 
8,400000 -0,046777 
8,500000 -0,044534 
8,600000 -0,043244 
8,700000 -0,041925 
8,800000 -0,040991 
8,900000 -0,038729 
9,000000 -0,038010 
9,100000 -0,037797 
9,200000 -0,035865 
9,300000 -0,034530 
9,400000 -0,033462 
9,500000 -0,031485 
9,600000 -0,031212 
9,700000 -0,030437 
9,800000 -0,029944 
9,900000 -0,028814 
10,000000 -0,028770 
10,100000 -0,028103 
10,200000 -0,027302 
10,300000 -0,026817 
10,400000 -0,026717 
10,500000 -0,025513 
10,600000 -0,025040 
10,700000 -0,024869 
10,800000 -0,024745 
10,900000 -0,024707 
11,000000 -0,024669 
11,100000 -0,024339 
11,200000 -0,023898 
11,300000 -0,023636 
11,400000 -0,023855 
11,500000 -0,023947 
11,600000 -0,023994 
11,700000 -0,024347 
11,800000 -0,024296 
11,900000 -0,024367 
12,000000 -0,024698 
12,100000 -0,025129 
12,200000 -0,025380 
12,300000 -0,025675 
12,400000 -0,026888 
12,500000 -0,027442 
12,600000 -0,027558 
12,700000 -0,028329 
12,800000 -0,029041 
12,900000 -0,030629 
13,000000 -0,031965 
13,100000 -0,033239 
13,200000 -0,034354 
13,300000 -0,034840 
13,400000 -0,037609 
13,500000 -0,039197 
13,600000 -0,039527 
13,700000 -0,041013 
13,800000 -0,042930 
13,900000 -0,044081 
14,000000 -0,046588 
14,100000 -0,048087 
14,200000 -0,052014 
14,300000 -0,055378 
14,400000 -0,060317 
14,500000 -0,065673 
14,600000 -0,070606 
14,700000 -0,076437 
14,800000 -0,082775 
14,900000 -0,091025 
15,000000 -0,099048 
15,100000 -0,108691 
15,200000 -0,120558 
15,300000 -0,127258 
15,400000 -0,131457 
15,500000 -0,127637 
15,600000 -0,117479 
15,700000 -0,107211 
15,800000 -0,097869 
15,900000 -0,093641 
16,000000 -0,090804 
16,100000 -0,089932 
16,200000 -0,090538 
16,300000 -0,091979 
16,400000 -0,091429 
16,500000 -0,086781 
16,600000 -0,080412 
16,700000 -0,074381 
16,800000 -0,071101 
16,900000 -0,068437 
17,000000 -0,069231 
17,100000 -0,070395 
17,200000 -0,071831 
17,300000 -0,073704 
17,400000 -0,074099 
17,500000 -0,071246 
17,600000 -0,066463 
17,700000 -0,063676 
17,800000 -0,060859 
17,900000 -0,061277 
18,000000 -0,062621 
18,100000 -0,063903 
18,200000 -0,067404 
18,300000 -0,069482 
18,400000 -0,070624 
18,500000 -0,069735 
18,600000 -0,067471 
18,700000 -0,066906 
18,800000 -0,067588 
18,900000 -0,070442 
19,000000 -0,074113 
19,100000 -0,078154 
19,200000 -0,082098 
19,300000 -0,084042 
19,400000 -0,084028 
19,500000 -0,074333 
19,600000 -0,062579 
19,700000 -0,051945 
19,800000 -0,044751 
19,900000 -0,039215 
20,000000 -0,035241 
20,100000 -0,032546 
20,200000 -0,030195 
20,300000 -0,029047 
20,400000 -0,027781 
20,500000 -0,027492 
20,600000 -0,026776 
20,700000 -0,027343 
20,800000 -0,028064 
20,900000 -0,029356 
21,000000 -0,030253 
21,100000 -0,031751 
21,200000 -0,033703 
21,300000 -0,034180 
21,400000 -0,033458 
21,500000 -0,030356 
21,600000 -0,026697 
21,700000 -0,024455 
21,800000 -0,022963 
21,900000 -0,021525 
22,000000 -0,020163 
22,100000 -0,020133 
22,200000 -0,019532 
22,300000 -0,019126 
22,400000 -0,019440 
22,500000 -0,020108 
22,600000 -0,020612 
22,700000 -0,020887 
22,800000 -0,021509 
22,900000 -0,022091 
23,000000 -0,022605 
23,100000 -0,023618 
23,200000 -0,024162 
23,300000 -0,025594 
23,400000 -0,026483 
23,500000 -0,027153 
23,600000 -0,028538 
23,700000 -0,030159 
23,800000 -0,031373 
23,900000 -0,032744 
24,000000 -0,034491 
24,100000 -0,036632 
24,200000 -0,038474 
24,300000 -0,041399 
24,400000 -0,042565 
24,500000 -0,044814 
24,600000 -0,047437 
24,700000 -0,050785 
24,800000 -0,053272 
24,900000 -0,056426 
25,000000 -0,059647 
25,100000 -0,064104 
25,200000 -0,067935 
25,300000 -0,071854 
25,400000 -0,076393 
25,500000 -0,080653 
25,600000 -0,087230 
25,700000 -0,092993 
25,800000 -0,099597 
25,900000 -0,106958 
26,000000 -0,113289 
26,100000 -0,119335 
26,200000 -0,126941 
26,300000 -0,136105 
26,400000 -0,146035 
26,500000 -0,154439 
26,600000 -0,169160 
26,700000 -0,185202 
26,800000 -0,199840 
26,900000 -0,213697 
27,000000 -0,231727 
27,100000 -0,250623 
27,200000 -0,269807 
27,300000 -0,293051 
27,400000 -0,314030 
27,500000 -0,338657 
27,600000 -0,367386 
27,700000 -0,405647 
27,800000 -0,440365 
27,900000 -0,479801 
28,000000 -0,526874 
28,100000 -0,579071 
28,200000 -0,636125 
28,300000 -0,697802 
28,400000 -0,768951 
28,500000 -0,848487 
28,600000 -0,971372 
28,700000 -1,095702 
28,800000 -1,225695 
28,900000 -1,361575 
29,000000 -1,498237 
29,100000 -1,610105 
29,200000 -1,681320 
29,300000 -1,663317 
29,400000 -1,526167 
29,500000 -1,286123 
29,600000 -1,023589 
29,700000 -0,758695 
29,800000 -0,593790 
29,900000 -0,487815 
30,000000 -0,409955 
30,100000 -0,349568 
30,200000 -0,301771 
30,300000 -0,264354 
30,400000 -0,231934 
30,500000 -0,205227 
30,600000 -0,181630 
30,700000 -0,159025 
30,800000 -0,144060 
30,900000 -0,135326 
31,000000 -0,127816 
31,100000 -0,122900 
31,200000 -0,119299 
31,300000 -0,117557 
31,400000 -0,111462 
31,500000 -0,107163 
31,600000 -0,100760 
31,700000 -0,097889 
31,800000 -0,097643 
31,900000 -0,098932 
32,000000 -0,102770 
32,100000 -0,107024 
32,200000 -0,113296 
32,300000 -0,119413 
32,400000 -0,125922 
32,500000 -0,132592 
32,600000 -0,141740 
32,700000 -0,156215 
32,800000 -0,172518 
32,900000 -0,189505 
33,000000 -0,203961 
33,100000 -0,216988 
33,200000 -0,223535 
33,300000 -0,221509 
33,400000 -0,204353 
33,500000 -0,170977 
33,600000 -0,135527 
33,700000 -0,101833 
33,800000 -0,075990 
33,900000 -0,059828 
34,000000 -0,048008 
34,100000 -0,038873 
34,200000 -0,030989 
34,300000 -0,025162 
34,400000 -0,020596 
34,500000 -0,016020 
34,600000 -0,012822 
34,700000 -0,010137 
34,800000 -0,007394 
34,900000 -0,005535 
35,000000 -0,003782 
35,100000 -0,002767 
35,200000 -0,001656 
35,300000 0,000024 
35,400000 0,000820 
35,500000 0,001828 
35,600000 0,002628 
35,700000 0,003532 
35,800000 0,004075 
35,900000 0,004692 
36,000000 0,005152 
36,100000 0,005388 
36,200000 0,005432 
36,300000 0,005356 
36,400000 0,005322 
36,500000 0,005441 
36,600000 0,005243 
36,700000 0,005521 
36,800000 0,005474 
36,900000 0,005127 
37,000000 0,004607 
37,100000 0,004536 
37,200000 0,003972 
37,300000 0,003722 
37,400000 0,003737 
37,500000 0,003584 
37,600000 0,003051 
37,700000 0,002704 
37,800000 0,002189 
37,900000 0,001697 
38,000000 0,000953 
38,100000 0,000237 
38,200000 -0,000447 
38,300000 -0,000639 
38,400000 -0,001459 
38,500000 -0,001824 
38,600000 -0,002058 
38,700000 -0,002644 
38,800000 -0,003410 
38,900000 -0,004235 
39,000000 -0,005058 
39,100000 -0,005861 
39,200000 -0,006670 
39,300000 -0,007676 
39,400000 -0,008322 
39,500000 -0,008727 
39,600000 -0,009782 
39,700000 -0,010689 
39,800000 -0,011827 
39,900000 -0,013311 
40,000000 -0,015339 
40,100000 -0,017530 
40,200000 -0,019301 
40,300000 -0,021335 
40,400000 -0,023088 
40,500000 -0,024069 
40,600000 -0,025550 
40,700000 -0,026864 
40,800000 -0,029211 
40,900000 -0,033098 
41,000000 -0,035427 
41,100000 -0,038497 
41,200000 -0,040600 
41,300000 -0,041090 
41,400000 -0,040008 
41,500000 -0,037286 
41,600000 -0,033675 
41,700000 -0,030991 
41,800000 -0,029429 
41,900000 -0,029418 
42,000000 -0,030051 
42,100000 -0,031175 
42,200000 -0,032677 
42,300000 -0,033995 
42,400000 -0,035451 
42,500000 -0,035481 
42,600000 -0,036372 
42,700000 -0,036894 
42,800000 -0,038358 
42,900000 -0,041065 
43,000000 -0,044230 
43,100000 -0,048096 
43,200000 -0,052291 
43,300000 -0,056888 
43,400000 -0,061688 
43,500000 -0,066409 
43,600000 -0,071641 
43,700000 -0,077355 
43,800000 -0,083720 
43,900000 -0,094229 
44,000000 -0,103743 
44,100000 -0,110575 
44,200000 -0,115099 
44,300000 -0,117269 
44,400000 -0,113903 
44,500000 -0,103504 
44,600000 -0,088871 
44,700000 -0,074142 
44,800000 -0,063804 
44,900000 -0,054307 
45,000000 -0,050071 
45,100000 -0,045489 
45,200000 -0,042853 
45,300000 -0,040699 
45,400000 -0,037523 
45,500000 -0,032450 
45,600000 -0,026050 
45,700000 -0,021775 
45,800000 -0,017353 
45,900000 -0,014549 
46,000000 -0,012537 
46,100000 -0,011624 
46,200000 -0,010365 
46,300000 -0,009262 
46,400000 -0,008194 
46,500000 -0,007046 
46,600000 -0,005000 
46,700000 -0,003538 
46,800000 -0,001992 
46,900000 -0,000492 
47,000000 0,000020 
47,100000 0,000804 
47,200000 0,001286 
47,300000 0,001695 
47,400000 0,002149 
47,500000 0,003041 
47,600000 0,003858 
47,700000 0,004631 
47,800000 0,005379 
47,900000 0,005977 
48,000000 0,006342 
48,100000 0,006350 
48,200000 0,006631 
48,300000 0,006955 
48,400000 0,007078 
48,500000 0,007619 
48,600000 0,008142 
48,700000 0,008830 
48,800000 0,008840 
48,900000 0,009347 
49,000000 0,009446 
49,100000 0,009586 
49,200000 0,009685 
49,300000 0,009662 
49,400000 0,009776 
49,500000 0,009929 
49,600000 0,010075 
49,700000 0,010126 
49,800000 0,010171 
49,900000 0,010139 
