0,000000 -0,832454 
0,100000 -1,290474 
0,200000 -1,340056 
0,300000 -1,348441 
0,400000 -1,350340 
0,500000 -1,338372 
0,600000 -1,349586 
0,700000 -1,351738 
0,800000 -1,350704 
0,900000 -1,352619 
1,000000 -1,356052 
1,100000 -1,355099 
1,200000 -1,353017 
1,300000 -1,353466 
1,400000 -1,354375 
1,500000 -1,355935 
1,600000 -1,354885 
1,700000 -1,356231 
1,800000 -1,355599 
1,900000 -1,354990 
2,000000 -1,353767 
2,100000 -1,360240 
2,200000 -1,357010 
2,300000 -1,354185 
2,400000 -1,356650 
2,500000 -1,355862 
2,600000 -1,355136 
2,700000 -1,359115 
2,800000 -1,377385 
2,900000 -1,356637 
3,000000 -1,316490 
3,100000 -1,249906 
3,200000 -1,159912 
3,300000 -1,080245 
3,400000 -1,004776 
3,500000 -0,933471 
3,600000 -0,865006 
3,700000 -0,801006 
3,800000 -0,743922 
3,900000 -0,690713 
4,000000 -0,645149 
4,100000 -0,601649 
4,200000 -0,556767 
4,300000 -0,518907 
4,400000 -0,488798 
4,500000 -0,464618 
4,600000 -0,441875 
4,700000 -0,421633 
4,800000 -0,403008 
4,900000 -0,384578 
5,000000 -0,369576 
5,100000 -0,354367 
5,200000 -0,334658 
5,300000 -0,318966 
5,400000 -0,305047 
5,500000 -0,292303 
5,600000 -0,281217 
5,700000 -0,268759 
5,800000 -0,258020 
5,900000 -0,247637 
6,000000 -0,236981 
6,100000 -0,228395 
6,200000 -0,216260 
6,300000 -0,204956 
6,400000 -0,195656 
6,500000 -0,188222 
6,600000 -0,180604 
6,700000 -0,174870 
6,800000 -0,165422 
6,900000 -0,156643 
7,000000 -0,152911 
7,100000 -0,146244 
7,200000 -0,139983 
7,300000 -0,134479 
7,400000 -0,129394 
7,500000 -0,125677 
7,600000 -0,120756 
7,700000 -0,117603 
7,800000 -0,113915 
7,900000 -0,111656 
8,000000 -0,108038 
8,100000 -0,104932 
8,200000 -0,102338 
8,300000 -0,098990 
8,400000 -0,096112 
8,500000 -0,093635 
8,600000 -0,091558 
8,700000 -0,089454 
8,800000 -0,086966 
8,900000 -0,085456 
9,000000 -0,083563 
9,100000 -0,081127 
9,200000 -0,080463 
9,300000 -0,078647 
9,400000 -0,076676 
9,500000 -0,075495 
9,600000 -0,072970 
9,700000 -0,071488 
9,800000 -0,071026 
9,900000 -0,069319 
10,000000 -0,067729 
10,100000 -0,066831 
10,200000 -0,065933 
10,300000 -0,064352 
10,400000 -0,063516 
10,500000 -0,062922 
10,600000 -0,062028 
10,700000 -0,061255 
10,800000 -0,060422 
10,900000 -0,059909 
11,000000 -0,059420 
11,100000 -0,058909 
11,200000 -0,058064 
11,300000 -0,057623 
11,400000 -0,057431 
11,500000 -0,056896 
11,600000 -0,057112 
11,700000 -0,057157 
11,800000 -0,056898 
11,900000 -0,056982 
12,000000 -0,057375 
12,100000 -0,056688 
12,200000 -0,057462 
12,300000 -0,057147 
12,400000 -0,058153 
12,500000 -0,058326 
12,600000 -0,060024 
12,700000 -0,060507 
12,800000 -0,061226 
12,900000 -0,062439 
13,000000 -0,064057 
13,100000 -0,065438 
13,200000 -0,066607 
13,300000 -0,068431 
13,400000 -0,070233 
13,500000 -0,071776 
13,600000 -0,073203 
13,700000 -0,075007 
13,800000 -0,077050 
13,900000 -0,079407 
14,000000 -0,080902 
14,100000 -0,084034 
14,200000 -0,086808 
14,300000 -0,090671 
14,400000 -0,094532 
14,500000 -0,100647 
14,600000 -0,106599 
14,700000 -0,112010 
14,800000 -0,115499 
14,900000 -0,122262 
15,000000 -0,129556 
15,100000 -0,136861 
15,200000 -0,143998 
15,300000 -0,149253 
15,400000 -0,153581 
15,500000 -0,149981 
15,600000 -0,143675 
15,700000 -0,137333 
15,800000 -0,131169 
15,900000 -0,126947 
16,000000 -0,124444 
16,100000 -0,122767 
16,200000 -0,122656 
16,300000 -0,120745 
16,400000 -0,119097 
16,500000 -0,115504 
16,600000 -0,110873 
16,700000 -0,106666 
16,800000 -0,104052 
16,900000 -0,101081 
17,000000 -0,100886 
17,100000 -0,101733 
17,200000 -0,101586 
17,300000 -0,102245 
17,400000 -0,100974 
17,500000 -0,098948 
17,600000 -0,096043 
17,700000 -0,093948 
17,800000 -0,092773 
17,900000 -0,091862 
18,000000 -0,092648 
18,100000 -0,093244 
18,200000 -0,095232 
18,300000 -0,096350 
18,400000 -0,097690 
18,500000 -0,096712 
18,600000 -0,095538 
18,700000 -0,094356 
18,800000 -0,095530 
18,900000 -0,096972 
19,000000 -0,098623 
19,100000 -0,100260 
19,200000 -0,103091 
19,300000 -0,104543 
19,400000 -0,102648 
19,500000 -0,095503 
19,600000 -0,086124 
19,700000 -0,077497 
19,800000 -0,072955 
19,900000 -0,067727 
20,000000 -0,063403 
20,100000 -0,061694 
20,200000 -0,058603 
20,300000 -0,056827 
20,400000 -0,056907 
20,500000 -0,055853 
20,600000 -0,054986 
20,700000 -0,054933 
20,800000 -0,055266 
20,900000 -0,055732 
21,000000 -0,055513 
21,100000 -0,056528 
21,200000 -0,059357 
21,300000 -0,058474 
21,400000 -0,056572 
21,500000 -0,055450 
21,600000 -0,053236 
21,700000 -0,051825 
21,800000 -0,050253 
21,900000 -0,049152 
22,000000 -0,048613 
22,100000 -0,048520 
22,200000 -0,048266 
22,300000 -0,048228 
22,400000 -0,049288 
22,500000 -0,049644 
22,600000 -0,050308 
22,700000 -0,051287 
22,800000 -0,052391 
22,900000 -0,053565 
23,000000 -0,055714 
23,100000 -0,056682 
23,200000 -0,057455 
23,300000 -0,059460 
23,400000 -0,060688 
23,500000 -0,062877 
23,600000 -0,063678 
23,700000 -0,067275 
23,800000 -0,069547 
23,900000 -0,073625 
24,000000 -0,075856 
24,100000 -0,078185 
24,200000 -0,079842 
24,300000 -0,085820 
24,400000 -0,088818 
24,500000 -0,091068 
24,600000 -0,095472 
24,700000 -0,100288 
24,800000 -0,104831 
24,900000 -0,109376 
25,000000 -0,114814 
25,100000 -0,119045 
25,200000 -0,124054 
25,300000 -0,128469 
25,400000 -0,136036 
25,500000 -0,141851 
25,600000 -0,150687 
25,700000 -0,159818 
25,800000 -0,167825 
25,900000 -0,177144 
26,000000 -0,185427 
26,100000 -0,196242 
26,200000 -0,205882 
26,300000 -0,218283 
26,400000 -0,230641 
26,500000 -0,242768 
26,600000 -0,262471 
26,700000 -0,280823 
26,800000 -0,298945 
26,900000 -0,317297 
27,000000 -0,337549 
27,100000 -0,361397 
27,200000 -0,381578 
27,300000 -0,403440 
27,400000 -0,430420 
27,500000 -0,459273 
27,600000 -0,497612 
27,700000 -0,536138 
27,800000 -0,573194 
27,900000 -0,617000 
28,000000 -0,663841 
28,100000 -0,713331 
28,200000 -0,769647 
28,300000 -0,831742 
28,400000 -0,901728 
28,500000 -0,972505 
28,600000 -1,071414 
28,700000 -1,172588 
28,800000 -1,272104 
28,900000 -1,364680 
29,000000 -1,458210 
29,100000 -1,530444 
29,200000 -1,563878 
29,300000 -1,540435 
29,400000 -1,437792 
29,500000 -1,272463 
29,600000 -1,085760 
29,700000 -0,881086 
29,800000 -0,723354 
29,900000 -0,626254 
30,000000 -0,545793 
30,100000 -0,481189 
30,200000 -0,427747 
30,300000 -0,384248 
30,400000 -0,343944 
30,500000 -0,310963 
30,600000 -0,281643 
30,700000 -0,252463 
30,800000 -0,230447 
30,900000 -0,214942 
31,000000 -0,203359 
31,100000 -0,193927 
31,200000 -0,185401 
31,300000 -0,176415 
31,400000 -0,169897 
31,500000 -0,163707 
31,600000 -0,155081 
31,700000 -0,150664 
31,800000 -0,147277 
31,900000 -0,146761 
32,000000 -0,147767 
32,100000 -0,151086 
32,200000 -0,155951 
32,300000 -0,159007 
32,400000 -0,163995 
32,500000 -0,168997 
32,600000 -0,173463 
32,700000 -0,183611 
32,800000 -0,194199 
32,900000 -0,203112 
33,000000 -0,212342 
33,100000 -0,219741 
33,200000 -0,220563 
33,300000 -0,216828 
33,400000 -0,199739 
33,500000 -0,176174 
33,600000 -0,150512 
33,700000 -0,121635 
33,800000 -0,100334 
33,900000 -0,084235 
34,000000 -0,070599 
34,100000 -0,058362 
34,200000 -0,050303 
34,300000 -0,043829 
34,400000 -0,037914 
34,500000 -0,032641 
34,600000 -0,028352 
34,700000 -0,024830 
34,800000 -0,021240 
34,900000 -0,017721 
35,000000 -0,015302 
35,100000 -0,013559 
35,200000 -0,011898 
35,300000 -0,010506 
35,400000 -0,008643 
35,500000 -0,007734 
35,600000 -0,006222 
35,700000 -0,005633 
35,800000 -0,004542 
35,900000 -0,003512 
36,000000 -0,003133 
36,100000 -0,002582 
36,200000 -0,002569 
36,300000 -0,002601 
36,400000 -0,002059 
36,500000 -0,001745 
36,600000 -0,001792 
36,700000 -0,001635 
36,800000 -0,001541 
36,900000 -0,002051 
37,000000 -0,002401 
37,100000 -0,002656 
37,200000 -0,002931 
37,300000 -0,002832 
37,400000 -0,003224 
37,500000 -0,003365 
37,600000 -0,003848 
37,700000 -0,003910 
37,800000 -0,004457 
37,900000 -0,005016 
38,000000 -0,005511 
38,100000 -0,006164 
38,200000 -0,006581 
38,300000 -0,007379 
38,400000 -0,007925 
38,500000 -0,008375 
38,600000 -0,008759 
38,700000 -0,009120 
38,800000 -0,009940 
38,900000 -0,011093 
39,000000 -0,012171 
39,100000 -0,012973 
39,200000 -0,014030 
39,300000 -0,014967 
39,400000 -0,016048 
39,500000 -0,016898 
39,600000 -0,017864 
39,700000 -0,018909 
39,800000 -0,020597 
39,900000 -0,022320 
40,000000 -0,024161 
40,100000 -0,025835 
40,200000 -0,027698 
40,300000 -0,029632 
40,400000 -0,031656 
40,500000 -0,033312 
40,600000 -0,035102 
40,700000 -0,036384 
40,800000 -0,038299 
40,900000 -0,041066 
41,000000 -0,044028 
41,100000 -0,046261 
41,200000 -0,047690 
41,300000 -0,048306 
41,400000 -0,048132 
41,500000 -0,046798 
41,600000 -0,044749 
41,700000 -0,043457 
41,800000 -0,042700 
41,900000 -0,042825 
42,000000 -0,044016 
42,100000 -0,044971 
42,200000 -0,045969 
42,300000 -0,047476 
42,400000 -0,048904 
42,500000 -0,047924 
42,600000 -0,050189 
42,700000 -0,051788 
42,800000 -0,053445 
42,900000 -0,055955 
43,000000 -0,060094 
43,100000 -0,063480 
43,200000 -0,067497 
43,300000 -0,072056 
43,400000 -0,076107 
43,500000 -0,081397 
43,600000 -0,085379 
43,700000 -0,089893 
43,800000 -0,094753 
43,900000 -0,101731 
44,000000 -0,107252 
44,100000 -0,111924 
44,200000 -0,115673 
44,300000 -0,115322 
44,400000 -0,112618 
44,500000 -0,103217 
44,600000 -0,092917 
44,700000 -0,082303 
44,800000 -0,072370 
44,900000 -0,064516 
45,000000 -0,057736 
45,100000 -0,053883 
45,200000 -0,050038 
45,300000 -0,046622 
45,400000 -0,043401 
45,500000 -0,038008 
45,600000 -0,033080 
45,700000 -0,028468 
45,800000 -0,025437 
45,900000 -0,022219 
46,000000 -0,019119 
46,100000 -0,016957 
46,200000 -0,015472 
46,300000 -0,013849 
46,400000 -0,012580 
46,500000 -0,010862 
46,600000 -0,009018 
46,700000 -0,007661 
46,800000 -0,005874 
46,900000 -0,004791 
47,000000 -0,003877 
47,100000 -0,002902 
47,200000 -0,002262 
47,300000 -0,001678 
47,400000 -0,000812 
47,500000 -0,000155 
47,600000 0,000930 
47,700000 0,002269 
47,800000 0,003577 
47,900000 0,003883 
48,000000 0,004388 
48,100000 0,004730 
48,200000 0,005304 
48,300000 0,005763 
48,400000 0,006016 
48,500000 0,006592 
48,600000 0,006845 
48,700000 0,007354 
48,800000 0,007978 
48,900000 0,007797 
49,000000 0,008391 
49,100000 0,008637 
49,200000 0,008563 
49,300000 0,009150 
49,400000 0,009229 
49,500000 0,009170 
49,600000 0,008854 
49,700000 0,009287 
49,800000 0,009288 
49,900000 0,009385 
