0,000000 -0,138486 
0,100000 -0,218781 
0,200000 -0,241930 
0,300000 -0,248630 
0,400000 -0,249353 
0,500000 -0,250012 
0,600000 -0,250610 
0,700000 -0,250641 
0,800000 -0,250634 
0,900000 -0,250329 
1,000000 -0,249583 
1,100000 -0,250039 
1,200000 -0,249656 
1,300000 -0,250018 
1,400000 -0,248768 
1,500000 -0,249432 
1,600000 -0,248508 
1,700000 -0,248277 
1,800000 -0,248667 
1,900000 -0,248109 
2,000000 -0,247589 
2,100000 -0,247711 
2,200000 -0,247583 
2,300000 -0,247993 
2,400000 -0,248659 
2,500000 -0,247623 
2,600000 -0,247617 
2,700000 -0,246275 
2,800000 -0,170880 
2,900000 -0,094746 
3,000000 -0,060107 
3,100000 -0,039903 
3,200000 -0,024090 
3,300000 -0,014355 
3,400000 -0,008915 
3,500000 -0,005689 
3,600000 -0,004588 
3,700000 -0,007278 
3,800000 -0,012736 
3,900000 -0,015022 
4,000000 -0,006708 
4,100000 0,002331 
4,200000 0,006872 
4,300000 0,009058 
4,400000 0,009626 
4,500000 0,010155 
4,600000 0,010382 
4,700000 0,010705 
4,800000 0,010731 
4,900000 0,010927 
5,000000 0,011288 
5,100000 0,011178 
5,200000 0,011278 
5,300000 0,011481 
5,400000 0,011307 
5,500000 0,011314 
5,600000 0,011702 
5,700000 0,011630 
5,800000 0,011466 
5,900000 0,011468 
6,000000 0,011509 
6,100000 0,011519 
6,200000 0,011818 
6,300000 0,011595 
6,400000 0,011374 
6,500000 0,011576 
6,600000 0,011560 
6,700000 0,011483 
6,800000 0,011626 
6,900000 0,011028 
7,000000 0,011395 
7,100000 0,011880 
7,200000 0,011230 
7,300000 0,011829 
7,400000 0,011770 
7,500000 0,011691 
7,600000 0,011698 
7,700000 0,011761 
7,800000 0,011495 
7,900000 0,011651 
8,000000 0,011745 
8,100000 0,011575 
8,200000 0,011677 
8,300000 0,011489 
8,400000 0,011211 
8,500000 0,011334 
8,600000 0,011442 
8,700000 0,011231 
8,800000 0,011505 
8,900000 0,011911 
9,000000 0,011448 
9,100000 0,011604 
9,200000 0,011502 
9,300000 0,011558 
9,400000 0,012046 
9,500000 0,012196 
9,600000 0,011814 
9,700000 0,011848 
9,800000 0,011851 
9,900000 0,011769 
10,000000 0,011832 
10,100000 0,011986 
10,200000 0,011864 
10,300000 0,012037 
10,400000 0,011644 
10,500000 0,011624 
10,600000 0,011711 
10,700000 0,012003 
10,800000 0,012025 
10,900000 0,011822 
11,000000 0,011960 
11,100000 0,011869 
11,200000 0,011883 
11,300000 0,011949 
11,400000 0,012085 
11,500000 0,012032 
11,600000 0,012059 
11,700000 0,011777 
11,800000 0,011740 
11,900000 0,011923 
12,000000 0,011754 
12,100000 0,011977 
12,200000 0,011868 
12,300000 0,011848 
12,400000 0,011816 
12,500000 0,011622 
12,600000 0,011241 
12,700000 0,011410 
12,800000 0,011239 
12,900000 0,010792 
13,000000 0,009329 
13,100000 0,006849 
13,200000 0,004541 
13,300000 0,002509 
13,400000 0,002647 
13,500000 0,004601 
13,600000 0,007353 
13,700000 0,009555 
13,800000 0,009777 
13,900000 0,010326 
14,000000 0,008864 
14,100000 0,006983 
14,200000 0,005363 
14,300000 0,003974 
14,400000 0,003137 
14,500000 0,002697 
14,600000 0,002714 
14,700000 -0,000036 
14,800000 -0,006305 
14,900000 -0,022177 
15,000000 -0,053293 
15,100000 -0,098855 
15,200000 -0,136030 
15,300000 -0,151028 
15,400000 -0,141887 
15,500000 -0,103598 
15,600000 -0,050552 
15,700000 -0,019002 
15,800000 -0,008352 
15,900000 -0,011105 
16,000000 -0,023761 
16,100000 -0,042913 
16,200000 -0,058579 
16,300000 -0,065925 
16,400000 -0,061273 
16,500000 -0,045167 
16,600000 -0,021039 
16,700000 -0,005950 
16,800000 -0,002785 
16,900000 -0,008619 
17,000000 -0,020201 
17,100000 -0,036124 
17,200000 -0,046571 
17,300000 -0,050561 
17,400000 -0,045078 
17,500000 -0,029943 
17,600000 -0,011305 
17,700000 -0,001451 
17,800000 -0,000012 
17,900000 -0,005896 
18,000000 -0,017860 
18,100000 -0,029435 
18,200000 -0,037066 
18,300000 -0,039241 
18,400000 -0,037996 
18,500000 -0,024401 
18,600000 -0,010019 
18,700000 -0,004434 
18,800000 -0,009870 
18,900000 -0,025567 
19,000000 -0,052449 
19,100000 -0,078183 
19,200000 -0,091624 
19,300000 -0,093419 
19,400000 -0,087425 
19,500000 -0,053288 
19,600000 -0,019366 
19,700000 -0,002095 
19,800000 0,005282 
19,900000 0,007417 
20,000000 0,007947 
20,100000 0,007444 
20,200000 0,007332 
20,300000 0,007261 
20,400000 0,007398 
20,500000 0,007747 
20,600000 0,008022 
20,700000 0,007013 
20,800000 0,003234 
20,900000 -0,003903 
21,000000 -0,012342 
21,100000 -0,018836 
21,200000 -0,021559 
21,300000 -0,022262 
21,400000 -0,019172 
21,500000 -0,007844 
21,600000 0,003004 
21,700000 0,007804 
21,800000 0,009580 
21,900000 0,010505 
22,000000 0,010650 
22,100000 0,010771 
22,200000 0,011068 
22,300000 0,010934 
22,400000 0,010856 
22,500000 0,011046 
22,600000 0,011092 
22,700000 0,011012 
22,800000 0,010965 
22,900000 0,010720 
23,000000 0,010346 
23,100000 0,010365 
23,200000 0,010392 
23,300000 0,010380 
23,400000 0,010505 
23,500000 0,010740 
23,600000 0,010899 
23,700000 0,011158 
23,800000 0,011145 
23,900000 0,011180 
24,000000 0,011486 
24,100000 0,011383 
24,200000 0,011313 
24,300000 0,011622 
24,400000 0,012037 
24,500000 0,011942 
24,600000 0,011662 
24,700000 0,011404 
24,800000 0,011028 
24,900000 0,010575 
25,000000 0,009937 
25,100000 0,009631 
25,200000 0,009223 
25,300000 0,009481 
25,400000 0,009555 
25,500000 0,010336 
25,600000 0,010648 
25,700000 0,010417 
25,800000 0,009337 
25,900000 0,007720 
26,000000 0,006056 
26,100000 0,004782 
26,200000 0,004208 
26,300000 0,004118 
26,400000 0,004497 
26,500000 0,005702 
26,600000 0,006247 
26,700000 0,003502 
26,800000 -0,003016 
26,900000 -0,012655 
27,000000 -0,022608 
27,100000 -0,029043 
27,200000 -0,031635 
27,300000 -0,031521 
27,400000 -0,028800 
27,500000 -0,021026 
27,600000 -0,012384 
27,700000 -0,014126 
27,800000 -0,027237 
27,900000 -0,049322 
28,000000 -0,073345 
28,100000 -0,092070 
28,200000 -0,104694 
28,300000 -0,114037 
28,400000 -0,127339 
28,500000 -0,140639 
28,600000 -0,233353 
28,700000 -0,467391 
28,800000 -0,891277 
28,900000 -1,546027 
29,000000 -2,072066 
29,100000 -2,294394 
29,200000 -2,295540 
29,300000 -2,150136 
29,400000 -1,832361 
29,500000 -1,133180 
29,600000 -0,463124 
29,700000 -0,159748 
29,800000 -0,070179 
29,900000 -0,045047 
30,000000 -0,039375 
30,100000 -0,037776 
30,200000 -0,035939 
30,300000 -0,032900 
30,400000 -0,027904 
30,500000 -0,017973 
30,600000 -0,007426 
30,700000 -0,005268 
30,800000 -0,010599 
30,900000 -0,020900 
31,000000 -0,030387 
31,100000 -0,035932 
31,200000 -0,037384 
31,300000 -0,035237 
31,400000 -0,030491 
31,500000 -0,019076 
31,600000 -0,005961 
31,700000 -0,001935 
31,800000 -0,004384 
31,900000 -0,011268 
32,000000 -0,018295 
32,100000 -0,023779 
32,200000 -0,026541 
32,300000 -0,027481 
32,400000 -0,027285 
32,500000 -0,024980 
32,600000 -0,024969 
32,700000 -0,055194 
32,800000 -0,110329 
32,900000 -0,186690 
33,000000 -0,253227 
33,100000 -0,286906 
33,200000 -0,291079 
33,300000 -0,274461 
33,400000 -0,235512 
33,500000 -0,144898 
33,600000 -0,062304 
33,700000 -0,018797 
33,800000 -0,001789 
33,900000 0,005053 
34,000000 0,007262 
34,100000 0,008277 
34,200000 0,008729 
34,300000 0,009208 
34,400000 0,009692 
34,500000 0,010095 
34,600000 0,010385 
34,700000 0,010471 
34,800000 0,010421 
34,900000 0,010220 
35,000000 0,009654 
35,100000 0,009591 
35,200000 0,009290 
35,300000 0,009282 
35,400000 0,009893 
35,500000 0,010237 
35,600000 0,010534 
35,700000 0,010795 
35,800000 0,011091 
35,900000 0,011053 
36,000000 0,010930 
36,100000 0,011333 
36,200000 0,011172 
36,300000 0,011260 
36,400000 0,011110 
36,500000 0,011135 
36,600000 0,011030 
36,700000 0,011215 
36,800000 0,010982 
36,900000 0,010296 
37,000000 0,009979 
37,100000 0,010010 
37,200000 0,009895 
37,300000 0,009873 
37,400000 0,009734 
37,500000 0,010147 
37,600000 0,010693 
37,700000 0,010702 
37,800000 0,009893 
37,900000 0,008932 
38,000000 0,007879 
38,100000 0,007618 
38,200000 0,007390 
38,300000 0,007298 
38,400000 0,007692 
38,500000 0,008869 
38,600000 0,009896 
38,700000 0,009962 
38,800000 0,009256 
38,900000 0,008091 
39,000000 0,006719 
39,100000 0,006106 
39,200000 0,005478 
39,300000 0,005645 
39,400000 0,006068 
39,500000 0,006937 
39,600000 0,008602 
39,700000 0,008747 
39,800000 0,007976 
39,900000 0,005442 
40,000000 0,002259 
40,100000 -0,000582 
40,200000 -0,001567 
40,300000 -0,001693 
40,400000 -0,001045 
40,500000 0,001052 
40,600000 0,003002 
40,700000 0,002151 
40,800000 -0,002938 
40,900000 -0,014435 
41,000000 -0,024773 
41,100000 -0,030398 
41,200000 -0,032166 
41,300000 -0,030756 
41,400000 -0,025736 
41,500000 -0,014426 
41,600000 -0,001591 
41,700000 0,004557 
41,800000 0,005310 
41,900000 0,001516 
42,000000 -0,003605 
42,100000 -0,006813 
42,200000 -0,008324 
42,300000 -0,008746 
42,400000 -0,007474 
42,500000 -0,004122 
42,600000 0,002184 
42,700000 0,005932 
42,800000 0,005907 
42,900000 0,002114 
43,000000 -0,003052 
43,100000 -0,006049 
43,200000 -0,008100 
43,300000 -0,008846 
43,400000 -0,008969 
43,500000 -0,007628 
43,600000 -0,005596 
43,700000 -0,008871 
43,800000 -0,020869 
43,900000 -0,053556 
44,000000 -0,090917 
44,100000 -0,118042 
44,200000 -0,132053 
44,300000 -0,131783 
44,400000 -0,122602 
44,500000 -0,094854 
44,600000 -0,049606 
44,700000 -0,018930 
44,800000 -0,008608 
44,900000 -0,012176 
45,000000 -0,019955 
45,100000 -0,024518 
45,200000 -0,027648 
45,300000 -0,026604 
45,400000 -0,023266 
45,500000 -0,015260 
45,600000 -0,003603 
45,700000 0,004718 
45,800000 0,006910 
45,900000 0,006319 
46,000000 0,003222 
46,100000 0,000207 
46,200000 -0,001565 
46,300000 -0,002004 
46,400000 -0,001010 
46,500000 0,001548 
46,600000 0,005258 
46,700000 0,008380 
46,800000 0,009765 
46,900000 0,009395 
47,000000 0,007855 
47,100000 0,006581 
47,200000 0,005589 
47,300000 0,005712 
47,400000 0,005607 
47,500000 0,006626 
47,600000 0,008208 
47,700000 0,009971 
47,800000 0,010314 
47,900000 0,010194 
48,000000 0,008959 
48,100000 0,008450 
48,200000 0,008265 
48,300000 0,007928 
48,400000 0,008605 
48,500000 0,009198 
48,600000 0,010406 
48,700000 0,010990 
48,800000 0,011282 
48,900000 0,011410 
49,000000 0,011244 
49,100000 0,011187 
49,200000 0,011275 
49,300000 0,011247 
49,400000 0,011274 
49,500000 0,011298 
49,600000 0,011220 
49,700000 0,011488 
49,800000 0,011448 
49,900000 0,011558 
