0,000000 -0,831781 
0,100000 -1,309906 
0,200000 -1,363075 
0,300000 -1,368743 
0,400000 -1,376577 
0,500000 -1,376324 
0,600000 -1,379893 
0,700000 -1,375372 
0,800000 -1,374490 
0,900000 -1,376451 
1,000000 -1,383440 
1,100000 -1,381883 
1,200000 -1,377954 
1,300000 -1,376320 
1,400000 -1,378329 
1,500000 -1,379431 
1,600000 -1,381252 
1,700000 -1,380566 
1,800000 -1,386652 
1,900000 -1,384581 
2,000000 -1,380626 
2,100000 -1,382142 
2,200000 -1,384370 
2,300000 -1,385008 
2,400000 -1,384685 
2,500000 -1,388356 
2,600000 -1,385738 
2,700000 -1,385000 
2,800000 -1,358474 
2,900000 -1,310490 
3,000000 -1,233291 
3,100000 -1,156457 
3,200000 -1,050742 
3,300000 -0,957871 
3,400000 -0,882133 
3,500000 -0,810176 
3,600000 -0,745566 
3,700000 -0,682892 
3,800000 -0,633817 
3,900000 -0,588623 
4,000000 -0,547542 
4,100000 -0,510919 
4,200000 -0,471911 
4,300000 -0,442029 
4,400000 -0,415865 
4,500000 -0,394609 
4,600000 -0,374405 
4,700000 -0,356404 
4,800000 -0,340682 
4,900000 -0,327640 
5,000000 -0,307204 
5,100000 -0,294994 
5,200000 -0,275773 
5,300000 -0,261259 
5,400000 -0,248963 
5,500000 -0,237291 
5,600000 -0,224036 
5,700000 -0,213148 
5,800000 -0,202671 
5,900000 -0,193575 
6,000000 -0,185964 
6,100000 -0,176087 
6,200000 -0,161759 
6,300000 -0,154944 
6,400000 -0,146220 
6,500000 -0,140238 
6,600000 -0,133806 
6,700000 -0,128123 
6,800000 -0,122795 
6,900000 -0,117543 
7,000000 -0,113489 
7,100000 -0,108755 
7,200000 -0,105396 
7,300000 -0,100024 
7,400000 -0,096034 
7,500000 -0,092307 
7,600000 -0,089772 
7,700000 -0,086791 
7,800000 -0,084274 
7,900000 -0,081228 
8,000000 -0,080353 
8,100000 -0,076720 
8,200000 -0,075033 
8,300000 -0,072724 
8,400000 -0,069500 
8,500000 -0,067498 
8,600000 -0,065992 
8,700000 -0,064272 
8,800000 -0,062704 
8,900000 -0,060688 
9,000000 -0,059120 
9,100000 -0,057873 
9,200000 -0,055480 
9,300000 -0,054119 
9,400000 -0,053014 
9,500000 -0,051597 
9,600000 -0,050775 
9,700000 -0,049720 
9,800000 -0,048643 
9,900000 -0,047374 
10,000000 -0,046238 
10,100000 -0,045195 
10,200000 -0,044918 
10,300000 -0,043737 
10,400000 -0,043206 
10,500000 -0,042437 
10,600000 -0,041839 
10,700000 -0,041188 
10,800000 -0,040684 
10,900000 -0,039979 
11,000000 -0,039993 
11,100000 -0,039472 
11,200000 -0,039164 
11,300000 -0,038881 
11,400000 -0,038818 
11,500000 -0,039444 
11,600000 -0,038536 
11,700000 -0,038412 
11,800000 -0,039042 
11,900000 -0,039086 
12,000000 -0,038773 
12,100000 -0,039635 
12,200000 -0,039907 
12,300000 -0,040286 
12,400000 -0,041245 
12,500000 -0,041783 
12,600000 -0,042512 
12,700000 -0,043351 
12,800000 -0,044679 
12,900000 -0,045582 
13,000000 -0,046618 
13,100000 -0,047650 
13,200000 -0,049288 
13,300000 -0,050250 
13,400000 -0,052228 
13,500000 -0,054266 
13,600000 -0,055530 
13,700000 -0,056891 
13,800000 -0,058439 
13,900000 -0,060745 
14,000000 -0,062226 
14,100000 -0,064672 
14,200000 -0,068889 
14,300000 -0,072239 
14,400000 -0,077492 
14,500000 -0,082002 
14,600000 -0,087125 
14,700000 -0,092655 
14,800000 -0,098050 
14,900000 -0,105543 
15,000000 -0,113186 
15,100000 -0,121117 
15,200000 -0,129552 
15,300000 -0,137072 
15,400000 -0,141807 
15,500000 -0,137525 
15,600000 -0,128424 
15,700000 -0,120138 
15,800000 -0,113988 
15,900000 -0,108395 
16,000000 -0,105578 
16,100000 -0,104420 
16,200000 -0,104728 
16,300000 -0,105536 
16,400000 -0,100849 
16,500000 -0,099111 
16,600000 -0,095192 
16,700000 -0,088853 
16,800000 -0,086613 
16,900000 -0,084388 
17,000000 -0,082647 
17,100000 -0,084321 
17,200000 -0,084746 
17,300000 -0,085227 
17,400000 -0,085728 
17,500000 -0,083907 
17,600000 -0,080490 
17,700000 -0,078823 
17,800000 -0,077304 
17,900000 -0,074595 
18,000000 -0,075960 
18,100000 -0,077858 
18,200000 -0,079600 
18,300000 -0,083233 
18,400000 -0,083288 
18,500000 -0,081975 
18,600000 -0,080409 
18,700000 -0,080268 
18,800000 -0,081160 
18,900000 -0,082523 
19,000000 -0,085156 
19,100000 -0,087895 
19,200000 -0,090460 
19,300000 -0,089967 
19,400000 -0,090500 
19,500000 -0,082269 
19,600000 -0,072411 
19,700000 -0,063540 
19,800000 -0,056554 
19,900000 -0,052113 
20,000000 -0,048042 
20,100000 -0,045141 
20,200000 -0,042238 
20,300000 -0,040923 
20,400000 -0,039723 
20,500000 -0,039129 
20,600000 -0,038725 
20,700000 -0,039647 
20,800000 -0,039606 
20,900000 -0,040166 
21,000000 -0,041014 
21,100000 -0,042433 
21,200000 -0,043816 
21,300000 -0,044023 
21,400000 -0,043469 
21,500000 -0,041240 
21,600000 -0,038741 
21,700000 -0,035946 
21,800000 -0,035121 
21,900000 -0,033789 
22,000000 -0,032611 
22,100000 -0,031166 
22,200000 -0,031971 
22,300000 -0,031710 
22,400000 -0,032317 
22,500000 -0,032940 
22,600000 -0,033143 
22,700000 -0,033490 
22,800000 -0,034708 
22,900000 -0,036020 
23,000000 -0,036875 
23,100000 -0,038000 
23,200000 -0,039347 
23,300000 -0,040248 
23,400000 -0,041176 
23,500000 -0,042270 
23,600000 -0,044564 
23,700000 -0,046286 
23,800000 -0,047869 
23,900000 -0,049788 
24,000000 -0,051775 
24,100000 -0,056144 
24,200000 -0,057463 
24,300000 -0,060071 
24,400000 -0,062040 
24,500000 -0,065228 
24,600000 -0,069019 
24,700000 -0,072388 
24,800000 -0,076492 
24,900000 -0,080081 
25,000000 -0,085110 
25,100000 -0,089635 
25,200000 -0,093364 
25,300000 -0,098071 
25,400000 -0,103846 
25,500000 -0,108406 
25,600000 -0,113641 
25,700000 -0,122591 
25,800000 -0,129969 
25,900000 -0,138105 
26,000000 -0,147123 
26,100000 -0,154653 
26,200000 -0,164563 
26,300000 -0,175574 
26,400000 -0,186089 
26,500000 -0,198053 
26,600000 -0,213370 
26,700000 -0,230141 
26,800000 -0,247469 
26,900000 -0,264736 
27,000000 -0,284090 
27,100000 -0,302873 
27,200000 -0,324314 
27,300000 -0,348306 
27,400000 -0,371682 
27,500000 -0,393279 
27,600000 -0,433338 
27,700000 -0,469156 
27,800000 -0,507279 
27,900000 -0,549364 
28,000000 -0,597245 
28,100000 -0,649807 
28,200000 -0,708109 
28,300000 -0,773633 
28,400000 -0,843693 
28,500000 -0,919190 
28,600000 -1,033094 
28,700000 -1,139394 
28,800000 -1,252634 
28,900000 -1,363351 
29,000000 -1,476084 
29,100000 -1,563031 
29,200000 -1,611119 
29,300000 -1,591672 
29,400000 -1,473737 
29,500000 -1,272295 
29,600000 -1,047367 
29,700000 -0,807875 
29,800000 -0,650871 
29,900000 -0,547277 
30,000000 -0,468703 
30,100000 -0,407429 
30,200000 -0,356768 
30,300000 -0,316492 
30,400000 -0,281118 
30,500000 -0,251933 
30,600000 -0,225375 
30,700000 -0,199685 
30,800000 -0,181715 
30,900000 -0,169837 
31,000000 -0,161394 
31,100000 -0,153981 
31,200000 -0,148662 
31,300000 -0,142103 
31,400000 -0,138278 
31,500000 -0,130931 
31,600000 -0,126333 
31,700000 -0,125462 
31,800000 -0,121075 
31,900000 -0,121879 
32,000000 -0,121973 
32,100000 -0,126985 
32,200000 -0,132033 
32,300000 -0,138351 
32,400000 -0,145064 
32,500000 -0,150139 
32,600000 -0,158538 
32,700000 -0,169201 
32,800000 -0,182327 
32,900000 -0,194055 
33,000000 -0,207133 
33,100000 -0,216346 
33,200000 -0,219710 
33,300000 -0,217016 
33,400000 -0,200310 
33,500000 -0,175074 
33,600000 -0,142727 
33,700000 -0,112010 
33,800000 -0,087795 
33,900000 -0,069979 
34,000000 -0,057612 
34,100000 -0,048375 
34,200000 -0,040710 
34,300000 -0,033846 
34,400000 -0,028592 
34,500000 -0,023554 
34,600000 -0,020045 
34,700000 -0,016618 
34,800000 -0,013220 
34,900000 -0,010650 
35,000000 -0,008811 
35,100000 -0,007408 
35,200000 -0,006241 
35,300000 -0,004821 
35,400000 -0,003803 
35,500000 -0,002748 
35,600000 -0,001851 
35,700000 -0,000693 
35,800000 0,000158 
35,900000 0,000857 
36,000000 0,001108 
36,100000 0,001721 
36,200000 0,001858 
36,300000 0,002191 
36,400000 0,002339 
36,500000 0,002247 
36,600000 0,002189 
36,700000 0,002245 
36,800000 0,001879 
36,900000 0,001868 
37,000000 0,001930 
37,100000 0,001570 
37,200000 0,001127 
37,300000 0,001064 
37,400000 0,000200 
37,500000 0,000135 
37,600000 0,000103 
37,700000 -0,000929 
37,800000 -0,001459 
37,900000 -0,002171 
38,000000 -0,002406 
38,100000 -0,002780 
38,200000 -0,003700 
38,300000 -0,003950 
38,400000 -0,004593 
38,500000 -0,004932 
38,600000 -0,005064 
38,700000 -0,005733 
38,800000 -0,006641 
38,900000 -0,007393 
39,000000 -0,008104 
39,100000 -0,008895 
39,200000 -0,010643 
39,300000 -0,011485 
39,400000 -0,012145 
39,500000 -0,013070 
39,600000 -0,013912 
39,700000 -0,015121 
39,800000 -0,016449 
39,900000 -0,017496 
40,000000 -0,020103 
40,100000 -0,021937 
40,200000 -0,023412 
40,300000 -0,026237 
40,400000 -0,027324 
40,500000 -0,028636 
40,600000 -0,030279 
40,700000 -0,031550 
40,800000 -0,033503 
40,900000 -0,037453 
41,000000 -0,040073 
41,100000 -0,041429 
41,200000 -0,043954 
41,300000 -0,044707 
41,400000 -0,043603 
41,500000 -0,041706 
41,600000 -0,039184 
41,700000 -0,036945 
41,800000 -0,036197 
41,900000 -0,036245 
42,000000 -0,037311 
42,100000 -0,038000 
42,200000 -0,039150 
42,300000 -0,040641 
42,400000 -0,042118 
42,500000 -0,042347 
42,600000 -0,042911 
42,700000 -0,044422 
42,800000 -0,045779 
42,900000 -0,048585 
43,000000 -0,052439 
43,100000 -0,055624 
43,200000 -0,061147 
43,300000 -0,063385 
43,400000 -0,068502 
43,500000 -0,074038 
43,600000 -0,078261 
43,700000 -0,083799 
43,800000 -0,089639 
43,900000 -0,097258 
44,000000 -0,105080 
44,100000 -0,110993 
44,200000 -0,115092 
44,300000 -0,118055 
44,400000 -0,112324 
44,500000 -0,103422 
44,600000 -0,090397 
44,700000 -0,078834 
44,800000 -0,068643 
44,900000 -0,060058 
45,000000 -0,053959 
45,100000 -0,050735 
45,200000 -0,047022 
45,300000 -0,044193 
45,400000 -0,040515 
45,500000 -0,035680 
45,600000 -0,030762 
45,700000 -0,025709 
45,800000 -0,021981 
45,900000 -0,019247 
46,000000 -0,016822 
46,100000 -0,015208 
46,200000 -0,013283 
46,300000 -0,012265 
46,400000 -0,011055 
46,500000 -0,008732 
46,600000 -0,007321 
46,700000 -0,005967 
46,800000 -0,004125 
46,900000 -0,003198 
47,000000 -0,002244 
47,100000 -0,001691 
47,200000 -0,000972 
47,300000 -0,000055 
47,400000 0,000416 
47,500000 0,001631 
47,600000 0,002539 
47,700000 0,003231 
47,800000 0,004054 
47,900000 0,004982 
48,000000 0,005355 
48,100000 0,005905 
48,200000 0,006135 
48,300000 0,006573 
48,400000 0,006526 
48,500000 0,006893 
48,600000 0,007373 
48,700000 0,007819 
48,800000 0,008311 
48,900000 0,008647 
49,000000 0,008553 
49,100000 0,008623 
49,200000 0,009046 
49,300000 0,009276 
49,400000 0,009309 
49,500000 0,009307 
49,600000 0,009319 
49,700000 0,009849 
49,800000 0,009707 
49,900000 0,009874 
