0,000000 -0,653365 
0,100000 -0,513426 
0,200000 -0,440837 
0,300000 -0,375476 
0,400000 -0,362350 
0,500000 -0,351265 
0,600000 -0,356412 
0,700000 -0,344310 
0,800000 -0,348658 
0,900000 -0,345454 
1,000000 -0,336976 
1,100000 -0,341885 
1,200000 -0,331877 
1,300000 -0,320852 
1,400000 -0,329807 
1,500000 -0,326667 
1,600000 -0,324413 
1,700000 -0,331425 
1,800000 -0,325469 
1,900000 -0,262398 
2,000000 -0,163872 
2,100000 -0,127819 
2,200000 -0,085025 
2,300000 -0,051291 
2,400000 -0,019367 
2,500000 -0,001335 
2,600000 0,004832 
2,700000 -0,023332 
2,800000 -0,173244 
2,900000 -0,725376 
3,000000 -1,125237 
3,100000 -0,799908 
3,200000 -0,432099 
3,300000 -0,229312 
3,400000 -0,114474 
3,500000 -0,047073 
3,600000 -0,008320 
3,700000 0,012340 
3,800000 0,023203 
3,900000 0,035976 
4,000000 0,035785 
4,100000 0,048635 
4,200000 0,058173 
4,300000 0,055460 
4,400000 0,048487 
4,500000 0,056038 
4,600000 0,060217 
4,700000 0,062917 
4,800000 0,062167 
4,900000 0,054950 
5,000000 0,054841 
5,100000 0,053751 
5,200000 0,055812 
5,300000 0,056336 
5,400000 0,049279 
5,500000 0,056246 
5,600000 0,062017 
5,700000 0,060153 
5,800000 0,056261 
5,900000 0,052102 
6,000000 0,054658 
6,100000 0,058764 
6,200000 0,061451 
6,300000 0,063650 
6,400000 0,053691 
6,500000 0,055648 
6,600000 0,067250 
6,700000 0,055469 
6,800000 0,055150 
6,900000 0,051378 
7,000000 0,049563 
7,100000 0,051632 
7,200000 0,051490 
7,300000 0,055610 
7,400000 0,059484 
7,500000 0,059092 
7,600000 0,046749 
7,700000 0,046705 
7,800000 0,049925 
7,900000 0,052727 
8,000000 0,054228 
8,100000 0,057399 
8,200000 0,048883 
8,300000 0,044516 
8,400000 0,033417 
8,500000 0,041697 
8,600000 0,038469 
8,700000 0,042896 
8,800000 0,039798 
8,900000 0,038741 
9,000000 0,030020 
9,100000 0,032762 
9,200000 0,012009 
9,300000 0,017385 
9,400000 0,010854 
9,500000 0,039102 
9,600000 0,036642 
9,700000 0,030921 
9,800000 0,029722 
9,900000 0,031075 
10,000000 0,031669 
10,100000 0,028773 
10,200000 0,031313 
10,300000 0,025491 
10,400000 0,028496 
10,500000 0,046836 
10,600000 0,043747 
10,700000 0,039404 
10,800000 0,030391 
10,900000 0,030409 
11,000000 0,034893 
11,100000 0,034652 
11,200000 0,036833 
11,300000 0,042311 
11,400000 0,036797 
11,500000 0,040882 
11,600000 0,036965 
11,700000 0,038216 
11,800000 0,042161 
11,900000 0,038198 
12,000000 0,023093 
12,100000 -0,009586 
12,200000 -0,061926 
12,300000 -0,114728 
12,400000 -0,150930 
12,500000 -0,162902 
12,600000 -0,119082 
12,700000 -0,061376 
12,800000 -0,020772 
12,900000 -0,008886 
13,000000 -0,014801 
13,100000 -0,038525 
13,200000 -0,087047 
13,300000 -0,150412 
13,400000 -0,178153 
13,500000 -0,172180 
13,600000 -0,124628 
13,700000 -0,071298 
13,800000 -0,039126 
13,900000 -0,046161 
14,000000 -0,097558 
14,100000 -0,219261 
14,200000 -0,405895 
14,300000 -0,578598 
14,400000 -0,654226 
14,500000 -0,609658 
14,600000 -0,435220 
14,700000 -0,284751 
14,800000 -0,212939 
14,900000 -0,247709 
15,000000 -0,477230 
15,100000 -1,058231 
15,200000 -1,859216 
15,300000 -2,512206 
15,400000 -2,745321 
15,500000 -2,517183 
15,600000 -1,681103 
15,700000 -0,964707 
15,800000 -0,570626 
15,900000 -0,408272 
16,000000 -0,461658 
16,100000 -0,707364 
16,200000 -1,030784 
16,300000 -1,283485 
16,400000 -1,345333 
16,500000 -1,202996 
16,600000 -0,823526 
16,700000 -0,487133 
16,800000 -0,342126 
16,900000 -0,348574 
17,000000 -0,558547 
17,100000 -0,969342 
17,200000 -1,388100 
17,300000 -1,666432 
17,400000 -1,671360 
17,500000 -1,371292 
17,600000 -0,885593 
17,700000 -0,609383 
17,800000 -0,628991 
17,900000 -1,095246 
18,000000 -2,236950 
18,100000 -4,085694 
18,200000 -5,744430 
18,300000 -6,600087 
18,400000 -6,542726 
18,500000 -4,887685 
18,600000 -2,671141 
18,700000 -1,353043 
18,800000 -0,754568 
18,900000 -0,460359 
19,000000 -0,283865 
19,100000 -0,203337 
19,200000 -0,160131 
19,300000 -0,139643 
19,400000 -0,113648 
19,500000 -0,089794 
19,600000 -0,058810 
19,700000 -0,026660 
19,800000 -0,033086 
19,900000 -0,049946 
20,000000 -0,082634 
20,100000 -0,119481 
20,200000 -0,161082 
20,300000 -0,193598 
20,400000 -0,185605 
20,500000 -0,139179 
20,600000 -0,075961 
20,700000 -0,027175 
20,800000 0,002080 
20,900000 0,015009 
21,000000 0,022737 
21,100000 0,024630 
21,200000 0,023152 
21,300000 0,027422 
21,400000 0,034979 
21,500000 0,028200 
21,600000 0,031947 
21,700000 0,029430 
21,800000 0,030139 
21,900000 0,026235 
22,000000 0,024857 
22,100000 0,021840 
22,200000 0,008153 
22,300000 -0,011621 
22,400000 -0,014151 
22,500000 0,010102 
22,600000 0,008196 
22,700000 0,009326 
22,800000 0,009479 
22,900000 0,002568 
23,000000 0,012494 
23,100000 0,028742 
23,200000 0,032333 
23,300000 0,032198 
23,400000 0,027641 
23,500000 0,014065 
23,600000 0,017738 
23,700000 0,024214 
23,800000 0,001790 
23,900000 0,004599 
24,000000 -0,012263 
24,100000 -0,042117 
24,200000 -0,052560 
24,300000 -0,056495 
24,400000 -0,051222 
24,500000 -0,041785 
24,600000 -0,023342 
24,700000 -0,018992 
24,800000 -0,033704 
24,900000 -0,070618 
25,000000 -0,137021 
25,100000 -0,183768 
25,200000 -0,217826 
25,300000 -0,231162 
25,400000 -0,223751 
25,500000 -0,175604 
25,600000 -0,123975 
25,700000 -0,144528 
25,800000 -0,225019 
25,900000 -0,413872 
26,000000 -0,653533 
26,100000 -0,898942 
26,200000 -1,058320 
26,300000 -1,101102 
26,400000 -1,040776 
26,500000 -0,795450 
26,600000 -0,503760 
26,700000 -0,340890 
26,800000 -0,323708 
26,900000 -0,420247 
27,000000 -0,595338 
27,100000 -0,751360 
27,200000 -0,860683 
27,300000 -0,902149 
27,400000 -0,881154 
27,500000 -0,725778 
27,600000 -0,673651 
27,700000 -0,967790 
27,800000 -1,810136 
27,900000 -3,446395 
28,000000 -5,276943 
28,100000 -6,685992 
28,200000 -7,360065 
28,300000 -7,146302 
28,400000 -6,037204 
28,500000 -3,779108 
28,600000 -1,953507 
28,700000 -1,089791 
28,800000 -0,729068 
28,900000 -0,606787 
29,000000 -0,617173 
29,100000 -0,628643 
29,200000 -0,644876 
29,300000 -0,638071 
29,400000 -0,581034 
29,500000 -0,420443 
29,600000 -0,255736 
29,700000 -0,148219 
29,800000 -0,113879 
29,900000 -0,095602 
30,000000 -0,107124 
30,100000 -0,120208 
30,200000 -0,125041 
30,300000 -0,119785 
30,400000 -0,105866 
30,500000 -0,084082 
30,600000 -0,052659 
30,700000 -0,077598 
30,800000 -0,108850 
30,900000 -0,182791 
31,000000 -0,263502 
31,100000 -0,343934 
31,200000 -0,388412 
31,300000 -0,404595 
31,400000 -0,364564 
31,500000 -0,256414 
31,600000 -0,153826 
31,700000 -0,103570 
31,800000 -0,088066 
31,900000 -0,104833 
32,000000 -0,119959 
32,100000 -0,121019 
32,200000 -0,140809 
32,300000 -0,146434 
32,400000 -0,113322 
32,500000 -0,067883 
32,600000 -0,036824 
32,700000 -0,018714 
32,800000 -0,007276 
32,900000 -0,003542 
33,000000 -0,005360 
33,100000 -0,006790 
33,200000 -0,004157 
33,300000 -0,004837 
33,400000 0,001383 
33,500000 0,010322 
33,600000 0,016062 
33,700000 0,024681 
33,800000 0,017917 
33,900000 0,011277 
34,000000 0,001209 
34,100000 0,007785 
34,200000 0,000867 
34,300000 -0,002309 
34,400000 0,000860 
34,500000 0,006949 
34,600000 0,014038 
34,700000 0,023824 
34,800000 0,022211 
34,900000 0,031352 
35,000000 0,023213 
35,100000 0,022444 
35,200000 0,021339 
35,300000 0,016718 
35,400000 0,013783 
35,500000 0,017940 
35,600000 0,018540 
35,700000 0,020083 
35,800000 0,004968 
35,900000 -0,005916 
36,000000 -0,012611 
36,100000 -0,025029 
36,200000 -0,027635 
36,300000 -0,030264 
36,400000 -0,025036 
36,500000 -0,013813 
36,600000 -0,004073 
36,700000 -0,005313 
36,800000 -0,024573 
36,900000 -0,055757 
37,000000 -0,080688 
37,100000 -0,110316 
37,200000 -0,122590 
37,300000 -0,120278 
37,400000 -0,104030 
37,500000 -0,074534 
37,600000 -0,044831 
37,700000 -0,024512 
37,800000 -0,043980 
37,900000 -0,079683 
38,000000 -0,109987 
38,100000 -0,136419 
38,200000 -0,152179 
38,300000 -0,151471 
38,400000 -0,128878 
38,500000 -0,086067 
38,600000 -0,056936 
38,700000 -0,053230 
38,800000 -0,098941 
38,900000 -0,183305 
39,000000 -0,276570 
39,100000 -0,342417 
39,200000 -0,381302 
39,300000 -0,386070 
39,400000 -0,337055 
39,500000 -0,226666 
39,600000 -0,123177 
39,700000 -0,089330 
39,800000 -0,080127 
39,900000 -0,120192 
40,000000 -0,168875 
40,100000 -0,206457 
40,200000 -0,231057 
40,300000 -0,220146 
40,400000 -0,184260 
40,500000 -0,124193 
40,600000 -0,071833 
40,700000 -0,061588 
40,800000 -0,076822 
40,900000 -0,151819 
41,000000 -0,239592 
41,100000 -0,302236 
41,200000 -0,352367 
41,300000 -0,348440 
41,400000 -0,302289 
41,500000 -0,207448 
41,600000 -0,139177 
41,700000 -0,106259 
41,800000 -0,121209 
41,900000 -0,214718 
42,000000 -0,315551 
42,100000 -0,397938 
42,200000 -0,455872 
42,300000 -0,456827 
42,400000 -0,423438 
42,500000 -0,332288 
42,600000 -0,327615 
42,700000 -0,517775 
42,800000 -0,967810 
42,900000 -2,150971 
43,000000 -3,472426 
43,100000 -4,400498 
43,200000 -4,823558 
43,300000 -4,602156 
43,400000 -3,731527 
43,500000 -2,248402 
43,600000 -1,189024 
43,700000 -0,727552 
43,800000 -0,539058 
43,900000 -0,565604 
44,000000 -0,641729 
44,100000 -0,708794 
44,200000 -0,727978 
44,300000 -0,678750 
44,400000 -0,545229 
44,500000 -0,344262 
44,600000 -0,201581 
44,700000 -0,115073 
44,800000 -0,087768 
44,900000 -0,101479 
45,000000 -0,119603 
45,100000 -0,145756 
45,200000 -0,156215 
45,300000 -0,146808 
45,400000 -0,123212 
45,500000 -0,074947 
45,600000 -0,039379 
45,700000 -0,019483 
45,800000 -0,010157 
45,900000 -0,015958 
46,000000 -0,031587 
46,100000 -0,035571 
46,200000 -0,045927 
46,300000 -0,033811 
46,400000 -0,030516 
46,500000 -0,007600 
46,600000 0,008491 
46,700000 0,011887 
46,800000 0,017902 
46,900000 0,009041 
47,000000 -0,007959 
47,100000 -0,007937 
47,200000 -0,017839 
47,300000 -0,025106 
47,400000 -0,001058 
47,500000 0,011001 
47,600000 0,014851 
47,700000 0,028286 
47,800000 0,024825 
47,900000 0,022148 
48,000000 0,021573 
48,100000 0,026054 
48,200000 0,032505 
48,300000 0,025350 
48,400000 0,026618 
48,500000 0,026620 
48,600000 0,034105 
48,700000 0,026593 
48,800000 0,032578 
48,900000 0,035132 
49,000000 0,029033 
49,100000 0,038586 
49,200000 0,031878 
49,300000 0,029558 
49,400000 0,033313 
49,500000 0,037178 
49,600000 0,034376 
49,700000 0,027783 
49,800000 0,035570 
49,900000 0,024580 
50,000000 0,017495 
50,100000 0,011767 
50,200000 0,005553 
50,300000 0,009089 
50,400000 0,016367 
50,500000 0,023794 
50,600000 0,030716 
50,700000 0,032058 
50,800000 0,037560 
50,900000 0,037878 
51,000000 0,021816 
51,100000 0,026879 
51,200000 0,005670 
51,300000 0,005749 
51,400000 0,002734 
51,500000 0,011911 
51,600000 0,022746 
51,700000 0,041285 
51,800000 0,044158 
51,900000 0,034948 
52,000000 0,026940 
52,100000 0,022794 
52,200000 0,031102 
52,300000 0,019868 
52,400000 0,023955 
52,500000 0,026690 
52,600000 0,031603 
52,700000 0,033715 
52,800000 0,038018 
52,900000 0,033794 
53,000000 0,038913 
53,100000 0,037895 
53,200000 0,021257 
53,300000 0,015963 
53,400000 0,017378 
53,500000 0,008248 
53,600000 0,033205 
53,700000 0,045846 
53,800000 0,051214 
53,900000 0,047134 
54,000000 0,044437 
54,100000 0,040876 
54,200000 0,038634 
54,300000 0,033800 
54,400000 0,032790 
54,500000 0,039292 
54,600000 0,038575 
54,700000 0,032255 
54,800000 0,031280 
54,900000 0,031322 
55,000000 0,022008 
55,100000 0,010060 
55,200000 0,009684 
55,300000 0,009685 
55,400000 0,019616 
55,500000 0,039628 
55,600000 0,030035 
55,700000 0,026674 
55,800000 0,032458 
55,900000 0,035262 
56,000000 0,022239 
56,100000 0,015645 
56,200000 0,012821 
56,300000 0,005116 
56,400000 0,019425 
56,500000 0,034128 
56,600000 0,029196 
56,700000 0,029652 
56,800000 0,028433 
56,900000 0,024412 
57,000000 0,007632 
57,100000 -0,021137 
57,200000 -0,040099 
57,300000 -0,051117 
57,400000 -0,046106 
57,500000 -0,022900 
57,600000 -0,012072 
57,700000 -0,015685 
57,800000 -0,065827 
57,900000 -0,168680 
58,000000 -0,379779 
58,100000 -0,608225 
58,200000 -0,786825 
58,300000 -0,834605 
58,400000 -0,756172 
58,500000 -0,503192 
58,600000 -0,280708 
58,700000 -0,150562 
58,800000 -0,070036 
58,900000 -0,027975 
59,000000 -0,004785 
59,100000 0,008108 
59,200000 0,011766 
59,300000 0,016548 
59,400000 0,020710 
59,500000 0,024305 
59,600000 0,031234 
59,700000 0,036273 
59,800000 0,042570 
59,900000 0,049648 
60,000000 0,044031 
60,100000 0,047489 
60,200000 0,046825 
60,300000 0,049316 
60,400000 0,047799 
60,500000 0,052627 
60,600000 0,046894 
60,700000 0,053510 
60,800000 0,056522 
60,900000 0,058308 
61,000000 0,050882 
61,100000 0,045597 
61,200000 0,048693 
61,300000 0,048592 
61,400000 0,048512 
61,500000 0,042821 
61,600000 0,037299 
61,700000 0,038716 
61,800000 0,047884 
61,900000 0,045726 
62,000000 0,037366 
62,100000 0,039990 
62,200000 0,046538 
62,300000 0,049990 
62,400000 0,044310 
62,500000 0,046832 
62,600000 0,054401 
62,700000 0,049695 
62,800000 0,052599 
62,900000 0,050375 
63,000000 0,056976 
63,100000 0,062144 
63,200000 0,059302 
63,300000 0,052509 
63,400000 0,048528 
63,500000 0,046541 
63,600000 0,055062 
63,700000 0,058241 
63,800000 0,052708 
63,900000 0,060090 
64,000000 0,060099 
64,100000 0,055356 
64,200000 0,053509 
64,300000 0,054499 
64,400000 0,059248 
64,500000 0,060147 
64,600000 0,060986 
64,700000 0,062463 
64,800000 0,063101 
64,900000 0,066940 
65,000000 0,059583 
65,100000 0,061958 
65,200000 0,059502 
65,300000 0,061865 
65,400000 0,060554 
65,500000 0,063328 
65,600000 0,058563 
65,700000 0,058581 
65,800000 0,062682 
65,900000 0,065225 
66,000000 0,060895 
66,100000 0,053461 
66,200000 0,047005 
66,300000 0,053162 
66,400000 0,058381 
66,500000 0,056661 
66,600000 0,057656 
66,700000 0,059158 
66,800000 0,055411 
66,900000 0,068037 
67,000000 0,063002 
67,100000 0,053605 
67,200000 0,048112 
67,300000 0,055803 
67,400000 0,052252 
67,500000 0,057946 
67,600000 0,059316 
67,700000 0,061761 
67,800000 0,057884 
67,900000 0,068203 
68,000000 0,065596 
68,100000 0,057716 
68,200000 0,056221 
68,300000 0,060688 
68,400000 0,060224 
68,500000 0,062029 
68,600000 0,066530 
68,700000 0,059035 
68,800000 0,053038 
68,900000 0,053866 
69,000000 0,037195 
69,100000 0,011762 
69,200000 -0,010527 
69,300000 -0,022903 
69,400000 -0,019317 
69,500000 0,002915 
69,600000 0,015283 
69,700000 0,033591 
69,800000 0,051848 
69,900000 0,065167 
70,000000 0,058970 
70,100000 0,047645 
70,200000 0,047723 
70,300000 0,051914 
70,400000 0,046932 
70,500000 0,046478 
70,600000 0,047383 
70,700000 0,051875 
70,800000 0,059939 
70,900000 0,057319 
71,000000 0,057905 
71,100000 0,050845 
71,200000 0,046221 
71,300000 0,041390 
71,400000 0,036926 
71,500000 0,043362 
71,600000 0,050917 
71,700000 0,061666 
71,800000 0,057527 
71,900000 0,051480 
72,000000 0,056921 
72,100000 0,051775 
72,200000 0,055256 
72,300000 0,052159 
72,400000 0,046924 
72,500000 0,049525 
72,600000 0,048428 
72,700000 0,053609 
72,800000 0,055420 
72,900000 0,059431 
73,000000 0,058137 
73,100000 0,055767 
73,200000 0,046720 
73,300000 0,051400 
73,400000 0,052289 
73,500000 0,051538 
73,600000 0,055116 
73,700000 0,054377 
73,800000 0,060107 
73,900000 0,056982 
74,000000 0,054918 
74,100000 0,061302 
74,200000 0,053197 
74,300000 0,051832 
74,400000 0,055130 
74,500000 0,059290 
74,600000 0,066865 
74,700000 0,064408 
74,800000 0,062619 
74,900000 0,066174 
75,000000 0,059672 
75,100000 0,066300 
75,200000 0,064499 
75,300000 0,056624 
75,400000 0,066660 
75,500000 0,065707 
75,600000 0,059627 
75,700000 0,067084 
75,800000 0,064627 
75,900000 0,064550 
76,000000 0,064910 
76,100000 0,066293 
76,200000 0,065631 
76,300000 0,068843 
76,400000 0,068075 
76,500000 0,065547 
76,600000 0,067277 
76,700000 0,063520 
76,800000 0,068892 
76,900000 0,069715 
77,000000 0,066784 
77,100000 0,059876 
77,200000 0,061890 
77,300000 0,065041 
77,400000 0,052510 
77,500000 0,051715 
77,600000 0,072522 
77,700000 0,059142 
77,800000 0,037246 
77,900000 0,051495 
78,000000 0,069293 
78,100000 0,085300 
78,200000 0,066618 
78,300000 0,077584 
78,400000 0,080784 
78,500000 0,076102 
78,600000 0,072471 
78,700000 0,068266 
78,800000 0,073896 
78,900000 0,074429 
79,000000 0,066749 
79,100000 0,065369 
79,200000 0,070153 
79,300000 0,072468 
79,400000 0,072755 
79,500000 0,063098 
79,600000 0,060931 
79,700000 0,063017 
79,800000 0,061372 
79,900000 0,063478 
80,000000 0,067305 
80,100000 0,062890 
80,200000 0,068681 
80,300000 0,068409 
80,400000 0,072234 
80,500000 0,067359 
80,600000 0,067816 
80,700000 0,059298 
80,800000 0,067918 
80,900000 0,068274 
81,000000 0,065061 
81,100000 0,055759 
81,200000 0,056878 
81,300000 0,057694 
81,400000 0,055507 
81,500000 0,054364 
81,600000 0,060516 
81,700000 0,062949 
81,800000 0,054614 
81,900000 0,068395 
82,000000 0,064980 
82,100000 0,072813 
82,200000 0,075708 
82,300000 0,067098 
82,400000 0,063839 
82,500000 0,064472 
82,600000 0,061365 
82,700000 0,054705 
82,800000 0,065700 
82,900000 0,064944 
83,000000 0,062268 
83,100000 0,073938 
83,200000 0,073301 
83,300000 0,072374 
83,400000 0,066799 
83,500000 0,071096 
83,600000 0,072095 
83,700000 0,066722 
83,800000 0,071023 
83,900000 0,063101 
84,000000 0,059949 
84,100000 0,062101 
84,200000 0,061027 
84,300000 0,066835 
84,400000 0,052813 
84,500000 0,059524 
84,600000 0,049712 
84,700000 0,052477 
84,800000 0,061779 
84,900000 0,067180 
85,000000 0,062680 
85,100000 0,067668 
85,200000 0,061782 
85,300000 0,055355 
85,400000 0,051707 
85,500000 0,052060 
85,600000 0,055399 
85,700000 0,054759 
85,800000 0,058533 
85,900000 0,064499 
86,000000 0,064667 
86,100000 0,059906 
86,200000 0,043642 
86,300000 0,058681 
86,400000 0,056261 
86,500000 0,061329 
86,600000 0,054706 
86,700000 0,051538 
86,800000 0,051299 
86,900000 0,053454 
87,000000 0,057102 
87,100000 0,062845 
87,200000 0,058117 
87,300000 0,059705 
87,400000 0,066099 
87,500000 0,064850 
87,600000 0,064885 
87,700000 0,068323 
87,800000 0,067038 
87,900000 0,058657 
88,000000 0,052346 
88,100000 0,056217 
88,200000 0,059257 
88,300000 0,067683 
88,400000 0,071840 
88,500000 0,073119 
88,600000 0,068386 
88,700000 0,061808 
88,800000 0,056878 
88,900000 0,055080 
89,000000 0,058993 
89,100000 0,062556 
89,200000 0,063336 
89,300000 0,062567 
89,400000 0,065208 
89,500000 0,058220 
89,600000 0,065799 
89,700000 0,073902 
89,800000 0,058348 
89,900000 0,058954 
90,000000 0,072732 
90,100000 0,072114 
90,200000 0,071078 
90,300000 0,078998 
90,400000 0,073454 
90,500000 0,076491 
90,600000 0,058764 
90,700000 0,058520 
90,800000 0,061651 
90,900000 0,064551 
91,000000 0,073091 
91,100000 0,082004 
91,200000 0,076414 
91,300000 0,068349 
91,400000 0,070338 
91,500000 0,071956 
91,600000 0,064964 
91,700000 0,070485 
91,800000 0,069494 
91,900000 0,067593 
92,000000 0,067364 
92,100000 0,066276 
92,200000 0,064188 
92,300000 0,068302 
92,400000 0,062449 
92,500000 0,062518 
92,600000 0,069323 
92,700000 0,060442 
92,800000 0,067347 
92,900000 0,065863 
93,000000 0,062393 
93,100000 0,067652 
93,200000 0,063580 
93,300000 0,062438 
93,400000 0,067314 
93,500000 0,066165 
93,600000 0,065775 
93,700000 0,072552 
93,800000 0,074561 
93,900000 0,085575 
94,000000 0,087078 
94,100000 0,080274 
94,200000 0,080616 
94,300000 0,075242 
94,400000 0,077541 
94,500000 0,079221 
94,600000 0,088059 
94,700000 0,090660 
94,800000 0,087616 
94,900000 0,078895 
95,000000 0,074082 
95,100000 0,080206 
95,200000 0,103203 
95,300000 0,096620 
95,400000 0,093881 
95,500000 0,093919 
95,600000 0,084979 
95,700000 0,077499 
95,800000 0,094635 
95,900000 0,092048 
96,000000 0,097330 
96,100000 0,098798 
96,200000 0,097509 
96,300000 0,094017 
96,400000 0,082252 
96,500000 0,079344 
96,600000 0,088032 
96,700000 0,082302 
96,800000 0,080167 
96,900000 0,086995 
97,000000 0,092908 
97,100000 0,093485 
97,200000 0,092407 
97,300000 0,090851 
97,400000 0,089428 
97,500000 0,080742 
97,600000 0,085336 
97,700000 0,087105 
97,800000 0,093569 
97,900000 0,091854 
98,000000 0,092742 
98,100000 0,093995 
98,200000 0,090949 
98,300000 0,090563 
98,400000 0,092887 
98,500000 0,093856 
98,600000 0,093158 
98,700000 0,093476 
98,800000 0,093971 
98,900000 0,095025 
99,000000 0,095833 
99,100000 0,091732 
99,200000 0,085716 
99,300000 0,083679 
99,400000 0,093798 
99,500000 0,092547 
99,600000 0,086561 
99,700000 0,089227 
99,800000 0,079843 
99,900000 0,086487 
100,000000 0,088917 
