0,000000 -0,345128 
0,100000 -0,615181 
0,200000 -0,779430 
0,300000 -0,869937 
0,400000 -0,930779 
0,500000 -0,958543 
0,600000 -0,981633 
0,700000 -0,987453 
0,800000 -0,999690 
0,900000 -1,002631 
1,000000 -1,006365 
1,100000 -1,010013 
1,200000 -1,009409 
1,300000 -1,014531 
1,400000 -1,016181 
1,500000 -1,017182 
1,600000 -1,029652 
1,700000 -1,021655 
1,800000 -1,029500 
1,900000 -0,851911 
2,000000 -0,589212 
2,100000 -0,454613 
2,200000 -0,332986 
2,300000 -0,243952 
2,400000 -0,186733 
2,500000 -0,157095 
2,600000 -0,154135 
2,700000 -0,214161 
2,800000 -0,459406 
2,900000 -0,838277 
3,000000 -0,924634 
3,100000 -0,651858 
3,200000 -0,402884 
3,300000 -0,253896 
3,400000 -0,163367 
3,500000 -0,112614 
3,600000 -0,082151 
3,700000 -0,063764 
3,800000 -0,047535 
3,900000 -0,040688 
4,000000 -0,036485 
4,100000 -0,032740 
4,200000 -0,031772 
4,300000 -0,032515 
4,400000 -0,029951 
4,500000 -0,030634 
4,600000 -0,026666 
4,700000 -0,029784 
4,800000 -0,029277 
4,900000 -0,030867 
5,000000 -0,031192 
5,100000 -0,028728 
5,200000 -0,025519 
5,300000 -0,027133 
5,400000 -0,029593 
5,500000 -0,037612 
5,600000 -0,033139 
5,700000 -0,034611 
5,800000 -0,031885 
5,900000 -0,031904 
6,000000 -0,028603 
6,100000 -0,031651 
6,200000 -0,036603 
6,300000 -0,025979 
6,400000 -0,022189 
6,500000 -0,023597 
6,600000 -0,025233 
6,700000 -0,029616 
6,800000 -0,030504 
6,900000 -0,026057 
7,000000 -0,023555 
7,100000 -0,023605 
7,200000 -0,020465 
7,300000 -0,019030 
7,400000 -0,023779 
7,500000 -0,026881 
7,600000 -0,027013 
7,700000 -0,025096 
7,800000 -0,023199 
7,900000 -0,023572 
8,000000 -0,027452 
8,100000 -0,022664 
8,200000 -0,027235 
8,300000 -0,026186 
8,400000 -0,027084 
8,500000 -0,026402 
8,600000 -0,026303 
8,700000 -0,025357 
8,800000 -0,020840 
8,900000 -0,021199 
9,000000 -0,022830 
9,100000 -0,027958 
9,200000 -0,027701 
9,300000 -0,028171 
9,400000 -0,026894 
9,500000 -0,027284 
9,600000 -0,024522 
9,700000 -0,030080 
9,800000 -0,026127 
9,900000 -0,027264 
10,000000 -0,026187 
10,100000 -0,026787 
10,200000 -0,026496 
10,300000 -0,028971 
10,400000 -0,027382 
10,500000 -0,028819 
10,600000 -0,028511 
10,700000 -0,031740 
10,800000 -0,027897 
10,900000 -0,027788 
11,000000 -0,029736 
11,100000 -0,029024 
11,200000 -0,027862 
11,300000 -0,029367 
11,400000 -0,028550 
11,500000 -0,029516 
11,600000 -0,026929 
11,700000 -0,028249 
11,800000 -0,030029 
11,900000 -0,037105 
12,000000 -0,057613 
12,100000 -0,096760 
12,200000 -0,160159 
12,300000 -0,222201 
12,400000 -0,261514 
12,500000 -0,259035 
12,600000 -0,209942 
12,700000 -0,146605 
12,800000 -0,104517 
12,900000 -0,082042 
13,000000 -0,092185 
13,100000 -0,131850 
13,200000 -0,200311 
13,300000 -0,255830 
13,400000 -0,289319 
13,500000 -0,287790 
13,600000 -0,233328 
13,700000 -0,171746 
13,800000 -0,127848 
13,900000 -0,133057 
14,000000 -0,190359 
14,100000 -0,333948 
14,200000 -0,525681 
14,300000 -0,680918 
14,400000 -0,749453 
14,500000 -0,708948 
14,600000 -0,534201 
14,700000 -0,353561 
14,800000 -0,255009 
14,900000 -0,249751 
15,000000 -0,371413 
15,100000 -0,669233 
15,200000 -1,049187 
15,300000 -1,342022 
15,400000 -1,452506 
15,500000 -1,341363 
15,600000 -0,947273 
15,700000 -0,599647 
15,800000 -0,403225 
15,900000 -0,345792 
16,000000 -0,411299 
16,100000 -0,623464 
16,200000 -0,893278 
16,300000 -1,072705 
16,400000 -1,119355 
16,500000 -1,008676 
16,600000 -0,713287 
16,700000 -0,451416 
16,800000 -0,314097 
16,900000 -0,271444 
17,000000 -0,323088 
17,100000 -0,455101 
17,200000 -0,571827 
17,300000 -0,649307 
17,400000 -0,646603 
17,500000 -0,556788 
17,600000 -0,395437 
17,700000 -0,290427 
17,800000 -0,290362 
17,900000 -0,427493 
18,000000 -0,786618 
18,100000 -1,317530 
18,200000 -1,761743 
18,300000 -2,019705 
18,400000 -2,066172 
18,500000 -1,657097 
18,600000 -1,039739 
18,700000 -0,615546 
18,800000 -0,388527 
18,900000 -0,283152 
19,000000 -0,263068 
19,100000 -0,285087 
19,200000 -0,310426 
19,300000 -0,323339 
19,400000 -0,318895 
19,500000 -0,268175 
19,600000 -0,188439 
19,700000 -0,138627 
19,800000 -0,121086 
19,900000 -0,143724 
20,000000 -0,197097 
20,100000 -0,245841 
20,200000 -0,279904 
20,300000 -0,290254 
20,400000 -0,280882 
20,500000 -0,216010 
20,600000 -0,146674 
20,700000 -0,102250 
20,800000 -0,074535 
20,900000 -0,059920 
21,000000 -0,058975 
21,100000 -0,051979 
21,200000 -0,045914 
21,300000 -0,040113 
21,400000 -0,037938 
21,500000 -0,039751 
21,600000 -0,041145 
21,700000 -0,040346 
21,800000 -0,041632 
21,900000 -0,041706 
22,000000 -0,042996 
22,100000 -0,042079 
22,200000 -0,043997 
22,300000 -0,042596 
22,400000 -0,042656 
22,500000 -0,040881 
22,600000 -0,034037 
22,700000 -0,029719 
22,800000 -0,033324 
22,900000 -0,035131 
23,000000 -0,032286 
23,100000 -0,027729 
23,200000 -0,026979 
23,300000 -0,030271 
23,400000 -0,033114 
23,500000 -0,032731 
23,600000 -0,035295 
23,700000 -0,040009 
23,800000 -0,050603 
23,900000 -0,072902 
24,000000 -0,099696 
24,100000 -0,123298 
24,200000 -0,139784 
24,300000 -0,143823 
24,400000 -0,140401 
24,500000 -0,122423 
24,600000 -0,099455 
24,700000 -0,095028 
24,800000 -0,121032 
24,900000 -0,183696 
25,000000 -0,274222 
25,100000 -0,353917 
25,200000 -0,403879 
25,300000 -0,421664 
25,400000 -0,403246 
25,500000 -0,337979 
25,600000 -0,267111 
25,700000 -0,291580 
25,800000 -0,433680 
25,900000 -0,774131 
26,000000 -1,221794 
26,100000 -1,620260 
26,200000 -1,861014 
26,300000 -1,926133 
26,400000 -1,796971 
26,500000 -1,412091 
26,600000 -0,917953 
26,700000 -0,681308 
26,800000 -0,694676 
26,900000 -0,996839 
27,000000 -1,464847 
27,100000 -1,873307 
27,200000 -2,128192 
27,300000 -2,186825 
27,400000 -2,067989 
27,500000 -1,648698 
27,600000 -1,257574 
27,700000 -1,315188 
27,800000 -1,992688 
27,900000 -3,574814 
28,000000 -5,464107 
28,100000 -6,817773 
28,200000 -7,419189 
28,300000 -7,167366 
28,400000 -6,238397 
28,500000 -4,165248 
28,600000 -2,279884 
28,700000 -1,426575 
28,800000 -1,185647 
28,900000 -1,363773 
29,000000 -1,756077 
29,100000 -2,046812 
29,200000 -2,189179 
29,300000 -2,179469 
29,400000 -1,949737 
29,500000 -1,405860 
29,600000 -0,869150 
29,700000 -0,571048 
29,800000 -0,453105 
29,900000 -0,454172 
30,000000 -0,512886 
30,100000 -0,558109 
30,200000 -0,589098 
30,300000 -0,591352 
30,400000 -0,554662 
30,500000 -0,461440 
30,600000 -0,423347 
30,700000 -0,672937 
30,800000 -1,283220 
30,900000 -2,462594 
31,000000 -3,792903 
31,100000 -4,794037 
31,200000 -5,241160 
31,300000 -5,164285 
31,400000 -4,552182 
31,500000 -3,059909 
31,600000 -1,715516 
31,700000 -0,992805 
31,800000 -0,663114 
31,900000 -0,521076 
32,000000 -0,459689 
32,100000 -0,433713 
32,200000 -0,412375 
32,300000 -0,376116 
32,400000 -0,327661 
32,500000 -0,229731 
32,600000 -0,152406 
32,700000 -0,109732 
32,800000 -0,081759 
32,900000 -0,071824 
33,000000 -0,067643 
33,100000 -0,067941 
33,200000 -0,066148 
33,300000 -0,062742 
33,400000 -0,057604 
33,500000 -0,044197 
33,600000 -0,038349 
33,700000 -0,033351 
33,800000 -0,030047 
33,900000 -0,035701 
34,000000 -0,036654 
34,100000 -0,037693 
34,200000 -0,040669 
34,300000 -0,041614 
34,400000 -0,041687 
34,500000 -0,038264 
34,600000 -0,029252 
34,700000 -0,029467 
34,800000 -0,031177 
34,900000 -0,029483 
35,000000 -0,036398 
35,100000 -0,035767 
35,200000 -0,031959 
35,300000 -0,031742 
35,400000 -0,030310 
35,500000 -0,030100 
35,600000 -0,030677 
35,700000 -0,031136 
35,800000 -0,032246 
35,900000 -0,036361 
36,000000 -0,039263 
36,100000 -0,040269 
36,200000 -0,039339 
36,300000 -0,041959 
36,400000 -0,039039 
36,500000 -0,035730 
36,600000 -0,031925 
36,700000 -0,031686 
36,800000 -0,035503 
36,900000 -0,048799 
37,000000 -0,058661 
37,100000 -0,060198 
37,200000 -0,064820 
37,300000 -0,065707 
37,400000 -0,061086 
37,500000 -0,051070 
37,600000 -0,045438 
37,700000 -0,043076 
37,800000 -0,051010 
37,900000 -0,060917 
38,000000 -0,074833 
38,100000 -0,086585 
38,200000 -0,088540 
38,300000 -0,088929 
38,400000 -0,083631 
38,500000 -0,070838 
38,600000 -0,063463 
38,700000 -0,066427 
38,800000 -0,091348 
38,900000 -0,141522 
39,000000 -0,191017 
39,100000 -0,228787 
39,200000 -0,248538 
39,300000 -0,251536 
39,400000 -0,238194 
39,500000 -0,195048 
39,600000 -0,185988 
39,700000 -0,235941 
39,800000 -0,375385 
39,900000 -0,657770 
40,000000 -0,914426 
40,100000 -1,082042 
40,200000 -1,132106 
40,300000 -1,054515 
40,400000 -0,819621 
40,500000 -0,545891 
40,600000 -0,346470 
40,700000 -0,248478 
40,800000 -0,210074 
40,900000 -0,262688 
41,000000 -0,337026 
41,100000 -0,396351 
41,200000 -0,420780 
41,300000 -0,431645 
41,400000 -0,385990 
41,500000 -0,291211 
41,600000 -0,203603 
41,700000 -0,160754 
41,800000 -0,167615 
41,900000 -0,234748 
42,000000 -0,325419 
42,100000 -0,389162 
42,200000 -0,423356 
42,300000 -0,422146 
42,400000 -0,377135 
42,500000 -0,277789 
42,600000 -0,204257 
42,700000 -0,176661 
42,800000 -0,209995 
42,900000 -0,366775 
43,000000 -0,549919 
43,100000 -0,687350 
43,200000 -0,751234 
43,300000 -0,758770 
43,400000 -0,687326 
43,500000 -0,500352 
43,600000 -0,343097 
43,700000 -0,263005 
43,800000 -0,253636 
43,900000 -0,352123 
44,000000 -0,469517 
44,100000 -0,555094 
44,200000 -0,594931 
44,300000 -0,580014 
44,400000 -0,510174 
44,500000 -0,379042 
44,600000 -0,288056 
44,700000 -0,284145 
44,800000 -0,366618 
44,900000 -0,720130 
45,000000 -1,136836 
45,100000 -1,471194 
45,200000 -1,639248 
45,300000 -1,657614 
45,400000 -1,474671 
45,500000 -1,029210 
45,600000 -0,654198 
45,700000 -0,450564 
45,800000 -0,379445 
45,900000 -0,429332 
46,000000 -0,605762 
46,100000 -0,765882 
46,200000 -0,851642 
46,300000 -0,866337 
46,400000 -0,783474 
46,500000 -0,567251 
46,600000 -0,368594 
46,700000 -0,240770 
46,800000 -0,170509 
46,900000 -0,129227 
47,000000 -0,107800 
47,100000 -0,103640 
47,200000 -0,090838 
47,300000 -0,086607 
47,400000 -0,078355 
47,500000 -0,066894 
47,600000 -0,053106 
47,700000 -0,046178 
47,800000 -0,044221 
47,900000 -0,042261 
48,000000 -0,041351 
48,100000 -0,037456 
48,200000 -0,040625 
48,300000 -0,040084 
48,400000 -0,040120 
48,500000 -0,035749 
48,600000 -0,036325 
48,700000 -0,034361 
48,800000 -0,034360 
48,900000 -0,034239 
49,000000 -0,036804 
49,100000 -0,036723 
49,200000 -0,037956 
49,300000 -0,038376 
49,400000 -0,038726 
49,500000 -0,038253 
49,600000 -0,041154 
49,700000 -0,038783 
49,800000 -0,039309 
49,900000 -0,044129 
50,000000 -0,052219 
50,100000 -0,056633 
50,200000 -0,059970 
50,300000 -0,057363 
50,400000 -0,053659 
50,500000 -0,045221 
50,600000 -0,042274 
50,700000 -0,042267 
50,800000 -0,039757 
50,900000 -0,044093 
51,000000 -0,049021 
51,100000 -0,052512 
51,200000 -0,054875 
51,300000 -0,054363 
51,400000 -0,052539 
51,500000 -0,045312 
51,600000 -0,036436 
51,700000 -0,037008 
51,800000 -0,039211 
51,900000 -0,039586 
52,000000 -0,040926 
52,100000 -0,045080 
52,200000 -0,046777 
52,300000 -0,045480 
52,400000 -0,045052 
52,500000 -0,041507 
52,600000 -0,038425 
52,700000 -0,035675 
52,800000 -0,042447 
52,900000 -0,038956 
53,000000 -0,043538 
53,100000 -0,047848 
53,200000 -0,055315 
53,300000 -0,055380 
53,400000 -0,048016 
53,500000 -0,041561 
53,600000 -0,041006 
53,700000 -0,041276 
53,800000 -0,037393 
53,900000 -0,038219 
54,000000 -0,034884 
54,100000 -0,040564 
54,200000 -0,046429 
54,300000 -0,046663 
54,400000 -0,046095 
54,500000 -0,037532 
54,600000 -0,036086 
54,700000 -0,037084 
54,800000 -0,037356 
54,900000 -0,039530 
55,000000 -0,046189 
55,100000 -0,054104 
55,200000 -0,060500 
55,300000 -0,064288 
55,400000 -0,062092 
55,500000 -0,057122 
55,600000 -0,049579 
55,700000 -0,045456 
55,800000 -0,049367 
55,900000 -0,059255 
56,000000 -0,073529 
56,100000 -0,098230 
56,200000 -0,114786 
56,300000 -0,124039 
56,400000 -0,120233 
56,500000 -0,102784 
56,600000 -0,079917 
56,700000 -0,065276 
56,800000 -0,059313 
56,900000 -0,059178 
57,000000 -0,073838 
57,100000 -0,101371 
57,200000 -0,125639 
57,300000 -0,139015 
57,400000 -0,137286 
57,500000 -0,117648 
57,600000 -0,088267 
57,700000 -0,065314 
57,800000 -0,051175 
57,900000 -0,045529 
58,000000 -0,044896 
58,100000 -0,041267 
58,200000 -0,041902 
58,300000 -0,040314 
58,400000 -0,040694 
58,500000 -0,039498 
58,600000 -0,037854 
58,700000 -0,036763 
58,800000 -0,035654 
58,900000 -0,033339 
59,000000 -0,031634 
59,100000 -0,034071 
59,200000 -0,033764 
59,300000 -0,033299 
59,400000 -0,031937 
59,500000 -0,032122 
59,600000 -0,032532 
59,700000 -0,032298 
59,800000 -0,030643 
59,900000 -0,031799 
60,000000 -0,030992 
60,100000 -0,032647 
60,200000 -0,034847 
60,300000 -0,032227 
60,400000 -0,032975 
60,500000 -0,033581 
60,600000 -0,033281 
60,700000 -0,036563 
60,800000 -0,036772 
60,900000 -0,035754 
61,000000 -0,035831 
61,100000 -0,037377 
61,200000 -0,034649 
61,300000 -0,035074 
61,400000 -0,034593 
61,500000 -0,033263 
61,600000 -0,034875 
61,700000 -0,034027 
61,800000 -0,032383 
61,900000 -0,033478 
62,000000 -0,030552 
62,100000 -0,032536 
62,200000 -0,032167 
62,300000 -0,035018 
62,400000 -0,034501 
62,500000 -0,035198 
62,600000 -0,033109 
62,700000 -0,032051 
62,800000 -0,035512 
62,900000 -0,040414 
63,000000 -0,041226 
63,100000 -0,039241 
63,200000 -0,039983 
63,300000 -0,040530 
63,400000 -0,040497 
63,500000 -0,036839 
63,600000 -0,037735 
63,700000 -0,037807 
63,800000 -0,032862 
63,900000 -0,037097 
64,000000 -0,033982 
64,100000 -0,036947 
64,200000 -0,038423 
64,300000 -0,037714 
64,400000 -0,037599 
64,500000 -0,032361 
64,600000 -0,037343 
64,700000 -0,038789 
64,800000 -0,037695 
64,900000 -0,036828 
65,000000 -0,039532 
65,100000 -0,033967 
65,200000 -0,029986 
65,300000 -0,033171 
65,400000 -0,035290 
65,500000 -0,028494 
65,600000 -0,030457 
65,700000 -0,030344 
65,800000 -0,031478 
65,900000 -0,029562 
66,000000 -0,030524 
66,100000 -0,033550 
66,200000 -0,035685 
66,300000 -0,036902 
66,400000 -0,036631 
66,500000 -0,035970 
66,600000 -0,034351 
66,700000 -0,034269 
66,800000 -0,031360 
66,900000 -0,032751 
67,000000 -0,032058 
67,100000 -0,033387 
67,200000 -0,034489 
67,300000 -0,033198 
67,400000 -0,035466 
67,500000 -0,038099 
67,600000 -0,036545 
67,700000 -0,036990 
67,800000 -0,033180 
67,900000 -0,032829 
68,000000 -0,029940 
68,100000 -0,035124 
68,200000 -0,039197 
68,300000 -0,038443 
68,400000 -0,038061 
68,500000 -0,035264 
68,600000 -0,037823 
68,700000 -0,031452 
68,800000 -0,030730 
68,900000 -0,034848 
69,000000 -0,039343 
69,100000 -0,045580 
69,200000 -0,053999 
69,300000 -0,060998 
69,400000 -0,059193 
69,500000 -0,054729 
69,600000 -0,047714 
69,700000 -0,042573 
69,800000 -0,040754 
69,900000 -0,038759 
70,000000 -0,037889 
70,100000 -0,040554 
70,200000 -0,040909 
70,300000 -0,039545 
70,400000 -0,040616 
70,500000 -0,041849 
70,600000 -0,036982 
70,700000 -0,035261 
70,800000 -0,034672 
70,900000 -0,039070 
71,000000 -0,039815 
71,100000 -0,043106 
71,200000 -0,050207 
71,300000 -0,056289 
71,400000 -0,057946 
71,500000 -0,057524 
71,600000 -0,050084 
71,700000 -0,045900 
71,800000 -0,040351 
71,900000 -0,037056 
72,000000 -0,032977 
72,100000 -0,035401 
72,200000 -0,036501 
72,300000 -0,037723 
72,400000 -0,038340 
72,500000 -0,038414 
72,600000 -0,036709 
72,700000 -0,035213 
72,800000 -0,036554 
72,900000 -0,035160 
73,000000 -0,034620 
73,100000 -0,029380 
73,200000 -0,031388 
73,300000 -0,033335 
73,400000 -0,031812 
73,500000 -0,032674 
73,600000 -0,031870 
73,700000 -0,033945 
73,800000 -0,033823 
73,900000 -0,033240 
74,000000 -0,028646 
74,100000 -0,027576 
74,200000 -0,029507 
74,300000 -0,033420 
74,400000 -0,040077 
74,500000 -0,038948 
74,600000 -0,036859 
74,700000 -0,033542 
74,800000 -0,036392 
74,900000 -0,035307 
75,000000 -0,035233 
75,100000 -0,035096 
75,200000 -0,034206 
75,300000 -0,033014 
75,400000 -0,033597 
75,500000 -0,032968 
75,600000 -0,032713 
75,700000 -0,032018 
75,800000 -0,034186 
75,900000 -0,035285 
76,000000 -0,034319 
76,100000 -0,038318 
76,200000 -0,033551 
76,300000 -0,035717 
76,400000 -0,034907 
76,500000 -0,036956 
76,600000 -0,037174 
76,700000 -0,035158 
76,800000 -0,034880 
76,900000 -0,035719 
77,000000 -0,036272 
77,100000 -0,036188 
77,200000 -0,036628 
77,300000 -0,035957 
77,400000 -0,034676 
77,500000 -0,034932 
77,600000 -0,037868 
77,700000 -0,044543 
77,800000 -0,037877 
77,900000 -0,034125 
78,000000 -0,031168 
78,100000 -0,025441 
78,200000 -0,033073 
78,300000 -0,039170 
78,400000 -0,030155 
78,500000 -0,030646 
78,600000 -0,032165 
78,700000 -0,029075 
78,800000 -0,030551 
78,900000 -0,029690 
79,000000 -0,034567 
79,100000 -0,031974 
79,200000 -0,031232 
79,300000 -0,033740 
79,400000 -0,030828 
79,500000 -0,030592 
79,600000 -0,037233 
79,700000 -0,039458 
79,800000 -0,031019 
79,900000 -0,032264 
80,000000 -0,031623 
80,100000 -0,030460 
80,200000 -0,030132 
80,300000 -0,028268 
80,400000 -0,030059 
80,500000 -0,033991 
80,600000 -0,032275 
80,700000 -0,032424 
80,800000 -0,034128 
80,900000 -0,034250 
81,000000 -0,033107 
81,100000 -0,035495 
81,200000 -0,033846 
81,300000 -0,032557 
81,400000 -0,035344 
81,500000 -0,035459 
81,600000 -0,031532 
81,700000 -0,028917 
81,800000 -0,029732 
81,900000 -0,030248 
82,000000 -0,031723 
82,100000 -0,032624 
82,200000 -0,032338 
82,300000 -0,031553 
82,400000 -0,033952 
82,500000 -0,035803 
82,600000 -0,035983 
82,700000 -0,032665 
82,800000 -0,032930 
82,900000 -0,030467 
83,000000 -0,034629 
83,100000 -0,034530 
83,200000 -0,033761 
83,300000 -0,035977 
83,400000 -0,033518 
83,500000 -0,032327 
83,600000 -0,033803 
83,700000 -0,035808 
83,800000 -0,031469 
83,900000 -0,035204 
84,000000 -0,033575 
84,100000 -0,031998 
84,200000 -0,030325 
84,300000 -0,032531 
84,400000 -0,031262 
84,500000 -0,033687 
84,600000 -0,032935 
84,700000 -0,032778 
84,800000 -0,032224 
84,900000 -0,031501 
85,000000 -0,032297 
85,100000 -0,029460 
85,200000 -0,031391 
85,300000 -0,029460 
85,400000 -0,033742 
85,500000 -0,033600 
85,600000 -0,040630 
85,700000 -0,038277 
85,800000 -0,037730 
85,900000 -0,034920 
86,000000 -0,035193 
86,100000 -0,033580 
86,200000 -0,034177 
86,300000 -0,034865 
86,400000 -0,036216 
86,500000 -0,040915 
86,600000 -0,039131 
86,700000 -0,034768 
86,800000 -0,034612 
86,900000 -0,035164 
87,000000 -0,035406 
87,100000 -0,034780 
87,200000 -0,034502 
87,300000 -0,032492 
87,400000 -0,034496 
87,500000 -0,035456 
87,600000 -0,032802 
87,700000 -0,031961 
87,800000 -0,033026 
87,900000 -0,032541 
88,000000 -0,035883 
88,100000 -0,038828 
88,200000 -0,037491 
88,300000 -0,035663 
88,400000 -0,032809 
88,500000 -0,032950 
88,600000 -0,034456 
88,700000 -0,032281 
88,800000 -0,027364 
88,900000 -0,032768 
89,000000 -0,032205 
89,100000 -0,028397 
89,200000 -0,034009 
89,300000 -0,032691 
89,400000 -0,029137 
89,500000 -0,027554 
89,600000 -0,027554 
89,700000 -0,027932 
89,800000 -0,026133 
89,900000 -0,026090 
90,000000 -0,027367 
90,100000 -0,029426 
90,200000 -0,029236 
90,300000 -0,036809 
90,400000 -0,030694 
90,500000 -0,034945 
90,600000 -0,032655 
90,700000 -0,032550 
90,800000 -0,031914 
90,900000 -0,032656 
91,000000 -0,033194 
91,100000 -0,035451 
91,200000 -0,027520 
91,300000 -0,025359 
91,400000 -0,020579 
91,500000 -0,027238 
91,600000 -0,037356 
91,700000 -0,035004 
91,800000 -0,030912 
91,900000 -0,034738 
92,000000 -0,036847 
92,100000 -0,036760 
92,200000 -0,037018 
92,300000 -0,034310 
92,400000 -0,036717 
92,500000 -0,026438 
92,600000 -0,033884 
92,700000 -0,020521 
92,800000 -0,023044 
92,900000 -0,026668 
93,000000 -0,028523 
93,100000 -0,027998 
93,200000 -0,028053 
93,300000 -0,028193 
93,400000 -0,026367 
93,500000 -0,028258 
93,600000 -0,027564 
93,700000 -0,031074 
93,800000 -0,031572 
93,900000 -0,028635 
94,000000 -0,031828 
94,100000 -0,028322 
94,200000 -0,028973 
94,300000 -0,031163 
94,400000 -0,033258 
94,500000 -0,036526 
94,600000 -0,035813 
94,700000 -0,033157 
94,800000 -0,032403 
94,900000 -0,032044 
95,000000 -0,029585 
95,100000 -0,028831 
95,200000 -0,031723 
95,300000 -0,032024 
95,400000 -0,031738 
95,500000 -0,034358 
95,600000 -0,031615 
95,700000 -0,031200 
95,800000 -0,028901 
95,900000 -0,034075 
96,000000 -0,032954 
96,100000 -0,030290 
96,200000 -0,030022 
96,300000 -0,029313 
96,400000 -0,031581 
96,500000 -0,028765 
96,600000 -0,033385 
96,700000 -0,035646 
96,800000 -0,036878 
96,900000 -0,033020 
97,000000 -0,026832 
97,100000 -0,028224 
97,200000 -0,028669 
97,300000 -0,030470 
97,400000 -0,029994 
97,500000 -0,030852 
97,600000 -0,031643 
97,700000 -0,031726 
97,800000 -0,031300 
97,900000 -0,032940 
98,000000 -0,033757 
98,100000 -0,031963 
98,200000 -0,031431 
98,300000 -0,030512 
98,400000 -0,031173 
98,500000 -0,028339 
98,600000 -0,030517 
98,700000 -0,030687 
98,800000 -0,028210 
98,900000 -0,028133 
99,000000 -0,027895 
99,100000 -0,026986 
99,200000 -0,031344 
99,300000 -0,028773 
99,400000 -0,031269 
99,500000 -0,031750 
99,600000 -0,031717 
99,700000 -0,031626 
99,800000 -0,031264 
99,900000 -0,030150 
100,000000 -0,030062 
