0,000000 -5,374306 
0,100000 -2,582828 
0,200000 -1,461495 
0,300000 -0,931184 
0,400000 -0,651899 
0,500000 -0,479836 
0,600000 -0,392377 
0,700000 -0,341676 
0,800000 -0,308780 
0,900000 -0,277988 
1,000000 -0,269379 
1,100000 -0,253004 
1,200000 -0,241594 
1,300000 -0,232560 
1,400000 -0,227939 
1,500000 -0,221547 
1,600000 -0,221371 
1,700000 -0,226400 
1,800000 -0,227809 
1,900000 -0,172375 
2,000000 -0,126135 
2,100000 -0,176576 
2,200000 -0,127893 
2,300000 -0,059837 
2,400000 -0,023110 
2,500000 -0,003254 
2,600000 0,009501 
2,700000 -0,023893 
2,800000 -0,194095 
2,900000 -0,328788 
3,000000 -0,299413 
3,100000 -0,184790 
3,200000 -0,086862 
3,300000 -0,032395 
3,400000 0,008564 
3,500000 0,027460 
3,600000 0,032855 
3,700000 0,045031 
3,800000 0,051822 
3,900000 0,049919 
4,000000 0,053359 
4,100000 0,053615 
4,200000 0,054062 
4,300000 0,056467 
4,400000 0,057881 
4,500000 0,050738 
4,600000 0,048480 
4,700000 0,052519 
4,800000 0,054254 
4,900000 0,056171 
5,000000 0,054243 
5,100000 0,054887 
5,200000 0,059104 
5,300000 0,054980 
5,400000 0,053044 
5,500000 0,058299 
5,600000 0,049749 
5,700000 0,052830 
5,800000 0,048069 
5,900000 0,054280 
6,000000 0,056836 
6,100000 0,056607 
6,200000 0,053621 
6,300000 0,054781 
6,400000 0,057757 
6,500000 0,053453 
6,600000 0,053331 
6,700000 0,058284 
6,800000 0,055470 
6,900000 0,052252 
7,000000 0,053833 
7,100000 0,052684 
7,200000 0,052168 
7,300000 0,054472 
7,400000 0,055772 
7,500000 0,058880 
7,600000 0,047953 
7,700000 0,044023 
