0,000000 -0,231403 
0,100000 -0,232104 
0,200000 -0,231871 
0,300000 -0,232843 
0,400000 -0,231290 
0,500000 -0,231212 
0,600000 -0,227752 
0,700000 -0,232077 
0,800000 -0,235843 
0,900000 -0,229289 
1,000000 -0,235658 
1,100000 -0,230394 
1,200000 -0,230445 
1,300000 -0,228931 
1,400000 -0,231328 
1,500000 -0,227491 
1,600000 -0,228374 
1,700000 -0,230699 
1,800000 -0,226713 
1,900000 -0,174414 
2,000000 -0,134618 
2,100000 -0,117368 
2,200000 -0,103518 
2,300000 -0,094379 
2,400000 -0,087561 
2,500000 -0,086666 
2,600000 -0,084659 
2,700000 -0,089162 
2,800000 -0,101702 
2,900000 -0,117679 
3,000000 -0,116851 
3,100000 -0,101965 
3,200000 -0,089494 
3,300000 -0,082231 
3,400000 -0,078755 
3,500000 -0,084014 
3,600000 -0,082307 
3,700000 -0,084086 
3,800000 -0,082289 
3,900000 -0,075395 
4,000000 -0,078377 
4,100000 -0,076223 
4,200000 -0,079941 
4,300000 -0,080987 
4,400000 -0,080776 
4,500000 -0,080415 
4,600000 -0,078108 
4,700000 -0,079243 
4,800000 -0,082219 
4,900000 -0,081911 
5,000000 -0,082211 
5,100000 -0,082902 
5,200000 -0,078377 
5,300000 -0,080335 
5,400000 -0,078031 
5,500000 -0,080958 
5,600000 -0,081177 
5,700000 -0,080357 
5,800000 -0,080169 
5,900000 -0,081424 
6,000000 -0,082251 
6,100000 -0,082776 
6,200000 -0,081068 
6,300000 -0,078308 
6,400000 -0,077008 
6,500000 -0,080755 
6,600000 -0,080337 
6,700000 -0,081358 
6,800000 -0,079917 
6,900000 -0,079940 
7,000000 -0,081121 
7,100000 -0,076274 
7,200000 -0,077793 
7,300000 -0,083704 
7,400000 -0,080115 
7,500000 -0,078482 
7,600000 -0,080487 
7,700000 -0,082365 
7,800000 -0,078849 
7,900000 -0,080321 
8,000000 -0,078186 
8,100000 -0,080361 
8,200000 -0,077523 
8,300000 -0,077760 
8,400000 -0,080221 
8,500000 -0,078981 
8,600000 -0,080063 
8,700000 -0,078651 
8,800000 -0,078238 
8,900000 -0,081059 
9,000000 -0,080907 
9,100000 -0,082467 
9,200000 -0,078867 
9,300000 -0,078046 
9,400000 -0,075037 
9,500000 -0,074595 
9,600000 -0,076698 
9,700000 -0,081329 
9,800000 -0,079118 
9,900000 -0,079531 
10,000000 -0,085634 
10,100000 -0,083506 
10,200000 -0,078482 
10,300000 -0,077474 
10,400000 -0,081044 
10,500000 -0,084585 
10,600000 -0,081551 
10,700000 -0,079674 
10,800000 -0,080306 
10,900000 -0,083471 
11,000000 -0,075143 
11,100000 -0,081597 
11,200000 -0,083595 
11,300000 -0,082344 
11,400000 -0,082715 
11,500000 -0,085546 
11,600000 -0,084667 
11,700000 -0,085370 
11,800000 -0,084295 
11,900000 -0,088199 
12,000000 -0,094275 
12,100000 -0,100482 
12,200000 -0,105410 
12,300000 -0,106965 
12,400000 -0,107995 
12,500000 -0,104032 
12,600000 -0,099045 
12,700000 -0,090882 
12,800000 -0,088056 
12,900000 -0,087277 
13,000000 -0,088751 
13,100000 -0,086811 
13,200000 -0,090229 
13,300000 -0,089561 
13,400000 -0,091527 
13,500000 -0,095564 
13,600000 -0,099832 
13,700000 -0,119310 
13,800000 -0,168149 
13,900000 -0,259615 
14,000000 -0,357409 
14,100000 -0,419800 
14,200000 -0,457297 
14,300000 -0,466773 
14,400000 -0,436084 
14,500000 -0,385036 
14,600000 -0,282968 
14,700000 -0,187486 
14,800000 -0,139675 
14,900000 -0,131038 
15,000000 -0,136368 
15,100000 -0,141917 
15,200000 -0,143725 
15,300000 -0,143852 
15,400000 -0,139973 
15,500000 -0,135942 
15,600000 -0,131968 
15,700000 -0,141432 
15,800000 -0,183151 
15,900000 -0,241164 
16,000000 -0,285137 
16,100000 -0,308557 
16,200000 -0,318362 
16,300000 -0,315207 
16,400000 -0,295923 
16,500000 -0,265808 
16,600000 -0,223115 
16,700000 -0,219532 
16,800000 -0,275522 
16,900000 -0,345251 
17,000000 -0,398879 
17,100000 -0,423717 
17,200000 -0,432530 
17,300000 -0,424330 
17,400000 -0,396544 
17,500000 -0,373554 
17,600000 -0,357604 
17,700000 -0,443479 
17,800000 -0,623420 
17,900000 -0,790424 
18,000000 -0,885407 
18,100000 -0,931473 
18,200000 -0,942669 
18,300000 -0,907225 
18,400000 -0,840642 
18,500000 -0,679732 
18,600000 -0,416906 
18,700000 -0,233814 
18,800000 -0,146050 
18,900000 -0,113464 
19,000000 -0,101661 
19,100000 -0,097470 
19,200000 -0,096532 
19,300000 -0,094994 
19,400000 -0,095649 
19,500000 -0,093432 
19,600000 -0,099499 
19,700000 -0,107543 
19,800000 -0,115203 
19,900000 -0,114987 
20,000000 -0,117761 
20,100000 -0,120925 
20,200000 -0,119251 
20,300000 -0,117497 
20,400000 -0,113417 
20,500000 -0,106343 
20,600000 -0,094803 
20,700000 -0,087731 
20,800000 -0,085742 
20,900000 -0,083644 
21,000000 -0,084028 
21,100000 -0,084398 
21,200000 -0,083577 
21,300000 -0,084048 
21,400000 -0,084364 
21,500000 -0,084885 
21,600000 -0,083966 
21,700000 -0,084958 
21,800000 -0,083077 
21,900000 -0,084625 
22,000000 -0,083289 
22,100000 -0,083107 
22,200000 -0,085629 
22,300000 -0,084267 
22,400000 -0,084060 
22,500000 -0,084445 
22,600000 -0,082837 
22,700000 -0,081240 
22,800000 -0,082964 
22,900000 -0,082506 
23,000000 -0,084185 
23,100000 -0,082416 
23,200000 -0,086205 
23,300000 -0,084524 
23,400000 -0,082451 
23,500000 -0,082768 
23,600000 -0,083647 
23,700000 -0,084767 
23,800000 -0,088178 
23,900000 -0,086897 
24,000000 -0,087093 
24,100000 -0,088351 
24,200000 -0,086823 
24,300000 -0,088086 
24,400000 -0,086364 
24,500000 -0,088239 
24,600000 -0,088044 
24,700000 -0,090193 
24,800000 -0,091629 
24,900000 -0,093550 
25,000000 -0,090464 
25,100000 -0,092622 
25,200000 -0,096535 
25,300000 -0,090871 
25,400000 -0,095888 
25,500000 -0,103560 
25,600000 -0,114761 
25,700000 -0,121153 
25,800000 -0,126740 
25,900000 -0,128907 
26,000000 -0,128688 
26,100000 -0,131723 
26,200000 -0,131590 
26,300000 -0,135830 
26,400000 -0,140245 
26,500000 -0,157451 
26,600000 -0,173490 
26,700000 -0,186624 
26,800000 -0,203159 
26,900000 -0,222641 
27,000000 -0,250234 
27,100000 -0,312764 
27,200000 -0,468500 
27,300000 -0,833126 
27,400000 -1,593698 
27,500000 -2,884897 
27,600000 -4,240212 
27,700000 -5,020883 
27,800000 -5,370872 
27,900000 -5,519495 
28,000000 -5,435236 
28,100000 -5,236412 
28,200000 -4,911214 
28,300000 -4,491552 
28,400000 -3,962749 
28,500000 -3,039754 
28,600000 -1,500528 
28,700000 -0,636523 
28,800000 -0,351051 
28,900000 -0,251793 
29,000000 -0,207183 
29,100000 -0,185372 
29,200000 -0,177727 
29,300000 -0,174642 
29,400000 -0,177709 
29,500000 -0,185264 
29,600000 -0,177906 
29,700000 -0,174424 
29,800000 -0,178972 
29,900000 -0,176239 
30,000000 -0,176505 
30,100000 -0,165179 
30,200000 -0,164949 
30,300000 -0,162177 
30,400000 -0,150010 
30,500000 -0,145729 
30,600000 -0,134820 
30,700000 -0,116590 
30,800000 -0,115763 
30,900000 -0,119939 
31,000000 -0,127373 
31,100000 -0,157255 
31,200000 -0,213182 
31,300000 -0,340702 
31,400000 -0,529075 
31,500000 -0,699904 
31,600000 -0,814689 
31,700000 -0,893359 
31,800000 -0,937574 
31,900000 -0,939996 
32,000000 -0,927979 
32,100000 -0,891558 
32,200000 -0,835678 
32,300000 -0,778932 
32,400000 -0,686311 
32,500000 -0,546603 
32,600000 -0,333033 
32,700000 -0,189839 
32,800000 -0,128056 
32,900000 -0,102652 
33,000000 -0,092087 
33,100000 -0,091823 
33,200000 -0,090124 
33,300000 -0,091732 
33,400000 -0,091423 
33,500000 -0,092431 
33,600000 -0,088450 
33,700000 -0,087681 
33,800000 -0,093256 
33,900000 -0,093112 
34,000000 -0,084901 
34,100000 -0,083217 
34,200000 -0,087253 
34,300000 -0,084490 
34,400000 -0,087210 
34,500000 -0,089510 
34,600000 -0,086715 
34,700000 -0,088543 
34,800000 -0,090649 
34,900000 -0,089712 
35,000000 -0,088237 
35,100000 -0,083965 
35,200000 -0,086112 
35,300000 -0,082414 
35,400000 -0,088491 
35,500000 -0,086665 
35,600000 -0,088877 
35,700000 -0,087934 
35,800000 -0,085575 
35,900000 -0,088676 
36,000000 -0,083412 
36,100000 -0,088284 
36,200000 -0,089678 
36,300000 -0,087337 
36,400000 -0,089479 
36,500000 -0,086010 
36,600000 -0,088845 
36,700000 -0,088077 
36,800000 -0,089518 
36,900000 -0,089399 
37,000000 -0,088883 
37,100000 -0,089869 
37,200000 -0,090865 
37,300000 -0,091418 
37,400000 -0,089406 
37,500000 -0,090739 
37,600000 -0,091605 
37,700000 -0,091249 
37,800000 -0,094292 
37,900000 -0,093480 
38,000000 -0,092492 
38,100000 -0,094410 
38,200000 -0,096750 
38,300000 -0,098731 
38,400000 -0,103382 
38,500000 -0,104645 
38,600000 -0,107148 
38,700000 -0,107429 
38,800000 -0,106242 
38,900000 -0,109703 
39,000000 -0,115816 
39,100000 -0,126308 
39,200000 -0,146143 
39,300000 -0,163730 
39,400000 -0,179403 
39,500000 -0,186917 
39,600000 -0,194321 
39,700000 -0,186807 
39,800000 -0,187790 
39,900000 -0,186763 
40,000000 -0,185300 
40,100000 -0,184112 
40,200000 -0,182118 
40,300000 -0,179637 
40,400000 -0,177219 
40,500000 -0,164021 
40,600000 -0,145892 
40,700000 -0,132637 
40,800000 -0,130815 
40,900000 -0,127444 
41,000000 -0,125379 
41,100000 -0,127471 
41,200000 -0,129965 
41,300000 -0,130353 
41,400000 -0,128574 
41,500000 -0,125024 
41,600000 -0,119667 
41,700000 -0,114078 
41,800000 -0,110814 
41,900000 -0,115248 
42,000000 -0,121460 
42,100000 -0,136837 
42,200000 -0,161098 
42,300000 -0,187171 
42,400000 -0,208541 
42,500000 -0,223182 
42,600000 -0,227678 
42,700000 -0,233850 
42,800000 -0,233717 
42,900000 -0,243801 
43,000000 -0,245346 
43,100000 -0,263515 
43,200000 -0,284000 
43,300000 -0,299899 
43,400000 -0,304015 
43,500000 -0,298102 
43,600000 -0,274160 
43,700000 -0,254553 
43,800000 -0,244009 
43,900000 -0,233073 
44,000000 -0,221022 
44,100000 -0,216440 
44,200000 -0,212049 
44,300000 -0,202418 
44,400000 -0,187937 
44,500000 -0,169475 
44,600000 -0,135404 
44,700000 -0,114202 
44,800000 -0,108128 
44,900000 -0,101588 
45,000000 -0,099708 
45,100000 -0,098672 
45,200000 -0,096297 
45,300000 -0,100211 
45,400000 -0,098230 
45,500000 -0,099094 
45,600000 -0,095896 
45,700000 -0,090258 
45,800000 -0,094138 
45,900000 -0,089682 
46,000000 -0,092586 
46,100000 -0,093250 
46,200000 -0,093461 
46,300000 -0,095384 
46,400000 -0,096285 
46,500000 -0,095097 
46,600000 -0,094316 
46,700000 -0,091182 
46,800000 -0,093953 
46,900000 -0,093794 
47,000000 -0,091475 
47,100000 -0,093163 
47,200000 -0,093025 
47,300000 -0,089899 
47,400000 -0,089843 
47,500000 -0,088259 
47,600000 -0,088538 
47,700000 -0,086249 
47,800000 -0,087357 
47,900000 -0,088882 
48,000000 -0,087539 
48,100000 -0,085791 
48,200000 -0,086737 
48,300000 -0,085955 
48,400000 -0,087040 
48,500000 -0,087491 
48,600000 -0,086891 
48,700000 -0,087593 
48,800000 -0,088863 
48,900000 -0,087711 
49,000000 -0,088625 
49,100000 -0,090161 
49,200000 -0,089427 
49,300000 -0,092347 
49,400000 -0,090144 
49,500000 -0,089870 
49,600000 -0,089527 
49,700000 -0,090294 
49,800000 -0,088548 
49,900000 -0,090993 
