0,000000 -0,229758 
0,100000 -0,231859 
0,200000 -0,233078 
0,300000 -0,229042 
0,400000 -0,229624 
0,500000 -0,229977 
0,600000 -0,231640 
0,700000 -0,230943 
0,800000 -0,230075 
0,900000 -0,228646 
1,000000 -0,231174 
1,100000 -0,230863 
1,200000 -0,229831 
1,300000 -0,230396 
1,400000 -0,230409 
1,500000 -0,233089 
1,600000 -0,229634 
1,700000 -0,229844 
1,800000 -0,229241 
1,900000 -0,174094 
2,000000 -0,135992 
2,100000 -0,117068 
2,200000 -0,105238 
2,300000 -0,091840 
2,400000 -0,087096 
2,500000 -0,082251 
2,600000 -0,084039 
2,700000 -0,095871 
2,800000 -0,112148 
2,900000 -0,130002 
3,000000 -0,129533 
3,100000 -0,105604 
3,200000 -0,087965 
3,300000 -0,081519 
3,400000 -0,078489 
3,500000 -0,078096 
3,600000 -0,077111 
3,700000 -0,077808 
3,800000 -0,076500 
3,900000 -0,078182 
4,000000 -0,077053 
4,100000 -0,075933 
4,200000 -0,077370 
4,300000 -0,078223 
4,400000 -0,079554 
4,500000 -0,077492 
4,600000 -0,076493 
4,700000 -0,076545 
4,800000 -0,073516 
4,900000 -0,074162 
5,000000 -0,074245 
5,100000 -0,073621 
5,200000 -0,076172 
5,300000 -0,074066 
5,400000 -0,073323 
5,500000 -0,074813 
5,600000 -0,074418 
5,700000 -0,075721 
5,800000 -0,074963 
5,900000 -0,073647 
6,000000 -0,074674 
6,100000 -0,074320 
6,200000 -0,073692 
6,300000 -0,076937 
6,400000 -0,077703 
6,500000 -0,076951 
6,600000 -0,070272 
6,700000 -0,072364 
6,800000 -0,073510 
6,900000 -0,073464 
7,000000 -0,074524 
7,100000 -0,078291 
7,200000 -0,079698 
7,300000 -0,079389 
7,400000 -0,078718 
7,500000 -0,078760 
7,600000 -0,077534 
7,700000 -0,075540 
7,800000 -0,077607 
7,900000 -0,074308 
8,000000 -0,078924 
8,100000 -0,078602 
8,200000 -0,078761 
8,300000 -0,079321 
8,400000 -0,080155 
8,500000 -0,077912 
8,600000 -0,075588 
8,700000 -0,076112 
8,800000 -0,076080 
8,900000 -0,075531 
9,000000 -0,075193 
9,100000 -0,074115 
9,200000 -0,075999 
9,300000 -0,076284 
9,400000 -0,075087 
9,500000 -0,074921 
9,600000 -0,075899 
9,700000 -0,074630 
9,800000 -0,076622 
9,900000 -0,075600 
10,000000 -0,076264 
10,100000 -0,075821 
10,200000 -0,075410 
10,300000 -0,076806 
10,400000 -0,077671 
10,500000 -0,074945 
10,600000 -0,075910 
10,700000 -0,078358 
10,800000 -0,077354 
10,900000 -0,075729 
11,000000 -0,076084 
11,100000 -0,076177 
11,200000 -0,076956 
11,300000 -0,079331 
11,400000 -0,085058 
11,500000 -0,093127 
11,600000 -0,100178 
11,700000 -0,102439 
11,800000 -0,110233 
11,900000 -0,113448 
12,000000 -0,113601 
12,100000 -0,114112 
12,200000 -0,109920 
12,300000 -0,112547 
12,400000 -0,111518 
12,500000 -0,107535 
12,600000 -0,107934 
12,700000 -0,102305 
12,800000 -0,094034 
12,900000 -0,093777 
13,000000 -0,093484 
13,100000 -0,100495 
13,200000 -0,134092 
13,300000 -0,211813 
13,400000 -0,372985 
13,500000 -0,507151 
13,600000 -0,597652 
13,700000 -0,643611 
13,800000 -0,666558 
13,900000 -0,684056 
14,000000 -0,686866 
14,100000 -0,681894 
14,200000 -0,675552 
14,300000 -0,665845 
14,400000 -0,649017 
14,500000 -0,604957 
14,600000 -0,547761 
14,700000 -0,430085 
14,800000 -0,297659 
14,900000 -0,226865 
15,000000 -0,212738 
15,100000 -0,235679 
15,200000 -0,298272 
15,300000 -0,375298 
15,400000 -0,442773 
15,500000 -0,481450 
15,600000 -0,494492 
15,700000 -0,494760 
15,800000 -0,485861 
15,900000 -0,490148 
16,000000 -0,528847 
16,100000 -0,608245 
16,200000 -0,714177 
16,300000 -0,800156 
16,400000 -0,846706 
16,500000 -0,863939 
16,600000 -0,840326 
16,700000 -0,792695 
16,800000 -0,751491 
16,900000 -0,817975 
17,000000 -0,958775 
17,100000 -1,240035 
17,200000 -1,487982 
17,300000 -1,644454 
17,400000 -1,729204 
17,500000 -1,750828 
17,600000 -1,706607 
17,700000 -1,627640 
17,800000 -1,524559 
17,900000 -1,449989 
18,000000 -1,404183 
18,100000 -1,362545 
18,200000 -1,290073 
18,300000 -1,243094 
18,400000 -1,172214 
18,500000 -1,046363 
18,600000 -0,884817 
18,700000 -0,627841 
18,800000 -0,358359 
18,900000 -0,214362 
19,000000 -0,163577 
19,100000 -0,146662 
19,200000 -0,144384 
19,300000 -0,142567 
19,400000 -0,141746 
19,500000 -0,141322 
19,600000 -0,138092 
19,700000 -0,141708 
19,800000 -0,135207 
19,900000 -0,137260 
20,000000 -0,138923 
20,100000 -0,132810 
20,200000 -0,127364 
20,300000 -0,123421 
20,400000 -0,119434 
20,500000 -0,115978 
20,600000 -0,111150 
20,700000 -0,100924 
20,800000 -0,089885 
20,900000 -0,085482 
21,000000 -0,081438 
21,100000 -0,081862 
21,200000 -0,080567 
21,300000 -0,081262 
21,400000 -0,079844 
21,500000 -0,078861 
21,600000 -0,080245 
21,700000 -0,083357 
21,800000 -0,082436 
21,900000 -0,080078 
22,000000 -0,081418 
22,100000 -0,077387 
22,200000 -0,079935 
22,300000 -0,080511 
22,400000 -0,082141 
22,500000 -0,078889 
22,600000 -0,082262 
22,700000 -0,082119 
22,800000 -0,080383 
22,900000 -0,079466 
23,000000 -0,080037 
23,100000 -0,079804 
23,200000 -0,081320 
23,300000 -0,079146 
23,400000 -0,082496 
23,500000 -0,084037 
23,600000 -0,086601 
23,700000 -0,089568 
23,800000 -0,089115 
23,900000 -0,089673 
24,000000 -0,089047 
24,100000 -0,093718 
24,200000 -0,097020 
24,300000 -0,096883 
24,400000 -0,102053 
24,500000 -0,113757 
24,600000 -0,130646 
24,700000 -0,140012 
24,800000 -0,147107 
24,900000 -0,153441 
25,000000 -0,151045 
25,100000 -0,157183 
25,200000 -0,165379 
25,300000 -0,177926 
25,400000 -0,200879 
25,500000 -0,238501 
25,600000 -0,277724 
25,700000 -0,310864 
25,800000 -0,333747 
25,900000 -0,372448 
26,000000 -0,442405 
26,100000 -0,650015 
26,200000 -1,141053 
26,300000 -2,220688 
26,400000 -4,197839 
26,500000 -6,073333 
26,600000 -7,508157 
26,700000 -8,398580 
26,800000 -8,843890 
26,900000 -9,139177 
27,000000 -9,348408 
27,100000 -9,481125 
27,200000 -9,530517 
27,300000 -9,593906 
27,400000 -9,617949 
27,500000 -9,589858 
27,600000 -9,505470 
27,700000 -9,289632 
27,800000 -9,028600 
27,900000 -8,674509 
28,000000 -8,307902 
28,100000 -8,043099 
28,200000 -7,749751 
28,300000 -7,331164 
28,400000 -6,851779 
28,500000 -6,238258 
28,600000 -5,175718 
28,700000 -3,721693 
28,800000 -1,950198 
28,900000 -0,955000 
29,000000 -0,594155 
29,100000 -0,460094 
29,200000 -0,421975 
29,300000 -0,404007 
29,400000 -0,388953 
29,500000 -0,377506 
29,600000 -0,370186 
29,700000 -0,356994 
29,800000 -0,350477 
29,900000 -0,397053 
30,000000 -0,510262 
30,100000 -0,759052 
30,200000 -1,043320 
30,300000 -1,260222 
30,400000 -1,424640 
30,500000 -1,525078 
30,600000 -1,592920 
30,700000 -1,633468 
30,800000 -1,645927 
30,900000 -1,647476 
31,000000 -1,646642 
31,100000 -1,656748 
31,200000 -1,658553 
31,300000 -1,663328 
31,400000 -1,649091 
31,500000 -1,638904 
31,600000 -1,608513 
31,700000 -1,571234 
31,800000 -1,517942 
31,900000 -1,454074 
32,000000 -1,404936 
32,100000 -1,350555 
32,200000 -1,314730 
32,300000 -1,242894 
32,400000 -1,147147 
32,500000 -1,048292 
32,600000 -0,942033 
32,700000 -0,714577 
32,800000 -0,429762 
32,900000 -0,230072 
33,000000 -0,140620 
33,100000 -0,104649 
33,200000 -0,093327 
33,300000 -0,084799 
33,400000 -0,083557 
33,500000 -0,081702 
33,600000 -0,080696 
33,700000 -0,079446 
33,800000 -0,076308 
33,900000 -0,077566 
34,000000 -0,077871 
34,100000 -0,078484 
34,200000 -0,078268 
34,300000 -0,078499 
34,400000 -0,079194 
34,500000 -0,078169 
34,600000 -0,077622 
34,700000 -0,076581 
34,800000 -0,075988 
34,900000 -0,080196 
35,000000 -0,078733 
35,100000 -0,079557 
35,200000 -0,083212 
35,300000 -0,077685 
35,400000 -0,076907 
35,500000 -0,079712 
35,600000 -0,082316 
35,700000 -0,082688 
35,800000 -0,087018 
35,900000 -0,089186 
36,000000 -0,090055 
36,100000 -0,088839 
36,200000 -0,090546 
36,300000 -0,091820 
36,400000 -0,091602 
36,500000 -0,095170 
36,600000 -0,094560 
36,700000 -0,098626 
36,800000 -0,103015 
36,900000 -0,110548 
37,000000 -0,117248 
37,100000 -0,122783 
37,200000 -0,124301 
37,300000 -0,122558 
37,400000 -0,133141 
37,500000 -0,140839 
37,600000 -0,167324 
37,700000 -0,198433 
37,800000 -0,232998 
37,900000 -0,255068 
38,000000 -0,269449 
38,100000 -0,278576 
38,200000 -0,287970 
38,300000 -0,297415 
38,400000 -0,302109 
38,500000 -0,306522 
38,600000 -0,315809 
38,700000 -0,327739 
38,800000 -0,336861 
38,900000 -0,340269 
39,000000 -0,349249 
39,100000 -0,353570 
39,200000 -0,352857 
39,300000 -0,355053 
39,400000 -0,363157 
39,500000 -0,353844 
39,600000 -0,349971 
39,700000 -0,354054 
39,800000 -0,353621 
39,900000 -0,344538 
40,000000 -0,340311 
40,100000 -0,331282 
40,200000 -0,326553 
40,300000 -0,331380 
40,400000 -0,337300 
40,500000 -0,363430 
40,600000 -0,389161 
40,700000 -0,409772 
40,800000 -0,423275 
40,900000 -0,416339 
41,000000 -0,414317 
41,100000 -0,420486 
41,200000 -0,430396 
41,300000 -0,451864 
41,400000 -0,482583 
41,500000 -0,530427 
41,600000 -0,567109 
41,700000 -0,593196 
41,800000 -0,614438 
41,900000 -0,626276 
42,000000 -0,628200 
42,100000 -0,623774 
42,200000 -0,627053 
42,300000 -0,630184 
42,400000 -0,632561 
42,500000 -0,635404 
42,600000 -0,634799 
42,700000 -0,626171 
42,800000 -0,614747 
42,900000 -0,601866 
43,000000 -0,589547 
43,100000 -0,572327 
43,200000 -0,566685 
43,300000 -0,557442 
43,400000 -0,541049 
43,500000 -0,524461 
43,600000 -0,501527 
43,700000 -0,481568 
43,800000 -0,452609 
43,900000 -0,408267 
44,000000 -0,364960 
44,100000 -0,328261 
44,200000 -0,317420 
44,300000 -0,305845 
44,400000 -0,290388 
44,500000 -0,278079 
44,600000 -0,264178 
44,700000 -0,248020 
44,800000 -0,226330 
44,900000 -0,178342 
45,000000 -0,142073 
45,100000 -0,120159 
45,200000 -0,116126 
45,300000 -0,111813 
45,400000 -0,112951 
45,500000 -0,110544 
45,600000 -0,108714 
45,700000 -0,105845 
45,800000 -0,103602 
45,900000 -0,100512 
46,000000 -0,096924 
46,100000 -0,095041 
46,200000 -0,094976 
46,300000 -0,094847 
46,400000 -0,092839 
46,500000 -0,093701 
46,600000 -0,093205 
46,700000 -0,091671 
46,800000 -0,089220 
46,900000 -0,088091 
47,000000 -0,088435 
47,100000 -0,086300 
47,200000 -0,088512 
47,300000 -0,088670 
47,400000 -0,089117 
47,500000 -0,088574 
47,600000 -0,088228 
47,700000 -0,087603 
47,800000 -0,086699 
47,900000 -0,086671 
48,000000 -0,080197 
48,100000 -0,081634 
48,200000 -0,085923 
48,300000 -0,088797 
48,400000 -0,087128 
48,500000 -0,088545 
48,600000 -0,088178 
48,700000 -0,089131 
48,800000 -0,088577 
48,900000 -0,094224 
49,000000 -0,093295 
49,100000 -0,094738 
49,200000 -0,094454 
49,300000 -0,091782 
49,400000 -0,094227 
49,500000 -0,090418 
49,600000 -0,093249 
49,700000 -0,093707 
49,800000 -0,093421 
49,900000 -0,091110 
