0,000000 -0,233329 
0,100000 -0,233487 
0,200000 -0,233040 
0,300000 -0,234232 
0,400000 -0,233810 
0,500000 -0,234591 
0,600000 -0,234880 
0,700000 -0,231503 
0,800000 -0,233935 
0,900000 -0,233671 
1,000000 -0,231696 
1,100000 -0,233974 
1,200000 -0,236762 
1,300000 -0,235322 
1,400000 -0,237192 
1,500000 -0,232852 
1,600000 -0,236181 
1,700000 -0,234453 
1,800000 -0,233087 
1,900000 -0,181139 
2,000000 -0,141741 
2,100000 -0,123413 
2,200000 -0,108375 
2,300000 -0,096843 
2,400000 -0,091490 
2,500000 -0,089488 
2,600000 -0,090624 
2,700000 -0,095784 
2,800000 -0,109970 
2,900000 -0,130014 
3,000000 -0,132380 
3,100000 -0,109791 
3,200000 -0,093290 
3,300000 -0,087212 
3,400000 -0,083758 
3,500000 -0,081263 
3,600000 -0,085964 
3,700000 -0,086196 
3,800000 -0,085367 
3,900000 -0,084050 
4,000000 -0,084447 
4,100000 -0,084331 
4,200000 -0,085311 
4,300000 -0,082507 
4,400000 -0,082463 
4,500000 -0,083420 
4,600000 -0,085184 
4,700000 -0,084361 
4,800000 -0,084848 
4,900000 -0,085055 
5,000000 -0,081956 
5,100000 -0,081588 
5,200000 -0,082933 
5,300000 -0,083503 
5,400000 -0,080908 
5,500000 -0,080503 
5,600000 -0,080625 
5,700000 -0,082092 
5,800000 -0,081260 
5,900000 -0,081041 
6,000000 -0,082257 
6,100000 -0,079890 
6,200000 -0,080221 
6,300000 -0,082512 
6,400000 -0,081799 
6,500000 -0,078519 
6,600000 -0,080799 
6,700000 -0,081737 
6,800000 -0,083221 
6,900000 -0,081370 
7,000000 -0,083139 
7,100000 -0,081996 
7,200000 -0,084784 
7,300000 -0,082526 
7,400000 -0,083812 
7,500000 -0,082113 
7,600000 -0,081036 
7,700000 -0,083760 
7,800000 -0,083124 
7,900000 -0,081034 
8,000000 -0,081008 
8,100000 -0,082715 
8,200000 -0,086002 
8,300000 -0,081613 
8,400000 -0,081078 
8,500000 -0,079942 
8,600000 -0,081677 
8,700000 -0,080079 
8,800000 -0,077999 
8,900000 -0,079712 
9,000000 -0,080933 
9,100000 -0,078799 
9,200000 -0,079396 
9,300000 -0,081016 
9,400000 -0,079982 
9,500000 -0,078701 
9,600000 -0,081665 
9,700000 -0,079285 
9,800000 -0,079071 
9,900000 -0,078756 
10,000000 -0,080686 
10,100000 -0,079105 
10,200000 -0,081830 
10,300000 -0,080238 
10,400000 -0,080501 
10,500000 -0,077096 
10,600000 -0,078203 
10,700000 -0,079722 
10,800000 -0,079517 
10,900000 -0,077465 
11,000000 -0,078692 
11,100000 -0,080377 
11,200000 -0,080432 
11,300000 -0,074585 
11,400000 -0,077058 
11,500000 -0,084490 
11,600000 -0,086601 
11,700000 -0,092281 
11,800000 -0,099799 
11,900000 -0,107550 
12,000000 -0,109419 
12,100000 -0,111117 
12,200000 -0,113285 
12,300000 -0,113886 
12,400000 -0,111784 
12,500000 -0,107930 
12,600000 -0,101424 
12,700000 -0,095693 
12,800000 -0,092380 
12,900000 -0,091360 
13,000000 -0,092707 
13,100000 -0,093234 
13,200000 -0,094911 
13,300000 -0,099299 
13,400000 -0,124436 
13,500000 -0,183168 
13,600000 -0,295130 
13,700000 -0,414641 
13,800000 -0,499403 
13,900000 -0,553466 
14,000000 -0,579067 
14,100000 -0,587800 
14,200000 -0,587798 
14,300000 -0,571610 
14,400000 -0,534524 
14,500000 -0,497896 
14,600000 -0,425915 
14,700000 -0,311998 
14,800000 -0,223923 
14,900000 -0,187587 
15,000000 -0,174098 
15,100000 -0,170275 
15,200000 -0,171664 
15,300000 -0,175585 
15,400000 -0,217811 
15,500000 -0,280746 
15,600000 -0,341791 
15,700000 -0,373212 
15,800000 -0,387691 
15,900000 -0,394382 
16,000000 -0,402067 
16,100000 -0,404014 
16,200000 -0,408210 
16,300000 -0,420424 
16,400000 -0,496969 
16,500000 -0,579086 
16,600000 -0,609448 
16,700000 -0,580829 
16,800000 -0,564198 
16,900000 -0,557239 
17,000000 -0,561374 
17,100000 -0,570582 
17,200000 -0,611587 
17,300000 -0,711207 
17,400000 -0,975353 
17,500000 -1,207893 
17,600000 -1,297508 
17,700000 -1,271551 
17,800000 -1,250699 
17,900000 -1,233276 
18,000000 -1,237031 
18,100000 -1,211697 
18,200000 -1,161915 
18,300000 -1,098661 
18,400000 -1,027846 
18,500000 -0,895574 
18,600000 -0,677587 
18,700000 -0,399208 
18,800000 -0,217106 
18,900000 -0,141818 
19,000000 -0,112955 
19,100000 -0,104052 
19,200000 -0,103463 
19,300000 -0,114979 
19,400000 -0,122028 
19,500000 -0,127627 
19,600000 -0,130568 
19,700000 -0,130640 
19,800000 -0,133553 
19,900000 -0,130945 
20,000000 -0,130205 
20,100000 -0,128449 
20,200000 -0,126386 
20,300000 -0,122797 
20,400000 -0,120015 
20,500000 -0,115927 
20,600000 -0,105069 
20,700000 -0,094347 
20,800000 -0,086303 
20,900000 -0,084419 
21,000000 -0,079929 
21,100000 -0,082186 
21,200000 -0,080618 
21,300000 -0,082541 
21,400000 -0,086213 
21,500000 -0,087265 
21,600000 -0,085547 
21,700000 -0,084605 
21,800000 -0,084908 
21,900000 -0,084443 
22,000000 -0,085580 
22,100000 -0,083405 
22,200000 -0,082930 
22,300000 -0,083037 
22,400000 -0,082000 
22,500000 -0,083762 
22,600000 -0,082835 
22,700000 -0,081720 
22,800000 -0,080896 
22,900000 -0,083134 
23,000000 -0,080719 
23,100000 -0,083771 
23,200000 -0,083040 
23,300000 -0,085560 
23,400000 -0,083739 
23,500000 -0,083669 
23,600000 -0,082757 
23,700000 -0,083701 
23,800000 -0,082704 
23,900000 -0,081606 
24,000000 -0,086809 
24,100000 -0,086990 
24,200000 -0,087922 
24,300000 -0,089509 
24,400000 -0,090903 
24,500000 -0,093306 
24,600000 -0,092092 
24,700000 -0,095361 
24,800000 -0,097118 
24,900000 -0,104617 
25,000000 -0,109305 
25,100000 -0,127866 
25,200000 -0,138840 
25,300000 -0,138007 
25,400000 -0,144995 
25,500000 -0,148527 
25,600000 -0,146170 
25,700000 -0,150266 
25,800000 -0,167899 
25,900000 -0,190766 
26,000000 -0,221892 
26,100000 -0,246956 
26,200000 -0,265857 
26,300000 -0,289923 
26,400000 -0,314312 
26,500000 -0,361584 
26,600000 -0,584237 
26,700000 -1,062685 
26,800000 -2,060223 
26,900000 -3,795857 
27,000000 -5,415732 
27,100000 -6,477047 
27,200000 -7,120717 
27,300000 -7,486105 
27,400000 -7,715596 
27,500000 -7,846067 
27,600000 -7,862548 
27,700000 -7,811039 
27,800000 -7,695787 
27,900000 -7,498566 
28,000000 -7,221796 
28,100000 -6,868124 
28,200000 -6,490936 
28,300000 -6,123418 
28,400000 -5,556980 
28,500000 -4,861168 
28,600000 -3,336213 
28,700000 -1,635933 
28,800000 -0,771498 
28,900000 -0,481524 
29,000000 -0,380917 
29,100000 -0,338368 
29,200000 -0,315001 
29,300000 -0,308340 
29,400000 -0,302413 
29,500000 -0,283976 
29,600000 -0,275469 
29,700000 -0,260479 
29,800000 -0,242234 
29,900000 -0,235746 
30,000000 -0,234946 
30,100000 -0,232949 
30,200000 -0,231707 
30,300000 -0,225073 
30,400000 -0,244258 
30,500000 -0,284245 
30,600000 -0,367626 
30,700000 -0,613833 
30,800000 -0,870072 
30,900000 -1,052006 
31,000000 -1,180699 
31,100000 -1,260447 
31,200000 -1,319043 
31,300000 -1,355629 
31,400000 -1,352956 
31,500000 -1,368793 
31,600000 -1,360590 
31,700000 -1,341901 
31,800000 -1,303376 
31,900000 -1,268253 
32,000000 -1,215607 
32,100000 -1,160675 
32,200000 -1,100524 
32,300000 -1,033350 
32,400000 -0,955942 
32,500000 -0,840842 
32,600000 -0,690795 
32,700000 -0,409633 
32,800000 -0,215893 
32,900000 -0,143314 
33,000000 -0,110675 
33,100000 -0,105002 
33,200000 -0,093714 
33,300000 -0,096182 
33,400000 -0,091663 
33,500000 -0,086298 
33,600000 -0,084189 
33,700000 -0,087368 
33,800000 -0,087949 
33,900000 -0,085097 
34,000000 -0,083805 
34,100000 -0,083290 
34,200000 -0,082910 
34,300000 -0,082554 
34,400000 -0,083468 
34,500000 -0,083784 
34,600000 -0,082747 
34,700000 -0,082259 
34,800000 -0,082055 
34,900000 -0,080554 
35,000000 -0,083116 
35,100000 -0,080991 
35,200000 -0,083760 
35,300000 -0,082698 
35,400000 -0,083602 
35,500000 -0,088624 
35,600000 -0,082657 
35,700000 -0,088918 
35,800000 -0,086317 
35,900000 -0,085956 
36,000000 -0,084365 
36,100000 -0,087066 
36,200000 -0,085184 
36,300000 -0,084656 
36,400000 -0,088570 
36,500000 -0,093657 
36,600000 -0,094287 
36,700000 -0,091490 
36,800000 -0,092925 
36,900000 -0,089395 
37,000000 -0,090599 
37,100000 -0,097102 
37,200000 -0,093336 
37,300000 -0,098779 
37,400000 -0,101350 
37,500000 -0,102866 
37,600000 -0,110394 
37,700000 -0,112765 
37,800000 -0,117281 
37,900000 -0,112563 
38,000000 -0,113948 
38,100000 -0,118103 
38,200000 -0,125766 
38,300000 -0,148095 
38,400000 -0,180116 
38,500000 -0,201789 
38,600000 -0,226112 
38,700000 -0,237118 
38,800000 -0,246905 
38,900000 -0,253809 
39,000000 -0,252604 
39,100000 -0,254621 
39,200000 -0,262809 
39,300000 -0,266836 
39,400000 -0,274383 
39,500000 -0,282644 
39,600000 -0,287173 
39,700000 -0,288168 
39,800000 -0,279172 
39,900000 -0,275690 
40,000000 -0,271004 
40,100000 -0,261823 
40,200000 -0,261810 
40,300000 -0,257429 
40,400000 -0,254665 
40,500000 -0,249799 
40,600000 -0,232427 
40,700000 -0,207876 
40,800000 -0,191445 
40,900000 -0,173317 
41,000000 -0,176311 
41,100000 -0,179973 
41,200000 -0,191467 
41,300000 -0,220228 
41,400000 -0,257193 
41,500000 -0,283274 
41,600000 -0,312653 
41,700000 -0,324687 
41,800000 -0,325999 
41,900000 -0,330367 
42,000000 -0,337559 
42,100000 -0,353546 
42,200000 -0,383726 
42,300000 -0,421097 
42,400000 -0,455396 
42,500000 -0,483694 
42,600000 -0,495083 
42,700000 -0,501679 
42,800000 -0,498734 
42,900000 -0,496270 
43,000000 -0,485725 
43,100000 -0,482991 
43,200000 -0,480015 
43,300000 -0,472162 
43,400000 -0,464356 
43,500000 -0,445041 
43,600000 -0,419932 
43,700000 -0,401026 
43,800000 -0,361577 
43,900000 -0,316771 
44,000000 -0,295768 
44,100000 -0,283801 
44,200000 -0,272249 
44,300000 -0,263196 
44,400000 -0,248884 
44,500000 -0,232012 
44,600000 -0,216159 
44,700000 -0,186785 
44,800000 -0,148576 
44,900000 -0,123732 
45,000000 -0,110371 
45,100000 -0,110467 
45,200000 -0,107538 
45,300000 -0,109587 
45,400000 -0,109026 
45,500000 -0,105783 
45,600000 -0,105462 
45,700000 -0,109061 
45,800000 -0,105444 
45,900000 -0,103868 
46,000000 -0,098356 
46,100000 -0,097969 
46,200000 -0,097577 
46,300000 -0,094924 
46,400000 -0,094277 
46,500000 -0,092784 
46,600000 -0,093664 
46,700000 -0,093921 
46,800000 -0,090980 
46,900000 -0,089741 
47,000000 -0,086145 
47,100000 -0,086109 
47,200000 -0,087562 
47,300000 -0,085714 
47,400000 -0,086195 
47,500000 -0,085032 
47,600000 -0,083741 
47,700000 -0,082655 
47,800000 -0,083196 
47,900000 -0,080293 
48,000000 -0,080275 
48,100000 -0,081657 
48,200000 -0,083319 
48,300000 -0,085854 
48,400000 -0,086006 
48,500000 -0,084071 
48,600000 -0,086768 
48,700000 -0,088002 
48,800000 -0,087316 
48,900000 -0,087178 
49,000000 -0,091139 
49,100000 -0,090881 
49,200000 -0,090487 
49,300000 -0,093390 
49,400000 -0,093413 
49,500000 -0,091690 
49,600000 -0,090882 
49,700000 -0,092873 
49,800000 -0,091637 
49,900000 -0,092982 
