0,000000 -3,772101 
0,100000 -1,821673 
0,200000 -1,063043 
0,300000 -0,671823 
0,400000 -0,482215 
0,500000 -0,368544 
0,600000 -0,299780 
0,700000 -0,265503 
0,800000 -0,232726 
0,900000 -0,215045 
1,000000 -0,205051 
1,100000 -0,198514 
1,200000 -0,191466 
1,300000 -0,181313 
1,400000 -0,182015 
1,500000 -0,171315 
1,600000 -0,157845 
1,700000 -0,163165 
1,800000 -0,175129 
1,900000 -0,132952 
2,000000 -0,067774 
2,100000 -0,036245 
2,200000 -0,005250 
2,300000 0,036285 
2,400000 0,063781 
2,500000 0,068749 
2,600000 0,067821 
2,700000 0,056167 
2,800000 0,021849 
2,900000 -0,064621 
3,000000 -0,131631 
3,100000 -0,070614 
3,200000 -0,002388 
3,300000 0,039484 
3,400000 0,053546 
3,500000 0,062469 
3,600000 0,077397 
3,700000 0,077867 
3,800000 0,083737 
3,900000 0,086548 
4,000000 0,095479 
4,100000 0,105744 
4,200000 0,109839 
4,300000 0,099484 
4,400000 0,106133 
4,500000 0,105754 
4,600000 0,100068 
4,700000 0,109227 
4,800000 0,105851 
4,900000 0,090334 
5,000000 0,086069 
5,100000 0,086942 
5,200000 0,090388 
5,300000 0,104157 
5,400000 0,104518 
5,500000 0,092381 
5,600000 0,082482 
5,700000 0,090926 
5,800000 0,099199 
5,900000 0,106697 
6,000000 0,102446 
6,100000 0,090475 
6,200000 0,087906 
6,300000 0,099702 
6,400000 0,109378 
6,500000 0,086732 
6,600000 0,081544 
6,700000 0,100498 
6,800000 0,118189 
6,900000 0,111412 
7,000000 0,098573 
7,100000 0,102485 
7,200000 0,095500 
7,300000 0,086071 
7,400000 0,097100 
7,500000 0,101677 
7,600000 0,103982 
7,700000 0,109787 
7,800000 0,110460 
7,900000 0,100433 
8,000000 0,098528 
8,100000 0,103186 
8,200000 0,107549 
8,300000 0,101380 
8,400000 0,102324 
8,500000 0,095249 
8,600000 0,101781 
8,700000 0,092299 
8,800000 0,098694 
8,900000 0,084465 
9,000000 0,092234 
9,100000 0,094906 
9,200000 0,092098 
9,300000 0,106613 
9,400000 0,112657 
9,500000 0,105909 
9,600000 0,098743 
9,700000 0,093451 
9,800000 0,095150 
9,900000 0,095919 
10,000000 0,099344 
10,100000 0,099448 
10,200000 0,097453 
10,300000 0,097899 
10,400000 0,082122 
10,500000 0,077525 
10,600000 0,083539 
10,700000 0,083018 
10,800000 0,089976 
10,900000 0,060796 
11,000000 0,090976 
11,100000 0,087703 
11,200000 0,085175 
11,300000 0,080934 
11,400000 0,085469 
11,500000 0,087409 
11,600000 0,085037 
11,700000 0,093805 
11,800000 0,092761 
11,900000 0,091376 
12,000000 0,089479 
12,100000 0,069746 
12,200000 0,068555 
12,300000 0,035972 
12,400000 0,018810 
12,500000 0,016366 
12,600000 0,040256 
12,700000 0,054617 
12,800000 0,063334 
12,900000 0,078200 
13,000000 0,083094 
13,100000 0,078216 
13,200000 0,057668 
13,300000 0,037205 
13,400000 0,030833 
13,500000 0,039758 
13,600000 0,051117 
13,700000 0,070754 
13,800000 0,066670 
13,900000 0,044336 
14,000000 -0,002652 
14,100000 -0,071484 
14,200000 -0,201458 
14,300000 -0,305431 
14,400000 -0,355043 
14,500000 -0,321049 
14,600000 -0,209079 
14,700000 -0,108829 
14,800000 -0,042005 
14,900000 -0,015643 
15,000000 -0,051040 
15,100000 -0,138787 
15,200000 -0,277938 
15,300000 -0,393551 
15,400000 -0,436657 
15,500000 -0,410384 
15,600000 -0,269164 
15,700000 -0,147935 
15,800000 -0,061672 
15,900000 -0,043913 
16,000000 -0,066843 
16,100000 -0,137824 
16,200000 -0,223212 
16,300000 -0,296701 
16,400000 -0,310867 
16,500000 -0,253788 
16,600000 -0,154028 
16,700000 -0,057357 
16,800000 -0,015528 
16,900000 -0,028806 
17,000000 -0,092030 
17,100000 -0,227697 
17,200000 -0,375200 
17,300000 -0,457053 
17,400000 -0,444161 
17,500000 -0,356655 
17,600000 -0,220912 
17,700000 -0,122797 
17,800000 -0,108994 
17,900000 -0,224237 
18,000000 -0,519945 
18,100000 -1,011274 
18,200000 -1,465715 
18,300000 -1,734970 
18,400000 -1,769300 
18,500000 -1,374979 
18,600000 -0,818100 
18,700000 -0,444944 
18,800000 -0,238641 
18,900000 -0,114614 
19,000000 -0,052567 
19,100000 -0,010930 
19,200000 0,025494 
19,300000 0,038497 
19,400000 0,051777 
19,500000 0,042756 
19,600000 0,055688 
19,700000 0,055649 
19,800000 0,043606 
19,900000 0,035668 
20,000000 0,028166 
20,100000 -0,001759 
20,200000 -0,010036 
20,300000 -0,011771 
20,400000 -0,005888 
20,500000 0,012125 
20,600000 0,022445 
20,700000 0,037300 
20,800000 0,042319 
20,900000 0,054798 
21,000000 0,052008 
21,100000 0,050643 
21,200000 0,052303 
21,300000 0,043879 
21,400000 0,062121 
21,500000 0,058091 
21,600000 0,054282 
21,700000 0,059241 
21,800000 0,061799 
21,900000 0,058945 
22,000000 0,057719 
22,100000 0,052733 
22,200000 0,049310 
22,300000 0,055687 
22,400000 0,052122 
22,500000 0,043443 
22,600000 0,049424 
22,700000 0,049419 
22,800000 0,055739 
22,900000 0,052528 
23,000000 0,047116 
23,100000 0,048275 
23,200000 0,057490 
23,300000 0,058171 
23,400000 0,052390 
23,500000 0,055986 
23,600000 0,050916 
23,700000 0,046748 
23,800000 0,032657 
23,900000 0,059560 
24,000000 0,043492 
24,100000 0,041347 
24,200000 0,030933 
24,300000 0,033950 
24,400000 0,033875 
24,500000 0,044253 
24,600000 0,049805 
24,700000 0,041734 
24,800000 0,032582 
24,900000 0,018184 
25,000000 0,013461 
25,100000 0,007074 
25,200000 -0,005982 
25,300000 -0,013197 
25,400000 -0,001860 
25,500000 0,004617 
25,600000 0,022490 
25,700000 0,015093 
25,800000 -0,010907 
25,900000 -0,048037 
26,000000 -0,111738 
26,100000 -0,175834 
26,200000 -0,209868 
26,300000 -0,223689 
26,400000 -0,214895 
26,500000 -0,159491 
26,600000 -0,087636 
26,700000 -0,045612 
26,800000 -0,051361 
26,900000 -0,071945 
27,000000 -0,116293 
27,100000 -0,172054 
27,200000 -0,215506 
27,300000 -0,209979 
27,400000 -0,222407 
27,500000 -0,199987 
27,600000 -0,247457 
27,700000 -0,526413 
27,800000 -1,154420 
27,900000 -2,499430 
28,000000 -4,150593 
28,100000 -5,351564 
28,200000 -5,830546 
28,300000 -5,634110 
28,400000 -4,759539 
28,500000 -2,981528 
28,600000 -1,561970 
28,700000 -0,848754 
28,800000 -0,528760 
28,900000 -0,361619 
29,000000 -0,274611 
29,100000 -0,227056 
29,200000 -0,191179 
29,300000 -0,173758 
29,400000 -0,136271 
29,500000 -0,084253 
29,600000 -0,034537 
29,700000 -0,013382 
29,800000 -0,002240 
29,900000 0,013920 
30,000000 0,012440 
30,100000 -0,002711 
30,200000 -0,001318 
30,300000 -0,001270 
30,400000 0,013777 
30,500000 0,024551 
30,600000 0,031669 
30,700000 0,023243 
30,800000 0,024200 
30,900000 0,004265 
31,000000 -0,007697 
31,100000 -0,022704 
31,200000 -0,028723 
31,300000 -0,042550 
31,400000 -0,042156 
31,500000 -0,013740 
31,600000 -0,003268 
31,700000 -0,039723 
31,800000 -0,125191 
31,900000 -0,266635 
32,000000 -0,383724 
32,100000 -0,501429 
32,200000 -0,514914 
32,300000 -0,481592 
32,400000 -0,410967 
32,500000 -0,258464 
32,600000 -0,145174 
32,700000 -0,077300 
32,800000 -0,030768 
32,900000 -0,006486 
33,000000 0,025121 
33,100000 0,026008 
33,200000 0,022216 
33,300000 0,031356 
33,400000 0,030727 
33,500000 0,060147 
33,600000 0,057269 
33,700000 0,045441 
33,800000 0,040965 
33,900000 0,037979 
34,000000 0,040896 
34,100000 0,046464 
34,200000 0,034756 
34,300000 0,056276 
34,400000 0,046879 
34,500000 0,035790 
34,600000 0,041635 
34,700000 0,048557 
34,800000 0,044433 
34,900000 0,048636 
35,000000 0,046739 
35,100000 0,040957 
35,200000 0,056617 
35,300000 0,056127 
35,400000 0,057240 
35,500000 0,048790 
35,600000 0,033723 
35,700000 0,038568 
35,800000 0,050759 
35,900000 0,054646 
36,000000 0,044052 
36,100000 0,038946 
36,200000 0,034953 
36,300000 0,032613 
36,400000 0,038010 
36,500000 0,047281 
36,600000 0,054020 
36,700000 0,050665 
36,800000 0,037927 
36,900000 0,024434 
37,000000 0,022104 
37,100000 0,018772 
37,200000 0,011248 
37,300000 0,006178 
37,400000 0,029217 
37,500000 0,026593 
37,600000 0,035489 
37,700000 0,043226 
37,800000 0,030595 
37,900000 0,023196 
38,000000 0,023044 
38,100000 0,002525 
38,200000 -0,003400 
38,300000 0,042983 
38,400000 0,039765 
38,500000 0,044489 
38,600000 0,041622 
38,700000 0,053357 
38,800000 0,028783 
38,900000 -0,005191 
39,000000 -0,023154 
39,100000 -0,017868 
39,200000 -0,030393 
39,300000 -0,037028 
39,400000 -0,028758 
39,500000 -0,002563 
39,600000 0,005398 
39,700000 0,008592 
39,800000 -0,006344 
39,900000 -0,022814 
40,000000 -0,053104 
40,100000 -0,079599 
40,200000 -0,086667 
40,300000 -0,077904 
40,400000 -0,048621 
40,500000 -0,018090 
40,600000 0,004772 
40,700000 0,011723 
40,800000 0,009319 
40,900000 0,004480 
41,000000 -0,026441 
41,100000 -0,041993 
41,200000 -0,041070 
41,300000 -0,043672 
41,400000 -0,032126 
41,500000 -0,015129 
41,600000 0,020635 
41,700000 0,027758 
41,800000 0,023406 
41,900000 -0,004541 
42,000000 -0,027421 
42,100000 -0,039218 
42,200000 -0,053812 
42,300000 -0,061181 
42,400000 -0,055054 
42,500000 -0,030264 
42,600000 -0,020845 
42,700000 -0,056219 
42,800000 -0,130696 
42,900000 -0,348183 
43,000000 -0,577874 
43,100000 -0,763579 
43,200000 -0,821567 
43,300000 -0,809873 
43,400000 -0,673970 
43,500000 -0,430240 
43,600000 -0,258239 
43,700000 -0,157668 
43,800000 -0,109714 
43,900000 -0,122369 
44,000000 -0,145418 
44,100000 -0,164650 
44,200000 -0,165207 
44,300000 -0,153786 
44,400000 -0,112181 
44,500000 -0,058798 
44,600000 -0,019319 
44,700000 0,011495 
44,800000 0,013161 
44,900000 0,005408 
45,000000 0,006650 
45,100000 0,005553 
45,200000 0,007968 
45,300000 0,013510 
45,400000 0,014815 
45,500000 0,027978 
45,600000 0,032120 
45,700000 0,045206 
45,800000 0,047735 
45,900000 0,043594 
46,000000 0,035644 
46,100000 0,033017 
46,200000 0,036104 
46,300000 0,034128 
46,400000 0,036024 
46,500000 0,039774 
46,600000 0,050465 
46,700000 0,046649 
46,800000 0,039555 
46,900000 0,036897 
47,000000 0,017297 
47,100000 0,023598 
47,200000 0,020352 
47,300000 0,034695 
47,400000 0,036352 
47,500000 0,037987 
47,600000 0,034727 
47,700000 0,038274 
47,800000 0,041055 
47,900000 0,040515 
48,000000 0,041530 
48,100000 0,044239 
48,200000 0,045202 
48,300000 0,051193 
48,400000 0,040289 
48,500000 0,048391 
48,600000 0,052837 
48,700000 0,045406 
48,800000 0,024871 
48,900000 0,030731 
49,000000 0,037597 
49,100000 0,025963 
49,200000 -0,006290 
49,300000 0,007607 
49,400000 0,013740 
49,500000 0,021445 
49,600000 0,029857 
49,700000 0,025734 
49,800000 0,027930 
49,900000 0,025309 
50,000000 0,012414 
50,100000 0,015975 
50,200000 0,022079 
50,300000 0,031569 
50,400000 0,030806 
50,500000 0,025006 
50,600000 0,029518 
50,700000 0,029154 
50,800000 0,019704 
50,900000 0,021731 
51,000000 0,008717 
51,100000 0,012063 
51,200000 0,008558 
51,300000 0,029099 
51,400000 0,028566 
51,500000 0,036487 
51,600000 0,039853 
51,700000 0,031646 
51,800000 0,035617 
51,900000 0,033339 
52,000000 0,042105 
52,100000 0,036049 
52,200000 0,033366 
52,300000 0,033186 
52,400000 0,026248 
52,500000 0,026824 
52,600000 0,031212 
52,700000 0,036554 
52,800000 0,034167 
52,900000 0,033722 
53,000000 0,033982 
53,100000 0,027979 
53,200000 0,027178 
53,300000 0,024151 
53,400000 0,024523 
53,500000 0,020340 
53,600000 0,024048 
53,700000 0,021918 
53,800000 0,029598 
53,900000 0,030810 
54,000000 0,034911 
54,100000 0,033940 
54,200000 0,034214 
54,300000 0,024166 
54,400000 0,026626 
54,500000 0,035368 
54,600000 0,031495 
54,700000 0,036983 
54,800000 0,047709 
54,900000 0,049029 
55,000000 0,047484 
55,100000 0,037369 
55,200000 0,032773 
55,300000 0,029396 
55,400000 0,022398 
55,500000 0,030254 
55,600000 0,039739 
55,700000 0,038426 
55,800000 0,040414 
55,900000 0,035740 
56,000000 0,020807 
56,100000 0,023208 
56,200000 0,020525 
56,300000 0,020505 
56,400000 0,020870 
56,500000 0,031161 
56,600000 0,030714 
56,700000 0,030264 
56,800000 0,034160 
56,900000 0,025636 
57,000000 0,025604 
57,100000 0,018041 
57,200000 0,010777 
57,300000 0,012383 
57,400000 0,011474 
57,500000 0,003594 
57,600000 0,026548 
57,700000 0,032115 
57,800000 0,017442 
57,900000 -0,001271 
58,000000 -0,027910 
58,100000 -0,076880 
58,200000 -0,141261 
58,300000 -0,137586 
58,400000 -0,116901 
58,500000 -0,076692 
58,600000 -0,032063 
58,700000 -0,007979 
58,800000 0,003295 
58,900000 0,003697 
59,000000 0,025552 
59,100000 0,031866 
59,200000 0,016490 
59,300000 0,013709 
59,400000 0,011723 
59,500000 0,016669 
59,600000 0,017506 
59,700000 0,028160 
59,800000 0,030314 
59,900000 0,019385 
60,000000 0,017866 
60,100000 0,011206 
60,200000 0,010068 
60,300000 0,015641 
60,400000 0,036964 
60,500000 0,030620 
60,600000 0,026559 
60,700000 0,035685 
60,800000 0,041716 
60,900000 0,040698 
61,000000 0,030802 
61,100000 0,031388 
61,200000 0,039083 
61,300000 0,035052 
61,400000 0,028023 
61,500000 0,020636 
61,600000 0,040586 
61,700000 0,036696 
61,800000 0,033786 
61,900000 0,035617 
62,000000 0,028519 
62,100000 0,025601 
62,200000 0,036308 
62,300000 0,029436 
62,400000 0,032805 
62,500000 0,033091 
62,600000 0,029646 
62,700000 0,031433 
62,800000 0,043501 
62,900000 0,029812 
63,000000 0,028017 
63,100000 0,025258 
63,200000 0,023797 
63,300000 0,018723 
63,400000 0,038579 
63,500000 0,037230 
63,600000 0,040816 
63,700000 0,043315 
63,800000 0,035142 
63,900000 0,035646 
64,000000 0,045740 
64,100000 0,047436 
64,200000 0,043177 
64,300000 0,040549 
64,400000 0,026602 
64,500000 0,032903 
64,600000 0,021819 
64,700000 0,025368 
64,800000 0,029524 
64,900000 0,033251 
65,000000 0,035228 
65,100000 0,018368 
65,200000 0,025260 
65,300000 0,028643 
65,400000 0,025094 
65,500000 0,025469 
65,600000 0,035694 
65,700000 0,037568 
65,800000 0,028108 
65,900000 0,027463 
66,000000 0,029855 
66,100000 0,029599 
66,200000 0,023024 
66,300000 0,018104 
66,400000 0,027219 
66,500000 0,030359 
66,600000 0,029313 
66,700000 0,026523 
66,800000 0,025211 
66,900000 0,031927 
67,000000 0,039446 
67,100000 0,043026 
67,200000 0,034925 
67,300000 0,020143 
67,400000 0,025591 
67,500000 0,006365 
67,600000 0,006802 
67,700000 0,019857 
67,800000 -0,002858 
67,900000 -0,007487 
68,000000 -0,000573 
68,100000 0,024135 
68,200000 0,016602 
68,300000 0,010524 
68,400000 0,012116 
68,500000 0,001260 
68,600000 0,012220 
68,700000 0,015450 
68,800000 0,012691 
68,900000 0,006212 
69,000000 0,010336 
69,100000 0,003545 
69,200000 -0,001244 
69,300000 -0,007795 
69,400000 -0,002647 
69,500000 0,001966 
69,600000 0,006520 
69,700000 0,006627 
69,800000 0,006812 
69,900000 0,012916 
70,000000 0,006381 
70,100000 -0,001977 
70,200000 -0,002543 
70,300000 -0,001538 
70,400000 -0,002156 
70,500000 0,006860 
70,600000 -0,000003 
70,700000 0,004745 
70,800000 0,009964 
70,900000 0,016442 
71,000000 -0,001935 
71,100000 -0,002395 
71,200000 -0,000862 
71,300000 0,004117 
71,400000 0,006202 
71,500000 0,017362 
71,600000 0,017374 
71,700000 0,012229 
71,800000 0,014084 
71,900000 0,020118 
72,000000 0,026018 
72,100000 0,024217 
72,200000 0,009630 
72,300000 0,017159 
72,400000 0,013480 
72,500000 0,013307 
72,600000 0,011723 
72,700000 0,033970 
72,800000 0,038037 
72,900000 0,024990 
73,000000 0,023560 
73,100000 0,039031 
73,200000 0,018103 
73,300000 0,017537 
73,400000 0,017753 
73,500000 0,015005 
73,600000 0,008974 
73,700000 0,014522 
73,800000 0,026217 
73,900000 0,025294 
74,000000 0,019984 
74,100000 0,011234 
74,200000 0,004088 
74,300000 0,005761 
74,400000 0,016051 
74,500000 0,017932 
74,600000 0,018990 
74,700000 0,014862 
74,800000 0,016491 
74,900000 0,015908 
75,000000 0,013797 
75,100000 0,000296 
75,200000 0,010793 
75,300000 0,011590 
75,400000 0,008285 
75,500000 0,017999 
75,600000 0,036639 
75,700000 0,022140 
75,800000 0,017892 
75,900000 0,019378 
76,000000 0,018843 
76,100000 0,013096 
76,200000 0,004592 
76,300000 0,020806 
76,400000 0,016371 
76,500000 0,013518 
76,600000 0,019084 
76,700000 0,016903 
76,800000 0,029442 
76,900000 0,013242 
77,000000 0,008862 
77,100000 0,002546 
77,200000 0,009742 
77,300000 0,010944 
77,400000 0,012610 
77,500000 0,017319 
77,600000 0,019784 
77,700000 0,013489 
77,800000 0,016918 
77,900000 0,005880 
78,000000 0,001537 
78,100000 0,008068 
78,200000 0,012311 
78,300000 0,019480 
78,400000 0,010778 
78,500000 0,012543 
78,600000 0,012363 
78,700000 0,010464 
78,800000 0,010354 
78,900000 0,012031 
79,000000 0,022471 
79,100000 0,007705 
79,200000 0,012378 
79,300000 0,013579 
79,400000 -0,002145 
79,500000 0,011010 
79,600000 0,002731 
79,700000 0,000413 
79,800000 0,002138 
79,900000 0,007823 
80,000000 0,008912 
80,100000 0,008478 
80,200000 0,014349 
80,300000 0,007234 
80,400000 0,007721 
80,500000 0,005157 
80,600000 -0,001413 
80,700000 -0,017459 
80,800000 0,020618 
80,900000 0,015660 
81,000000 0,014920 
81,100000 0,019749 
81,200000 0,016146 
81,300000 0,009504 
81,400000 -0,005551 
81,500000 0,003213 
81,600000 0,018375 
81,700000 0,022526 
81,800000 0,013160 
81,900000 0,012946 
82,000000 0,013311 
82,100000 0,012236 
82,200000 0,009600 
82,300000 0,020152 
82,400000 0,035305 
82,500000 0,029101 
82,600000 0,014688 
82,700000 0,003051 
82,800000 0,010695 
82,900000 0,018378 
83,000000 0,007961 
83,100000 -0,010201 
83,200000 0,016763 
83,300000 0,017647 
83,400000 0,019911 
83,500000 0,003342 
83,600000 0,013070 
83,700000 0,016326 
83,800000 0,020236 
83,900000 0,009374 
84,000000 0,009075 
84,100000 0,010530 
84,200000 0,017212 
84,300000 0,010440 
84,400000 0,022350 
84,500000 0,019735 
84,600000 0,026155 
84,700000 0,022582 
84,800000 0,010702 
84,900000 0,013963 
85,000000 0,015027 
85,100000 0,009610 
85,200000 0,001427 
85,300000 0,010733 
85,400000 0,010322 
85,500000 -0,006063 
85,600000 0,001160 
85,700000 0,000131 
85,800000 0,014170 
85,900000 0,019113 
86,000000 0,018050 
86,100000 0,032000 
86,200000 0,031173 
86,300000 0,019022 
86,400000 0,015985 
86,500000 0,027027 
86,600000 0,030118 
86,700000 0,027757 
86,800000 0,022051 
86,900000 0,023596 
87,000000 0,026093 
87,100000 0,016399 
87,200000 0,019028 
87,300000 0,025329 
87,400000 0,029824 
87,500000 0,030423 
87,600000 0,029167 
87,700000 0,011325 
87,800000 0,002636 
87,900000 0,001203 
88,000000 0,017548 
88,100000 0,020380 
88,200000 0,013696 
88,300000 0,018011 
88,400000 0,023910 
88,500000 0,023841 
88,600000 0,019380 
88,700000 0,021075 
88,800000 0,020771 
88,900000 0,016125 
89,000000 0,016946 
89,100000 0,027792 
89,200000 0,027570 
89,300000 0,024995 
89,400000 0,009237 
89,500000 0,014849 
89,600000 0,015695 
89,700000 0,018466 
89,800000 0,021622 
89,900000 0,024999 
90,000000 0,018421 
90,100000 0,032332 
90,200000 0,011734 
90,300000 0,016245 
90,400000 -0,007637 
90,500000 -0,018928 
90,600000 -0,001526 
90,700000 0,026274 
90,800000 0,016557 
90,900000 0,013405 
91,000000 0,009297 
91,100000 0,011397 
91,200000 0,027457 
91,300000 0,024065 
91,400000 0,024039 
91,500000 0,029979 
91,600000 0,033607 
91,700000 0,033583 
91,800000 0,028390 
91,900000 0,027528 
92,000000 0,026260 
92,100000 0,021869 
92,200000 0,019672 
92,300000 0,024012 
92,400000 0,025135 
92,500000 0,018973 
92,600000 0,009320 
92,700000 0,014637 
92,800000 0,024112 
92,900000 0,027387 
93,000000 0,030612 
93,100000 0,026611 
93,200000 0,020773 
93,300000 0,022621 
93,400000 0,029924 
93,500000 0,030238 
93,600000 0,025970 
93,700000 0,025435 
93,800000 0,020108 
93,900000 0,018700 
94,000000 0,022503 
94,100000 0,027936 
94,200000 0,021204 
94,300000 0,018103 
94,400000 0,030911 
94,500000 0,038594 
94,600000 0,036214 
94,700000 0,022985 
94,800000 0,016922 
94,900000 0,013746 
95,000000 0,015486 
95,100000 0,013738 
95,200000 0,009802 
95,300000 0,011137 
95,400000 0,013985 
95,500000 0,021461 
95,600000 0,023706 
95,700000 0,020504 
95,800000 0,021932 
95,900000 0,017701 
96,000000 0,021893 
96,100000 0,019389 
96,200000 0,019500 
96,300000 0,025216 
96,400000 0,031805 
96,500000 0,033997 
96,600000 0,026111 
96,700000 0,021058 
96,800000 0,019924 
96,900000 0,022150 
97,000000 0,022331 
97,100000 0,021416 
97,200000 0,033699 
97,300000 0,024911 
97,400000 0,023997 
97,500000 0,042083 
97,600000 0,039373 
97,700000 0,032174 
97,800000 0,030393 
97,900000 0,019259 
98,000000 0,027482 
98,100000 0,015475 
98,200000 0,011619 
98,300000 0,004420 
98,400000 0,001525 
98,500000 0,000240 
98,600000 0,014831 
98,700000 0,019550 
98,800000 0,021566 
98,900000 0,041088 
99,000000 0,036651 
99,100000 0,024164 
99,200000 0,025144 
99,300000 0,026496 
99,400000 0,022195 
99,500000 0,004189 
99,600000 0,019732 
99,700000 0,020511 
99,800000 0,013947 
99,900000 0,015628 
100,000000 0,011943 
