0,000000 -0,134192 
0,100000 -0,179774 
0,200000 -0,196100 
0,300000 -0,202887 
0,400000 -0,210520 
0,500000 -0,209539 
0,600000 -0,212335 
0,700000 -0,208088 
0,800000 -0,201309 
0,900000 -0,205141 
1,000000 -0,205507 
1,100000 -0,208972 
1,200000 -0,209193 
1,300000 -0,208783 
1,400000 -0,207671 
1,500000 -0,207697 
1,600000 -0,206645 
1,700000 -0,206014 
1,800000 -0,206446 
1,900000 -0,156402 
2,000000 -0,123155 
2,100000 -0,108303 
2,200000 -0,093559 
2,300000 -0,081559 
2,400000 -0,076376 
2,500000 -0,074902 
2,600000 -0,077651 
2,700000 -0,077347 
2,800000 -0,085626 
2,900000 -0,098522 
3,000000 -0,101532 
3,100000 -0,087766 
3,200000 -0,077179 
3,300000 -0,072282 
3,400000 -0,070982 
3,500000 -0,068045 
3,600000 -0,068158 
3,700000 -0,068399 
3,800000 -0,063354 
3,900000 -0,068244 
4,000000 -0,069038 
4,100000 -0,068835 
4,200000 -0,066573 
4,300000 -0,066701 
4,400000 -0,066038 
4,500000 -0,065522 
4,600000 -0,072203 
4,700000 -0,068511 
4,800000 -0,066796 
4,900000 -0,067158 
5,000000 -0,072613 
5,100000 -0,071052 
5,200000 -0,065510 
5,300000 -0,063453 
5,400000 -0,064034 
5,500000 -0,064275 
5,600000 -0,063894 
5,700000 -0,068816 
5,800000 -0,070960 
5,900000 -0,062269 
6,000000 -0,062247 
6,100000 -0,063854 
6,200000 -0,064491 
6,300000 -0,065744 
6,400000 -0,064011 
6,500000 -0,064848 
6,600000 -0,065985 
6,700000 -0,064206 
6,800000 -0,064251 
6,900000 -0,063824 
7,000000 -0,063902 
7,100000 -0,064175 
7,200000 -0,063139 
7,300000 -0,064264 
7,400000 -0,063779 
7,500000 -0,065198 
7,600000 -0,065264 
7,700000 -0,064803 
7,800000 -0,064021 
7,900000 -0,063199 
8,000000 -0,064226 
8,100000 -0,065252 
8,200000 -0,069102 
8,300000 -0,068886 
8,400000 -0,068513 
8,500000 -0,070141 
8,600000 -0,065891 
8,700000 -0,067169 
8,800000 -0,066533 
8,900000 -0,061206 
9,000000 -0,070174 
9,100000 -0,070569 
9,200000 -0,068918 
9,300000 -0,068786 
9,400000 -0,067687 
9,500000 -0,068198 
9,600000 -0,070274 
9,700000 -0,065029 
9,800000 -0,066304 
9,900000 -0,070145 
10,000000 -0,073320 
10,100000 -0,069251 
10,200000 -0,064829 
10,300000 -0,066482 
10,400000 -0,066930 
10,500000 -0,063999 
10,600000 -0,063965 
10,700000 -0,065682 
10,800000 -0,066610 
10,900000 -0,066624 
11,000000 -0,067393 
11,100000 -0,067210 
11,200000 -0,070021 
11,300000 -0,067744 
11,400000 -0,068601 
11,500000 -0,068930 
11,600000 -0,065252 
11,700000 -0,064033 
11,800000 -0,064864 
11,900000 -0,067042 
12,000000 -0,066917 
12,100000 -0,069459 
12,200000 -0,072751 
12,300000 -0,076114 
12,400000 -0,080399 
12,500000 -0,078299 
12,600000 -0,074761 
12,700000 -0,073023 
12,800000 -0,069013 
12,900000 -0,071922 
13,000000 -0,069863 
13,100000 -0,069552 
13,200000 -0,068332 
13,300000 -0,070202 
13,400000 -0,073549 
13,500000 -0,073861 
13,600000 -0,074302 
13,700000 -0,066993 
13,800000 -0,069036 
13,900000 -0,070341 
14,000000 -0,080240 
14,100000 -0,093077 
14,200000 -0,116475 
14,300000 -0,168156 
14,400000 -0,206356 
14,500000 -0,186453 
14,600000 -0,131072 
14,700000 -0,093146 
14,800000 -0,079134 
14,900000 -0,068810 
15,000000 -0,068059 
15,100000 -0,071025 
15,200000 -0,074499 
15,300000 -0,085374 
15,400000 -0,090481 
15,500000 -0,085529 
15,600000 -0,075972 
15,700000 -0,071434 
15,800000 -0,069806 
15,900000 -0,071172 
16,000000 -0,074294 
16,100000 -0,083824 
16,200000 -0,101088 
16,300000 -0,131009 
16,400000 -0,140666 
16,500000 -0,118865 
16,600000 -0,090315 
16,700000 -0,079205 
16,800000 -0,071022 
16,900000 -0,072568 
17,000000 -0,076885 
17,100000 -0,092938 
17,200000 -0,119987 
17,300000 -0,160599 
17,400000 -0,173760 
17,500000 -0,138818 
17,600000 -0,100359 
17,700000 -0,081324 
17,800000 -0,076996 
17,900000 -0,083926 
18,000000 -0,098235 
18,100000 -0,141571 
18,200000 -0,223198 
18,300000 -0,326772 
18,400000 -0,377969 
18,500000 -0,267648 
18,600000 -0,148922 
18,700000 -0,097327 
18,800000 -0,077918 
18,900000 -0,071436 
19,000000 -0,065261 
19,100000 -0,062617 
19,200000 -0,063109 
19,300000 -0,063945 
19,400000 -0,066324 
19,500000 -0,064964 
19,600000 -0,061328 
19,700000 -0,062033 
19,800000 -0,061196 
19,900000 -0,063329 
20,000000 -0,060824 
20,100000 -0,064460 
20,200000 -0,069486 
20,300000 -0,074095 
20,400000 -0,075085 
20,500000 -0,070370 
20,600000 -0,066111 
20,700000 -0,064471 
20,800000 -0,063061 
20,900000 -0,062716 
21,000000 -0,062617 
21,100000 -0,065524 
21,200000 -0,063102 
21,300000 -0,063016 
21,400000 -0,062779 
21,500000 -0,062172 
21,600000 -0,061121 
21,700000 -0,059730 
21,800000 -0,059767 
21,900000 -0,061069 
22,000000 -0,063399 
22,100000 -0,062214 
22,200000 -0,062385 
22,300000 -0,065940 
22,400000 -0,062803 
22,500000 -0,060621 
22,600000 -0,063019 
22,700000 -0,062864 
22,800000 -0,061107 
22,900000 -0,063585 
23,000000 -0,065446 
23,100000 -0,062028 
23,200000 -0,065590 
23,300000 -0,065269 
23,400000 -0,064487 
23,500000 -0,065601 
23,600000 -0,067946 
23,700000 -0,066242 
23,800000 -0,067178 
23,900000 -0,067220 
24,000000 -0,062470 
24,100000 -0,062659 
24,200000 -0,063617 
24,300000 -0,063152 
24,400000 -0,064085 
24,500000 -0,062966 
24,600000 -0,064044 
24,700000 -0,067498 
24,800000 -0,066155 
24,900000 -0,063043 
25,000000 -0,064960 
25,100000 -0,063256 
25,200000 -0,062029 
25,300000 -0,066535 
25,400000 -0,064722 
25,500000 -0,065485 
25,600000 -0,066996 
25,700000 -0,064908 
25,800000 -0,066144 
25,900000 -0,061543 
26,000000 -0,064958 
26,100000 -0,067664 
26,200000 -0,071046 
26,300000 -0,074386 
26,400000 -0,074595 
26,500000 -0,069281 
26,600000 -0,065077 
26,700000 -0,064657 
26,800000 -0,062298 
26,900000 -0,065575 
27,000000 -0,071311 
27,100000 -0,075739 
27,200000 -0,083407 
27,300000 -0,089459 
27,400000 -0,088984 
27,500000 -0,080585 
27,600000 -0,083558 
27,700000 -0,095751 
27,800000 -0,117087 
27,900000 -0,165290 
28,000000 -0,288127 
28,100000 -0,493486 
28,200000 -0,824048 
28,300000 -1,090092 
28,400000 -0,950801 
28,500000 -0,519587 
28,600000 -0,239153 
28,700000 -0,133695 
28,800000 -0,093809 
28,900000 -0,077739 
29,000000 -0,077115 
29,100000 -0,071356 
29,200000 -0,074551 
29,300000 -0,074177 
29,400000 -0,078625 
29,500000 -0,073575 
29,600000 -0,069339 
29,700000 -0,068223 
29,800000 -0,074017 
29,900000 -0,071726 
30,000000 -0,072599 
30,100000 -0,070892 
30,200000 -0,070391 
30,300000 -0,074186 
30,400000 -0,072456 
30,500000 -0,067450 
30,600000 -0,065629 
30,700000 -0,064872 
30,800000 -0,064507 
30,900000 -0,065797 
31,000000 -0,067230 
31,100000 -0,066498 
31,200000 -0,066281 
31,300000 -0,068873 
31,400000 -0,065618 
31,500000 -0,068238 
31,600000 -0,067260 
31,700000 -0,070686 
31,800000 -0,074975 
31,900000 -0,083448 
32,000000 -0,097330 
32,100000 -0,123661 
32,200000 -0,163479 
32,300000 -0,189473 
32,400000 -0,153081 
32,500000 -0,106456 
32,600000 -0,082556 
32,700000 -0,070929 
32,800000 -0,068547 
32,900000 -0,067191 
33,000000 -0,066992 
33,100000 -0,065232 
33,200000 -0,064759 
33,300000 -0,068474 
33,400000 -0,070474 
33,500000 -0,070042 
33,600000 -0,071241 
33,700000 -0,069174 
33,800000 -0,068698 
33,900000 -0,068361 
34,000000 -0,068242 
34,100000 -0,068076 
34,200000 -0,071230 
34,300000 -0,069582 
34,400000 -0,071531 
34,500000 -0,069033 
34,600000 -0,067950 
34,700000 -0,068857 
34,800000 -0,068074 
34,900000 -0,064570 
35,000000 -0,065005 
35,100000 -0,061805 
35,200000 -0,064603 
35,300000 -0,064281 
35,400000 -0,063963 
35,500000 -0,065716 
35,600000 -0,063726 
35,700000 -0,064306 
35,800000 -0,065976 
35,900000 -0,064062 
36,000000 -0,063440 
36,100000 -0,065034 
36,200000 -0,065728 
36,300000 -0,063899 
36,400000 -0,063195 
36,500000 -0,063248 
36,600000 -0,066658 
36,700000 -0,066788 
36,800000 -0,064735 
36,900000 -0,067302 
37,000000 -0,066582 
37,100000 -0,062750 
37,200000 -0,067793 
37,300000 -0,065407 
37,400000 -0,065366 
37,500000 -0,064586 
37,600000 -0,064685 
37,700000 -0,071843 
37,800000 -0,074293 
37,900000 -0,070741 
38,000000 -0,065972 
38,100000 -0,063436 
38,200000 -0,071493 
38,300000 -0,075867 
38,400000 -0,072760 
38,500000 -0,067006 
38,600000 -0,066804 
38,700000 -0,068800 
38,800000 -0,071715 
38,900000 -0,070844 
39,000000 -0,069973 
39,100000 -0,068582 
39,200000 -0,066691 
39,300000 -0,062654 
39,400000 -0,066639 
39,500000 -0,067305 
39,600000 -0,067407 
39,700000 -0,065599 
39,800000 -0,067819 
39,900000 -0,065397 
40,000000 -0,068288 
40,100000 -0,072340 
40,200000 -0,069746 
40,300000 -0,070003 
40,400000 -0,071259 
40,500000 -0,067795 
40,600000 -0,067309 
40,700000 -0,066875 
40,800000 -0,065311 
40,900000 -0,067609 
41,000000 -0,064546 
41,100000 -0,065825 
41,200000 -0,070531 
41,300000 -0,069247 
41,400000 -0,060037 
41,500000 -0,066339 
41,600000 -0,065926 
41,700000 -0,068979 
41,800000 -0,072942 
41,900000 -0,067265 
42,000000 -0,066000 
42,100000 -0,068788 
42,200000 -0,069923 
42,300000 -0,067791 
42,400000 -0,063947 
42,500000 -0,065057 
42,600000 -0,067096 
42,700000 -0,064043 
42,800000 -0,065356 
42,900000 -0,066390 
43,000000 -0,069518 
43,100000 -0,073097 
43,200000 -0,071328 
43,300000 -0,071323 
43,400000 -0,068596 
43,500000 -0,066763 
43,600000 -0,067228 
43,700000 -0,068357 
43,800000 -0,067902 
43,900000 -0,065660 
44,000000 -0,070595 
44,100000 -0,072442 
44,200000 -0,073314 
44,300000 -0,067808 
44,400000 -0,070930 
44,500000 -0,066042 
44,600000 -0,064179 
44,700000 -0,064345 
44,800000 -0,068938 
44,900000 -0,067799 
45,000000 -0,068393 
45,100000 -0,069022 
45,200000 -0,069180 
45,300000 -0,068300 
45,400000 -0,070608 
45,500000 -0,071720 
45,600000 -0,070157 
45,700000 -0,067932 
45,800000 -0,067342 
45,900000 -0,066205 
46,000000 -0,069120 
46,100000 -0,069587 
46,200000 -0,069253 
46,300000 -0,067526 
46,400000 -0,068835 
46,500000 -0,067201 
46,600000 -0,066319 
46,700000 -0,068535 
46,800000 -0,067952 
46,900000 -0,064807 
47,000000 -0,069752 
47,100000 -0,069848 
47,200000 -0,068378 
47,300000 -0,070553 
47,400000 -0,068322 
47,500000 -0,066963 
47,600000 -0,067678 
47,700000 -0,066112 
47,800000 -0,067765 
47,900000 -0,068315 
48,000000 -0,068081 
48,100000 -0,069285 
48,200000 -0,067834 
48,300000 -0,067873 
48,400000 -0,066863 
48,500000 -0,067681 
48,600000 -0,067277 
48,700000 -0,065844 
48,800000 -0,065198 
48,900000 -0,067360 
49,000000 -0,065198 
49,100000 -0,066020 
49,200000 -0,065749 
49,300000 -0,065095 
49,400000 -0,066072 
49,500000 -0,065684 
49,600000 -0,066214 
49,700000 -0,067897 
49,800000 -0,067202 
49,900000 -0,067120 
