38,000000 -4,055410 
38,100000 -1,714026 
38,200000 -1,093918 
38,300000 -0,814699 
38,400000 -0,563356 
38,500000 -0,392137 
38,600000 -0,292153 
38,700000 -0,272458 
38,800000 -0,309407 
38,900000 -0,495666 
39,000000 -0,710632 
39,100000 -0,970843 
39,200000 -1,067042 
39,300000 -1,030635 
39,400000 -0,857988 
39,500000 -0,734879 
39,600000 -0,395677 
39,700000 -0,187897 
39,800000 -0,056744 
39,900000 -0,248018 
40,000000 -0,285259 
40,100000 -0,430025 
40,200000 -0,488961 
40,300000 -0,472317 
40,400000 -0,423340 
40,500000 -0,326816 
40,600000 -0,188949 
40,700000 -0,158217 
40,800000 -0,220279 
40,900000 -0,629518 
41,000000 -1,001800 
41,100000 -1,535438 
41,200000 -1,924749 
41,300000 -1,930394 
41,400000 -1,740090 
41,500000 -1,228574 
41,600000 -0,639134 
41,700000 -0,336685 
41,800000 -0,318133 
41,900000 -0,399797 
42,000000 -0,607768 
42,100000 -0,728946 
42,200000 -0,803132 
42,300000 -0,795802 
42,400000 -0,697814 
42,500000 -0,527266 
42,600000 -0,443144 
42,700000 -0,235121 
42,800000 -0,414079 
42,900000 -0,733153 
43,000000 -1,346589 
43,100000 -1,844534 
43,200000 -2,227039 
43,300000 -2,289135 
43,400000 -2,080002 
43,500000 -1,538128 
43,600000 -0,954502 
43,700000 -0,780325 
43,800000 -1,191586 
43,900000 -2,339940 
44,000000 -3,954610 
44,100000 -5,110934 
44,200000 -5,774921 
44,300000 -5,639525 
44,400000 -4,643283 
44,500000 -2,806106 
44,600000 -1,236860 
44,700000 -0,756500 
44,800000 -0,645704 
44,900000 -0,532695 
45,000000 -0,524119 
45,100000 -0,661760 
45,200000 -0,683511 
45,300000 -0,647102 
45,400000 -0,603501 
45,500000 -0,403597 
45,600000 -0,186070 
45,700000 -0,160313 
45,800000 -0,101396 
45,900000 -0,092886 
46,000000 -0,132331 
46,100000 -0,129839 
46,200000 -0,110166 
46,300000 -0,099353 
46,400000 -0,129343 
46,500000 -0,054282 
46,600000 -0,111444 
46,700000 -0,112850 
46,800000 -0,130587 
46,900000 -0,176633 
47,000000 -0,340708 
47,100000 -0,561844 
47,200000 -0,640547 
47,300000 -0,613187 
47,400000 -0,512720 
47,500000 -0,341445 
47,600000 -0,176515 
47,700000 -0,078996 
47,800000 0,030547 
47,900000 -0,032728 
