13,000000 0,075922 
13,100000 0,077212 
13,200000 0,064111 
13,300000 0,056103 
13,400000 0,061347 
13,500000 0,061415 
13,600000 0,063678 
13,700000 0,060140 
13,800000 0,067059 
13,900000 0,061820 
14,000000 0,060082 
14,100000 0,044663 
14,200000 0,042035 
14,300000 0,043416 
14,400000 0,046765 
14,500000 0,045336 
14,600000 0,059211 
14,700000 0,071343 
14,800000 0,068486 
14,900000 0,075825 
15,000000 0,061311 
15,100000 0,043439 
15,200000 0,034210 
15,300000 0,017521 
15,400000 0,009508 
15,500000 0,013331 
15,600000 0,033584 
15,700000 0,035526 
15,800000 0,052695 
15,900000 0,028675 
16,000000 -0,007363 
16,100000 -0,078666 
16,200000 -0,164673 
16,300000 -0,212102 
16,400000 -0,226583 
16,500000 -0,202452 
16,600000 -0,122336 
16,700000 -0,076171 
16,800000 -0,107162 
16,900000 -0,242588 
17,000000 -0,518955 
17,100000 -0,921380 
17,200000 -1,357824 
17,300000 -1,653187 
17,400000 -1,683694 
17,500000 -1,422554 
17,600000 -0,950855 
17,700000 -0,691987 
17,800000 -0,764845 
17,900000 -1,308200 
18,000000 -2,520886 
18,100000 -4,419036 
18,200000 -6,137024 
18,300000 -7,087031 
18,400000 -6,990723 
18,500000 -5,351396 
18,600000 -2,990470 
18,700000 -1,488831 
18,800000 -0,822971 
18,900000 -0,476731 
19,000000 -0,280225 
19,100000 -0,157218 
19,200000 -0,098760 
19,300000 -0,049692 
19,400000 -0,005007 
19,500000 0,015870 
19,600000 0,030077 
19,700000 0,029049 
19,800000 0,047393 
19,900000 0,025740 
20,000000 -0,006986 
20,100000 -0,054859 
20,200000 -0,076588 
20,300000 -0,098109 
20,400000 -0,084932 
20,500000 -0,039973 
20,600000 -0,005083 
20,700000 0,047102 
20,800000 0,055793 
20,900000 0,063777 
21,000000 0,070134 
21,100000 0,058054 
21,200000 0,071117 
21,300000 0,080198 
21,400000 0,085950 
21,500000 0,083732 
21,600000 0,095363 
21,700000 0,085802 
21,800000 0,079293 
21,900000 0,080789 
22,000000 0,073860 
22,100000 0,077924 
22,200000 0,080958 
22,300000 0,075548 
22,400000 0,074427 
22,500000 0,072868 
22,600000 0,078993 
22,700000 0,080546 
22,800000 0,078762 
22,900000 0,074807 
