25,000000 -2,847677 
25,100000 -1,117805 
25,200000 -0,650699 
25,300000 -0,481031 
25,400000 -0,399061 
25,500000 -0,343850 
25,600000 -0,235789 
25,700000 -0,163305 
25,800000 -0,155379 
25,900000 -0,193301 
26,000000 -0,285194 
26,100000 -0,316099 
26,200000 -0,341678 
26,300000 -0,363879 
26,400000 -0,337285 
26,500000 -0,301163 
26,600000 -0,236450 
26,700000 -0,136358 
26,800000 -0,173241 
26,900000 -0,284220 
27,000000 -0,401928 
27,100000 -0,548530 
27,200000 -0,725628 
27,300000 -0,723909 
27,400000 -0,656941 
27,500000 -0,554254 
27,600000 -0,350848 
27,700000 -0,514861 
27,800000 -0,940629 
27,900000 -1,764251 
28,000000 -2,793263 
28,100000 -3,794780 
28,200000 -4,199415 
28,300000 -4,250563 
28,400000 -3,642776 
28,500000 -2,488927 
28,600000 -1,457730 
28,700000 -0,742524 
28,800000 -0,551979 
28,900000 -0,490799 
29,000000 -0,539414 
29,100000 -0,580127 
29,200000 -0,693039 
29,300000 -0,668386 
29,400000 -0,632405 
29,500000 -0,495022 
29,600000 -0,294527 
29,700000 -0,134019 
29,800000 -0,071422 
29,900000 -0,099840 
30,000000 -0,134457 
30,100000 -0,127879 
30,200000 -0,152978 
30,300000 -0,029207 
30,400000 -0,012243 
30,500000 0,002390 
30,600000 -0,020029 
30,700000 -0,028707 
30,800000 -0,160747 
30,900000 -0,122371 
