0,000000 -3,816057 
0,100000 -2,008322 
0,200000 -1,238568 
0,300000 -0,870877 
0,400000 -0,650935 
0,500000 -0,529399 
0,600000 -0,442500 
0,700000 -0,391644 
0,800000 -0,364285 
0,900000 -0,346746 
1,000000 -0,344879 
1,100000 -0,330619 
1,200000 -0,319000 
1,300000 -0,316753 
1,400000 -0,319750 
1,500000 -0,324225 
1,600000 -0,317229 
1,700000 -0,304838 
1,800000 -0,320052 
1,900000 -0,253854 
2,000000 -0,190339 
2,100000 -0,199332 
2,200000 -0,129857 
2,300000 -0,060332 
2,400000 -0,024631 
2,500000 -0,005015 
2,600000 -0,006929 
2,700000 -0,027036 
2,800000 -0,166426 
2,900000 -0,302637 
3,000000 -0,281976 
3,100000 -0,169277 
3,200000 -0,077586 
3,300000 -0,031718 
3,400000 0,001610 
3,500000 0,018675 
3,600000 0,032932 
3,700000 0,040167 
3,800000 0,037448 
3,900000 0,037888 
4,000000 0,050434 
4,100000 0,054282 
4,200000 0,051234 
4,300000 0,057399 
4,400000 0,060675 
4,500000 0,052467 
4,600000 0,050344 
4,700000 0,053246 
4,800000 0,051899 
4,900000 0,056998 
5,000000 0,053784 
5,100000 0,054510 
5,200000 0,059658 
5,300000 0,058101 
5,400000 0,055450 
5,500000 0,060533 
5,600000 0,060663 
5,700000 0,056230 
5,800000 0,049177 
5,900000 0,062360 
6,000000 0,063664 
6,100000 0,059787 
6,200000 0,055908 
6,300000 0,063307 
6,400000 0,061942 
6,500000 0,064625 
6,600000 0,066092 
6,700000 0,064631 
6,800000 0,062856 
6,900000 0,063850 
7,000000 0,049704 
7,100000 0,058842 
7,200000 0,060667 
7,300000 0,068559 
7,400000 0,073460 
7,500000 0,067693 
7,600000 0,067771 
7,700000 0,064259 
7,800000 0,052790 
7,900000 0,059385 
8,000000 0,065040 
8,100000 0,065293 
8,200000 0,061012 
8,300000 0,058373 
8,400000 0,058104 
8,500000 0,056333 
8,600000 0,047026 
8,700000 0,053719 
8,800000 0,061268 
8,900000 0,061136 
9,000000 0,058162 
9,100000 0,057975 
9,200000 0,051802 
9,300000 0,058242 
9,400000 0,057089 
9,500000 0,052664 
9,600000 0,050263 
9,700000 0,056655 
9,800000 0,057255 
9,900000 0,062389 
10,000000 0,064565 
10,100000 0,060968 
10,200000 0,054140 
10,300000 0,047706 
10,400000 0,054094 
10,500000 0,059296 
10,600000 0,060234 
10,700000 0,057081 
10,800000 0,061894 
10,900000 0,062920 
11,000000 0,065300 
11,100000 0,055345 
11,200000 0,055531 
11,300000 0,062798 
11,400000 0,063548 
11,500000 0,056018 
11,600000 0,052737 
11,700000 0,055060 
11,800000 0,060599 
11,900000 0,056287 
12,000000 0,056781 
12,100000 0,046889 
12,200000 0,038429 
12,300000 0,023981 
12,400000 0,026622 
12,500000 0,022068 
12,600000 0,039044 
12,700000 0,046344 
12,800000 0,057823 
12,900000 0,050647 
13,000000 0,050395 
13,100000 0,051785 
13,200000 0,048406 
13,300000 0,038259 
13,400000 0,035049 
13,500000 0,046883 
13,600000 0,051068 
13,700000 0,066366 
13,800000 0,060098 
13,900000 0,060317 
14,000000 0,059981 
14,100000 0,041096 
14,200000 0,029015 
14,300000 0,016112 
14,400000 0,013018 
14,500000 0,015184 
14,600000 0,026910 
14,700000 0,040582 
14,800000 0,041378 
14,900000 0,037795 
15,000000 0,035657 
15,100000 0,012970 
15,200000 -0,005665 
15,300000 -0,027470 
15,400000 -0,035533 
15,500000 -0,039930 
15,600000 -0,013723 
15,700000 0,011900 
15,800000 0,012769 
15,900000 -0,011023 
16,000000 -0,068559 
16,100000 -0,163926 
16,200000 -0,262346 
16,300000 -0,331515 
16,400000 -0,344931 
16,500000 -0,300819 
16,600000 -0,223704 
16,700000 -0,170142 
16,800000 -0,194095 
16,900000 -0,354417 
17,000000 -0,712571 
17,100000 -1,248931 
17,200000 -1,769088 
17,300000 -2,121134 
17,400000 -2,078537 
17,500000 -1,752270 
17,600000 -1,186256 
17,700000 -0,884073 
17,800000 -1,012001 
17,900000 -1,729556 
18,000000 -3,248656 
18,100000 -5,555340 
18,200000 -7,575384 
18,300000 -8,555708 
18,400000 -8,358145 
18,500000 -6,373465 
18,600000 -3,505779 
18,700000 -1,783082 
18,800000 -0,967296 
18,900000 -0,571963 
19,000000 -0,348912 
19,100000 -0,225828 
19,200000 -0,148469 
19,300000 -0,095626 
19,400000 -0,058990 
19,500000 -0,026944 
19,600000 -0,011560 
19,700000 0,008581 
19,800000 0,003632 
19,900000 -0,014836 
20,000000 -0,064971 
20,100000 -0,103386 
20,200000 -0,150481 
20,300000 -0,171551 
20,400000 -0,164678 
20,500000 -0,130461 
20,600000 -0,066175 
20,700000 -0,023169 
20,800000 0,008000 
20,900000 0,014244 
21,000000 0,018735 
21,100000 0,036381 
21,200000 0,040294 
21,300000 0,043279 
21,400000 0,048559 
21,500000 0,044383 
21,600000 0,047048 
21,700000 0,053267 
21,800000 0,047093 
21,900000 0,048336 
22,000000 0,045577 
22,100000 0,040742 
22,200000 0,034378 
22,300000 0,034549 
22,400000 0,038358 
22,500000 0,037978 
22,600000 0,040200 
22,700000 0,046321 
22,800000 0,055726 
22,900000 0,053373 
23,000000 0,053548 
23,100000 0,059584 
23,200000 0,053515 
23,300000 0,047748 
23,400000 0,050857 
23,500000 0,048665 
23,600000 0,042899 
23,700000 0,051669 
23,800000 0,048035 
23,900000 0,045154 
24,000000 0,042670 
24,100000 0,039291 
24,200000 0,041817 
24,300000 0,038990 
24,400000 0,043450 
24,500000 0,041884 
24,600000 0,030904 
24,700000 0,036001 
24,800000 0,046372 
24,900000 0,045094 
25,000000 0,033001 
25,100000 0,031071 
25,200000 0,031759 
25,300000 0,031546 
25,400000 0,029875 
25,500000 0,042366 
25,600000 0,042532 
25,700000 0,037955 
25,800000 0,033031 
25,900000 0,021147 
26,000000 -0,005661 
26,100000 -0,037490 
26,200000 -0,056815 
26,300000 -0,060180 
26,400000 -0,051814 
26,500000 -0,032601 
26,600000 -0,020709 
26,700000 -0,015632 
26,800000 -0,013892 
26,900000 -0,035757 
27,000000 -0,069800 
27,100000 -0,101185 
27,200000 -0,128796 
27,300000 -0,139629 
27,400000 -0,126300 
27,500000 -0,107910 
27,600000 -0,117782 
27,700000 -0,177684 
27,800000 -0,328584 
27,900000 -0,563569 
28,000000 -0,877120 
28,100000 -1,155574 
28,200000 -1,326447 
28,300000 -1,345113 
28,400000 -1,217609 
28,500000 -0,896042 
28,600000 -0,543936 
28,700000 -0,327487 
28,800000 -0,213245 
28,900000 -0,158918 
29,000000 -0,151721 
29,100000 -0,154293 
29,200000 -0,159186 
29,300000 -0,147935 
29,400000 -0,144466 
29,500000 -0,090016 
29,600000 -0,048181 
29,700000 -0,016096 
29,800000 0,000461 
29,900000 0,002086 
30,000000 0,000952 
30,100000 -0,000788 
30,200000 -0,009921 
30,300000 -0,006027 
30,400000 -0,004288 
30,500000 0,006860 
30,600000 0,019311 
30,700000 0,025440 
30,800000 0,028179 
30,900000 0,025943 
31,000000 0,013655 
31,100000 0,008969 
31,200000 -0,007796 
31,300000 -0,007019 
31,400000 -0,008293 
31,500000 0,010284 
31,600000 0,018719 
31,700000 0,024259 
31,800000 0,028400 
31,900000 0,036161 
32,000000 0,028623 
32,100000 0,014480 
32,200000 0,009809 
32,300000 0,012659 
32,400000 0,038120 
32,500000 0,045746 
32,600000 0,039457 
32,700000 0,041677 
32,800000 0,038860 
32,900000 0,033809 
33,000000 0,045199 
33,100000 0,044334 
33,200000 0,052785 
33,300000 0,050173 
33,400000 0,049254 
33,500000 0,049992 
33,600000 0,053015 
33,700000 0,055953 
33,800000 0,054127 
33,900000 0,048909 
34,000000 0,048510 
34,100000 0,042212 
34,200000 0,042101 
34,300000 0,051611 
34,400000 0,055208 
34,500000 0,054146 
34,600000 0,051229 
34,700000 0,060381 
34,800000 0,049021 
34,900000 0,047609 
35,000000 0,051227 
35,100000 0,046236 
35,200000 0,045928 
35,300000 0,057195 
35,400000 0,052206 
35,500000 0,059286 
35,600000 0,053987 
35,700000 0,046099 
35,800000 0,046184 
35,900000 0,049367 
36,000000 0,048553 
36,100000 0,037801 
36,200000 0,048821 
36,300000 0,051847 
36,400000 0,053593 
36,500000 0,046089 
36,600000 0,051155 
36,700000 0,052182 
36,800000 0,046376 
36,900000 0,049936 
37,000000 0,057163 
37,100000 0,061164 
37,200000 0,049967 
37,300000 0,037652 
37,400000 0,042874 
37,500000 0,045210 
37,600000 0,049838 
37,700000 0,055720 
37,800000 0,056109 
37,900000 0,047167 
38,000000 0,047553 
38,100000 0,050371 
38,200000 0,048425 
38,300000 0,038175 
38,400000 0,044717 
38,500000 0,043538 
38,600000 0,048788 
38,700000 0,048855 
38,800000 0,036607 
38,900000 0,025611 
39,000000 0,004380 
39,100000 -0,009579 
39,200000 -0,012574 
39,300000 -0,017478 
39,400000 -0,010665 
39,500000 0,008040 
39,600000 0,017625 
39,700000 0,027515 
39,800000 0,032244 
39,900000 0,029395 
40,000000 0,022038 
40,100000 0,018529 
40,200000 0,010416 
40,300000 0,012824 
40,400000 0,019221 
40,500000 0,022374 
40,600000 0,026450 
40,700000 0,025187 
40,800000 0,013103 
40,900000 -0,014974 
41,000000 -0,040049 
41,100000 -0,069725 
41,200000 -0,091449 
41,300000 -0,102556 
41,400000 -0,097586 
41,500000 -0,070373 
41,600000 -0,025642 
41,700000 -0,005872 
41,800000 0,008204 
41,900000 0,003385 
42,000000 -0,000398 
42,100000 -0,013435 
42,200000 -0,025544 
42,300000 -0,023367 
42,400000 -0,020783 
42,500000 -0,008651 
42,600000 0,003136 
42,700000 0,000030 
42,800000 -0,014295 
42,900000 -0,042992 
43,000000 -0,086843 
43,100000 -0,140435 
43,200000 -0,180665 
43,300000 -0,186757 
43,400000 -0,178715 
43,500000 -0,137767 
43,600000 -0,098918 
43,700000 -0,082327 
43,800000 -0,104686 
43,900000 -0,181737 
44,000000 -0,276293 
44,100000 -0,354041 
44,200000 -0,394984 
44,300000 -0,397858 
44,400000 -0,338289 
44,500000 -0,216958 
44,600000 -0,121094 
44,700000 -0,072729 
44,800000 -0,043076 
44,900000 -0,028458 
45,000000 -0,022627 
45,100000 -0,021639 
45,200000 -0,024616 
45,300000 -0,026847 
45,400000 -0,017506 
45,500000 0,000154 
45,600000 0,010972 
45,700000 0,016629 
45,800000 0,025978 
45,900000 0,022019 
46,000000 0,025439 
46,100000 0,028724 
46,200000 0,029317 
46,300000 0,031049 
46,400000 0,028696 
46,500000 0,032701 
46,600000 0,026463 
46,700000 0,032353 
46,800000 0,032596 
46,900000 0,028329 
47,000000 0,021358 
47,100000 0,017424 
47,200000 0,017446 
47,300000 0,017037 
47,400000 0,035039 
47,500000 0,030099 
47,600000 0,020914 
47,700000 0,022059 
47,800000 0,023341 
47,900000 0,022386 
48,000000 0,018429 
48,100000 0,015856 
48,200000 0,017525 
48,300000 0,021715 
48,400000 0,027973 
48,500000 0,032887 
48,600000 0,033927 
48,700000 0,029231 
48,800000 0,027377 
48,900000 0,035078 
49,000000 0,036962 
49,100000 0,029920 
49,200000 0,032098 
49,300000 0,033660 
49,400000 0,032688 
49,500000 0,034821 
49,600000 0,035168 
49,700000 0,038870 
49,800000 0,037595 
49,900000 0,034550 
50,000000 0,027733 
50,100000 0,025766 
50,200000 0,022115 
50,300000 0,022240 
50,400000 0,025374 
50,500000 0,026165 
50,600000 0,021594 
50,700000 0,034823 
50,800000 0,036020 
50,900000 0,040336 
51,000000 0,024522 
51,100000 0,018702 
51,200000 0,023585 
51,300000 0,008754 
51,400000 0,023120 
51,500000 0,025470 
51,600000 0,033378 
51,700000 0,033655 
51,800000 0,037839 
51,900000 0,042721 
52,000000 0,040198 
52,100000 0,044586 
52,200000 0,038659 
52,300000 0,030886 
52,400000 0,032880 
52,500000 0,058743 
52,600000 0,059240 
52,700000 0,054050 
52,800000 0,042835 
52,900000 0,042813 
53,000000 0,032022 
53,100000 0,029157 
53,200000 0,036975 
53,300000 0,040961 
53,400000 0,041994 
53,500000 0,043889 
53,600000 0,046627 
53,700000 0,042389 
53,800000 0,038492 
53,900000 0,041488 
54,000000 0,044793 
54,100000 0,040883 
54,200000 0,040698 
54,300000 0,036544 
54,400000 0,042204 
54,500000 0,047795 
54,600000 0,047602 
54,700000 0,051065 
54,800000 0,045370 
54,900000 0,039871 
55,000000 0,031478 
55,100000 0,016367 
55,200000 0,008564 
55,300000 -0,001431 
55,400000 0,002464 
55,500000 0,011026 
55,600000 0,013850 
55,700000 0,027723 
55,800000 0,034791 
55,900000 0,034967 
56,000000 0,034408 
56,100000 0,027454 
56,200000 0,014708 
56,300000 0,001393 
56,400000 0,002582 
56,500000 0,003371 
56,600000 0,019544 
56,700000 0,025538 
56,800000 0,033441 
56,900000 0,020576 
57,000000 -0,010020 
57,100000 -0,029052 
57,200000 -0,066905 
57,300000 -0,092553 
57,400000 -0,096331 
57,500000 -0,082141 
57,600000 -0,029052 
57,700000 0,001874 
57,800000 0,016796 
57,900000 0,029709 
58,000000 0,032281 
58,100000 0,028881 
58,200000 0,010086 
58,300000 0,019383 
58,400000 0,027714 
58,500000 0,030935 
58,600000 0,028042 
58,700000 0,030369 
58,800000 0,027714 
58,900000 0,038753 
59,000000 0,047430 
59,100000 0,049834 
59,200000 0,046892 
59,300000 0,044057 
59,400000 0,045895 
59,500000 0,043232 
59,600000 0,040386 
59,700000 0,040949 
59,800000 0,046109 
59,900000 0,045333 
60,000000 0,038123 
60,100000 0,040942 
60,200000 0,034472 
60,300000 0,037131 
60,400000 0,034532 
60,500000 0,038446 
60,600000 0,042047 
60,700000 0,041133 
60,800000 0,028489 
60,900000 0,033611 
61,000000 0,036775 
61,100000 0,033515 
61,200000 0,037666 
61,300000 0,038914 
61,400000 0,039576 
61,500000 0,045841 
61,600000 0,045663 
61,700000 0,047345 
61,800000 0,044130 
61,900000 0,043282 
62,000000 0,047923 
62,100000 0,042333 
62,200000 0,043928 
62,300000 0,041082 
62,400000 0,044957 
62,500000 0,052996 
62,600000 0,046870 
62,700000 0,051806 
62,800000 0,053882 
62,900000 0,051815 
63,000000 0,044861 
63,100000 0,045595 
63,200000 0,044837 
63,300000 0,053325 
63,400000 0,054991 
63,500000 0,056319 
63,600000 0,054995 
63,700000 0,051931 
63,800000 0,049401 
63,900000 0,049155 
64,000000 0,053391 
64,100000 0,043698 
64,200000 0,041512 
64,300000 0,039313 
64,400000 0,042345 
64,500000 0,041535 
64,600000 0,041315 
64,700000 0,041349 
64,800000 0,045186 
64,900000 0,039311 
65,000000 0,045564 
65,100000 0,048252 
65,200000 0,042773 
65,300000 0,039679 
65,400000 0,044813 
65,500000 0,042740 
65,600000 0,048096 
65,700000 0,042267 
65,800000 0,045921 
65,900000 0,042545 
66,000000 0,032298 
66,100000 0,032184 
66,200000 0,028385 
66,300000 0,024035 
66,400000 0,023460 
66,500000 0,034801 
66,600000 0,040286 
66,700000 0,033945 
66,800000 0,039194 
66,900000 0,043844 
67,000000 0,047320 
67,100000 0,040849 
67,200000 0,040804 
67,300000 0,036164 
67,400000 0,029174 
67,500000 0,036110 
67,600000 0,039941 
67,700000 0,038393 
67,800000 0,040274 
67,900000 0,043068 
68,000000 0,035656 
68,100000 0,034343 
68,200000 0,033580 
68,300000 0,038324 
68,400000 0,039894 
68,500000 0,040285 
68,600000 0,038852 
68,700000 0,040212 
68,800000 0,036255 
68,900000 0,035247 
69,000000 0,025301 
69,100000 0,014986 
69,200000 -0,011267 
69,300000 -0,043691 
69,400000 -0,045222 
69,500000 -0,026310 
69,600000 -0,000317 
69,700000 0,005869 
69,800000 0,014983 
69,900000 0,026085 
70,000000 0,042428 
70,100000 0,038685 
70,200000 0,030956 
70,300000 0,019611 
70,400000 0,019917 
70,500000 0,026843 
70,600000 0,032746 
70,700000 0,034386 
70,800000 0,036360 
70,900000 0,037700 
71,000000 0,033544 
71,100000 0,027384 
71,200000 0,016680 
71,300000 0,006326 
71,400000 -0,001645 
71,500000 0,003641 
71,600000 0,013292 
71,700000 0,020947 
71,800000 0,024741 
71,900000 0,030349 
72,000000 0,034037 
72,100000 0,033115 
72,200000 0,035377 
72,300000 0,034684 
72,400000 0,040969 
72,500000 0,037083 
72,600000 0,044579 
72,700000 0,046764 
72,800000 0,040733 
72,900000 0,039834 
73,000000 0,039229 
73,100000 0,035433 
73,200000 0,040589 
73,300000 0,041298 
73,400000 0,041542 
73,500000 0,038848 
73,600000 0,035874 
73,700000 0,035294 
73,800000 0,038629 
73,900000 0,038862 
74,000000 0,043658 
74,100000 0,040109 
74,200000 0,036181 
74,300000 0,034196 
74,400000 0,040069 
74,500000 0,040792 
74,600000 0,042404 
74,700000 0,049136 
74,800000 0,055494 
74,900000 0,052090 
75,000000 0,046725 
75,100000 0,047617 
75,200000 0,045179 
75,300000 0,042889 
75,400000 0,045492 
75,500000 0,043930 
75,600000 0,042803 
75,700000 0,045397 
75,800000 0,051293 
75,900000 0,048016 
76,000000 0,049027 
76,100000 0,041713 
76,200000 0,041285 
76,300000 0,040554 
76,400000 0,041359 
76,500000 0,040719 
76,600000 0,037298 
76,700000 0,047615 
76,800000 0,041657 
76,900000 0,048554 
77,000000 0,034702 
77,100000 0,029986 
77,200000 0,040790 
77,300000 0,038722 
77,400000 0,036370 
77,500000 0,036688 
77,600000 0,035324 
77,700000 0,035684 
77,800000 0,042905 
77,900000 0,045375 
78,000000 0,058145 
78,100000 0,056799 
78,200000 0,052036 
78,300000 0,039563 
78,400000 0,046570 
78,500000 0,039338 
78,600000 0,039583 
78,700000 0,040646 
78,800000 0,045610 
78,900000 0,038672 
79,000000 0,043292 
79,100000 0,041743 
79,200000 0,041537 
79,300000 0,044338 
79,400000 0,046010 
79,500000 0,047051 
79,600000 0,043953 
79,700000 0,047038 
79,800000 0,047756 
79,900000 0,043051 
80,000000 0,043846 
80,100000 0,047481 
80,200000 0,049305 
80,300000 0,051604 
80,400000 0,052020 
80,500000 0,051307 
80,600000 0,043061 
80,700000 0,042317 
80,800000 0,042990 
80,900000 0,045881 
81,000000 0,039230 
81,100000 0,042322 
81,200000 0,040696 
81,300000 0,044059 
81,400000 0,046062 
81,500000 0,040530 
81,600000 0,045145 
81,700000 0,034191 
81,800000 0,023625 
81,900000 0,027533 
82,000000 0,039365 
82,100000 0,038786 
82,200000 0,039454 
82,300000 0,044684 
82,400000 0,050990 
82,500000 0,054212 
82,600000 0,052556 
82,700000 0,054965 
82,800000 0,052015 
82,900000 0,055633 
83,000000 0,055014 
83,100000 0,056898 
83,200000 0,047645 
83,300000 0,045000 
83,400000 0,041615 
83,500000 0,044159 
83,600000 0,046935 
83,700000 0,027641 
83,800000 0,033580 
83,900000 0,033820 
84,000000 0,028714 
84,100000 0,034629 
84,200000 0,032021 
84,300000 0,031138 
84,400000 0,031793 
84,500000 0,035298 
84,600000 0,034705 
84,700000 0,031564 
84,800000 0,031361 
84,900000 0,033187 
85,000000 0,036682 
85,100000 0,042001 
85,200000 0,037982 
85,300000 0,033405 
85,400000 0,025298 
85,500000 0,025741 
85,600000 0,020735 
85,700000 0,023830 
85,800000 0,028427 
85,900000 0,034359 
86,000000 0,039879 
86,100000 0,038509 
86,200000 0,039456 
86,300000 0,041612 
86,400000 0,040609 
86,500000 0,042993 
86,600000 0,040734 
86,700000 0,040646 
86,800000 0,045303 
86,900000 0,041687 
87,000000 0,050676 
87,100000 0,038635 
87,200000 0,043623 
87,300000 0,041847 
87,400000 0,049207 
87,500000 0,035198 
87,600000 0,031805 
87,700000 0,037418 
87,800000 0,039299 
87,900000 0,036029 
88,000000 0,031746 
88,100000 0,029353 
88,200000 0,030225 
88,300000 0,043503 
88,400000 0,045772 
88,500000 0,053668 
88,600000 0,048819 
88,700000 0,046826 
88,800000 0,058462 
88,900000 0,045300 
89,000000 0,037255 
89,100000 0,041654 
89,200000 0,042711 
89,300000 0,040742 
89,400000 0,048909 
89,500000 0,053332 
89,600000 0,047562 
89,700000 0,048064 
89,800000 0,050299 
89,900000 0,043691 
90,000000 0,050100 
90,100000 0,050206 
90,200000 0,047480 
90,300000 0,044163 
90,400000 0,052107 
90,500000 0,047446 
90,600000 0,046345 
90,700000 0,048465 
90,800000 0,049729 
90,900000 0,043473 
91,000000 0,045906 
91,100000 0,047256 
91,200000 0,045783 
91,300000 0,045678 
91,400000 0,043116 
91,500000 0,046022 
91,600000 0,037465 
91,700000 0,036608 
91,800000 0,039912 
91,900000 0,037006 
92,000000 0,038996 
92,100000 0,040308 
92,200000 0,041137 
92,300000 0,041190 
92,400000 0,039180 
92,500000 0,041336 
92,600000 0,048634 
92,700000 0,046489 
92,800000 0,044224 
92,900000 0,039071 
93,000000 0,036634 
93,100000 0,040238 
93,200000 0,041777 
93,300000 0,041914 
93,400000 0,036806 
93,500000 0,044117 
93,600000 0,040729 
93,700000 0,036463 
93,800000 0,039928 
93,900000 0,039663 
94,000000 0,037228 
94,100000 0,032354 
94,200000 0,034088 
94,300000 0,038441 
94,400000 0,047368 
94,500000 0,044947 
94,600000 0,048673 
94,700000 0,047858 
94,800000 0,045442 
94,900000 0,041736 
95,000000 0,040445 
95,100000 0,038450 
95,200000 0,042229 
95,300000 0,038709 
95,400000 0,043186 
95,500000 0,044949 
95,600000 0,039286 
95,700000 0,037332 
95,800000 0,037765 
95,900000 0,041888 
96,000000 0,040969 
96,100000 0,041857 
96,200000 0,043914 
96,300000 0,043375 
96,400000 0,043135 
96,500000 0,040484 
96,600000 0,037259 
96,700000 0,035947 
96,800000 0,039843 
96,900000 0,033256 
97,000000 0,035259 
97,100000 0,047914 
97,200000 0,043243 
97,300000 0,051086 
97,400000 0,046383 
97,500000 0,050255 
97,600000 0,049421 
97,700000 0,046663 
97,800000 0,045159 
97,900000 0,043206 
98,000000 0,040273 
98,100000 0,040683 
98,200000 0,041897 
98,300000 0,031255 
98,400000 0,027033 
98,500000 0,033572 
98,600000 0,035769 
98,700000 0,038613 
98,800000 0,045238 
98,900000 0,042067 
99,000000 0,039199 
99,100000 0,039803 
99,200000 0,043550 
99,300000 0,034243 
99,400000 0,034765 
99,500000 0,032227 
99,600000 0,033845 
99,700000 0,040387 
99,800000 0,043816 
99,900000 0,042683 
100,000000 0,048026 
