0,000000 -0,884768 
0,100000 -0,889407 
0,200000 -0,882781 
0,300000 -0,889083 
0,400000 -0,886848 
0,500000 -0,889576 
0,600000 -0,886380 
0,700000 -0,886366 
0,800000 -0,880960 
0,900000 -0,875941 
1,000000 -0,881331 
1,100000 -0,879650 
1,200000 -0,889509 
1,300000 -0,892765 
1,400000 -0,882935 
1,500000 -0,886374 
1,600000 -0,887123 
1,700000 -0,887476 
1,800000 -0,868421 
1,900000 -0,623360 
2,000000 -0,424596 
2,100000 -0,325047 
2,200000 -0,247955 
2,300000 -0,192788 
2,400000 -0,160912 
2,500000 -0,142261 
2,600000 -0,132309 
2,700000 -0,122630 
2,800000 -0,125789 
2,900000 -0,137477 
3,000000 -0,137789 
3,100000 -0,115495 
3,200000 -0,101798 
3,300000 -0,091594 
3,400000 -0,084678 
3,500000 -0,084994 
3,600000 -0,083877 
3,700000 -0,082588 
3,800000 -0,081126 
3,900000 -0,081465 
4,000000 -0,081350 
4,100000 -0,078730 
4,200000 -0,080437 
4,300000 -0,081323 
4,400000 -0,079569 
4,500000 -0,078734 
4,600000 -0,079111 
4,700000 -0,078399 
4,800000 -0,078969 
4,900000 -0,079951 
5,000000 -0,079174 
5,100000 -0,080202 
5,200000 -0,077702 
5,300000 -0,079382 
5,400000 -0,078067 
5,500000 -0,077648 
5,600000 -0,077249 
5,700000 -0,076965 
5,800000 -0,076468 
5,900000 -0,076108 
6,000000 -0,077596 
6,100000 -0,075926 
6,200000 -0,077201 
6,300000 -0,077453 
6,400000 -0,074915 
6,500000 -0,077159 
6,600000 -0,077558 
6,700000 -0,078287 
6,800000 -0,077194 
6,900000 -0,075933 
7,000000 -0,076939 
7,100000 -0,078523 
7,200000 -0,078029 
7,300000 -0,078891 
7,400000 -0,079416 
7,500000 -0,078708 
7,600000 -0,078117 
7,700000 -0,078229 
7,800000 -0,077565 
7,900000 -0,078477 
8,000000 -0,078925 
8,100000 -0,077146 
8,200000 -0,077967 
8,300000 -0,077392 
8,400000 -0,077558 
8,500000 -0,077714 
8,600000 -0,081229 
8,700000 -0,079538 
8,800000 -0,079618 
8,900000 -0,079605 
9,000000 -0,077732 
9,100000 -0,078022 
9,200000 -0,077669 
9,300000 -0,077539 
9,400000 -0,078708 
9,500000 -0,076480 
9,600000 -0,078222 
9,700000 -0,078717 
9,800000 -0,076848 
9,900000 -0,077862 
10,000000 -0,076005 
10,100000 -0,076592 
10,200000 -0,076319 
10,300000 -0,074476 
10,400000 -0,076198 
10,500000 -0,075147 
10,600000 -0,076351 
10,700000 -0,074563 
10,800000 -0,077849 
10,900000 -0,074643 
11,000000 -0,078143 
11,100000 -0,073928 
11,200000 -0,077724 
11,300000 -0,075193 
11,400000 -0,075822 
11,500000 -0,077835 
11,600000 -0,078011 
11,700000 -0,075525 
11,800000 -0,075504 
11,900000 -0,077315 
12,000000 -0,082361 
12,100000 -0,085517 
12,200000 -0,091365 
12,300000 -0,096922 
12,400000 -0,099289 
12,500000 -0,097424 
12,600000 -0,090473 
12,700000 -0,084285 
12,800000 -0,081105 
12,900000 -0,080692 
13,000000 -0,080963 
13,100000 -0,081822 
13,200000 -0,085461 
13,300000 -0,086769 
13,400000 -0,090542 
13,500000 -0,093037 
13,600000 -0,098232 
13,700000 -0,106841 
13,800000 -0,121836 
13,900000 -0,157791 
14,000000 -0,231490 
14,100000 -0,351412 
14,200000 -0,489446 
14,300000 -0,583122 
14,400000 -0,590460 
14,500000 -0,499020 
14,600000 -0,329698 
14,700000 -0,201426 
14,800000 -0,140003 
14,900000 -0,118791 
15,000000 -0,114100 
15,100000 -0,125801 
15,200000 -0,139687 
15,300000 -0,149882 
15,400000 -0,148438 
15,500000 -0,138359 
15,600000 -0,120952 
15,700000 -0,113630 
15,800000 -0,118690 
15,900000 -0,144876 
16,000000 -0,195771 
16,100000 -0,267892 
16,200000 -0,331547 
16,300000 -0,368058 
16,400000 -0,353956 
16,500000 -0,290188 
16,600000 -0,210840 
16,700000 -0,162319 
16,800000 -0,161051 
16,900000 -0,203812 
17,000000 -0,288712 
17,100000 -0,403250 
17,200000 -0,495531 
17,300000 -0,539328 
17,400000 -0,511358 
17,500000 -0,407501 
17,600000 -0,293685 
17,700000 -0,242702 
17,800000 -0,283049 
17,900000 -0,417778 
18,000000 -0,670103 
18,100000 -0,966976 
18,200000 -1,165422 
18,300000 -1,246006 
18,400000 -1,185135 
18,500000 -0,826673 
18,600000 -0,459600 
18,700000 -0,248372 
18,800000 -0,155664 
18,900000 -0,114170 
19,000000 -0,096546 
19,100000 -0,089625 
19,200000 -0,087249 
19,300000 -0,085465 
19,400000 -0,083486 
19,500000 -0,081793 
19,600000 -0,080899 
19,700000 -0,082359 
19,800000 -0,086954 
19,900000 -0,096308 
20,000000 -0,107404 
20,100000 -0,118584 
20,200000 -0,123400 
20,300000 -0,123911 
20,400000 -0,118996 
20,500000 -0,106204 
20,600000 -0,086895 
20,700000 -0,080772 
20,800000 -0,078700 
20,900000 -0,080118 
21,000000 -0,077801 
21,100000 -0,076489 
21,200000 -0,076747 
21,300000 -0,078149 
21,400000 -0,075261 
21,500000 -0,074707 
21,600000 -0,075141 
21,700000 -0,077079 
21,800000 -0,077107 
21,900000 -0,079568 
22,000000 -0,079134 
22,100000 -0,079508 
22,200000 -0,080122 
22,300000 -0,081992 
22,400000 -0,079276 
22,500000 -0,076687 
22,600000 -0,077956 
22,700000 -0,076573 
22,800000 -0,076942 
22,900000 -0,076886 
23,000000 -0,073771 
23,100000 -0,075760 
23,200000 -0,074447 
23,300000 -0,075133 
23,400000 -0,075764 
23,500000 -0,079184 
23,600000 -0,077447 
23,700000 -0,076197 
23,800000 -0,077840 
23,900000 -0,078765 
24,000000 -0,078190 
24,100000 -0,078428 
24,200000 -0,078581 
24,300000 -0,078409 
24,400000 -0,077430 
24,500000 -0,076321 
24,600000 -0,077122 
24,700000 -0,076805 
24,800000 -0,078915 
24,900000 -0,079710 
25,000000 -0,082439 
25,100000 -0,085088 
25,200000 -0,082983 
25,300000 -0,083960 
25,400000 -0,083092 
25,500000 -0,082946 
25,600000 -0,084105 
25,700000 -0,083698 
25,800000 -0,090490 
25,900000 -0,099389 
26,000000 -0,108480 
26,100000 -0,115188 
26,200000 -0,120354 
26,300000 -0,120988 
26,400000 -0,119407 
26,500000 -0,111701 
26,600000 -0,112220 
26,700000 -0,121339 
26,800000 -0,138759 
26,900000 -0,167446 
27,000000 -0,202530 
27,100000 -0,233597 
27,200000 -0,266824 
27,300000 -0,316175 
27,400000 -0,372694 
27,500000 -0,454525 
27,600000 -0,798144 
27,700000 -1,448229 
27,800000 -2,519647 
27,900000 -4,095982 
28,000000 -5,536476 
28,100000 -6,293465 
28,200000 -6,353923 
28,300000 -5,863614 
28,400000 -4,671694 
28,500000 -2,681356 
28,600000 -1,182144 
28,700000 -0,551333 
28,800000 -0,319981 
28,900000 -0,236124 
29,000000 -0,204158 
29,100000 -0,193791 
29,200000 -0,182781 
29,300000 -0,173283 
29,400000 -0,159302 
29,500000 -0,139730 
29,600000 -0,127179 
29,700000 -0,145209 
29,800000 -0,185171 
29,900000 -0,237658 
30,000000 -0,286859 
30,100000 -0,309954 
30,200000 -0,312737 
30,300000 -0,296038 
30,400000 -0,253168 
30,500000 -0,173174 
30,600000 -0,123605 
30,700000 -0,103973 
30,800000 -0,099565 
30,900000 -0,104232 
31,000000 -0,108873 
31,100000 -0,115026 
31,200000 -0,119507 
31,300000 -0,130437 
31,400000 -0,140123 
31,500000 -0,157670 
31,600000 -0,204837 
31,700000 -0,340805 
31,800000 -0,558116 
31,900000 -0,809843 
32,000000 -0,982886 
32,100000 -1,077163 
32,200000 -1,079493 
32,300000 -0,995802 
32,400000 -0,777479 
32,500000 -0,465301 
32,600000 -0,252530 
32,700000 -0,153437 
32,800000 -0,111558 
32,900000 -0,092856 
33,000000 -0,088851 
33,100000 -0,083852 
33,200000 -0,083133 
33,300000 -0,080065 
33,400000 -0,076598 
33,500000 -0,076884 
33,600000 -0,077965 
33,700000 -0,078019 
33,800000 -0,078690 
33,900000 -0,078564 
34,000000 -0,078670 
34,100000 -0,081113 
34,200000 -0,082400 
34,300000 -0,082084 
34,400000 -0,078092 
34,500000 -0,077354 
34,600000 -0,077298 
34,700000 -0,077901 
34,800000 -0,077818 
34,900000 -0,077693 
35,000000 -0,078557 
35,100000 -0,077091 
35,200000 -0,077909 
35,300000 -0,075846 
35,400000 -0,074963 
35,500000 -0,076174 
35,600000 -0,076937 
35,700000 -0,076424 
35,800000 -0,078170 
35,900000 -0,077240 
36,000000 -0,078923 
36,100000 -0,079212 
36,200000 -0,078901 
36,300000 -0,077488 
36,400000 -0,076464 
36,500000 -0,077599 
36,600000 -0,075609 
36,700000 -0,077269 
36,800000 -0,078598 
36,900000 -0,078068 
37,000000 -0,078481 
37,100000 -0,079696 
37,200000 -0,079227 
37,300000 -0,078762 
37,400000 -0,078502 
37,500000 -0,075867 
37,600000 -0,076566 
37,700000 -0,076397 
37,800000 -0,078834 
37,900000 -0,079375 
38,000000 -0,080901 
38,100000 -0,080611 
38,200000 -0,080679 
38,300000 -0,079625 
38,400000 -0,079967 
38,500000 -0,078140 
38,600000 -0,078800 
38,700000 -0,079052 
38,800000 -0,081793 
38,900000 -0,086732 
39,000000 -0,090330 
39,100000 -0,092211 
39,200000 -0,092814 
39,300000 -0,092455 
39,400000 -0,092703 
39,500000 -0,092338 
39,600000 -0,094318 
39,700000 -0,102418 
39,800000 -0,117170 
39,900000 -0,143284 
40,000000 -0,161160 
40,100000 -0,169676 
40,200000 -0,167068 
40,300000 -0,154568 
40,400000 -0,129606 
40,500000 -0,103645 
40,600000 -0,092775 
40,700000 -0,086228 
40,800000 -0,088979 
40,900000 -0,095568 
41,000000 -0,099414 
41,100000 -0,103026 
41,200000 -0,103521 
41,300000 -0,102483 
41,400000 -0,099139 
41,500000 -0,089905 
41,600000 -0,083073 
41,700000 -0,080867 
41,800000 -0,081934 
41,900000 -0,085281 
42,000000 -0,091051 
42,100000 -0,092305 
42,200000 -0,093114 
42,300000 -0,094978 
42,400000 -0,093227 
42,500000 -0,091018 
42,600000 -0,091932 
42,700000 -0,100317 
42,800000 -0,114318 
42,900000 -0,144379 
43,000000 -0,171230 
43,100000 -0,184795 
43,200000 -0,185597 
43,300000 -0,180316 
43,400000 -0,162534 
43,500000 -0,130636 
43,600000 -0,111817 
43,700000 -0,111860 
43,800000 -0,126104 
43,900000 -0,155379 
44,000000 -0,178960 
44,100000 -0,190492 
44,200000 -0,191802 
44,300000 -0,176373 
44,400000 -0,151031 
44,500000 -0,116158 
44,600000 -0,092216 
44,700000 -0,085334 
44,800000 -0,081133 
44,900000 -0,084715 
45,000000 -0,083400 
45,100000 -0,085407 
45,200000 -0,083050 
45,300000 -0,083552 
45,400000 -0,081372 
45,500000 -0,080237 
45,600000 -0,079766 
45,700000 -0,076502 
45,800000 -0,075340 
45,900000 -0,077932 
46,000000 -0,080889 
46,100000 -0,080106 
46,200000 -0,079510 
46,300000 -0,075476 
46,400000 -0,076539 
46,500000 -0,079516 
46,600000 -0,077398 
46,700000 -0,076184 
46,800000 -0,077629 
46,900000 -0,079035 
47,000000 -0,080416 
47,100000 -0,081951 
47,200000 -0,082483 
47,300000 -0,080181 
47,400000 -0,078857 
47,500000 -0,078220 
47,600000 -0,075986 
47,700000 -0,075953 
47,800000 -0,075650 
47,900000 -0,075824 
48,000000 -0,076150 
48,100000 -0,074542 
48,200000 -0,076084 
48,300000 -0,072949 
48,400000 -0,073649 
48,500000 -0,072551 
48,600000 -0,072751 
48,700000 -0,073596 
48,800000 -0,074061 
48,900000 -0,076962 
49,000000 -0,074573 
49,100000 -0,074270 
49,200000 -0,073394 
49,300000 -0,075011 
49,400000 -0,075858 
49,500000 -0,075494 
49,600000 -0,074718 
49,700000 -0,075443 
49,800000 -0,072868 
49,900000 -0,075550 
