0,000000 -4,209002 
0,100000 -4,205865 
0,200000 -4,202593 
0,300000 -4,218358 
0,400000 -4,214097 
0,500000 -4,188067 
0,600000 -4,213125 
0,700000 -4,229939 
0,800000 -4,204981 
0,900000 -4,232958 
1,000000 -4,186232 
1,100000 -4,223512 
1,200000 -4,219695 
1,300000 -4,215215 
1,400000 -4,214047 
1,500000 -4,226597 
1,600000 -4,212107 
1,700000 -4,226051 
1,800000 -4,215216 
1,900000 -4,159202 
2,000000 -4,093924 
2,100000 -3,910270 
2,200000 -3,730812 
2,300000 -3,499558 
2,400000 -3,294457 
2,500000 -3,085970 
2,600000 -2,894722 
2,700000 -2,721392 
2,800000 -2,517834 
2,900000 -2,361550 
3,000000 -2,197935 
3,100000 -2,051511 
3,200000 -1,897320 
3,300000 -1,762248 
3,400000 -1,672769 
3,500000 -1,599189 
3,600000 -1,524489 
3,700000 -1,460325 
3,800000 -1,407735 
3,900000 -1,344488 
4,000000 -1,286383 
4,100000 -1,253823 
4,200000 -1,196914 
4,300000 -1,157011 
4,400000 -1,116318 
4,500000 -1,075455 
4,600000 -1,047535 
4,700000 -1,018817 
4,800000 -0,976764 
4,900000 -0,945519 
5,000000 -0,917246 
5,100000 -0,883420 
5,200000 -0,843973 
5,300000 -0,811947 
5,400000 -0,781113 
5,500000 -0,751064 
5,600000 -0,729027 
5,700000 -0,698512 
5,800000 -0,677336 
5,900000 -0,655591 
6,000000 -0,637227 
6,100000 -0,612139 
6,200000 -0,590498 
6,300000 -0,575065 
6,400000 -0,556067 
6,500000 -0,546592 
6,600000 -0,530650 
6,700000 -0,535410 
6,800000 -0,500600 
6,900000 -0,497988 
7,000000 -0,490368 
7,100000 -0,478287 
7,200000 -0,469941 
7,300000 -0,464290 
7,400000 -0,451806 
7,500000 -0,445756 
7,600000 -0,436765 
7,700000 -0,431328 
7,800000 -0,423570 
7,900000 -0,420631 
8,000000 -0,409270 
8,100000 -0,407536 
8,200000 -0,400883 
8,300000 -0,396636 
8,400000 -0,391428 
8,500000 -0,383690 
8,600000 -0,377459 
8,700000 -0,374162 
8,800000 -0,368929 
8,900000 -0,363897 
9,000000 -0,359654 
9,100000 -0,354264 
9,200000 -0,357674 
9,300000 -0,354564 
9,400000 -0,347954 
9,500000 -0,343250 
9,600000 -0,342520 
9,700000 -0,341638 
9,800000 -0,340138 
9,900000 -0,338822 
10,000000 -0,337059 
10,100000 -0,334990 
10,200000 -0,332033 
10,300000 -0,335767 
10,400000 -0,333795 
10,500000 -0,332368 
10,600000 -0,331547 
10,700000 -0,332801 
10,800000 -0,336738 
10,900000 -0,337347 
11,000000 -0,329394 
11,100000 -0,331299 
11,200000 -0,330620 
11,300000 -0,335216 
11,400000 -0,341079 
11,500000 -0,344170 
11,600000 -0,346137 
11,700000 -0,347321 
11,800000 -0,349448 
11,900000 -0,354612 
12,000000 -0,363738 
12,100000 -0,368997 
12,200000 -0,371278 
12,300000 -0,377668 
12,400000 -0,379137 
12,500000 -0,384470 
12,600000 -0,392185 
12,700000 -0,399948 
12,800000 -0,403894 
12,900000 -0,410760 
13,000000 -0,419306 
13,100000 -0,430816 
13,200000 -0,442265 
13,300000 -0,454036 
13,400000 -0,469844 
13,500000 -0,489198 
13,600000 -0,506022 
13,700000 -0,527484 
13,800000 -0,546642 
13,900000 -0,564093 
14,000000 -0,583079 
14,100000 -0,602956 
14,200000 -0,624822 
14,300000 -0,655057 
14,400000 -0,653745 
14,500000 -0,652931 
14,600000 -0,637466 
14,700000 -0,619074 
14,800000 -0,600254 
14,900000 -0,589140 
15,000000 -0,575823 
15,100000 -0,577413 
15,200000 -0,572532 
15,300000 -0,579815 
15,400000 -0,580564 
15,500000 -0,586806 
15,600000 -0,599166 
15,700000 -0,600813 
15,800000 -0,617314 
15,900000 -0,631822 
16,000000 -0,649929 
16,100000 -0,664585 
16,200000 -0,688911 
16,300000 -0,709685 
16,400000 -0,724352 
16,500000 -0,737349 
16,600000 -0,747146 
16,700000 -0,756200 
16,800000 -0,767422 
16,900000 -0,789069 
17,000000 -0,809124 
17,100000 -0,837681 
17,200000 -0,863083 
17,300000 -0,888177 
17,400000 -0,910020 
17,500000 -0,917594 
17,600000 -0,926032 
17,700000 -0,933978 
17,800000 -0,949439 
17,900000 -0,967072 
18,000000 -0,993505 
18,100000 -1,026241 
18,200000 -1,031782 
18,300000 -1,028025 
18,400000 -1,010546 
18,500000 -0,932820 
18,600000 -0,846448 
18,700000 -0,771153 
18,800000 -0,669133 
18,900000 -0,612978 
19,000000 -0,559844 
19,100000 -0,515293 
19,200000 -0,477724 
19,300000 -0,447883 
19,400000 -0,419980 
19,500000 -0,401367 
19,600000 -0,376987 
19,700000 -0,361606 
19,800000 -0,347757 
19,900000 -0,342511 
20,000000 -0,331802 
20,100000 -0,324451 
20,200000 -0,320945 
20,300000 -0,314215 
20,400000 -0,305380 
20,500000 -0,299823 
20,600000 -0,291897 
20,700000 -0,285411 
20,800000 -0,281301 
20,900000 -0,280706 
21,000000 -0,277251 
21,100000 -0,273188 
21,200000 -0,273692 
21,300000 -0,277418 
21,400000 -0,275964 
21,500000 -0,276481 
21,600000 -0,285993 
21,700000 -0,279175 
21,800000 -0,282761 
21,900000 -0,284568 
22,000000 -0,287253 
22,100000 -0,292737 
22,200000 -0,295905 
22,300000 -0,299964 
22,400000 -0,306232 
22,500000 -0,310425 
22,600000 -0,314513 
22,700000 -0,322145 
22,800000 -0,329055 
22,900000 -0,339768 
23,000000 -0,350668 
23,100000 -0,354438 
23,200000 -0,364924 
23,300000 -0,374469 
23,400000 -0,384977 
23,500000 -0,394251 
23,600000 -0,406851 
23,700000 -0,419005 
23,800000 -0,433591 
23,900000 -0,446027 
24,000000 -0,464279 
24,100000 -0,474642 
24,200000 -0,488725 
24,300000 -0,507553 
24,400000 -0,524311 
24,500000 -0,541419 
24,600000 -0,568588 
24,700000 -0,594650 
24,800000 -0,616816 
24,900000 -0,643943 
25,000000 -0,672934 
25,100000 -0,695579 
25,200000 -0,727986 
25,300000 -0,762244 
25,400000 -0,799121 
25,500000 -0,841314 
25,600000 -0,890611 
25,700000 -0,959698 
25,800000 -1,003595 
25,900000 -1,061618 
26,000000 -1,121814 
26,100000 -1,181312 
26,200000 -1,249540 
26,300000 -1,332926 
26,400000 -1,417946 
26,500000 -1,496905 
26,600000 -1,625792 
26,700000 -1,731834 
26,800000 -1,855094 
26,900000 -1,989616 
27,000000 -2,129496 
27,100000 -2,290774 
27,200000 -2,470288 
27,300000 -2,667561 
27,400000 -2,882056 
27,500000 -3,132504 
27,600000 -3,477414 
27,700000 -3,728849 
27,800000 -4,000159 
27,900000 -4,271568 
28,000000 -4,533265 
28,100000 -4,689548 
28,200000 -4,739622 
28,300000 -4,590808 
28,400000 -4,243112 
28,500000 -3,783297 
28,600000 -3,162398 
28,700000 -2,658691 
28,800000 -2,319736 
28,900000 -2,031806 
29,000000 -1,805305 
29,100000 -1,625224 
29,200000 -1,475026 
29,300000 -1,346999 
29,400000 -1,235625 
29,500000 -1,137329 
29,600000 -1,055592 
29,700000 -0,981365 
29,800000 -0,918259 
29,900000 -0,871653 
30,000000 -0,838005 
30,100000 -0,808405 
30,200000 -0,786825 
30,300000 -0,752717 
30,400000 -0,725663 
30,500000 -0,694142 
30,600000 -0,668065 
30,700000 -0,653645 
30,800000 -0,635389 
30,900000 -0,630647 
31,000000 -0,630513 
31,100000 -0,639088 
31,200000 -0,655285 
31,300000 -0,669374 
31,400000 -0,692785 
31,500000 -0,723792 
31,600000 -0,749349 
31,700000 -0,789000 
31,800000 -0,832090 
31,900000 -0,864532 
32,000000 -0,894218 
32,100000 -0,913607 
32,200000 -0,903826 
32,300000 -0,859568 
32,400000 -0,788948 
32,500000 -0,701443 
32,600000 -0,618442 
32,700000 -0,526761 
32,800000 -0,456806 
32,900000 -0,403018 
33,000000 -0,357882 
33,100000 -0,321267 
33,200000 -0,294140 
33,300000 -0,269992 
33,400000 -0,250472 
33,500000 -0,230816 
33,600000 -0,214684 
33,700000 -0,199580 
33,800000 -0,185178 
33,900000 -0,174314 
34,000000 -0,163425 
34,100000 -0,158204 
34,200000 -0,151125 
34,300000 -0,144679 
34,400000 -0,140471 
34,500000 -0,133945 
34,600000 -0,128844 
34,700000 -0,128507 
34,800000 -0,120747 
34,900000 -0,117613 
35,000000 -0,115309 
35,100000 -0,113969 
35,200000 -0,114416 
35,300000 -0,111710 
35,400000 -0,106286 
35,500000 -0,106418 
35,600000 -0,103887 
35,700000 -0,103844 
35,800000 -0,104419 
35,900000 -0,104874 
36,000000 -0,102352 
36,100000 -0,103691 
36,200000 -0,101829 
36,300000 -0,101041 
36,400000 -0,099904 
36,500000 -0,101211 
36,600000 -0,100403 
36,700000 -0,099795 
36,800000 -0,102809 
36,900000 -0,103752 
37,000000 -0,102806 
37,100000 -0,103740 
37,200000 -0,103253 
37,300000 -0,104998 
37,400000 -0,106974 
37,500000 -0,107533 
37,600000 -0,109697 
37,700000 -0,109365 
37,800000 -0,112426 
37,900000 -0,114854 
38,000000 -0,116980 
38,100000 -0,116760 
38,200000 -0,117902 
38,300000 -0,119395 
38,400000 -0,122500 
38,500000 -0,123653 
38,600000 -0,127618 
38,700000 -0,130636 
38,800000 -0,135641 
38,900000 -0,138620 
39,000000 -0,142834 
39,100000 -0,146638 
39,200000 -0,149869 
39,300000 -0,154867 
39,400000 -0,158898 
39,500000 -0,161287 
39,600000 -0,166429 
39,700000 -0,170047 
39,800000 -0,176707 
39,900000 -0,181186 
40,000000 -0,185029 
40,100000 -0,187888 
40,200000 -0,185988 
40,300000 -0,186957 
40,400000 -0,182005 
40,500000 -0,175781 
40,600000 -0,168386 
40,700000 -0,163989 
40,800000 -0,162163 
40,900000 -0,162341 
41,000000 -0,160176 
41,100000 -0,158620 
41,200000 -0,160237 
41,300000 -0,160561 
41,400000 -0,160403 
41,500000 -0,160086 
41,600000 -0,160459 
41,700000 -0,160766 
41,800000 -0,161916 
41,900000 -0,164116 
42,000000 -0,168284 
42,100000 -0,172498 
42,200000 -0,173904 
42,300000 -0,179684 
42,400000 -0,184326 
42,500000 -0,190000 
42,600000 -0,193546 
42,700000 -0,199973 
42,800000 -0,205157 
42,900000 -0,212375 
43,000000 -0,220418 
43,100000 -0,224068 
43,200000 -0,225343 
43,300000 -0,226762 
43,400000 -0,223568 
43,500000 -0,221299 
43,600000 -0,218220 
43,700000 -0,212261 
43,800000 -0,210405 
43,900000 -0,209127 
44,000000 -0,208046 
44,100000 -0,205988 
44,200000 -0,202362 
44,300000 -0,192397 
44,400000 -0,182791 
44,500000 -0,171839 
44,600000 -0,159018 
44,700000 -0,148265 
44,800000 -0,140030 
44,900000 -0,131118 
45,000000 -0,125114 
45,100000 -0,118594 
45,200000 -0,115811 
45,300000 -0,112709 
45,400000 -0,108465 
45,500000 -0,104569 
45,600000 -0,103259 
45,700000 -0,100025 
45,800000 -0,098191 
45,900000 -0,095358 
46,000000 -0,093858 
46,100000 -0,091820 
46,200000 -0,093788 
46,300000 -0,092891 
46,400000 -0,090864 
46,500000 -0,090023 
46,600000 -0,088379 
46,700000 -0,088207 
46,800000 -0,086605 
46,900000 -0,086819 
47,000000 -0,088063 
47,100000 -0,085992 
47,200000 -0,085138 
47,300000 -0,087897 
47,400000 -0,087726 
47,500000 -0,084115 
47,600000 -0,081289 
47,700000 -0,081674 
47,800000 -0,083458 
47,900000 -0,082377 
48,000000 -0,081185 
48,100000 -0,080238 
48,200000 -0,080434 
48,300000 -0,079826 
48,400000 -0,080765 
48,500000 -0,079557 
48,600000 -0,079601 
48,700000 -0,080003 
48,800000 -0,078157 
48,900000 -0,078526 
49,000000 -0,079161 
49,100000 -0,081502 
49,200000 -0,079630 
49,300000 -0,079408 
49,400000 -0,079341 
49,500000 -0,080282 
49,600000 -0,079756 
49,700000 -0,081404 
49,800000 -0,083177 
49,900000 -0,080658 
