0,000000 -4,182178 
0,100000 -4,181029 
0,200000 -4,186643 
0,300000 -4,182793 
0,400000 -4,175767 
0,500000 -4,194741 
0,600000 -4,194266 
0,700000 -4,196366 
0,800000 -4,229071 
0,900000 -4,185313 
1,000000 -4,168625 
1,100000 -4,188068 
1,200000 -4,186243 
1,300000 -4,188289 
1,400000 -4,179647 
1,500000 -4,187498 
1,600000 -4,180769 
1,700000 -4,198843 
1,800000 -4,180874 
1,900000 -4,205207 
2,000000 -4,186847 
2,100000 -4,135318 
2,200000 -3,982498 
2,300000 -3,801491 
2,400000 -3,620382 
2,500000 -3,432590 
2,600000 -3,240973 
2,700000 -3,059526 
2,800000 -2,889509 
2,900000 -2,688301 
3,000000 -2,523223 
3,100000 -2,380395 
3,200000 -2,216916 
3,300000 -2,066971 
3,400000 -1,974812 
3,500000 -1,830253 
3,600000 -1,760995 
3,700000 -1,684521 
3,800000 -1,608092 
3,900000 -1,546313 
4,000000 -1,499292 
4,100000 -1,443818 
4,200000 -1,385867 
4,300000 -1,337190 
4,400000 -1,286812 
4,500000 -1,255213 
4,600000 -1,217272 
4,700000 -1,184959 
4,800000 -1,153062 
4,900000 -1,121651 
5,000000 -1,078363 
5,100000 -1,051534 
5,200000 -1,017151 
5,300000 -0,981137 
5,400000 -0,945846 
5,500000 -0,911003 
5,600000 -0,887049 
5,700000 -0,865545 
5,800000 -0,830537 
5,900000 -0,812329 
6,000000 -0,782593 
6,100000 -0,760901 
6,200000 -0,737471 
6,300000 -0,705828 
6,400000 -0,688822 
6,500000 -0,668300 
6,600000 -0,654051 
6,700000 -0,638661 
6,800000 -0,622015 
6,900000 -0,607381 
7,000000 -0,594897 
7,100000 -0,584153 
7,200000 -0,569236 
7,300000 -0,561617 
7,400000 -0,550589 
7,500000 -0,541200 
7,600000 -0,530646 
7,700000 -0,523698 
7,800000 -0,513943 
7,900000 -0,506186 
8,000000 -0,500135 
8,100000 -0,493186 
8,200000 -0,488769 
8,300000 -0,483859 
8,400000 -0,477960 
8,500000 -0,469742 
8,600000 -0,467593 
8,700000 -0,463313 
8,800000 -0,455218 
8,900000 -0,449510 
9,000000 -0,449981 
9,100000 -0,448956 
9,200000 -0,439702 
9,300000 -0,424839 
9,400000 -0,426405 
9,500000 -0,423945 
9,600000 -0,421883 
9,700000 -0,417566 
9,800000 -0,414240 
9,900000 -0,414047 
10,000000 -0,410972 
10,100000 -0,408201 
10,200000 -0,409462 
10,300000 -0,404004 
10,400000 -0,404479 
10,500000 -0,404769 
10,600000 -0,405669 
10,700000 -0,403063 
10,800000 -0,403627 
10,900000 -0,404200 
11,000000 -0,408855 
11,100000 -0,403531 
11,200000 -0,409024 
11,300000 -0,406269 
11,400000 -0,412974 
11,500000 -0,411559 
11,600000 -0,416404 
11,700000 -0,420041 
11,800000 -0,418454 
11,900000 -0,425948 
12,000000 -0,433911 
12,100000 -0,443582 
12,200000 -0,435254 
12,300000 -0,436607 
12,400000 -0,450662 
12,500000 -0,455569 
12,600000 -0,465518 
12,700000 -0,469228 
12,800000 -0,474185 
12,900000 -0,483873 
13,000000 -0,491827 
13,100000 -0,502542 
13,200000 -0,511865 
13,300000 -0,527015 
13,400000 -0,544210 
13,500000 -0,560614 
13,600000 -0,578871 
13,700000 -0,602096 
13,800000 -0,616382 
13,900000 -0,629603 
14,000000 -0,656037 
14,100000 -0,672994 
14,200000 -0,698886 
14,300000 -0,716424 
14,400000 -0,717014 
14,500000 -0,722570 
14,600000 -0,708150 
14,700000 -0,694484 
14,800000 -0,680147 
14,900000 -0,669707 
15,000000 -0,674233 
15,100000 -0,654370 
15,200000 -0,660815 
15,300000 -0,666630 
15,400000 -0,669072 
15,500000 -0,673811 
15,600000 -0,680151 
15,700000 -0,690869 
15,800000 -0,704562 
15,900000 -0,726118 
16,000000 -0,737906 
16,100000 -0,760037 
16,200000 -0,773673 
16,300000 -0,791133 
16,400000 -0,805606 
16,500000 -0,817287 
16,600000 -0,828489 
16,700000 -0,846836 
16,800000 -0,858855 
16,900000 -0,881117 
17,000000 -0,901729 
17,100000 -0,922453 
17,200000 -0,948614 
17,300000 -0,977883 
17,400000 -0,991205 
17,500000 -0,995797 
17,600000 -1,006258 
17,700000 -1,009027 
17,800000 -1,025267 
17,900000 -1,047461 
18,000000 -1,065927 
18,100000 -1,079077 
18,200000 -1,093004 
18,300000 -1,094867 
18,400000 -1,064462 
18,500000 -0,984825 
18,600000 -0,907049 
18,700000 -0,830851 
18,800000 -0,760925 
18,900000 -0,699551 
19,000000 -0,645922 
19,100000 -0,604800 
19,200000 -0,564687 
19,300000 -0,534697 
19,400000 -0,508893 
19,500000 -0,479347 
19,600000 -0,456902 
19,700000 -0,436044 
19,800000 -0,425131 
19,900000 -0,415092 
20,000000 -0,404320 
20,100000 -0,394121 
20,200000 -0,388421 
20,300000 -0,382980 
20,400000 -0,372122 
20,500000 -0,362843 
20,600000 -0,356470 
20,700000 -0,355120 
20,800000 -0,348767 
20,900000 -0,345351 
21,000000 -0,341944 
21,100000 -0,340234 
21,200000 -0,340356 
21,300000 -0,341403 
21,400000 -0,342951 
21,500000 -0,341636 
21,600000 -0,347880 
21,700000 -0,350125 
21,800000 -0,353408 
21,900000 -0,359420 
22,000000 -0,353864 
22,100000 -0,361188 
22,200000 -0,367089 
22,300000 -0,375536 
22,400000 -0,380424 
22,500000 -0,385275 
22,600000 -0,396581 
22,700000 -0,402768 
22,800000 -0,411365 
22,900000 -0,417696 
23,000000 -0,426230 
23,100000 -0,434999 
23,200000 -0,441531 
23,300000 -0,452002 
23,400000 -0,464637 
23,500000 -0,473938 
23,600000 -0,491164 
23,700000 -0,503193 
23,800000 -0,523902 
23,900000 -0,537242 
24,000000 -0,552242 
24,100000 -0,569023 
24,200000 -0,590294 
24,300000 -0,606433 
24,400000 -0,630150 
24,500000 -0,650956 
24,600000 -0,680869 
24,700000 -0,704653 
24,800000 -0,737846 
24,900000 -0,766113 
25,000000 -0,798733 
25,100000 -0,832262 
25,200000 -0,874323 
25,300000 -0,911871 
25,400000 -0,952866 
25,500000 -0,998988 
25,600000 -1,052515 
25,700000 -1,108550 
25,800000 -1,172661 
25,900000 -1,231834 
26,000000 -1,292854 
26,100000 -1,368282 
26,200000 -1,439090 
26,300000 -1,534589 
26,400000 -1,612291 
26,500000 -1,696291 
26,600000 -1,828064 
26,700000 -1,963390 
26,800000 -2,090940 
26,900000 -2,228303 
27,000000 -2,374764 
27,100000 -2,547120 
27,200000 -2,720568 
27,300000 -2,919035 
27,400000 -3,141598 
27,500000 -3,384361 
27,600000 -3,661948 
27,700000 -3,932416 
27,800000 -4,166823 
27,900000 -4,391471 
28,000000 -4,595242 
28,100000 -4,703929 
28,200000 -4,717912 
28,300000 -4,550604 
28,400000 -4,236084 
28,500000 -3,810502 
28,600000 -3,258709 
28,700000 -2,812060 
28,800000 -2,487531 
28,900000 -2,220648 
29,000000 -1,994638 
29,100000 -1,806309 
29,200000 -1,652343 
29,300000 -1,515018 
29,400000 -1,409257 
29,500000 -1,296704 
29,600000 -1,210784 
29,700000 -1,123739 
29,800000 -1,053756 
29,900000 -1,008337 
30,000000 -0,967017 
30,100000 -0,932108 
30,200000 -0,897354 
30,300000 -0,863152 
30,400000 -0,831641 
30,500000 -0,801729 
30,600000 -0,771338 
30,700000 -0,747908 
30,800000 -0,734289 
30,900000 -0,731396 
31,000000 -0,733451 
31,100000 -0,725036 
31,200000 -0,730008 
31,300000 -0,754509 
31,400000 -0,773000 
31,500000 -0,794765 
31,600000 -0,822633 
31,700000 -0,865651 
31,800000 -0,883248 
31,900000 -0,897268 
32,000000 -0,918635 
32,100000 -0,930757 
32,200000 -0,919104 
32,300000 -0,879821 
32,400000 -0,814178 
32,500000 -0,733693 
32,600000 -0,657245 
32,700000 -0,574374 
32,800000 -0,507280 
32,900000 -0,454891 
33,000000 -0,408062 
33,100000 -0,369578 
33,200000 -0,339168 
33,300000 -0,313025 
33,400000 -0,288937 
33,500000 -0,269175 
33,600000 -0,251039 
33,700000 -0,234330 
33,800000 -0,218627 
33,900000 -0,204390 
34,000000 -0,190994 
34,100000 -0,184978 
34,200000 -0,176191 
34,300000 -0,169500 
34,400000 -0,163153 
34,500000 -0,157137 
34,600000 -0,152632 
34,700000 -0,145740 
34,800000 -0,139705 
34,900000 -0,135854 
35,000000 -0,133595 
35,100000 -0,130976 
35,200000 -0,127807 
35,300000 -0,127756 
35,400000 -0,126478 
35,500000 -0,122760 
35,600000 -0,120841 
35,700000 -0,119415 
35,800000 -0,116603 
35,900000 -0,118446 
36,000000 -0,116425 
36,100000 -0,114850 
36,200000 -0,116022 
36,300000 -0,115000 
36,400000 -0,115907 
36,500000 -0,113990 
36,600000 -0,114686 
36,700000 -0,117395 
36,800000 -0,115239 
36,900000 -0,116821 
37,000000 -0,116020 
37,100000 -0,115499 
37,200000 -0,116848 
37,300000 -0,117812 
37,400000 -0,118277 
37,500000 -0,118633 
37,600000 -0,121936 
37,700000 -0,123083 
37,800000 -0,124669 
37,900000 -0,126157 
38,000000 -0,127483 
38,100000 -0,128533 
38,200000 -0,130781 
38,300000 -0,130658 
38,400000 -0,135228 
38,500000 -0,137720 
38,600000 -0,139991 
38,700000 -0,143481 
38,800000 -0,148337 
38,900000 -0,153484 
39,000000 -0,153711 
39,100000 -0,157191 
39,200000 -0,164032 
39,300000 -0,164996 
39,400000 -0,170561 
39,500000 -0,173695 
39,600000 -0,177588 
39,700000 -0,180698 
39,800000 -0,185112 
39,900000 -0,190981 
40,000000 -0,193572 
40,100000 -0,196000 
40,200000 -0,196377 
40,300000 -0,194819 
40,400000 -0,186921 
40,500000 -0,184132 
40,600000 -0,181877 
40,700000 -0,178786 
40,800000 -0,174408 
40,900000 -0,173333 
41,000000 -0,173829 
41,100000 -0,174117 
41,200000 -0,172820 
41,300000 -0,171890 
41,400000 -0,172432 
41,500000 -0,169521 
41,600000 -0,171177 
41,700000 -0,172172 
41,800000 -0,175894 
41,900000 -0,179708 
42,000000 -0,181477 
42,100000 -0,185282 
42,200000 -0,187629 
42,300000 -0,193165 
42,400000 -0,197606 
42,500000 -0,202695 
42,600000 -0,209181 
42,700000 -0,212297 
42,800000 -0,217202 
42,900000 -0,224045 
43,000000 -0,229141 
43,100000 -0,232346 
43,200000 -0,233873 
43,300000 -0,232089 
43,400000 -0,229264 
43,500000 -0,231532 
43,600000 -0,227816 
43,700000 -0,220789 
43,800000 -0,220176 
43,900000 -0,215552 
44,000000 -0,213036 
44,100000 -0,211686 
44,200000 -0,208121 
44,300000 -0,200204 
44,400000 -0,188850 
44,500000 -0,178348 
44,600000 -0,165847 
44,700000 -0,160424 
44,800000 -0,150844 
44,900000 -0,140571 
45,000000 -0,133831 
45,100000 -0,128665 
45,200000 -0,124705 
45,300000 -0,120861 
45,400000 -0,119656 
45,500000 -0,115088 
45,600000 -0,112402 
45,700000 -0,108310 
45,800000 -0,105276 
45,900000 -0,104543 
46,000000 -0,102422 
46,100000 -0,097588 
46,200000 -0,098091 
46,300000 -0,099482 
46,400000 -0,098849 
46,500000 -0,096594 
46,600000 -0,094692 
46,700000 -0,093378 
46,800000 -0,092166 
46,900000 -0,092216 
47,000000 -0,092332 
47,100000 -0,091069 
47,200000 -0,086898 
47,300000 -0,088038 
47,400000 -0,087256 
47,500000 -0,085537 
47,600000 -0,085623 
47,700000 -0,085968 
47,800000 -0,086489 
47,900000 -0,083724 
48,000000 -0,083121 
48,100000 -0,084208 
48,200000 -0,087278 
48,300000 -0,087416 
48,400000 -0,084421 
48,500000 -0,080622 
48,600000 -0,083133 
48,700000 -0,079971 
48,800000 -0,082722 
48,900000 -0,083449 
49,000000 -0,083937 
49,100000 -0,085250 
49,200000 -0,084694 
49,300000 -0,081718 
49,400000 -0,083185 
49,500000 -0,084403 
49,600000 -0,082764 
49,700000 -0,086914 
49,800000 -0,081625 
49,900000 -0,086939 
