0,000000 -4,520035 
0,100000 -4,531487 
0,200000 -4,523190 
0,300000 -4,525733 
0,400000 -4,499664 
0,500000 -4,530850 
0,600000 -4,518344 
0,700000 -4,511901 
0,800000 -4,524018 
0,900000 -4,528865 
1,000000 -4,528995 
1,100000 -4,518865 
1,200000 -4,511125 
1,300000 -4,536165 
1,400000 -4,541708 
1,500000 -4,519389 
1,600000 -4,520012 
1,700000 -4,528998 
1,800000 -4,520552 
1,900000 -4,465925 
2,000000 -4,386820 
2,100000 -4,346959 
2,200000 -4,215124 
2,300000 -4,047001 
2,400000 -3,898089 
2,500000 -3,727654 
2,600000 -3,547301 
2,700000 -3,378008 
2,800000 -3,200094 
2,900000 -3,027063 
3,000000 -2,870473 
3,100000 -2,709790 
3,200000 -2,517014 
3,300000 -2,384854 
3,400000 -2,247677 
3,500000 -2,115034 
3,600000 -2,015879 
3,700000 -1,923345 
3,800000 -1,845338 
3,900000 -1,765092 
4,000000 -1,700240 
4,100000 -1,631200 
4,200000 -1,576277 
4,300000 -1,515057 
4,400000 -1,469742 
4,500000 -1,430169 
4,600000 -1,404600 
4,700000 -1,361333 
4,800000 -1,322964 
4,900000 -1,286687 
5,000000 -1,252765 
5,100000 -1,227206 
5,200000 -1,185200 
5,300000 -1,151053 
5,400000 -1,101688 
5,500000 -1,082513 
5,600000 -1,057000 
5,700000 -1,026299 
5,800000 -1,001547 
5,900000 -0,977326 
6,000000 -0,948960 
6,100000 -0,924237 
6,200000 -0,896290 
6,300000 -0,874039 
6,400000 -0,842913 
6,500000 -0,814048 
6,600000 -0,798837 
6,700000 -0,778027 
6,800000 -0,756599 
6,900000 -0,735587 
7,000000 -0,724934 
7,100000 -0,707221 
7,200000 -0,694982 
7,300000 -0,677949 
7,400000 -0,663093 
7,500000 -0,651341 
7,600000 -0,639481 
7,700000 -0,627867 
7,800000 -0,619220 
7,900000 -0,606934 
8,000000 -0,602468 
8,100000 -0,594622 
8,200000 -0,586390 
8,300000 -0,579802 
8,400000 -0,570628 
8,500000 -0,566642 
8,600000 -0,564212 
8,700000 -0,557734 
8,800000 -0,553398 
8,900000 -0,545454 
9,000000 -0,541609 
9,100000 -0,537527 
9,200000 -0,531785 
9,300000 -0,528189 
9,400000 -0,523056 
9,500000 -0,518800 
9,600000 -0,514633 
9,700000 -0,516418 
9,800000 -0,512301 
9,900000 -0,508554 
10,000000 -0,505360 
10,100000 -0,503085 
10,200000 -0,500088 
10,300000 -0,494712 
10,400000 -0,495194 
10,500000 -0,492447 
10,600000 -0,495278 
10,700000 -0,492091 
10,800000 -0,491646 
10,900000 -0,490625 
11,000000 -0,491566 
11,100000 -0,495457 
11,200000 -0,496286 
11,300000 -0,496001 
11,400000 -0,496790 
11,500000 -0,498319 
11,600000 -0,508400 
11,700000 -0,510008 
11,800000 -0,512046 
11,900000 -0,515657 
12,000000 -0,517381 
12,100000 -0,520715 
12,200000 -0,525209 
12,300000 -0,530050 
12,400000 -0,537966 
12,500000 -0,547687 
12,600000 -0,553160 
12,700000 -0,556216 
12,800000 -0,565766 
12,900000 -0,581219 
13,000000 -0,584332 
13,100000 -0,596238 
13,200000 -0,608974 
13,300000 -0,620974 
13,400000 -0,636809 
13,500000 -0,656956 
13,600000 -0,670306 
13,700000 -0,689624 
13,800000 -0,709511 
13,900000 -0,730063 
14,000000 -0,746515 
14,100000 -0,763154 
14,200000 -0,784808 
14,300000 -0,800126 
14,400000 -0,804474 
14,500000 -0,806372 
14,600000 -0,797561 
14,700000 -0,790418 
14,800000 -0,780089 
14,900000 -0,776771 
15,000000 -0,777884 
15,100000 -0,761823 
15,200000 -0,762493 
15,300000 -0,768637 
15,400000 -0,773052 
15,500000 -0,780084 
15,600000 -0,789004 
15,700000 -0,797150 
15,800000 -0,807074 
15,900000 -0,826094 
16,000000 -0,835400 
16,100000 -0,853651 
16,200000 -0,871419 
16,300000 -0,890151 
16,400000 -0,907416 
16,500000 -0,919290 
16,600000 -0,931492 
16,700000 -0,943719 
16,800000 -0,955419 
16,900000 -0,975392 
17,000000 -0,995488 
17,100000 -1,023611 
17,200000 -1,044195 
17,300000 -1,072391 
17,400000 -1,082742 
17,500000 -1,083417 
17,600000 -1,101890 
17,700000 -1,115829 
17,800000 -1,121584 
17,900000 -1,134817 
18,000000 -1,157645 
18,100000 -1,152316 
18,200000 -1,170125 
18,300000 -1,152665 
18,400000 -1,125005 
18,500000 -1,057799 
18,600000 -0,973110 
18,700000 -0,909650 
18,800000 -0,843101 
18,900000 -0,787234 
19,000000 -0,739891 
19,100000 -0,694397 
19,200000 -0,651437 
19,300000 -0,623562 
19,400000 -0,598175 
19,500000 -0,567429 
19,600000 -0,538225 
19,700000 -0,519956 
19,800000 -0,505671 
19,900000 -0,493675 
20,000000 -0,483990 
20,100000 -0,472897 
20,200000 -0,467184 
20,300000 -0,457808 
20,400000 -0,448477 
20,500000 -0,438137 
20,600000 -0,433187 
20,700000 -0,424021 
20,800000 -0,423174 
20,900000 -0,417098 
21,000000 -0,416919 
21,100000 -0,412587 
21,200000 -0,411763 
21,300000 -0,408825 
21,400000 -0,413982 
21,500000 -0,423582 
21,600000 -0,424354 
21,700000 -0,423790 
21,800000 -0,432935 
21,900000 -0,439473 
22,000000 -0,438758 
22,100000 -0,445760 
22,200000 -0,455482 
22,300000 -0,463552 
22,400000 -0,466951 
22,500000 -0,477771 
22,600000 -0,491296 
22,700000 -0,494965 
22,800000 -0,504775 
22,900000 -0,517764 
23,000000 -0,529126 
23,100000 -0,532328 
23,200000 -0,558076 
23,300000 -0,565682 
23,400000 -0,573211 
23,500000 -0,587240 
23,600000 -0,603479 
23,700000 -0,628017 
23,800000 -0,640556 
23,900000 -0,653693 
24,000000 -0,667688 
24,100000 -0,696378 
24,200000 -0,713917 
24,300000 -0,737256 
24,400000 -0,759272 
24,500000 -0,777142 
24,600000 -0,811700 
24,700000 -0,844744 
24,800000 -0,887809 
24,900000 -0,917392 
25,000000 -0,954008 
25,100000 -0,993385 
25,200000 -1,031970 
25,300000 -1,093222 
25,400000 -1,134825 
25,500000 -1,173163 
25,600000 -1,228021 
25,700000 -1,297885 
25,800000 -1,366388 
25,900000 -1,434649 
26,000000 -1,495742 
26,100000 -1,567330 
26,200000 -1,656318 
26,300000 -1,733367 
26,400000 -1,822069 
26,500000 -1,920552 
26,600000 -2,052449 
26,700000 -2,179428 
26,800000 -2,302445 
26,900000 -2,441780 
27,000000 -2,590691 
27,100000 -2,760840 
27,200000 -2,947543 
27,300000 -3,131973 
27,400000 -3,346269 
27,500000 -3,559241 
27,600000 -3,818355 
27,700000 -4,055546 
27,800000 -4,252827 
27,900000 -4,452866 
28,000000 -4,618615 
28,100000 -4,696379 
28,200000 -4,665622 
28,300000 -4,508043 
28,400000 -4,231842 
28,500000 -3,861753 
28,600000 -3,384716 
28,700000 -2,976044 
28,800000 -2,692012 
28,900000 -2,434446 
29,000000 -2,174054 
29,100000 -2,016570 
29,200000 -1,847621 
29,300000 -1,715769 
29,400000 -1,592825 
29,500000 -1,485254 
29,600000 -1,394943 
29,700000 -1,304491 
29,800000 -1,222078 
29,900000 -1,157254 
30,000000 -1,108651 
30,100000 -1,065629 
30,200000 -1,032135 
30,300000 -0,985583 
30,400000 -0,951730 
30,500000 -0,913131 
30,600000 -0,888919 
30,700000 -0,852145 
30,800000 -0,838952 
30,900000 -0,828477 
31,000000 -0,822919 
31,100000 -0,824689 
31,200000 -0,834227 
31,300000 -0,843629 
31,400000 -0,853929 
31,500000 -0,875759 
31,600000 -0,894159 
31,700000 -0,920417 
31,800000 -0,939426 
31,900000 -0,960067 
32,000000 -0,966384 
32,100000 -0,972836 
32,200000 -0,939410 
32,300000 -0,898804 
32,400000 -0,841454 
32,500000 -0,798089 
32,600000 -0,704562 
32,700000 -0,609277 
32,800000 -0,549707 
32,900000 -0,500112 
33,000000 -0,451851 
33,100000 -0,417387 
33,200000 -0,385656 
33,300000 -0,357935 
33,400000 -0,334446 
33,500000 -0,312115 
33,600000 -0,288917 
33,700000 -0,267846 
33,800000 -0,249597 
33,900000 -0,235410 
34,000000 -0,228556 
34,100000 -0,214294 
34,200000 -0,205430 
34,300000 -0,196003 
34,400000 -0,188201 
34,500000 -0,180603 
34,600000 -0,172924 
34,700000 -0,168734 
34,800000 -0,160670 
34,900000 -0,156440 
35,000000 -0,149255 
35,100000 -0,146482 
35,200000 -0,144549 
35,300000 -0,142260 
35,400000 -0,138883 
35,500000 -0,134732 
35,600000 -0,133067 
35,700000 -0,133726 
35,800000 -0,131615 
35,900000 -0,131853 
36,000000 -0,128047 
36,100000 -0,130346 
36,200000 -0,129496 
36,300000 -0,129248 
36,400000 -0,126449 
36,500000 -0,125606 
36,600000 -0,125789 
36,700000 -0,127476 
36,800000 -0,126500 
36,900000 -0,128523 
37,000000 -0,126267 
37,100000 -0,131635 
37,200000 -0,130302 
37,300000 -0,131418 
37,400000 -0,131096 
37,500000 -0,130550 
37,600000 -0,131433 
37,700000 -0,130920 
37,800000 -0,132914 
37,900000 -0,139193 
38,000000 -0,140440 
38,100000 -0,144130 
38,200000 -0,145091 
38,300000 -0,146144 
38,400000 -0,149570 
38,500000 -0,149616 
38,600000 -0,156349 
38,700000 -0,159148 
38,800000 -0,162686 
38,900000 -0,165434 
39,000000 -0,168230 
39,100000 -0,173591 
39,200000 -0,176803 
39,300000 -0,180919 
39,400000 -0,183467 
39,500000 -0,184475 
39,600000 -0,189469 
39,700000 -0,198576 
39,800000 -0,200448 
39,900000 -0,202990 
40,000000 -0,205245 
40,100000 -0,207995 
40,200000 -0,207572 
40,300000 -0,206397 
40,400000 -0,201719 
40,500000 -0,196974 
40,600000 -0,198568 
40,700000 -0,192971 
40,800000 -0,190754 
40,900000 -0,186947 
41,000000 -0,189565 
41,100000 -0,187690 
41,200000 -0,186172 
41,300000 -0,185786 
41,400000 -0,185976 
41,500000 -0,189201 
41,600000 -0,189927 
41,700000 -0,191799 
41,800000 -0,189022 
41,900000 -0,192463 
42,000000 -0,199116 
42,100000 -0,200066 
42,200000 -0,202272 
42,300000 -0,204546 
42,400000 -0,211907 
42,500000 -0,214971 
42,600000 -0,218095 
42,700000 -0,221014 
42,800000 -0,225911 
42,900000 -0,234001 
43,000000 -0,239310 
43,100000 -0,242850 
43,200000 -0,241587 
43,300000 -0,240481 
43,400000 -0,243039 
43,500000 -0,235733 
43,600000 -0,231992 
43,700000 -0,229037 
43,800000 -0,226672 
43,900000 -0,224055 
44,000000 -0,222955 
44,100000 -0,219480 
44,200000 -0,212059 
44,300000 -0,203307 
44,400000 -0,192939 
44,500000 -0,184973 
44,600000 -0,175564 
44,700000 -0,164908 
44,800000 -0,154020 
44,900000 -0,149250 
45,000000 -0,142034 
45,100000 -0,137299 
45,200000 -0,130468 
45,300000 -0,127960 
45,400000 -0,124849 
45,500000 -0,119163 
45,600000 -0,118313 
45,700000 -0,115578 
45,800000 -0,112775 
45,900000 -0,108505 
46,000000 -0,105767 
46,100000 -0,105009 
46,200000 -0,103546 
46,300000 -0,102292 
46,400000 -0,101764 
46,500000 -0,099490 
46,600000 -0,098673 
46,700000 -0,096639 
46,800000 -0,095728 
46,900000 -0,095459 
47,000000 -0,094885 
47,100000 -0,093131 
47,200000 -0,094458 
47,300000 -0,090970 
47,400000 -0,091573 
47,500000 -0,089292 
47,600000 -0,092152 
47,700000 -0,088468 
47,800000 -0,084520 
47,900000 -0,085547 
48,000000 -0,086891 
48,100000 -0,084587 
48,200000 -0,087958 
48,300000 -0,085825 
48,400000 -0,086176 
48,500000 -0,085530 
48,600000 -0,085583 
48,700000 -0,086387 
48,800000 -0,085568 
48,900000 -0,085381 
49,000000 -0,084969 
49,100000 -0,085795 
49,200000 -0,085651 
49,300000 -0,085596 
49,400000 -0,085320 
49,500000 -0,086249 
49,600000 -0,087022 
49,700000 -0,086937 
49,800000 -0,085468 
49,900000 -0,086494 
