0,000000 -3,727304 
0,100000 -3,724921 
0,200000 -3,707161 
0,300000 -3,719580 
0,400000 -3,729543 
0,500000 -3,715105 
0,600000 -3,721367 
0,700000 -3,725764 
0,800000 -3,726415 
0,900000 -3,732098 
1,000000 -3,709155 
1,100000 -3,715688 
1,200000 -3,714466 
1,300000 -3,708401 
1,400000 -3,729387 
1,500000 -3,712946 
1,600000 -3,708710 
1,700000 -3,701825 
1,800000 -3,721149 
1,900000 -3,498501 
2,000000 -3,175173 
2,100000 -2,875617 
2,200000 -2,569663 
2,300000 -2,283531 
2,400000 -2,053387 
2,500000 -1,874245 
2,600000 -1,703804 
2,700000 -1,545625 
2,800000 -1,438827 
2,900000 -1,331946 
3,000000 -1,258715 
3,100000 -1,165056 
3,200000 -1,086018 
3,300000 -1,032371 
3,400000 -0,965978 
3,500000 -0,926568 
3,600000 -0,872258 
3,700000 -0,835183 
3,800000 -0,773450 
3,900000 -0,726161 
4,000000 -0,693186 
4,100000 -0,659891 
4,200000 -0,618949 
4,300000 -0,575557 
4,400000 -0,549060 
4,500000 -0,518454 
4,600000 -0,490070 
4,700000 -0,466900 
4,800000 -0,441919 
4,900000 -0,423109 
5,000000 -0,408792 
5,100000 -0,389804 
5,200000 -0,372379 
5,300000 -0,357711 
5,400000 -0,340410 
5,500000 -0,326920 
5,600000 -0,322801 
5,700000 -0,311009 
5,800000 -0,307633 
5,900000 -0,298177 
6,000000 -0,289698 
6,100000 -0,285604 
6,200000 -0,275782 
6,300000 -0,268827 
6,400000 -0,260619 
6,500000 -0,254081 
6,600000 -0,248536 
6,700000 -0,244578 
6,800000 -0,238150 
6,900000 -0,234401 
7,000000 -0,229801 
7,100000 -0,221772 
7,200000 -0,218581 
7,300000 -0,214025 
7,400000 -0,209507 
7,500000 -0,206527 
7,600000 -0,202558 
7,700000 -0,198534 
7,800000 -0,195926 
7,900000 -0,193125 
8,000000 -0,190402 
8,100000 -0,186094 
8,200000 -0,186126 
8,300000 -0,184140 
8,400000 -0,180076 
8,500000 -0,178691 
8,600000 -0,176620 
8,700000 -0,175109 
8,800000 -0,172637 
8,900000 -0,173289 
9,000000 -0,172278 
9,100000 -0,169730 
9,200000 -0,171010 
9,300000 -0,168564 
9,400000 -0,166464 
9,500000 -0,167295 
9,600000 -0,164721 
9,700000 -0,165212 
9,800000 -0,165677 
9,900000 -0,163520 
10,000000 -0,162591 
10,100000 -0,159630 
10,200000 -0,160894 
10,300000 -0,163965 
10,400000 -0,163846 
10,500000 -0,164171 
10,600000 -0,165964 
10,700000 -0,165112 
10,800000 -0,165841 
10,900000 -0,165652 
11,000000 -0,168057 
11,100000 -0,168857 
11,200000 -0,170727 
11,300000 -0,171311 
11,400000 -0,173945 
11,500000 -0,176320 
11,600000 -0,176947 
11,700000 -0,179647 
11,800000 -0,181415 
11,900000 -0,187464 
12,000000 -0,189560 
12,100000 -0,194035 
12,200000 -0,196551 
12,300000 -0,201756 
12,400000 -0,207604 
12,500000 -0,213377 
12,600000 -0,215274 
12,700000 -0,219754 
12,800000 -0,224070 
12,900000 -0,228738 
13,000000 -0,237692 
13,100000 -0,241975 
13,200000 -0,253207 
13,300000 -0,261726 
13,400000 -0,278559 
13,500000 -0,294629 
13,600000 -0,310994 
13,700000 -0,329628 
13,800000 -0,351884 
13,900000 -0,379332 
14,000000 -0,405755 
14,100000 -0,436907 
14,200000 -0,469529 
14,300000 -0,497698 
14,400000 -0,518804 
14,500000 -0,506713 
14,600000 -0,472547 
14,700000 -0,430008 
14,800000 -0,395207 
14,900000 -0,374335 
15,000000 -0,360077 
15,100000 -0,355673 
15,200000 -0,351949 
15,300000 -0,352103 
15,400000 -0,359103 
15,500000 -0,363240 
15,600000 -0,367274 
15,700000 -0,376155 
15,800000 -0,387877 
15,900000 -0,405613 
16,000000 -0,430288 
16,100000 -0,451934 
16,200000 -0,477924 
16,300000 -0,505907 
16,400000 -0,522338 
16,500000 -0,530734 
16,600000 -0,524866 
16,700000 -0,526427 
16,800000 -0,538874 
16,900000 -0,561870 
17,000000 -0,588545 
17,100000 -0,628367 
17,200000 -0,667538 
17,300000 -0,715766 
17,400000 -0,736080 
17,500000 -0,733898 
17,600000 -0,720945 
17,700000 -0,704410 
17,800000 -0,738361 
17,900000 -0,779786 
18,000000 -0,829751 
18,100000 -0,895177 
18,200000 -0,948909 
18,300000 -0,983219 
18,400000 -0,973689 
18,500000 -0,859887 
18,600000 -0,706107 
18,700000 -0,578493 
18,800000 -0,482387 
18,900000 -0,408062 
19,000000 -0,350765 
19,100000 -0,310122 
19,200000 -0,280067 
19,300000 -0,252459 
19,400000 -0,233556 
19,500000 -0,216116 
19,600000 -0,203679 
19,700000 -0,193812 
19,800000 -0,189465 
19,900000 -0,184961 
20,000000 -0,182048 
20,100000 -0,182031 
20,200000 -0,180626 
20,300000 -0,179741 
20,400000 -0,175944 
20,500000 -0,168096 
20,600000 -0,161029 
20,700000 -0,151528 
20,800000 -0,149222 
20,900000 -0,146579 
21,000000 -0,144492 
21,100000 -0,142796 
21,200000 -0,141199 
21,300000 -0,138799 
21,400000 -0,140798 
21,500000 -0,140791 
21,600000 -0,142801 
21,700000 -0,142359 
21,800000 -0,143029 
21,900000 -0,146060 
22,000000 -0,148029 
22,100000 -0,150178 
22,200000 -0,153007 
22,300000 -0,153030 
22,400000 -0,156178 
22,500000 -0,158994 
22,600000 -0,161645 
22,700000 -0,162042 
22,800000 -0,166804 
22,900000 -0,169327 
23,000000 -0,172078 
23,100000 -0,175130 
23,200000 -0,178966 
23,300000 -0,181929 
23,400000 -0,187268 
23,500000 -0,192113 
23,600000 -0,201052 
23,700000 -0,202975 
23,800000 -0,209770 
23,900000 -0,216615 
24,000000 -0,223635 
24,100000 -0,232126 
24,200000 -0,240271 
24,300000 -0,246407 
24,400000 -0,256393 
24,500000 -0,268616 
24,600000 -0,284621 
24,700000 -0,297671 
24,800000 -0,305918 
24,900000 -0,321201 
25,000000 -0,338584 
25,100000 -0,357642 
25,200000 -0,373450 
25,300000 -0,394158 
25,400000 -0,412617 
25,500000 -0,439160 
25,600000 -0,473332 
25,700000 -0,506865 
25,800000 -0,541261 
25,900000 -0,575624 
26,000000 -0,616831 
26,100000 -0,656906 
26,200000 -0,707412 
26,300000 -0,762596 
26,400000 -0,827159 
26,500000 -0,892493 
26,600000 -0,985688 
26,700000 -1,088167 
26,800000 -1,182707 
26,900000 -1,299922 
27,000000 -1,429577 
27,100000 -1,577823 
27,200000 -1,753979 
27,300000 -1,952706 
27,400000 -2,164938 
27,500000 -2,426320 
27,600000 -2,828392 
27,700000 -3,313687 
27,800000 -3,759501 
27,900000 -4,256645 
28,000000 -4,671906 
28,100000 -5,060357 
28,200000 -5,241979 
28,300000 -5,102768 
28,400000 -4,548627 
28,500000 -3,714679 
28,600000 -2,766348 
28,700000 -2,091609 
28,800000 -1,676924 
28,900000 -1,393321 
29,000000 -1,182126 
29,100000 -1,015495 
29,200000 -0,890739 
29,300000 -0,795030 
29,400000 -0,709409 
29,500000 -0,641694 
29,600000 -0,588846 
29,700000 -0,545205 
29,800000 -0,515906 
29,900000 -0,501247 
30,000000 -0,492256 
30,100000 -0,485652 
30,200000 -0,476934 
30,300000 -0,465794 
30,400000 -0,442690 
30,500000 -0,419954 
30,600000 -0,396017 
30,700000 -0,376688 
30,800000 -0,378300 
30,900000 -0,382813 
31,000000 -0,391538 
31,100000 -0,403161 
31,200000 -0,425097 
31,300000 -0,448920 
31,400000 -0,480683 
31,500000 -0,523495 
31,600000 -0,577120 
31,700000 -0,648911 
31,800000 -0,729095 
31,900000 -0,796232 
32,000000 -0,866618 
32,100000 -0,911108 
32,200000 -0,928143 
32,300000 -0,894048 
32,400000 -0,797686 
32,500000 -0,655213 
32,600000 -0,533079 
32,700000 -0,416683 
32,800000 -0,335396 
32,900000 -0,281577 
33,000000 -0,244083 
33,100000 -0,217880 
33,200000 -0,190816 
33,300000 -0,171849 
33,400000 -0,158886 
33,500000 -0,150851 
33,600000 -0,137371 
33,700000 -0,126902 
33,800000 -0,122098 
33,900000 -0,118873 
34,000000 -0,113256 
34,100000 -0,109806 
34,200000 -0,106175 
34,300000 -0,103492 
34,400000 -0,101790 
34,500000 -0,097878 
34,600000 -0,096372 
34,700000 -0,096907 
34,800000 -0,094772 
34,900000 -0,093260 
35,000000 -0,091241 
35,100000 -0,089929 
35,200000 -0,091334 
35,300000 -0,089353 
35,400000 -0,089439 
35,500000 -0,088422 
35,600000 -0,088274 
35,700000 -0,089280 
35,800000 -0,088042 
35,900000 -0,089775 
36,000000 -0,089142 
36,100000 -0,089658 
36,200000 -0,090165 
36,300000 -0,090446 
36,400000 -0,089938 
36,500000 -0,092916 
36,600000 -0,090924 
36,700000 -0,091787 
36,800000 -0,093281 
36,900000 -0,090438 
37,000000 -0,092526 
37,100000 -0,094452 
37,200000 -0,094149 
37,300000 -0,095654 
37,400000 -0,096125 
37,500000 -0,095722 
37,600000 -0,095385 
37,700000 -0,095361 
37,800000 -0,097903 
37,900000 -0,099179 
38,000000 -0,103441 
38,100000 -0,104185 
38,200000 -0,105468 
38,300000 -0,104400 
38,400000 -0,107488 
38,500000 -0,108583 
38,600000 -0,111608 
38,700000 -0,112979 
38,800000 -0,117570 
38,900000 -0,121018 
39,000000 -0,125350 
39,100000 -0,127623 
39,200000 -0,131841 
39,300000 -0,133385 
39,400000 -0,140074 
39,500000 -0,145061 
39,600000 -0,149220 
39,700000 -0,151108 
39,800000 -0,159114 
39,900000 -0,168876 
40,000000 -0,175395 
40,100000 -0,181706 
40,200000 -0,180405 
40,300000 -0,176544 
40,400000 -0,168555 
40,500000 -0,156438 
40,600000 -0,145571 
40,700000 -0,138403 
40,800000 -0,136555 
40,900000 -0,136725 
41,000000 -0,135664 
41,100000 -0,134081 
41,200000 -0,134758 
41,300000 -0,137757 
41,400000 -0,134786 
41,500000 -0,135728 
41,600000 -0,132736 
41,700000 -0,132896 
41,800000 -0,135246 
41,900000 -0,131776 
42,000000 -0,140156 
42,100000 -0,147041 
42,200000 -0,150397 
42,300000 -0,154132 
42,400000 -0,157119 
42,500000 -0,160870 
42,600000 -0,168603 
42,700000 -0,177617 
42,800000 -0,185861 
42,900000 -0,197616 
43,000000 -0,209596 
43,100000 -0,218205 
43,200000 -0,221923 
43,300000 -0,224341 
43,400000 -0,218685 
43,500000 -0,210773 
43,600000 -0,200022 
43,700000 -0,197597 
43,800000 -0,199612 
43,900000 -0,203556 
44,000000 -0,207132 
44,100000 -0,207238 
44,200000 -0,203081 
44,300000 -0,196822 
44,400000 -0,181950 
44,500000 -0,162844 
44,600000 -0,146230 
44,700000 -0,134924 
44,800000 -0,127104 
44,900000 -0,119530 
45,000000 -0,114076 
45,100000 -0,108916 
45,200000 -0,106198 
45,300000 -0,106479 
45,400000 -0,102963 
45,500000 -0,099395 
45,600000 -0,096984 
45,700000 -0,093302 
45,800000 -0,093068 
45,900000 -0,091259 
46,000000 -0,092778 
46,100000 -0,090967 
46,200000 -0,091213 
46,300000 -0,091523 
46,400000 -0,088377 
46,500000 -0,088193 
46,600000 -0,089331 
46,700000 -0,089450 
46,800000 -0,088065 
46,900000 -0,088882 
47,000000 -0,089339 
47,100000 -0,089993 
47,200000 -0,091661 
47,300000 -0,089722 
47,400000 -0,088185 
47,500000 -0,088113 
47,600000 -0,086187 
47,700000 -0,085994 
47,800000 -0,085099 
47,900000 -0,085320 
48,000000 -0,084064 
48,100000 -0,084644 
48,200000 -0,085037 
48,300000 -0,085380 
48,400000 -0,084017 
48,500000 -0,085349 
48,600000 -0,083513 
48,700000 -0,084096 
48,800000 -0,084751 
48,900000 -0,085305 
49,000000 -0,084628 
49,100000 -0,084448 
49,200000 -0,084839 
49,300000 -0,083936 
49,400000 -0,084378 
49,500000 -0,085048 
49,600000 -0,085143 
49,700000 -0,084540 
49,800000 -0,085208 
49,900000 -0,086009 
