0,000000 -4,132709 
0,100000 -4,137517 
0,200000 -4,139675 
0,300000 -4,139071 
0,400000 -4,167391 
0,500000 -4,145141 
0,600000 -4,145580 
0,700000 -4,143268 
0,800000 -4,137703 
0,900000 -4,146791 
1,000000 -4,139022 
1,100000 -4,134678 
1,200000 -4,152415 
1,300000 -4,144934 
1,400000 -4,149141 
1,500000 -4,154249 
1,600000 -4,160725 
1,700000 -4,128603 
1,800000 -4,147275 
1,900000 -4,070572 
2,000000 -3,913306 
2,100000 -3,720764 
2,200000 -3,438074 
2,300000 -3,172458 
2,400000 -2,945800 
2,500000 -2,760482 
2,600000 -2,544093 
2,700000 -2,299432 
2,800000 -2,151895 
2,900000 -2,003549 
3,000000 -1,864548 
3,100000 -1,750187 
3,200000 -1,611343 
3,300000 -1,518982 
3,400000 -1,437810 
3,500000 -1,365486 
3,600000 -1,302976 
3,700000 -1,252958 
3,800000 -1,208310 
3,900000 -1,151451 
4,000000 -1,109426 
4,100000 -1,072399 
4,200000 -1,028551 
4,300000 -0,978275 
4,400000 -0,942579 
4,500000 -0,904202 
4,600000 -0,863812 
4,700000 -0,837181 
4,800000 -0,800660 
4,900000 -0,773889 
5,000000 -0,739949 
5,100000 -0,705379 
5,200000 -0,676879 
5,300000 -0,644565 
5,400000 -0,618325 
5,500000 -0,594358 
5,600000 -0,576415 
5,700000 -0,551515 
5,800000 -0,543108 
5,900000 -0,512007 
6,000000 -0,500146 
6,100000 -0,489818 
6,200000 -0,469647 
6,300000 -0,459369 
6,400000 -0,443523 
6,500000 -0,435927 
6,600000 -0,425097 
6,700000 -0,420253 
6,800000 -0,409015 
6,900000 -0,400680 
7,000000 -0,394213 
7,100000 -0,388959 
7,200000 -0,379868 
7,300000 -0,373720 
7,400000 -0,363480 
7,500000 -0,359112 
7,600000 -0,352398 
7,700000 -0,348306 
7,800000 -0,348048 
7,900000 -0,340480 
8,000000 -0,333777 
8,100000 -0,325841 
8,200000 -0,322540 
8,300000 -0,316713 
8,400000 -0,312310 
8,500000 -0,305075 
8,600000 -0,303037 
8,700000 -0,300300 
8,800000 -0,294644 
8,900000 -0,290847 
9,000000 -0,286941 
9,100000 -0,283630 
9,200000 -0,283115 
9,300000 -0,279206 
9,400000 -0,274770 
9,500000 -0,274104 
9,600000 -0,272943 
9,700000 -0,272109 
9,800000 -0,270837 
9,900000 -0,269557 
10,000000 -0,268613 
10,100000 -0,266692 
10,200000 -0,266424 
10,300000 -0,265848 
10,400000 -0,266695 
10,500000 -0,266359 
10,600000 -0,266738 
10,700000 -0,267843 
10,800000 -0,268059 
10,900000 -0,269568 
11,000000 -0,269554 
11,100000 -0,269737 
11,200000 -0,272081 
11,300000 -0,272704 
11,400000 -0,276368 
11,500000 -0,275819 
11,600000 -0,283956 
11,700000 -0,280876 
11,800000 -0,285140 
11,900000 -0,292583 
12,000000 -0,295247 
12,100000 -0,300455 
12,200000 -0,304567 
12,300000 -0,314053 
12,400000 -0,315390 
12,500000 -0,320263 
12,600000 -0,326526 
12,700000 -0,332239 
12,800000 -0,336574 
12,900000 -0,343335 
13,000000 -0,355309 
13,100000 -0,357684 
13,200000 -0,372423 
13,300000 -0,383806 
13,400000 -0,398457 
13,500000 -0,415805 
13,600000 -0,436210 
13,700000 -0,456734 
13,800000 -0,474145 
13,900000 -0,494227 
14,000000 -0,520767 
14,100000 -0,544261 
14,200000 -0,566440 
14,300000 -0,588338 
14,400000 -0,599699 
14,500000 -0,592932 
14,600000 -0,570609 
14,700000 -0,550076 
14,800000 -0,529394 
14,900000 -0,513082 
15,000000 -0,499157 
15,100000 -0,497546 
15,200000 -0,495670 
15,300000 -0,496982 
15,400000 -0,501035 
15,500000 -0,507604 
15,600000 -0,513594 
15,700000 -0,524221 
15,800000 -0,537861 
15,900000 -0,554894 
16,000000 -0,570803 
16,100000 -0,594010 
16,200000 -0,613817 
16,300000 -0,639601 
16,400000 -0,654559 
16,500000 -0,663903 
16,600000 -0,670044 
16,700000 -0,675564 
16,800000 -0,698505 
16,900000 -0,705535 
17,000000 -0,735806 
17,100000 -0,767896 
17,200000 -0,791191 
17,300000 -0,822510 
17,400000 -0,843279 
17,500000 -0,852526 
17,600000 -0,854927 
17,700000 -0,863751 
17,800000 -0,884538 
17,900000 -0,906648 
18,000000 -0,933953 
18,100000 -0,965950 
18,200000 -0,992243 
18,300000 -1,011048 
18,400000 -0,982812 
18,500000 -0,888472 
18,600000 -0,789334 
18,700000 -0,691378 
18,800000 -0,607407 
18,900000 -0,540065 
19,000000 -0,483518 
19,100000 -0,440174 
19,200000 -0,406711 
19,300000 -0,376292 
19,400000 -0,351128 
19,500000 -0,328632 
19,600000 -0,310426 
19,700000 -0,293788 
19,800000 -0,284620 
19,900000 -0,278776 
20,000000 -0,269302 
20,100000 -0,265826 
20,200000 -0,261302 
20,300000 -0,255904 
20,400000 -0,252862 
20,500000 -0,244928 
20,600000 -0,238476 
20,700000 -0,232613 
20,800000 -0,227925 
20,900000 -0,224318 
21,000000 -0,223690 
21,100000 -0,220710 
21,200000 -0,219623 
21,300000 -0,218393 
21,400000 -0,218873 
21,500000 -0,223972 
21,600000 -0,221518 
21,700000 -0,222311 
21,800000 -0,225915 
21,900000 -0,228761 
22,000000 -0,232637 
22,100000 -0,233143 
22,200000 -0,237654 
22,300000 -0,240863 
22,400000 -0,243190 
22,500000 -0,250933 
22,600000 -0,254666 
22,700000 -0,257867 
22,800000 -0,263895 
22,900000 -0,270076 
23,000000 -0,275392 
23,100000 -0,284323 
23,200000 -0,289233 
23,300000 -0,297174 
23,400000 -0,305642 
23,500000 -0,313344 
23,600000 -0,325302 
23,700000 -0,333502 
23,800000 -0,346146 
23,900000 -0,358803 
24,000000 -0,368274 
24,100000 -0,379631 
24,200000 -0,395567 
24,300000 -0,408152 
24,400000 -0,424603 
24,500000 -0,436504 
24,600000 -0,457858 
24,700000 -0,480670 
24,800000 -0,503485 
24,900000 -0,525544 
25,000000 -0,547134 
25,100000 -0,573778 
25,200000 -0,598531 
25,300000 -0,629837 
25,400000 -0,659806 
25,500000 -0,697028 
25,600000 -0,742017 
25,700000 -0,794025 
25,800000 -0,841398 
25,900000 -0,892869 
26,000000 -0,949966 
26,100000 -1,007056 
26,200000 -1,063949 
26,300000 -1,143298 
26,400000 -1,215693 
26,500000 -1,299891 
26,600000 -1,410492 
26,700000 -1,528802 
26,800000 -1,641344 
26,900000 -1,773910 
27,000000 -1,910488 
27,100000 -2,069794 
27,200000 -2,254763 
27,300000 -2,460380 
27,400000 -2,691610 
27,500000 -2,935154 
27,600000 -3,278800 
27,700000 -3,621318 
27,800000 -3,934122 
27,900000 -4,272736 
28,000000 -4,544444 
28,100000 -4,751784 
28,200000 -4,825467 
28,300000 -4,679997 
28,400000 -4,314715 
28,500000 -3,727244 
28,600000 -3,010016 
28,700000 -2,464003 
28,800000 -2,097680 
28,900000 -1,811707 
29,000000 -1,586437 
29,100000 -1,403077 
29,200000 -1,267115 
29,300000 -1,140711 
29,400000 -1,031738 
29,500000 -0,947356 
29,600000 -0,879201 
29,700000 -0,813328 
29,800000 -0,762669 
29,900000 -0,725102 
30,000000 -0,704198 
30,100000 -0,681202 
30,200000 -0,662773 
30,300000 -0,644327 
30,400000 -0,616912 
30,500000 -0,591241 
30,600000 -0,567907 
30,700000 -0,553017 
30,800000 -0,539758 
30,900000 -0,539889 
31,000000 -0,544774 
31,100000 -0,560443 
31,200000 -0,570972 
31,300000 -0,595559 
31,400000 -0,622212 
31,500000 -0,651833 
31,600000 -0,687974 
31,700000 -0,737081 
31,800000 -0,784617 
31,900000 -0,830493 
32,000000 -0,869131 
32,100000 -0,892812 
32,200000 -0,897544 
32,300000 -0,858212 
32,400000 -0,791967 
32,500000 -0,685532 
32,600000 -0,588754 
32,700000 -0,497175 
32,800000 -0,416836 
32,900000 -0,363081 
33,000000 -0,325659 
33,100000 -0,289705 
33,200000 -0,262646 
33,300000 -0,234669 
33,400000 -0,216641 
33,500000 -0,203565 
33,600000 -0,189106 
33,700000 -0,175083 
33,800000 -0,162438 
33,900000 -0,153790 
34,000000 -0,149066 
34,100000 -0,141690 
34,200000 -0,135159 
34,300000 -0,131075 
34,400000 -0,127062 
34,500000 -0,123523 
34,600000 -0,120614 
34,700000 -0,117238 
34,800000 -0,114127 
34,900000 -0,111245 
35,000000 -0,109096 
35,100000 -0,107259 
35,200000 -0,105453 
35,300000 -0,104037 
35,400000 -0,100756 
35,500000 -0,102294 
35,600000 -0,104954 
35,700000 -0,099802 
35,800000 -0,100017 
35,900000 -0,101916 
36,000000 -0,103626 
36,100000 -0,100369 
36,200000 -0,098705 
36,300000 -0,099034 
36,400000 -0,101525 
36,500000 -0,102109 
36,600000 -0,098154 
36,700000 -0,099320 
36,800000 -0,102109 
36,900000 -0,099916 
37,000000 -0,102560 
37,100000 -0,105116 
37,200000 -0,105179 
37,300000 -0,105164 
37,400000 -0,106029 
37,500000 -0,108192 
37,600000 -0,107581 
37,700000 -0,108925 
37,800000 -0,109652 
37,900000 -0,111214 
38,000000 -0,112243 
38,100000 -0,116165 
38,200000 -0,117370 
38,300000 -0,121976 
38,400000 -0,121888 
38,500000 -0,119866 
38,600000 -0,126846 
38,700000 -0,129392 
38,800000 -0,132859 
38,900000 -0,137285 
39,000000 -0,138516 
39,100000 -0,143802 
39,200000 -0,145417 
39,300000 -0,151000 
39,400000 -0,155914 
39,500000 -0,159943 
39,600000 -0,159763 
39,700000 -0,165030 
39,800000 -0,171385 
39,900000 -0,177420 
40,000000 -0,182522 
40,100000 -0,185469 
40,200000 -0,185940 
40,300000 -0,182701 
40,400000 -0,175423 
40,500000 -0,168457 
40,600000 -0,163317 
40,700000 -0,156711 
40,800000 -0,156079 
40,900000 -0,156215 
41,000000 -0,151921 
41,100000 -0,154456 
41,200000 -0,152695 
41,300000 -0,152637 
41,400000 -0,152380 
41,500000 -0,152338 
41,600000 -0,150077 
41,700000 -0,153718 
41,800000 -0,151911 
41,900000 -0,157760 
42,000000 -0,161653 
42,100000 -0,161806 
42,200000 -0,167858 
42,300000 -0,172360 
42,400000 -0,178562 
42,500000 -0,184730 
42,600000 -0,185888 
42,700000 -0,194524 
42,800000 -0,202998 
42,900000 -0,207156 
43,000000 -0,215841 
43,100000 -0,222082 
43,200000 -0,225716 
43,300000 -0,225094 
43,400000 -0,223940 
43,500000 -0,219013 
43,600000 -0,211146 
43,700000 -0,210045 
43,800000 -0,208807 
43,900000 -0,208197 
44,000000 -0,208347 
44,100000 -0,212441 
44,200000 -0,201687 
44,300000 -0,195148 
44,400000 -0,183274 
44,500000 -0,173522 
44,600000 -0,155249 
44,700000 -0,150022 
44,800000 -0,139977 
44,900000 -0,131233 
45,000000 -0,125551 
45,100000 -0,120635 
45,200000 -0,116880 
45,300000 -0,112817 
45,400000 -0,110515 
45,500000 -0,107991 
45,600000 -0,105426 
45,700000 -0,102141 
45,800000 -0,102224 
45,900000 -0,097071 
46,000000 -0,096448 
46,100000 -0,096439 
46,200000 -0,094892 
46,300000 -0,094690 
46,400000 -0,095057 
46,500000 -0,091951 
46,600000 -0,093292 
46,700000 -0,088746 
46,800000 -0,089257 
46,900000 -0,094462 
47,000000 -0,091979 
47,100000 -0,091711 
47,200000 -0,089225 
47,300000 -0,090494 
47,400000 -0,088586 
47,500000 -0,088768 
47,600000 -0,086776 
47,700000 -0,086080 
47,800000 -0,087447 
47,900000 -0,086058 
48,000000 -0,083998 
48,100000 -0,085957 
48,200000 -0,083176 
48,300000 -0,086544 
48,400000 -0,084565 
48,500000 -0,083354 
48,600000 -0,084872 
48,700000 -0,084737 
48,800000 -0,084874 
48,900000 -0,086522 
49,000000 -0,083302 
49,100000 -0,086140 
49,200000 -0,086695 
49,300000 -0,085492 
49,400000 -0,086275 
49,500000 -0,084431 
49,600000 -0,086964 
49,700000 -0,086025 
49,800000 -0,085828 
49,900000 -0,086735 
