0,000000 -2,499165 
0,100000 -2,509077 
0,200000 -2,514710 
0,300000 -2,506078 
0,400000 -2,488521 
0,500000 -2,495705 
0,600000 -2,494676 
0,700000 -2,498141 
0,800000 -2,499414 
0,900000 -2,500894 
1,000000 -2,509255 
1,100000 -2,502927 
1,200000 -2,496151 
1,300000 -2,501025 
1,400000 -2,497196 
1,500000 -2,510538 
1,600000 -2,497827 
1,700000 -2,495502 
1,800000 -2,491448 
1,900000 -1,999031 
2,000000 -1,571765 
2,100000 -1,316916 
2,200000 -1,097477 
2,300000 -0,945549 
2,400000 -0,836721 
2,500000 -0,744046 
2,600000 -0,667298 
2,700000 -0,595772 
2,800000 -0,538256 
2,900000 -0,489089 
3,000000 -0,443198 
3,100000 -0,399238 
3,200000 -0,352731 
3,300000 -0,313691 
3,400000 -0,286048 
3,500000 -0,262113 
3,600000 -0,243354 
3,700000 -0,227475 
3,800000 -0,214424 
3,900000 -0,200439 
4,000000 -0,190247 
4,100000 -0,183119 
4,200000 -0,172863 
4,300000 -0,165048 
4,400000 -0,156386 
4,500000 -0,149180 
4,600000 -0,143774 
4,700000 -0,137827 
4,800000 -0,133580 
4,900000 -0,132827 
5,000000 -0,127629 
5,100000 -0,124487 
5,200000 -0,120653 
5,300000 -0,118730 
5,400000 -0,115174 
5,500000 -0,111306 
5,600000 -0,110921 
5,700000 -0,106885 
5,800000 -0,107076 
5,900000 -0,107765 
6,000000 -0,104756 
6,100000 -0,103182 
6,200000 -0,102019 
6,300000 -0,099659 
6,400000 -0,101241 
6,500000 -0,099964 
6,600000 -0,098792 
6,700000 -0,097861 
6,800000 -0,095701 
6,900000 -0,096608 
7,000000 -0,096199 
7,100000 -0,093848 
7,200000 -0,093944 
7,300000 -0,094373 
7,400000 -0,092855 
7,500000 -0,093975 
7,600000 -0,093651 
7,700000 -0,093744 
7,800000 -0,093537 
7,900000 -0,091770 
8,000000 -0,090170 
8,100000 -0,089550 
8,200000 -0,090731 
8,300000 -0,090319 
8,400000 -0,090216 
8,500000 -0,089246 
8,600000 -0,090293 
8,700000 -0,091012 
8,800000 -0,089205 
8,900000 -0,090514 
9,000000 -0,089905 
9,100000 -0,090242 
9,200000 -0,086533 
9,300000 -0,088770 
9,400000 -0,089048 
9,500000 -0,086212 
9,600000 -0,088278 
9,700000 -0,085484 
9,800000 -0,088276 
9,900000 -0,090547 
10,000000 -0,088941 
10,100000 -0,086822 
10,200000 -0,082655 
10,300000 -0,086235 
10,400000 -0,085391 
10,500000 -0,086020 
10,600000 -0,087150 
10,700000 -0,087965 
10,800000 -0,089795 
10,900000 -0,088828 
11,000000 -0,089144 
11,100000 -0,089251 
11,200000 -0,090466 
11,300000 -0,089712 
11,400000 -0,096922 
11,500000 -0,095671 
11,600000 -0,095974 
11,700000 -0,097378 
11,800000 -0,100653 
11,900000 -0,101046 
12,000000 -0,103752 
12,100000 -0,109102 
12,200000 -0,113571 
12,300000 -0,117467 
12,400000 -0,120616 
12,500000 -0,122324 
12,600000 -0,120454 
12,700000 -0,119324 
12,800000 -0,118699 
12,900000 -0,118193 
13,000000 -0,121508 
13,100000 -0,126857 
13,200000 -0,132280 
13,300000 -0,137669 
13,400000 -0,150574 
13,500000 -0,163659 
13,600000 -0,177380 
13,700000 -0,195375 
13,800000 -0,218845 
13,900000 -0,253748 
14,000000 -0,302058 
14,100000 -0,368154 
14,200000 -0,441519 
14,300000 -0,508924 
14,400000 -0,538006 
14,500000 -0,491307 
14,600000 -0,392411 
14,700000 -0,299350 
14,800000 -0,240966 
14,900000 -0,211745 
15,000000 -0,190897 
15,100000 -0,190056 
15,200000 -0,192618 
15,300000 -0,202378 
15,400000 -0,208870 
15,500000 -0,210359 
15,600000 -0,205327 
15,700000 -0,208468 
15,800000 -0,219263 
15,900000 -0,239797 
16,000000 -0,276172 
16,100000 -0,325744 
16,200000 -0,374549 
16,300000 -0,411571 
16,400000 -0,424587 
16,500000 -0,398651 
16,600000 -0,355528 
16,700000 -0,328538 
16,800000 -0,329907 
16,900000 -0,360099 
17,000000 -0,415621 
17,100000 -0,490184 
17,200000 -0,561161 
17,300000 -0,621738 
17,400000 -0,633598 
17,500000 -0,589601 
17,600000 -0,531724 
17,700000 -0,504319 
17,800000 -0,535202 
17,900000 -0,614781 
18,000000 -0,750053 
18,100000 -0,917150 
18,200000 -1,071245 
18,300000 -1,162294 
18,400000 -1,156466 
18,500000 -0,907943 
18,600000 -0,617027 
18,700000 -0,416128 
18,800000 -0,297504 
18,900000 -0,222395 
19,000000 -0,182213 
19,100000 -0,153418 
19,200000 -0,131427 
19,300000 -0,124534 
19,400000 -0,116751 
19,500000 -0,109119 
19,600000 -0,104493 
19,700000 -0,103720 
19,800000 -0,105550 
19,900000 -0,109996 
20,000000 -0,116032 
20,100000 -0,123288 
20,200000 -0,128373 
20,300000 -0,132691 
20,400000 -0,128079 
20,500000 -0,116124 
20,600000 -0,104847 
20,700000 -0,095574 
20,800000 -0,090037 
20,900000 -0,085949 
21,000000 -0,087599 
21,100000 -0,085126 
21,200000 -0,085635 
21,300000 -0,083958 
21,400000 -0,081940 
21,500000 -0,079193 
21,600000 -0,083905 
21,700000 -0,081492 
21,800000 -0,081117 
21,900000 -0,086424 
22,000000 -0,084747 
22,100000 -0,083953 
22,200000 -0,085554 
22,300000 -0,086954 
22,400000 -0,085896 
22,500000 -0,085676 
22,600000 -0,080597 
22,700000 -0,084883 
22,800000 -0,087927 
22,900000 -0,085656 
23,000000 -0,087124 
23,100000 -0,085818 
23,200000 -0,086347 
23,300000 -0,087937 
23,400000 -0,091944 
23,500000 -0,088715 
23,600000 -0,090302 
23,700000 -0,093148 
23,800000 -0,094185 
23,900000 -0,094639 
24,000000 -0,095549 
24,100000 -0,093396 
24,200000 -0,098728 
24,300000 -0,104054 
24,400000 -0,100536 
24,500000 -0,105082 
24,600000 -0,109375 
24,700000 -0,112108 
24,800000 -0,115836 
24,900000 -0,119151 
25,000000 -0,126155 
25,100000 -0,131764 
25,200000 -0,136834 
25,300000 -0,141595 
25,400000 -0,149431 
25,500000 -0,155374 
25,600000 -0,167868 
25,700000 -0,177170 
25,800000 -0,195385 
25,900000 -0,208995 
26,000000 -0,230874 
26,100000 -0,251230 
26,200000 -0,277116 
26,300000 -0,298575 
26,400000 -0,324375 
26,500000 -0,347413 
26,600000 -0,390131 
26,700000 -0,439016 
26,800000 -0,501112 
26,900000 -0,578674 
27,000000 -0,671157 
27,100000 -0,784077 
27,200000 -0,913969 
27,300000 -1,071801 
27,400000 -1,262447 
27,500000 -1,494003 
27,600000 -1,965372 
27,700000 -2,612918 
27,800000 -3,457935 
27,900000 -4,480651 
28,000000 -5,531684 
28,100000 -6,282107 
28,200000 -6,567774 
28,300000 -6,290106 
28,400000 -5,247346 
28,500000 -3,577467 
28,600000 -2,063721 
28,700000 -1,241812 
28,800000 -0,845167 
28,900000 -0,632003 
29,000000 -0,498321 
29,100000 -0,417015 
29,200000 -0,364161 
29,300000 -0,326320 
29,400000 -0,290918 
29,500000 -0,259451 
29,600000 -0,230939 
29,700000 -0,226759 
29,800000 -0,240724 
29,900000 -0,261997 
30,000000 -0,282984 
30,100000 -0,302597 
30,200000 -0,311821 
30,300000 -0,306021 
30,400000 -0,280302 
30,500000 -0,242110 
30,600000 -0,204871 
30,700000 -0,187875 
30,800000 -0,187034 
30,900000 -0,189992 
31,000000 -0,203435 
31,100000 -0,219278 
31,200000 -0,240450 
31,300000 -0,268307 
31,400000 -0,298228 
31,500000 -0,337776 
31,600000 -0,394166 
31,700000 -0,512378 
31,800000 -0,661748 
31,900000 -0,827866 
32,000000 -0,978288 
32,100000 -1,077524 
32,200000 -1,111551 
32,300000 -1,045611 
32,400000 -0,862441 
32,500000 -0,611138 
32,600000 -0,407453 
32,700000 -0,275772 
32,800000 -0,203214 
32,900000 -0,162088 
33,000000 -0,137755 
33,100000 -0,121682 
33,200000 -0,111730 
33,300000 -0,103468 
33,400000 -0,098585 
33,500000 -0,094527 
33,600000 -0,092778 
33,700000 -0,090415 
33,800000 -0,089395 
33,900000 -0,094194 
34,000000 -0,093624 
34,100000 -0,092606 
34,200000 -0,091402 
34,300000 -0,083707 
34,400000 -0,084527 
34,500000 -0,085257 
34,600000 -0,085018 
34,700000 -0,083978 
34,800000 -0,081991 
34,900000 -0,083676 
35,000000 -0,084086 
35,100000 -0,083251 
35,200000 -0,087447 
35,300000 -0,085620 
35,400000 -0,084002 
35,500000 -0,084118 
35,600000 -0,085294 
35,700000 -0,085024 
35,800000 -0,085293 
35,900000 -0,085738 
36,000000 -0,086053 
36,100000 -0,086152 
36,200000 -0,085728 
36,300000 -0,087500 
36,400000 -0,086111 
36,500000 -0,086585 
36,600000 -0,086218 
36,700000 -0,088669 
36,800000 -0,089914 
36,900000 -0,087646 
37,000000 -0,090950 
37,100000 -0,090372 
37,200000 -0,089107 
37,300000 -0,089724 
37,400000 -0,090455 
37,500000 -0,088490 
37,600000 -0,088660 
37,700000 -0,088419 
37,800000 -0,091066 
37,900000 -0,090910 
38,000000 -0,091183 
38,100000 -0,092818 
38,200000 -0,095665 
38,300000 -0,095871 
38,400000 -0,092510 
38,500000 -0,092093 
38,600000 -0,096539 
38,700000 -0,098037 
38,800000 -0,099746 
38,900000 -0,105024 
39,000000 -0,109391 
39,100000 -0,114458 
39,200000 -0,116160 
39,300000 -0,118200 
39,400000 -0,118858 
39,500000 -0,121733 
39,600000 -0,125907 
39,700000 -0,135418 
39,800000 -0,147998 
39,900000 -0,165275 
40,000000 -0,180487 
40,100000 -0,188708 
40,200000 -0,189315 
40,300000 -0,178768 
40,400000 -0,157712 
40,500000 -0,134762 
40,600000 -0,119181 
40,700000 -0,115621 
40,800000 -0,114404 
40,900000 -0,114693 
41,000000 -0,118343 
41,100000 -0,121780 
41,200000 -0,125168 
41,300000 -0,122555 
41,400000 -0,120734 
41,500000 -0,113453 
41,600000 -0,109898 
41,700000 -0,107504 
41,800000 -0,107492 
41,900000 -0,109997 
42,000000 -0,114593 
42,100000 -0,120491 
42,200000 -0,120191 
42,300000 -0,126109 
42,400000 -0,126649 
42,500000 -0,129656 
42,600000 -0,133217 
42,700000 -0,145952 
42,800000 -0,159322 
42,900000 -0,181026 
43,000000 -0,201660 
43,100000 -0,216917 
43,200000 -0,225168 
43,300000 -0,224008 
43,400000 -0,208043 
43,500000 -0,183004 
43,600000 -0,169727 
43,700000 -0,165334 
43,800000 -0,175058 
43,900000 -0,190566 
44,000000 -0,211183 
44,100000 -0,220911 
44,200000 -0,222011 
44,300000 -0,210627 
44,400000 -0,183600 
44,500000 -0,147273 
44,600000 -0,123782 
44,700000 -0,111920 
44,800000 -0,105443 
44,900000 -0,101484 
45,000000 -0,103977 
45,100000 -0,100359 
45,200000 -0,097227 
45,300000 -0,099279 
45,400000 -0,096689 
45,500000 -0,093559 
45,600000 -0,090004 
45,700000 -0,089240 
45,800000 -0,090304 
45,900000 -0,087480 
46,000000 -0,088533 
46,100000 -0,090071 
46,200000 -0,090126 
46,300000 -0,090794 
46,400000 -0,088175 
46,500000 -0,088035 
46,600000 -0,087398 
46,700000 -0,089641 
46,800000 -0,089564 
46,900000 -0,090250 
47,000000 -0,092410 
47,100000 -0,092168 
47,200000 -0,093623 
47,300000 -0,091513 
47,400000 -0,089052 
47,500000 -0,088033 
47,600000 -0,087555 
47,700000 -0,086525 
47,800000 -0,085866 
47,900000 -0,084306 
48,000000 -0,083545 
48,100000 -0,082752 
48,200000 -0,082756 
48,300000 -0,084413 
48,400000 -0,083823 
48,500000 -0,082998 
48,600000 -0,085759 
48,700000 -0,086485 
48,800000 -0,083730 
48,900000 -0,082798 
49,000000 -0,084542 
49,100000 -0,084180 
49,200000 -0,084523 
49,300000 -0,083368 
49,400000 -0,081742 
49,500000 -0,084051 
49,600000 -0,086901 
49,700000 -0,084947 
49,800000 -0,086217 
49,900000 -0,088272 
