0,000000 -3,461679 
0,100000 -3,469560 
0,200000 -3,469560 
0,300000 -3,461891 
0,400000 -3,469473 
0,500000 -3,469268 
0,600000 -3,466571 
0,700000 -3,480475 
0,800000 -3,462099 
0,900000 -3,464793 
1,000000 -3,461788 
1,100000 -3,467886 
1,200000 -3,457817 
1,300000 -3,466758 
1,400000 -3,458930 
1,500000 -3,459150 
1,600000 -3,495455 
1,700000 -3,449372 
1,800000 -3,452903 
1,900000 -3,078595 
2,000000 -2,687254 
2,100000 -2,404274 
2,200000 -2,089062 
2,300000 -1,806685 
2,400000 -1,593908 
2,500000 -1,467229 
2,600000 -1,324213 
2,700000 -1,204328 
2,800000 -1,120290 
2,900000 -1,052362 
3,000000 -0,986360 
3,100000 -0,921923 
3,200000 -0,848537 
3,300000 -0,790136 
3,400000 -0,733407 
3,500000 -0,683047 
3,600000 -0,640841 
3,700000 -0,599161 
3,800000 -0,560428 
3,900000 -0,522787 
4,000000 -0,490627 
4,100000 -0,460898 
4,200000 -0,425452 
4,300000 -0,404421 
4,400000 -0,372555 
4,500000 -0,358701 
4,600000 -0,339757 
4,700000 -0,325644 
4,800000 -0,311986 
4,900000 -0,301005 
5,000000 -0,289383 
5,100000 -0,281777 
5,200000 -0,270355 
5,300000 -0,262887 
5,400000 -0,252008 
5,500000 -0,242647 
5,600000 -0,235236 
5,700000 -0,229989 
5,800000 -0,223113 
5,900000 -0,218985 
6,000000 -0,211174 
6,100000 -0,204747 
6,200000 -0,202019 
6,300000 -0,197649 
6,400000 -0,190380 
6,500000 -0,181412 
6,600000 -0,178416 
6,700000 -0,176986 
6,800000 -0,173090 
6,900000 -0,169420 
7,000000 -0,165176 
7,100000 -0,164047 
7,200000 -0,163266 
7,300000 -0,160288 
7,400000 -0,157302 
7,500000 -0,156849 
7,600000 -0,153403 
7,700000 -0,149269 
7,800000 -0,149201 
7,900000 -0,147056 
8,000000 -0,144551 
8,100000 -0,142691 
8,200000 -0,144682 
8,300000 -0,141466 
8,400000 -0,140215 
8,500000 -0,140037 
8,600000 -0,137235 
8,700000 -0,137504 
8,800000 -0,136163 
8,900000 -0,136548 
9,000000 -0,136414 
9,100000 -0,134084 
9,200000 -0,132990 
9,300000 -0,132953 
9,400000 -0,132708 
9,500000 -0,131648 
9,600000 -0,130942 
9,700000 -0,129866 
9,800000 -0,129571 
9,900000 -0,130419 
10,000000 -0,130374 
10,100000 -0,128817 
10,200000 -0,128489 
10,300000 -0,130610 
10,400000 -0,129399 
10,500000 -0,131824 
10,600000 -0,131841 
10,700000 -0,131461 
10,800000 -0,132306 
10,900000 -0,133060 
11,000000 -0,134284 
11,100000 -0,133473 
11,200000 -0,137369 
11,300000 -0,138156 
11,400000 -0,137135 
11,500000 -0,143568 
11,600000 -0,146055 
11,700000 -0,151217 
11,800000 -0,151621 
11,900000 -0,152156 
12,000000 -0,153194 
12,100000 -0,159126 
12,200000 -0,164255 
12,300000 -0,168166 
12,400000 -0,170672 
12,500000 -0,173904 
12,600000 -0,177362 
12,700000 -0,180488 
12,800000 -0,180893 
12,900000 -0,186149 
13,000000 -0,193315 
13,100000 -0,201321 
13,200000 -0,207778 
13,300000 -0,215507 
13,400000 -0,230876 
13,500000 -0,244304 
13,600000 -0,267060 
13,700000 -0,279981 
13,800000 -0,304216 
13,900000 -0,332288 
14,000000 -0,365857 
14,100000 -0,403217 
14,200000 -0,446920 
14,300000 -0,486940 
14,400000 -0,504735 
14,500000 -0,490578 
14,600000 -0,441539 
14,700000 -0,388578 
14,800000 -0,348552 
14,900000 -0,323779 
15,000000 -0,307166 
15,100000 -0,297976 
15,200000 -0,297146 
15,300000 -0,298415 
15,400000 -0,305994 
15,500000 -0,310300 
15,600000 -0,312920 
15,700000 -0,318980 
15,800000 -0,332386 
15,900000 -0,348108 
16,000000 -0,374640 
16,100000 -0,406108 
16,200000 -0,435457 
16,300000 -0,464453 
16,400000 -0,482849 
16,500000 -0,481080 
16,600000 -0,469336 
16,700000 -0,462809 
16,800000 -0,473338 
16,900000 -0,497299 
17,000000 -0,528943 
17,100000 -0,580841 
17,200000 -0,628493 
17,300000 -0,674402 
17,400000 -0,697760 
17,500000 -0,687494 
17,600000 -0,665927 
17,700000 -0,663250 
17,800000 -0,688114 
17,900000 -0,737767 
18,000000 -0,807581 
18,100000 -0,895767 
18,200000 -0,965134 
18,300000 -1,027214 
18,400000 -1,023996 
18,500000 -0,869432 
18,600000 -0,677649 
18,700000 -0,527262 
18,800000 -0,426763 
18,900000 -0,345812 
19,000000 -0,292195 
19,100000 -0,253916 
19,200000 -0,228581 
19,300000 -0,205530 
19,400000 -0,187507 
19,500000 -0,173002 
19,600000 -0,162782 
19,700000 -0,157904 
19,800000 -0,155701 
19,900000 -0,154341 
20,000000 -0,153226 
20,100000 -0,154386 
20,200000 -0,149188 
20,300000 -0,153163 
20,400000 -0,149808 
20,500000 -0,143321 
20,600000 -0,135042 
20,700000 -0,126449 
20,800000 -0,129064 
20,900000 -0,123813 
21,000000 -0,119801 
21,100000 -0,118549 
21,200000 -0,112721 
21,300000 -0,115693 
21,400000 -0,115485 
21,500000 -0,115501 
21,600000 -0,116494 
21,700000 -0,120086 
21,800000 -0,123505 
21,900000 -0,122391 
22,000000 -0,120962 
22,100000 -0,123973 
22,200000 -0,118833 
22,300000 -0,122834 
22,400000 -0,122965 
22,500000 -0,126966 
22,600000 -0,125770 
22,700000 -0,129153 
22,800000 -0,130247 
22,900000 -0,133698 
23,000000 -0,133983 
23,100000 -0,137451 
23,200000 -0,141002 
23,300000 -0,142096 
23,400000 -0,146025 
23,500000 -0,148048 
23,600000 -0,151068 
23,700000 -0,157746 
23,800000 -0,159709 
23,900000 -0,164710 
24,000000 -0,171251 
24,100000 -0,178520 
24,200000 -0,181892 
24,300000 -0,187940 
24,400000 -0,195215 
24,500000 -0,200879 
24,600000 -0,208949 
24,700000 -0,220594 
24,800000 -0,229878 
24,900000 -0,240823 
25,000000 -0,253928 
25,100000 -0,263440 
25,200000 -0,277281 
25,300000 -0,293784 
25,400000 -0,312288 
25,500000 -0,330633 
25,600000 -0,356720 
25,700000 -0,382643 
25,800000 -0,412880 
25,900000 -0,438649 
26,000000 -0,472578 
26,100000 -0,515400 
26,200000 -0,552296 
26,300000 -0,593094 
26,400000 -0,643502 
26,500000 -0,696215 
26,600000 -0,774918 
26,700000 -0,860832 
26,800000 -0,978960 
26,900000 -1,066601 
27,000000 -1,190484 
27,100000 -1,336256 
27,200000 -1,506569 
27,300000 -1,692076 
27,400000 -1,921620 
27,500000 -2,178521 
27,600000 -2,637857 
27,700000 -3,173339 
27,800000 -3,744885 
27,900000 -4,333632 
28,000000 -4,898515 
28,100000 -5,352092 
28,200000 -5,541933 
28,300000 -5,426518 
28,400000 -4,768604 
28,500000 -3,730541 
28,600000 -2,582159 
28,700000 -1,852823 
28,800000 -1,452785 
28,900000 -1,180536 
29,000000 -0,948826 
29,100000 -0,818482 
29,200000 -0,709107 
29,300000 -0,630392 
29,400000 -0,555786 
29,500000 -0,499971 
29,600000 -0,456619 
29,700000 -0,427778 
29,800000 -0,411481 
29,900000 -0,406118 
30,000000 -0,409216 
30,100000 -0,413622 
30,200000 -0,410423 
30,300000 -0,403513 
30,400000 -0,381358 
30,500000 -0,350762 
30,600000 -0,327499 
30,700000 -0,314751 
30,800000 -0,307274 
30,900000 -0,317583 
31,000000 -0,327439 
31,100000 -0,346175 
31,200000 -0,367728 
31,300000 -0,396652 
31,400000 -0,431901 
31,500000 -0,480773 
31,600000 -0,529917 
31,700000 -0,620599 
31,800000 -0,720156 
31,900000 -0,811400 
32,000000 -0,893967 
32,100000 -0,953807 
32,200000 -0,976998 
32,300000 -0,935509 
32,400000 -0,819416 
32,500000 -0,663590 
32,600000 -0,504375 
32,700000 -0,376515 
32,800000 -0,295217 
32,900000 -0,242171 
33,000000 -0,207632 
33,100000 -0,183557 
33,200000 -0,164894 
33,300000 -0,151190 
33,400000 -0,140970 
33,500000 -0,128713 
33,600000 -0,120453 
33,700000 -0,111629 
33,800000 -0,108688 
33,900000 -0,105926 
34,000000 -0,102691 
34,100000 -0,101695 
34,200000 -0,099291 
34,300000 -0,097982 
34,400000 -0,096624 
34,500000 -0,092182 
34,600000 -0,093480 
34,700000 -0,092692 
34,800000 -0,092216 
34,900000 -0,089955 
35,000000 -0,090389 
35,100000 -0,087849 
35,200000 -0,088478 
35,300000 -0,087193 
35,400000 -0,087610 
35,500000 -0,086462 
35,600000 -0,085087 
35,700000 -0,088384 
35,800000 -0,089755 
35,900000 -0,089484 
36,000000 -0,088703 
36,100000 -0,088417 
36,200000 -0,088824 
36,300000 -0,089079 
36,400000 -0,088940 
36,500000 -0,089968 
36,600000 -0,088825 
36,700000 -0,089708 
36,800000 -0,089642 
36,900000 -0,092187 
37,000000 -0,092569 
37,100000 -0,092562 
37,200000 -0,094572 
37,300000 -0,094702 
37,400000 -0,093726 
37,500000 -0,093514 
37,600000 -0,093108 
37,700000 -0,093679 
37,800000 -0,096193 
37,900000 -0,098258 
38,000000 -0,098224 
38,100000 -0,101316 
38,200000 -0,101454 
38,300000 -0,104488 
38,400000 -0,103231 
38,500000 -0,103910 
38,600000 -0,106698 
38,700000 -0,114149 
38,800000 -0,115488 
38,900000 -0,121385 
39,000000 -0,123749 
39,100000 -0,124769 
39,200000 -0,129326 
39,300000 -0,133411 
39,400000 -0,136864 
39,500000 -0,140815 
39,600000 -0,145145 
39,700000 -0,152023 
39,800000 -0,160268 
39,900000 -0,172536 
40,000000 -0,180361 
40,100000 -0,185434 
40,200000 -0,184209 
40,300000 -0,180072 
40,400000 -0,167555 
40,500000 -0,152800 
40,600000 -0,143448 
40,700000 -0,136118 
40,800000 -0,134160 
40,900000 -0,131592 
41,000000 -0,129480 
41,100000 -0,134034 
41,200000 -0,134253 
41,300000 -0,131835 
41,400000 -0,131182 
41,500000 -0,129458 
41,600000 -0,126842 
41,700000 -0,125965 
41,800000 -0,127481 
41,900000 -0,130933 
42,000000 -0,135010 
42,100000 -0,137571 
42,200000 -0,139471 
42,300000 -0,145406 
42,400000 -0,149010 
42,500000 -0,154157 
42,600000 -0,157284 
42,700000 -0,167219 
42,800000 -0,179554 
42,900000 -0,192641 
43,000000 -0,204615 
43,100000 -0,217126 
43,200000 -0,223669 
43,300000 -0,221940 
43,400000 -0,215385 
43,500000 -0,202931 
43,600000 -0,195527 
43,700000 -0,190404 
43,800000 -0,192478 
43,900000 -0,198610 
44,000000 -0,206807 
44,100000 -0,210978 
44,200000 -0,210613 
44,300000 -0,202441 
44,400000 -0,186180 
44,500000 -0,162786 
44,600000 -0,143510 
44,700000 -0,129492 
44,800000 -0,123220 
44,900000 -0,115740 
45,000000 -0,111580 
45,100000 -0,106922 
45,200000 -0,103656 
45,300000 -0,101814 
45,400000 -0,103300 
45,500000 -0,099424 
45,600000 -0,096282 
45,700000 -0,091361 
45,800000 -0,092861 
45,900000 -0,092098 
46,000000 -0,092860 
46,100000 -0,091740 
46,200000 -0,090663 
46,300000 -0,090770 
46,400000 -0,090608 
46,500000 -0,089632 
46,600000 -0,088002 
46,700000 -0,089354 
46,800000 -0,088714 
46,900000 -0,089394 
47,000000 -0,091210 
47,100000 -0,090059 
47,200000 -0,089386 
47,300000 -0,090728 
47,400000 -0,091302 
47,500000 -0,088983 
47,600000 -0,088475 
47,700000 -0,086793 
47,800000 -0,087685 
47,900000 -0,087712 
48,000000 -0,087121 
48,100000 -0,088576 
48,200000 -0,087109 
48,300000 -0,087656 
48,400000 -0,087047 
48,500000 -0,086808 
48,600000 -0,085975 
48,700000 -0,085878 
48,800000 -0,085915 
48,900000 -0,086400 
49,000000 -0,085204 
49,100000 -0,086111 
49,200000 -0,086380 
49,300000 -0,086751 
49,400000 -0,085748 
49,500000 -0,085337 
49,600000 -0,086854 
49,700000 -0,087461 
49,800000 -0,087762 
49,900000 -0,088788 
