0,000000 -0,079157 
0,100000 -0,079787 
0,200000 -0,077226 
0,300000 -0,078357 
0,400000 -0,076786 
0,500000 -0,078455 
0,600000 -0,081270 
0,700000 -0,077963 
0,800000 -0,080730 
0,900000 -0,079689 
1,000000 -0,079502 
1,100000 -0,078405 
1,200000 -0,078694 
1,300000 -0,076837 
1,400000 -0,077031 
1,500000 -0,077601 
1,600000 -0,080758 
1,700000 -0,080958 
1,800000 -0,078276 
1,900000 -0,079155 
2,000000 -0,076562 
2,100000 -0,083953 
2,200000 -0,081574 
2,300000 -0,076649 
2,400000 -0,075307 
2,500000 -0,075014 
2,600000 -0,077170 
2,700000 -0,076254 
2,800000 -0,086144 
2,900000 -0,105583 
3,000000 -0,105301 
3,100000 -0,090139 
3,200000 -0,081615 
3,300000 -0,078209 
3,400000 -0,076741 
3,500000 -0,076504 
3,600000 -0,076596 
3,700000 -0,075144 
3,800000 -0,075565 
3,900000 -0,075068 
4,000000 -0,075169 
4,100000 -0,073683 
4,200000 -0,074441 
4,300000 -0,073560 
4,400000 -0,074602 
4,500000 -0,073009 
4,600000 -0,074441 
4,700000 -0,073157 
4,800000 -0,074885 
4,900000 -0,074532 
5,000000 -0,073344 
5,100000 -0,075090 
5,200000 -0,074491 
5,300000 -0,074505 
5,400000 -0,074481 
5,500000 -0,077554 
5,600000 -0,075554 
5,700000 -0,075496 
5,800000 -0,074626 
5,900000 -0,074850 
6,000000 -0,075145 
6,100000 -0,075048 
6,200000 -0,074827 
6,300000 -0,072489 
6,400000 -0,075532 
6,500000 -0,075545 
6,600000 -0,075125 
6,700000 -0,074859 
6,800000 -0,072292 
6,900000 -0,072393 
7,000000 -0,073899 
7,100000 -0,075287 
7,200000 -0,074505 
7,300000 -0,075235 
7,400000 -0,077406 
7,500000 -0,075619 
7,600000 -0,076141 
7,700000 -0,079427 
7,800000 -0,074616 
7,900000 -0,072672 
8,000000 -0,075474 
8,100000 -0,075039 
8,200000 -0,074302 
8,300000 -0,076712 
8,400000 -0,077145 
8,500000 -0,075923 
8,600000 -0,072768 
8,700000 -0,074030 
8,800000 -0,075810 
8,900000 -0,074163 
9,000000 -0,073386 
9,100000 -0,075840 
9,200000 -0,073870 
9,300000 -0,072199 
9,400000 -0,073502 
9,500000 -0,073468 
9,600000 -0,075581 
9,700000 -0,074623 
9,800000 -0,074762 
9,900000 -0,074222 
10,000000 -0,073311 
10,100000 -0,074040 
10,200000 -0,075223 
10,300000 -0,074269 
10,400000 -0,074971 
10,500000 -0,075099 
10,600000 -0,075508 
10,700000 -0,073675 
10,800000 -0,073993 
10,900000 -0,074010 
11,000000 -0,073994 
11,100000 -0,074430 
11,200000 -0,074229 
11,300000 -0,073624 
11,400000 -0,072527 
11,500000 -0,072268 
11,600000 -0,074015 
11,700000 -0,072708 
11,800000 -0,070729 
11,900000 -0,072880 
12,000000 -0,073321 
12,100000 -0,075948 
12,200000 -0,078453 
12,300000 -0,082926 
12,400000 -0,083762 
12,500000 -0,082909 
12,600000 -0,078674 
12,700000 -0,075053 
12,800000 -0,073481 
12,900000 -0,072551 
13,000000 -0,071038 
13,100000 -0,073405 
13,200000 -0,075312 
13,300000 -0,072462 
13,400000 -0,072746 
13,500000 -0,074580 
13,600000 -0,073366 
13,700000 -0,072310 
13,800000 -0,072083 
13,900000 -0,078038 
14,000000 -0,098425 
14,100000 -0,162238 
14,200000 -0,256686 
14,300000 -0,328610 
14,400000 -0,329049 
14,500000 -0,284306 
14,600000 -0,183466 
14,700000 -0,114788 
14,800000 -0,090130 
14,900000 -0,080709 
15,000000 -0,080415 
15,100000 -0,087242 
15,200000 -0,097819 
15,300000 -0,103280 
15,400000 -0,103067 
15,500000 -0,096331 
15,600000 -0,085520 
15,700000 -0,077624 
15,800000 -0,077165 
15,900000 -0,081254 
16,000000 -0,100115 
16,100000 -0,141743 
16,200000 -0,187713 
16,300000 -0,209179 
16,400000 -0,202302 
16,500000 -0,167125 
16,600000 -0,118324 
16,700000 -0,086583 
16,800000 -0,082170 
16,900000 -0,085911 
17,000000 -0,114822 
17,100000 -0,181028 
17,200000 -0,246439 
17,300000 -0,275684 
17,400000 -0,262649 
17,500000 -0,206768 
17,600000 -0,134269 
17,700000 -0,096150 
17,800000 -0,090100 
17,900000 -0,106160 
18,000000 -0,204635 
18,100000 -0,384687 
18,200000 -0,539720 
18,300000 -0,603132 
18,400000 -0,572751 
18,500000 -0,404614 
18,600000 -0,219674 
18,700000 -0,129417 
18,800000 -0,095826 
18,900000 -0,084042 
19,000000 -0,079730 
19,100000 -0,077906 
19,200000 -0,078575 
19,300000 -0,077242 
19,400000 -0,076360 
19,500000 -0,076791 
19,600000 -0,074710 
19,700000 -0,077166 
19,800000 -0,074065 
19,900000 -0,077310 
20,000000 -0,084065 
20,100000 -0,090258 
20,200000 -0,096791 
20,300000 -0,096067 
20,400000 -0,092969 
20,500000 -0,086965 
20,600000 -0,079356 
20,700000 -0,076700 
20,800000 -0,076220 
20,900000 -0,075260 
21,000000 -0,073141 
21,100000 -0,074529 
21,200000 -0,074321 
21,300000 -0,076801 
21,400000 -0,074801 
21,500000 -0,072981 
21,600000 -0,073961 
21,700000 -0,074617 
21,800000 -0,073632 
21,900000 -0,073160 
22,000000 -0,073850 
22,100000 -0,076552 
22,200000 -0,075473 
22,300000 -0,076337 
22,400000 -0,076577 
22,500000 -0,074764 
22,600000 -0,074495 
22,700000 -0,073482 
22,800000 -0,073104 
22,900000 -0,074988 
23,000000 -0,073562 
23,100000 -0,074043 
23,200000 -0,073173 
23,300000 -0,073648 
23,400000 -0,073374 
23,500000 -0,075155 
23,600000 -0,074253 
23,700000 -0,073688 
23,800000 -0,073502 
23,900000 -0,072686 
24,000000 -0,074797 
24,100000 -0,075113 
24,200000 -0,076677 
24,300000 -0,074263 
24,400000 -0,073118 
24,500000 -0,072290 
24,600000 -0,073163 
24,700000 -0,074642 
24,800000 -0,075756 
24,900000 -0,075919 
25,000000 -0,075743 
25,100000 -0,075414 
25,200000 -0,077828 
25,300000 -0,075009 
25,400000 -0,075917 
25,500000 -0,075012 
25,600000 -0,074662 
25,700000 -0,075975 
25,800000 -0,076137 
25,900000 -0,076959 
26,000000 -0,083227 
26,100000 -0,089712 
26,200000 -0,091209 
26,300000 -0,090661 
26,400000 -0,085515 
26,500000 -0,083020 
26,600000 -0,077705 
26,700000 -0,076830 
26,800000 -0,076165 
26,900000 -0,086829 
27,000000 -0,097858 
27,100000 -0,107310 
27,200000 -0,113280 
27,300000 -0,112422 
27,400000 -0,106308 
27,500000 -0,094324 
27,600000 -0,096506 
27,700000 -0,132224 
27,800000 -0,288138 
27,900000 -0,957942 
28,000000 -1,922741 
28,100000 -2,613105 
28,200000 -2,772631 
28,300000 -2,590896 
28,400000 -2,035675 
28,500000 -1,113782 
28,600000 -0,483776 
28,700000 -0,233178 
28,800000 -0,145237 
28,900000 -0,119255 
29,000000 -0,115702 
29,100000 -0,116487 
29,200000 -0,115943 
29,300000 -0,110649 
29,400000 -0,102840 
29,500000 -0,088812 
29,600000 -0,081220 
29,700000 -0,081246 
29,800000 -0,089102 
29,900000 -0,114902 
30,000000 -0,148594 
30,100000 -0,170813 
30,200000 -0,176917 
30,300000 -0,171677 
30,400000 -0,149847 
30,500000 -0,108620 
30,600000 -0,086622 
30,700000 -0,079206 
30,800000 -0,077680 
30,900000 -0,080179 
31,000000 -0,081771 
31,100000 -0,086497 
31,200000 -0,087204 
31,300000 -0,084299 
31,400000 -0,084514 
31,500000 -0,079763 
31,600000 -0,079517 
31,700000 -0,087414 
31,800000 -0,144917 
31,900000 -0,274672 
32,000000 -0,411201 
32,100000 -0,484479 
32,200000 -0,500200 
32,300000 -0,467626 
32,400000 -0,357037 
32,500000 -0,206398 
32,600000 -0,124228 
32,700000 -0,095372 
32,800000 -0,083057 
32,900000 -0,080272 
33,000000 -0,078572 
33,100000 -0,079106 
33,200000 -0,077569 
33,300000 -0,075164 
33,400000 -0,078059 
33,500000 -0,078489 
33,600000 -0,077714 
33,700000 -0,078947 
33,800000 -0,076317 
33,900000 -0,077160 
34,000000 -0,075857 
34,100000 -0,077304 
34,200000 -0,078183 
34,300000 -0,080273 
34,400000 -0,078383 
34,500000 -0,076550 
34,600000 -0,074361 
34,700000 -0,074846 
34,800000 -0,076307 
34,900000 -0,074857 
35,000000 -0,074562 
35,100000 -0,074204 
35,200000 -0,075331 
35,300000 -0,073537 
35,400000 -0,074939 
35,500000 -0,075097 
35,600000 -0,076021 
35,700000 -0,076580 
35,800000 -0,071945 
35,900000 -0,075034 
36,000000 -0,075906 
36,100000 -0,075333 
36,200000 -0,074964 
36,300000 -0,075272 
36,400000 -0,074547 
36,500000 -0,074689 
36,600000 -0,075492 
36,700000 -0,078127 
36,800000 -0,079016 
36,900000 -0,078241 
37,000000 -0,077989 
37,100000 -0,076425 
37,200000 -0,075427 
37,300000 -0,076256 
37,400000 -0,076404 
37,500000 -0,077533 
37,600000 -0,074963 
37,700000 -0,073375 
37,800000 -0,072292 
37,900000 -0,074350 
38,000000 -0,075703 
38,100000 -0,077508 
38,200000 -0,075664 
38,300000 -0,076054 
38,400000 -0,075044 
38,500000 -0,076631 
38,600000 -0,076277 
38,700000 -0,075306 
38,800000 -0,074358 
38,900000 -0,077053 
39,000000 -0,079835 
39,100000 -0,078055 
39,200000 -0,078135 
39,300000 -0,078264 
39,400000 -0,076343 
39,500000 -0,074579 
39,600000 -0,075476 
39,700000 -0,075335 
39,800000 -0,079758 
39,900000 -0,091220 
40,000000 -0,103958 
40,100000 -0,111438 
40,200000 -0,108142 
40,300000 -0,101296 
40,400000 -0,092920 
40,500000 -0,083208 
40,600000 -0,076583 
40,700000 -0,078369 
40,800000 -0,073629 
40,900000 -0,080043 
41,000000 -0,080547 
41,100000 -0,080599 
41,200000 -0,082314 
41,300000 -0,081104 
41,400000 -0,082964 
41,500000 -0,074557 
41,600000 -0,071162 
41,700000 -0,074678 
41,800000 -0,074270 
41,900000 -0,075260 
42,000000 -0,076894 
42,100000 -0,081644 
42,200000 -0,079052 
42,300000 -0,075772 
42,400000 -0,076379 
42,500000 -0,077511 
42,600000 -0,076307 
42,700000 -0,074176 
42,800000 -0,075797 
42,900000 -0,088368 
43,000000 -0,102469 
43,100000 -0,111030 
43,200000 -0,113321 
43,300000 -0,110181 
43,400000 -0,100311 
43,500000 -0,088040 
43,600000 -0,080724 
43,700000 -0,081590 
43,800000 -0,078223 
43,900000 -0,094179 
44,000000 -0,109678 
44,100000 -0,118795 
44,200000 -0,117536 
44,300000 -0,113528 
44,400000 -0,100360 
44,500000 -0,085748 
44,600000 -0,078562 
44,700000 -0,076146 
44,800000 -0,075439 
44,900000 -0,078057 
45,000000 -0,079813 
45,100000 -0,080431 
45,200000 -0,078726 
45,300000 -0,078577 
45,400000 -0,076497 
45,500000 -0,072635 
45,600000 -0,073754 
45,700000 -0,074201 
45,800000 -0,075252 
45,900000 -0,072609 
46,000000 -0,077960 
46,100000 -0,076906 
46,200000 -0,075638 
46,300000 -0,074448 
46,400000 -0,075926 
46,500000 -0,076744 
46,600000 -0,074346 
46,700000 -0,074034 
46,800000 -0,074580 
46,900000 -0,075510 
47,000000 -0,076355 
47,100000 -0,075257 
47,200000 -0,076160 
47,300000 -0,076565 
47,400000 -0,074499 
47,500000 -0,074761 
47,600000 -0,072382 
47,700000 -0,074125 
47,800000 -0,073004 
47,900000 -0,075785 
48,000000 -0,074004 
48,100000 -0,072911 
48,200000 -0,075034 
48,300000 -0,074600 
48,400000 -0,076597 
48,500000 -0,075831 
48,600000 -0,074607 
48,700000 -0,073091 
48,800000 -0,073580 
48,900000 -0,073500 
49,000000 -0,072932 
49,100000 -0,075406 
49,200000 -0,075034 
49,300000 -0,072925 
49,400000 -0,072325 
49,500000 -0,072860 
49,600000 -0,074910 
49,700000 -0,073605 
49,800000 -0,074598 
49,900000 -0,075358 
