0,000000 -2,883687 
0,100000 -1,380412 
0,200000 -0,967026 
0,300000 -0,856286 
0,400000 -0,776650 
0,500000 -0,722260 
0,600000 -0,684287 
0,700000 -0,648059 
0,800000 -0,631416 
0,900000 -0,625963 
1,000000 -0,603637 
1,100000 -0,598608 
1,200000 -0,591281 
1,300000 -0,579202 
1,400000 -0,579620 
1,500000 -0,572281 
1,600000 -0,578310 
1,700000 -0,586681 
1,800000 -0,579257 
1,900000 -0,486033 
2,000000 -0,279117 
2,100000 -0,384808 
2,200000 -0,379129 
2,300000 -0,174589 
2,400000 -0,091651 
2,500000 -0,076907 
2,600000 -0,061696 
2,700000 -0,062477 
2,800000 -0,155981 
2,900000 -0,279979 
3,000000 -0,272066 
3,100000 -0,148519 
3,200000 -0,071615 
3,300000 -0,057012 
3,400000 -0,041590 
3,500000 -0,040875 
3,600000 -0,026026 
3,700000 -0,036348 
3,800000 -0,029044 
3,900000 -0,028805 
4,000000 -0,031295 
4,100000 -0,007100 
4,200000 -0,025807 
4,300000 -0,034650 
4,400000 -0,031788 
4,500000 -0,039519 
4,600000 -0,032120 
4,700000 -0,043021 
4,800000 -0,020237 
4,900000 -0,018168 
5,000000 -0,030550 
5,100000 -0,019901 
5,200000 -0,028769 
5,300000 -0,016092 
5,400000 -0,023899 
5,500000 -0,023209 
5,600000 -0,035959 
5,700000 -0,022111 
5,800000 -0,017671 
5,900000 -0,019158 
6,000000 -0,025969 
6,100000 -0,032831 
6,200000 -0,030094 
6,300000 -0,014426 
6,400000 -0,029724 
6,500000 -0,022187 
6,600000 -0,021710 
6,700000 -0,028964 
6,800000 -0,038413 
6,900000 -0,021241 
7,000000 -0,025190 
7,100000 -0,028194 
7,200000 -0,026125 
7,300000 -0,027150 
7,400000 -0,027294 
7,500000 -0,025119 
7,600000 -0,024772 
7,700000 -0,026797 
7,800000 -0,020876 
7,900000 -0,019259 
8,000000 -0,019394 
8,100000 -0,022112 
8,200000 -0,033830 
8,300000 -0,035961 
8,400000 -0,015895 
8,500000 -0,025989 
8,600000 -0,027388 
8,700000 -0,033583 
8,800000 -0,038618 
8,900000 -0,031004 
9,000000 -0,028231 
9,100000 -0,023291 
9,200000 -0,025176 
9,300000 -0,015123 
9,400000 -0,018036 
9,500000 -0,032904 
9,600000 -0,024129 
9,700000 -0,040219 
9,800000 -0,030618 
9,900000 -0,044727 
10,000000 -0,038503 
10,100000 -0,050633 
10,200000 -0,029067 
10,300000 -0,029315 
10,400000 -0,024618 
10,500000 -0,027016 
10,600000 -0,014111 
10,700000 -0,034257 
10,800000 -0,023598 
10,900000 -0,031808 
11,000000 -0,010318 
11,100000 -0,026390 
11,200000 -0,012999 
11,300000 -0,026116 
11,400000 -0,044264 
11,500000 -0,021510 
11,600000 -0,044546 
11,700000 -0,019358 
11,800000 -0,026963 
11,900000 -0,038260 
12,000000 -0,039920 
12,100000 -0,077599 
12,200000 -0,137342 
12,300000 -0,183940 
12,400000 -0,218661 
12,500000 -0,214262 
12,600000 -0,139369 
12,700000 -0,096729 
12,800000 -0,063845 
12,900000 -0,041086 
13,000000 -0,044058 
13,100000 -0,038521 
13,200000 -0,035016 
13,300000 -0,040031 
13,400000 -0,054591 
13,500000 -0,057456 
13,600000 -0,038180 
13,700000 -0,054166 
13,800000 -0,035560 
13,900000 -0,035171 
14,000000 -0,054313 
14,100000 -0,100789 
14,200000 -0,157656 
14,300000 -0,166883 
14,400000 -0,196516 
14,500000 -0,180895 
14,600000 -0,128547 
14,700000 -0,084037 
14,800000 -0,046474 
14,900000 -0,040929 
15,000000 -0,057039 
15,100000 -0,096011 
15,200000 -0,107870 
15,300000 -0,143677 
15,400000 -0,154031 
15,500000 -0,163676 
15,600000 -0,099884 
15,700000 -0,072040 
15,800000 -0,056094 
15,900000 -0,076332 
16,000000 -0,157328 
16,100000 -0,296391 
16,200000 -0,432597 
16,300000 -0,533158 
16,400000 -0,538508 
16,500000 -0,457396 
16,600000 -0,287480 
16,700000 -0,163287 
16,800000 -0,175482 
16,900000 -0,319995 
17,000000 -0,637804 
17,100000 -1,136879 
17,200000 -1,644601 
17,300000 -2,058052 
17,400000 -2,044451 
17,500000 -1,648535 
17,600000 -0,996469 
17,700000 -0,513499 
17,800000 -0,603958 
17,900000 -1,178306 
18,000000 -2,358985 
18,100000 -4,009227 
18,200000 -5,749847 
18,300000 -6,989765 
18,400000 -7,309847 
18,500000 -5,961031 
18,600000 -3,248107 
18,700000 -1,285801 
18,800000 -0,705883 
18,900000 -0,500209 
19,000000 -0,369570 
19,100000 -0,328634 
19,200000 -0,331120 
19,300000 -0,328625 
19,400000 -0,295219 
19,500000 -0,248224 
19,600000 -0,186920 
19,700000 -0,177579 
19,800000 -0,322431 
19,900000 -0,749079 
20,000000 -1,456857 
20,100000 -2,305933 
20,200000 -3,147105 
20,300000 -3,662320 
20,400000 -3,680402 
20,500000 -2,821622 
20,600000 -1,449207 
20,700000 -0,602054 
20,800000 -0,352603 
20,900000 -0,259571 
21,000000 -0,178273 
21,100000 -0,126487 
21,200000 -0,103700 
21,300000 -0,086797 
21,400000 -0,062880 
21,500000 -0,063094 
21,600000 -0,050449 
21,700000 -0,059591 
21,800000 -0,041844 
21,900000 -0,032082 
22,000000 -0,049035 
22,100000 -0,039254 
22,200000 -0,052775 
22,300000 -0,055134 
22,400000 -0,057789 
22,500000 -0,045294 
22,600000 -0,036286 
22,700000 -0,028729 
22,800000 -0,026219 
22,900000 -0,029122 
23,000000 -0,024648 
23,100000 -0,030362 
23,200000 -0,029054 
23,300000 -0,028532 
23,400000 -0,031898 
23,500000 -0,031703 
23,600000 -0,048778 
23,700000 -0,046450 
23,800000 -0,050479 
23,900000 -0,044315 
24,000000 -0,033464 
24,100000 -0,032066 
24,200000 -0,045219 
24,300000 -0,055289 
24,400000 -0,042679 
24,500000 -0,017176 
24,600000 -0,030720 
24,700000 -0,044487 
24,800000 -0,027219 
24,900000 -0,030511 
25,000000 -0,031613 
25,100000 -0,046896 
25,200000 -0,048787 
25,300000 -0,051682 
25,400000 -0,066154 
25,500000 -0,047677 
25,600000 -0,033656 
25,700000 -0,033701 
25,800000 -0,067240 
25,900000 -0,091307 
26,000000 -0,117539 
26,100000 -0,155353 
26,200000 -0,198650 
26,300000 -0,224678 
26,400000 -0,216059 
26,500000 -0,169853 
26,600000 -0,109347 
26,700000 -0,072109 
26,800000 -0,118469 
26,900000 -0,175912 
27,000000 -0,292005 
27,100000 -0,419728 
27,200000 -0,520374 
27,300000 -0,546750 
27,400000 -0,526735 
27,500000 -0,469304 
27,600000 -0,408386 
27,700000 -0,511897 
27,800000 -1,031661 
27,900000 -1,915507 
28,000000 -3,090925 
28,100000 -4,381027 
28,200000 -5,296255 
28,300000 -5,642332 
28,400000 -5,172216 
28,500000 -3,775927 
28,600000 -1,976619 
28,700000 -0,817260 
28,800000 -0,510249 
28,900000 -0,420584 
29,000000 -0,369651 
29,100000 -0,346473 
29,200000 -0,352210 
29,300000 -0,307801 
29,400000 -0,310837 
29,500000 -0,226582 
29,600000 -0,137170 
29,700000 -0,096860 
29,800000 -0,091360 
29,900000 -0,121754 
30,000000 -0,147910 
30,100000 -0,192894 
30,200000 -0,212796 
30,300000 -0,211596 
30,400000 -0,205042 
30,500000 -0,164383 
30,600000 -0,106872 
30,700000 -0,077846 
30,800000 -0,133340 
30,900000 -0,208410 
31,000000 -0,338466 
31,100000 -0,458374 
31,200000 -0,508472 
31,300000 -0,508489 
31,400000 -0,482231 
31,500000 -0,366229 
31,600000 -0,187922 
31,700000 -0,125263 
31,800000 -0,132241 
31,900000 -0,160339 
32,000000 -0,199482 
32,100000 -0,254403 
32,200000 -0,291531 
32,300000 -0,292615 
32,400000 -0,261048 
32,500000 -0,210106 
32,600000 -0,127054 
32,700000 -0,070422 
32,800000 -0,067012 
32,900000 -0,050723 
33,000000 -0,047548 
33,100000 -0,054025 
33,200000 -0,044127 
33,300000 -0,035228 
33,400000 -0,029715 
33,500000 -0,022656 
33,600000 -0,036987 
33,700000 -0,035207 
33,800000 -0,036825 
33,900000 -0,024091 
34,000000 -0,023423 
34,100000 -0,032546 
34,200000 -0,058982 
34,300000 -0,045410 
34,400000 -0,038569 
34,500000 -0,041620 
34,600000 -0,029162 
34,700000 -0,019454 
34,800000 -0,031831 
34,900000 -0,013897 
35,000000 -0,009761 
35,100000 -0,028882 
35,200000 -0,020600 
35,300000 -0,011384 
35,400000 -0,011396 
35,500000 -0,024422 
35,600000 -0,029012 
35,700000 -0,019790 
35,800000 -0,026135 
35,900000 -0,039039 
36,000000 -0,042478 
36,100000 -0,017104 
36,200000 -0,016705 
36,300000 -0,033792 
36,400000 -0,030869 
36,500000 -0,049960 
36,600000 -0,029700 
36,700000 -0,029903 
36,800000 -0,031287 
36,900000 -0,029394 
37,000000 -0,034079 
37,100000 -0,028191 
37,200000 -0,013875 
37,300000 -0,036420 
37,400000 -0,044792 
37,500000 -0,030596 
37,600000 -0,014670 
37,700000 -0,019336 
37,800000 -0,023097 
37,900000 -0,031792 
38,000000 -0,038475 
38,100000 -0,043679 
38,200000 -0,033536 
38,300000 -0,034711 
38,400000 -0,036251 
38,500000 -0,041994 
38,600000 -0,031787 
38,700000 -0,021881 
38,800000 -0,026680 
38,900000 -0,034285 
39,000000 -0,048820 
39,100000 -0,048417 
39,200000 -0,055156 
39,300000 -0,044622 
39,400000 -0,059109 
39,500000 -0,044104 
39,600000 -0,034795 
39,700000 -0,052067 
39,800000 -0,032177 
39,900000 -0,047558 
40,000000 -0,060503 
40,100000 -0,067117 
40,200000 -0,089191 
40,300000 -0,065929 
40,400000 -0,053741 
40,500000 -0,075437 
40,600000 -0,048534 
40,700000 -0,036395 
40,800000 -0,033198 
40,900000 -0,036989 
41,000000 -0,054131 
41,100000 -0,077310 
41,200000 -0,071652 
41,300000 -0,079478 
41,400000 -0,083348 
41,500000 -0,041701 
41,600000 -0,054215 
41,700000 -0,018085 
41,800000 -0,022880 
41,900000 -0,040030 
42,000000 -0,051964 
42,100000 -0,072805 
42,200000 -0,086181 
42,300000 -0,085918 
42,400000 -0,077613 
42,500000 -0,065974 
42,600000 -0,049270 
42,700000 -0,038804 
42,800000 -0,043061 
42,900000 -0,059101 
43,000000 -0,090135 
43,100000 -0,112232 
43,200000 -0,146240 
43,300000 -0,144562 
43,400000 -0,133714 
43,500000 -0,106766 
43,600000 -0,077290 
43,700000 -0,085727 
43,800000 -0,141224 
43,900000 -0,272181 
44,000000 -0,477769 
44,100000 -0,675992 
44,200000 -0,813212 
44,300000 -0,866241 
44,400000 -0,772601 
44,500000 -0,551186 
44,600000 -0,276016 
44,700000 -0,148448 
44,800000 -0,084582 
44,900000 -0,087321 
45,000000 -0,087955 
45,100000 -0,094192 
45,200000 -0,117573 
45,300000 -0,119944 
45,400000 -0,111255 
45,500000 -0,080550 
45,600000 -0,054709 
45,700000 -0,029999 
45,800000 -0,034657 
45,900000 -0,030431 
46,000000 -0,033247 
46,100000 -0,045119 
46,200000 -0,056042 
46,300000 -0,066866 
46,400000 -0,060001 
46,500000 -0,057632 
46,600000 -0,088144 
46,700000 -0,069376 
46,800000 -0,084977 
46,900000 -0,163814 
47,000000 -0,305703 
47,100000 -0,453517 
47,200000 -0,547346 
47,300000 -0,578355 
47,400000 -0,513771 
47,500000 -0,375726 
47,600000 -0,209580 
47,700000 -0,092881 
47,800000 -0,060831 
47,900000 -0,062416 
48,000000 -0,049064 
48,100000 -0,039179 
48,200000 -0,033119 
48,300000 -0,037156 
48,400000 -0,052528 
48,500000 -0,058714 
48,600000 -0,028766 
48,700000 -0,031828 
48,800000 -0,021210 
48,900000 -0,039234 
49,000000 -0,043692 
49,100000 -0,034289 
49,200000 -0,033925 
49,300000 -0,023475 
49,400000 -0,035771 
49,500000 -0,036577 
49,600000 -0,023375 
49,700000 -0,042461 
49,800000 -0,062187 
49,900000 -0,072642 
50,000000 -0,126451 
50,100000 -0,174491 
50,200000 -0,217894 
50,300000 -0,224282 
50,400000 -0,212841 
50,500000 -0,175315 
50,600000 -0,089273 
50,700000 -0,055066 
50,800000 -0,046697 
50,900000 -0,054439 
51,000000 -0,060567 
51,100000 -0,094021 
51,200000 -0,125746 
51,300000 -0,102320 
51,400000 -0,102076 
51,500000 -0,112183 
51,600000 -0,060130 
51,700000 -0,005025 
51,800000 -0,013638 
51,900000 -0,025166 
52,000000 -0,040410 
52,100000 -0,024307 
52,200000 -0,031418 
52,300000 -0,033244 
52,400000 -0,054144 
52,500000 -0,044502 
52,600000 -0,018558 
52,700000 -0,034581 
52,800000 -0,058512 
52,900000 -0,030890 
53,000000 -0,030290 
53,100000 -0,034824 
53,200000 -0,018121 
53,300000 -0,016962 
53,400000 -0,054711 
53,500000 -0,042024 
53,600000 -0,020667 
53,700000 -0,014406 
53,800000 -0,018518 
53,900000 -0,018001 
54,000000 -0,020929 
54,100000 -0,008651 
54,200000 -0,013553 
54,300000 -0,015244 
54,400000 -0,039351 
54,500000 -0,040784 
54,600000 -0,002754 
54,700000 -0,022042 
54,800000 -0,044298 
54,900000 -0,027179 
55,000000 -0,011240 
55,100000 -0,026216 
55,200000 -0,037818 
55,300000 -0,045775 
55,400000 -0,068314 
55,500000 -0,049681 
55,600000 -0,029731 
55,700000 -0,011985 
55,800000 -0,000769 
55,900000 -0,026922 
56,000000 -0,014088 
56,100000 -0,018199 
56,200000 -0,021998 
56,300000 -0,047461 
56,400000 -0,052566 
56,500000 -0,030499 
56,600000 -0,030893 
56,700000 -0,038501 
56,800000 -0,018372 
56,900000 -0,034893 
57,000000 -0,038670 
57,100000 -0,027675 
57,200000 -0,020456 
57,300000 -0,032478 
57,400000 -0,044583 
57,500000 -0,011550 
57,600000 -0,008675 
57,700000 -0,031799 
57,800000 -0,023430 
57,900000 -0,045619 
58,000000 -0,027863 
58,100000 -0,014217 
58,200000 -0,020047 
58,300000 -0,018240 
58,400000 -0,024972 
58,500000 -0,010859 
58,600000 -0,015656 
58,700000 -0,026268 
58,800000 -0,039148 
58,900000 -0,031131 
59,000000 -0,031197 
59,100000 -0,018581 
59,200000 -0,008953 
59,300000 -0,008770 
59,400000 -0,030122 
59,500000 -0,039949 
59,600000 -0,039103 
59,700000 -0,033199 
59,800000 -0,015205 
59,900000 -0,030299 
60,000000 -0,024357 
60,100000 -0,014411 
60,200000 -0,022911 
60,300000 -0,032827 
60,400000 -0,038610 
60,500000 -0,036409 
60,600000 -0,023879 
60,700000 -0,023956 
60,800000 -0,031450 
60,900000 -0,029264 
61,000000 -0,022031 
61,100000 -0,022871 
61,200000 -0,014184 
61,300000 -0,021303 
61,400000 -0,028726 
61,500000 -0,026937 
61,600000 -0,025243 
61,700000 -0,012436 
61,800000 -0,013343 
61,900000 -0,020146 
62,000000 -0,031892 
62,100000 -0,032825 
62,200000 -0,025322 
62,300000 -0,033802 
62,400000 -0,031340 
62,500000 -0,026735 
62,600000 -0,034484 
62,700000 -0,019550 
62,800000 -0,019000 
62,900000 -0,042743 
63,000000 -0,033095 
63,100000 -0,019771 
63,200000 -0,033217 
63,300000 -0,025111 
63,400000 -0,028508 
63,500000 -0,039832 
63,600000 -0,021821 
63,700000 -0,027262 
63,800000 -0,020679 
63,900000 -0,037432 
64,000000 -0,019667 
64,100000 -0,026841 
64,200000 -0,032578 
64,300000 -0,032931 
64,400000 -0,024329 
64,500000 -0,041299 
64,600000 -0,026500 
64,700000 -0,033398 
64,800000 -0,027072 
64,900000 -0,030276 
65,000000 -0,027738 
65,100000 -0,022991 
65,200000 -0,019013 
65,300000 -0,031031 
65,400000 -0,043291 
65,500000 -0,022998 
65,600000 -0,004492 
65,700000 -0,023182 
65,800000 -0,054946 
65,900000 -0,049020 
66,000000 -0,051366 
66,100000 -0,069848 
66,200000 -0,114792 
66,300000 -0,134275 
66,400000 -0,161293 
66,500000 -0,163449 
66,600000 -0,079307 
66,700000 -0,044663 
66,800000 -0,024702 
66,900000 -0,037899 
67,000000 -0,033520 
67,100000 -0,016264 
67,200000 -0,021762 
67,300000 -0,026661 
67,400000 -0,042688 
67,500000 -0,026313 
67,600000 -0,025348 
67,700000 -0,048212 
67,800000 -0,030642 
67,900000 -0,025387 
68,000000 -0,024237 
68,100000 -0,023466 
68,200000 -0,037108 
68,300000 -0,038080 
68,400000 -0,024550 
68,500000 -0,039685 
68,600000 -0,036371 
68,700000 -0,018696 
68,800000 -0,063613 
68,900000 -0,079059 
69,000000 -0,150020 
69,100000 -0,245437 
69,200000 -0,425823 
69,300000 -0,627830 
69,400000 -0,768444 
69,500000 -0,725710 
69,600000 -0,475120 
69,700000 -0,200621 
69,800000 -0,116954 
69,900000 -0,060159 
70,000000 -0,060716 
70,100000 -0,043157 
70,200000 -0,047554 
70,300000 -0,047946 
70,400000 -0,025006 
70,500000 -0,032469 
70,600000 -0,053982 
70,700000 -0,039871 
70,800000 -0,032212 
70,900000 -0,032691 
71,000000 -0,026532 
71,100000 -0,023934 
71,200000 -0,028346 
71,300000 -0,025451 
71,400000 -0,033052 
71,500000 -0,038539 
71,600000 -0,026217 
71,700000 -0,012985 
71,800000 -0,024942 
71,900000 -0,039850 
72,000000 -0,026272 
72,100000 -0,027343 
72,200000 -0,023036 
72,300000 -0,021295 
72,400000 -0,040089 
72,500000 -0,026634 
72,600000 -0,026765 
72,700000 -0,022211 
72,800000 -0,012328 
72,900000 -0,015963 
73,000000 -0,021387 
73,100000 -0,023084 
73,200000 -0,017442 
73,300000 -0,031422 
73,400000 -0,033713 
73,500000 -0,022959 
73,600000 -0,020034 
73,700000 -0,028457 
73,800000 -0,023290 
73,900000 -0,018406 
74,000000 -0,007706 
74,100000 -0,005842 
74,200000 -0,042404 
74,300000 -0,022237 
74,400000 -0,032545 
74,500000 -0,030306 
74,600000 -0,020956 
74,700000 -0,016716 
74,800000 -0,023784 
74,900000 -0,019935 
75,000000 -0,018757 
75,100000 -0,039116 
75,200000 -0,026490 
75,300000 -0,025733 
75,400000 -0,029932 
75,500000 -0,010348 
75,600000 -0,040498 
75,700000 -0,043478 
75,800000 -0,020148 
75,900000 -0,040221 
76,000000 -0,035256 
76,100000 -0,021391 
76,200000 -0,019172 
76,300000 -0,028681 
76,400000 -0,020043 
76,500000 -0,030477 
76,600000 -0,030194 
76,700000 -0,030240 
76,800000 -0,028852 
76,900000 -0,027516 
77,000000 -0,017166 
77,100000 -0,009032 
77,200000 -0,031139 
77,300000 -0,023678 
77,400000 -0,025806 
77,500000 -0,015359 
77,600000 -0,013438 
77,700000 -0,020278 
77,800000 -0,026110 
77,900000 -0,011323 
78,000000 -0,027522 
78,100000 -0,023500 
78,200000 -0,030122 
78,300000 -0,033427 
78,400000 -0,026791 
78,500000 -0,042697 
78,600000 -0,041750 
78,700000 -0,010631 
78,800000 -0,021727 
78,900000 -0,023352 
79,000000 -0,029167 
79,100000 -0,022596 
79,200000 -0,015229 
79,300000 -0,013236 
79,400000 -0,024808 
79,500000 -0,026310 
79,600000 -0,022070 
79,700000 -0,022858 
79,800000 -0,020357 
79,900000 -0,019649 
80,000000 -0,025378 
80,100000 -0,022794 
80,200000 -0,019805 
80,300000 -0,014929 
80,400000 -0,047535 
80,500000 -0,039420 
80,600000 -0,032614 
80,700000 -0,017216 
80,800000 -0,011840 
80,900000 -0,022767 
81,000000 -0,027667 
81,100000 -0,024651 
81,200000 -0,020312 
81,300000 -0,036249 
81,400000 -0,036810 
81,500000 -0,045979 
81,600000 -0,046556 
81,700000 -0,031115 
81,800000 -0,023918 
81,900000 -0,030885 
82,000000 -0,032213 
82,100000 -0,012689 
82,200000 -0,032846 
82,300000 -0,046938 
82,400000 -0,037040 
82,500000 -0,024657 
82,600000 -0,035494 
82,700000 -0,020967 
82,800000 -0,029266 
82,900000 -0,022858 
83,000000 -0,009276 
83,100000 -0,038382 
83,200000 -0,021011 
83,300000 -0,018308 
83,400000 -0,016337 
83,500000 -0,028075 
83,600000 -0,025278 
83,700000 -0,032989 
83,800000 -0,024118 
83,900000 -0,024555 
84,000000 -0,017702 
84,100000 -0,027274 
84,200000 -0,035437 
84,300000 -0,008239 
84,400000 -0,003006 
84,500000 -0,030547 
84,600000 -0,016664 
84,700000 -0,026489 
84,800000 -0,018204 
84,900000 -0,029538 
85,000000 -0,030392 
85,100000 -0,033077 
85,200000 -0,027629 
85,300000 -0,027892 
85,400000 -0,028329 
85,500000 -0,062972 
85,600000 -0,029687 
85,700000 -0,026486 
85,800000 -0,032977 
85,900000 -0,015820 
86,000000 -0,023336 
86,100000 -0,020706 
86,200000 -0,035872 
86,300000 -0,030817 
86,400000 -0,020327 
86,500000 -0,027810 
86,600000 -0,022531 
86,700000 -0,024295 
86,800000 -0,017602 
86,900000 -0,022389 
87,000000 -0,036051 
87,100000 -0,027674 
87,200000 -0,024710 
87,300000 -0,020926 
87,400000 -0,019766 
87,500000 -0,026644 
87,600000 -0,025451 
87,700000 -0,028454 
87,800000 -0,022458 
87,900000 -0,025661 
88,000000 -0,009401 
88,100000 -0,031946 
88,200000 -0,023211 
88,300000 -0,019390 
88,400000 -0,021489 
88,500000 -0,031102 
88,600000 -0,022631 
88,700000 -0,018605 
88,800000 -0,033099 
88,900000 -0,019027 
89,000000 -0,007836 
89,100000 -0,013456 
89,200000 -0,013407 
89,300000 -0,040755 
89,400000 -0,027599 
89,500000 -0,021955 
89,600000 -0,031891 
89,700000 -0,010115 
89,800000 -0,027737 
89,900000 -0,020603 
90,000000 -0,021171 
90,100000 -0,015931 
90,200000 -0,032206 
90,300000 -0,027432 
90,400000 -0,025877 
90,500000 -0,010221 
90,600000 -0,038340 
90,700000 -0,025623 
90,800000 -0,020132 
90,900000 -0,035370 
91,000000 -0,025269 
91,100000 -0,032280 
91,200000 -0,027038 
91,300000 -0,018039 
91,400000 -0,021209 
91,500000 -0,025137 
91,600000 -0,007388 
91,700000 -0,011737 
91,800000 -0,016464 
91,900000 -0,005814 
92,000000 -0,032936 
92,100000 -0,028759 
92,200000 -0,031547 
92,300000 -0,028606 
92,400000 -0,013940 
92,500000 -0,026256 
92,600000 -0,021846 
92,700000 -0,029446 
92,800000 -0,046062 
92,900000 -0,039096 
93,000000 -0,031210 
93,100000 -0,039274 
93,200000 -0,015528 
93,300000 -0,006498 
93,400000 -0,016163 
93,500000 -0,024555 
93,600000 -0,022531 
93,700000 -0,025252 
93,800000 -0,035536 
93,900000 -0,035837 
94,000000 -0,022823 
94,100000 -0,016557 
94,200000 -0,023154 
94,300000 -0,029035 
94,400000 -0,004502 
94,500000 -0,025888 
94,600000 -0,017211 
94,700000 -0,023335 
94,800000 -0,022164 
94,900000 -0,048207 
95,000000 -0,050734 
95,100000 -0,035778 
95,200000 -0,015469 
95,300000 -0,006018 
95,400000 -0,031271 
95,500000 -0,022778 
95,600000 -0,017370 
95,700000 -0,021812 
95,800000 -0,014032 
95,900000 -0,009119 
96,000000 -0,015973 
96,100000 -0,019733 
96,200000 -0,018192 
96,300000 -0,031864 
96,400000 -0,020848 
96,500000 -0,017824 
96,600000 -0,024285 
96,700000 -0,012180 
96,800000 -0,016190 
96,900000 -0,024773 
97,000000 -0,029140 
97,100000 -0,029492 
97,200000 -0,021631 
97,300000 -0,006830 
97,400000 -0,031402 
97,500000 -0,035140 
97,600000 -0,043223 
97,700000 -0,036391 
97,800000 -0,033780 
97,900000 -0,040384 
98,000000 -0,022774 
98,100000 -0,047746 
98,200000 -0,046680 
98,300000 -0,030344 
98,400000 0,000717 
98,500000 -0,033741 
98,600000 -0,026629 
98,700000 -0,033034 
98,800000 -0,035855 
98,900000 -0,019028 
99,000000 -0,020660 
99,100000 -0,008173 
99,200000 -0,011166 
99,300000 -0,033351 
99,400000 -0,036280 
99,500000 -0,019174 
99,600000 -0,025947 
99,700000 -0,005334 
99,800000 -0,033333 
99,900000 -0,032786 
100,000000 -0,022997 
