0,000000 -4,970140 
0,100000 -2,389150 
0,200000 -1,385536 
0,300000 -0,934677 
0,400000 -0,686953 
0,500000 -0,558583 
0,600000 -0,468917 
0,700000 -0,422783 
0,800000 -0,391829 
0,900000 -0,370978 
1,000000 -0,358726 
1,100000 -0,345719 
1,200000 -0,337155 
1,300000 -0,338062 
1,400000 -0,333202 
1,500000 -0,329909 
1,600000 -0,328674 
1,700000 -0,327042 
1,800000 -0,324948 
1,900000 -0,296423 
2,000000 -0,269088 
2,100000 -0,297262 
2,200000 -0,258215 
2,300000 -0,209813 
2,400000 -0,184376 
2,500000 -0,167010 
2,600000 -0,157924 
2,700000 -0,160780 
2,800000 -0,193266 
2,900000 -0,234318 
3,000000 -0,241382 
3,100000 -0,209416 
3,200000 -0,176082 
3,300000 -0,161564 
3,400000 -0,150500 
3,500000 -0,146674 
3,600000 -0,142122 
3,700000 -0,139569 
3,800000 -0,136479 
3,900000 -0,137301 
4,000000 -0,135446 
4,100000 -0,135737 
4,200000 -0,133814 
4,300000 -0,133303 
4,400000 -0,132649 
4,500000 -0,134077 
4,600000 -0,135240 
4,700000 -0,134097 
4,800000 -0,136095 
4,900000 -0,134064 
5,000000 -0,135039 
5,100000 -0,133439 
5,200000 -0,133237 
5,300000 -0,133721 
5,400000 -0,134058 
5,500000 -0,132302 
5,600000 -0,133538 
5,700000 -0,132519 
5,800000 -0,133279 
5,900000 -0,132235 
6,000000 -0,134420 
6,100000 -0,133408 
6,200000 -0,133171 
6,300000 -0,135759 
6,400000 -0,132049 
6,500000 -0,130796 
6,600000 -0,131229 
6,700000 -0,131162 
6,800000 -0,131792 
6,900000 -0,132893 
7,000000 -0,133973 
7,100000 -0,132443 
7,200000 -0,133703 
7,300000 -0,132291 
7,400000 -0,131406 
7,500000 -0,133327 
7,600000 -0,132145 
7,700000 -0,131297 
7,800000 -0,128972 
7,900000 -0,131747 
8,000000 -0,131101 
8,100000 -0,131911 
8,200000 -0,132841 
8,300000 -0,133496 
8,400000 -0,133502 
8,500000 -0,134721 
8,600000 -0,134389 
8,700000 -0,132730 
8,800000 -0,132881 
8,900000 -0,132028 
9,000000 -0,133645 
9,100000 -0,132765 
9,200000 -0,131608 
9,300000 -0,132459 
9,400000 -0,131423 
9,500000 -0,133907 
9,600000 -0,131501 
9,700000 -0,132556 
9,800000 -0,132601 
9,900000 -0,132138 
10,000000 -0,134929 
10,100000 -0,135259 
10,200000 -0,133868 
10,300000 -0,135027 
10,400000 -0,132194 
10,500000 -0,130068 
10,600000 -0,128893 
10,700000 -0,131308 
10,800000 -0,131619 
10,900000 -0,131546 
11,000000 -0,131158 
11,100000 -0,131142 
11,200000 -0,127890 
11,300000 -0,131115 
11,400000 -0,132647 
11,500000 -0,130657 
11,600000 -0,131374 
11,700000 -0,131266 
11,800000 -0,130355 
11,900000 -0,131562 
12,000000 -0,131324 
12,100000 -0,136540 
12,200000 -0,143524 
12,300000 -0,150139 
12,400000 -0,154509 
12,500000 -0,153099 
12,600000 -0,151705 
12,700000 -0,143169 
12,800000 -0,141377 
12,900000 -0,138974 
13,000000 -0,136237 
13,100000 -0,136206 
13,200000 -0,138384 
13,300000 -0,137750 
13,400000 -0,136858 
13,500000 -0,136394 
13,600000 -0,137455 
13,700000 -0,137701 
13,800000 -0,134669 
13,900000 -0,136737 
14,000000 -0,134138 
14,100000 -0,143301 
14,200000 -0,155318 
14,300000 -0,159944 
14,400000 -0,166937 
14,500000 -0,166673 
14,600000 -0,159702 
14,700000 -0,150523 
14,800000 -0,142313 
14,900000 -0,139341 
15,000000 -0,143400 
15,100000 -0,162548 
15,200000 -0,180257 
15,300000 -0,199081 
15,400000 -0,206439 
15,500000 -0,204378 
15,600000 -0,192660 
15,700000 -0,174770 
15,800000 -0,160066 
15,900000 -0,162215 
16,000000 -0,188388 
16,100000 -0,239541 
16,200000 -0,296203 
16,300000 -0,339698 
16,400000 -0,356377 
16,500000 -0,349917 
16,600000 -0,314781 
16,700000 -0,264760 
16,800000 -0,248525 
16,900000 -0,352393 
17,000000 -0,655365 
17,100000 -1,173650 
17,200000 -1,664581 
17,300000 -1,970265 
17,400000 -2,054751 
17,500000 -1,925408 
17,600000 -1,555525 
17,700000 -1,056103 
17,800000 -0,835985 
17,900000 -1,197743 
18,000000 -2,498032 
18,100000 -4,720611 
18,200000 -6,722055 
18,300000 -7,879293 
18,400000 -8,107857 
18,500000 -7,230675 
18,600000 -5,174273 
18,700000 -2,901338 
18,800000 -1,529700 
18,900000 -0,913449 
19,000000 -0,595388 
19,100000 -0,427930 
19,200000 -0,330706 
19,300000 -0,271563 
19,400000 -0,236552 
19,500000 -0,212260 
19,600000 -0,191755 
19,700000 -0,175388 
19,800000 -0,174223 
19,900000 -0,199973 
20,000000 -0,265273 
20,100000 -0,349285 
20,200000 -0,419416 
20,300000 -0,458101 
20,400000 -0,471710 
20,500000 -0,438915 
20,600000 -0,362659 
20,700000 -0,275723 
20,800000 -0,216574 
20,900000 -0,180658 
21,000000 -0,163350 
21,100000 -0,151341 
21,200000 -0,146342 
21,300000 -0,142734 
21,400000 -0,141214 
21,500000 -0,137539 
21,600000 -0,135717 
21,700000 -0,134547 
21,800000 -0,134187 
21,900000 -0,134677 
22,000000 -0,136702 
22,100000 -0,137523 
22,200000 -0,137719 
22,300000 -0,139136 
22,400000 -0,136538 
22,500000 -0,137359 
22,600000 -0,135219 
22,700000 -0,133514 
22,800000 -0,132734 
22,900000 -0,131577 
23,000000 -0,133194 
23,100000 -0,133858 
23,200000 -0,134323 
23,300000 -0,132322 
23,400000 -0,130995 
23,500000 -0,133320 
23,600000 -0,130846 
23,700000 -0,129776 
23,800000 -0,130692 
23,900000 -0,133754 
24,000000 -0,133249 
24,100000 -0,133379 
24,200000 -0,132885 
24,300000 -0,132836 
24,400000 -0,134762 
24,500000 -0,134022 
24,600000 -0,131672 
24,700000 -0,132106 
24,800000 -0,131229 
24,900000 -0,133188 
25,000000 -0,135111 
25,100000 -0,134897 
25,200000 -0,136173 
25,300000 -0,138284 
25,400000 -0,137628 
25,500000 -0,137290 
25,600000 -0,133936 
25,700000 -0,133779 
25,800000 -0,134611 
25,900000 -0,138088 
26,000000 -0,145454 
26,100000 -0,155302 
26,200000 -0,161109 
26,300000 -0,163907 
26,400000 -0,164352 
26,500000 -0,162064 
26,600000 -0,153759 
26,700000 -0,147369 
26,800000 -0,146001 
26,900000 -0,152898 
27,000000 -0,168623 
27,100000 -0,186010 
27,200000 -0,199416 
27,300000 -0,208222 
27,400000 -0,208714 
27,500000 -0,205480 
27,600000 -0,191729 
27,700000 -0,192234 
27,800000 -0,229447 
27,900000 -0,346052 
28,000000 -0,528141 
28,100000 -0,710991 
28,200000 -0,840402 
28,300000 -0,918654 
28,400000 -0,903942 
28,500000 -0,848159 
28,600000 -0,635635 
28,700000 -0,428053 
28,800000 -0,307812 
28,900000 -0,245661 
29,000000 -0,222600 
29,100000 -0,213637 
29,200000 -0,208115 
29,300000 -0,201367 
29,400000 -0,198577 
29,500000 -0,192850 
29,600000 -0,179675 
29,700000 -0,164446 
29,800000 -0,155500 
29,900000 -0,155980 
30,000000 -0,164217 
30,100000 -0,177395 
30,200000 -0,180991 
30,300000 -0,183080 
30,400000 -0,184699 
30,500000 -0,180360 
30,600000 -0,173772 
30,700000 -0,159394 
30,800000 -0,149067 
30,900000 -0,152993 
31,000000 -0,164489 
31,100000 -0,173019 
31,200000 -0,179952 
31,300000 -0,185352 
31,400000 -0,185344 
31,500000 -0,183705 
31,600000 -0,176535 
31,700000 -0,159628 
31,800000 -0,151619 
31,900000 -0,155121 
32,000000 -0,162868 
32,100000 -0,172282 
32,200000 -0,180173 
32,300000 -0,181898 
32,400000 -0,182073 
32,500000 -0,175627 
32,600000 -0,167071 
32,700000 -0,154614 
32,800000 -0,142772 
32,900000 -0,136815 
33,000000 -0,134978 
33,100000 -0,133525 
33,200000 -0,134035 
33,300000 -0,134518 
33,400000 -0,132958 
33,500000 -0,132104 
33,600000 -0,131302 
33,700000 -0,133967 
33,800000 -0,130578 
33,900000 -0,130867 
34,000000 -0,134430 
34,100000 -0,132937 
34,200000 -0,132623 
34,300000 -0,132701 
34,400000 -0,132903 
34,500000 -0,132728 
34,600000 -0,132144 
34,700000 -0,131787 
34,800000 -0,132214 
34,900000 -0,132848 
35,000000 -0,132316 
35,100000 -0,131840 
35,200000 -0,131727 
35,300000 -0,131608 
35,400000 -0,133768 
35,500000 -0,131537 
35,600000 -0,128908 
35,700000 -0,131566 
35,800000 -0,132364 
35,900000 -0,130282 
36,000000 -0,134360 
36,100000 -0,134301 
36,200000 -0,134104 
36,300000 -0,135181 
36,400000 -0,136088 
36,500000 -0,134639 
36,600000 -0,134619 
36,700000 -0,132912 
36,800000 -0,130827 
36,900000 -0,133259 
37,000000 -0,134184 
37,100000 -0,131917 
37,200000 -0,130440 
37,300000 -0,134330 
37,400000 -0,133545 
37,500000 -0,133563 
37,600000 -0,135855 
37,700000 -0,131508 
37,800000 -0,135502 
37,900000 -0,134923 
38,000000 -0,133417 
38,100000 -0,133710 
38,200000 -0,134530 
38,300000 -0,133752 
38,400000 -0,133359 
38,500000 -0,129900 
38,600000 -0,134947 
38,700000 -0,133508 
38,800000 -0,132778 
38,900000 -0,134480 
39,000000 -0,136014 
39,100000 -0,139509 
39,200000 -0,140469 
39,300000 -0,141131 
39,400000 -0,143605 
39,500000 -0,142062 
39,600000 -0,139461 
39,700000 -0,135939 
39,800000 -0,133241 
39,900000 -0,134202 
40,000000 -0,135703 
40,100000 -0,136458 
40,200000 -0,140568 
40,300000 -0,141561 
40,400000 -0,141226 
40,500000 -0,144040 
40,600000 -0,140482 
40,700000 -0,137120 
40,800000 -0,135969 
40,900000 -0,133841 
41,000000 -0,136746 
41,100000 -0,140458 
41,200000 -0,143179 
41,300000 -0,144156 
41,400000 -0,145636 
41,500000 -0,146410 
41,600000 -0,143454 
41,700000 -0,141255 
41,800000 -0,137464 
41,900000 -0,137511 
42,000000 -0,140267 
42,100000 -0,142991 
42,200000 -0,146185 
42,300000 -0,147892 
42,400000 -0,150666 
42,500000 -0,154059 
42,600000 -0,147206 
42,700000 -0,146690 
42,800000 -0,143224 
42,900000 -0,148362 
43,000000 -0,169025 
43,100000 -0,189039 
43,200000 -0,207797 
43,300000 -0,225680 
43,400000 -0,230899 
43,500000 -0,229316 
43,600000 -0,220592 
43,700000 -0,196399 
43,800000 -0,176583 
43,900000 -0,178474 
44,000000 -0,205647 
44,100000 -0,240826 
44,200000 -0,265926 
44,300000 -0,285148 
44,400000 -0,294721 
44,500000 -0,286783 
44,600000 -0,263624 
44,700000 -0,224759 
44,800000 -0,186938 
44,900000 -0,165322 
45,000000 -0,150902 
45,100000 -0,149265 
45,200000 -0,147874 
45,300000 -0,146960 
45,400000 -0,152075 
45,500000 -0,149531 
45,600000 -0,150045 
45,700000 -0,144622 
45,800000 -0,138032 
45,900000 -0,139398 
46,000000 -0,136254 
46,100000 -0,136453 
46,200000 -0,137287 
46,300000 -0,139135 
46,400000 -0,138167 
46,500000 -0,136766 
46,600000 -0,139364 
46,700000 -0,136524 
46,800000 -0,136394 
46,900000 -0,138863 
47,000000 -0,143559 
47,100000 -0,150748 
47,200000 -0,156376 
47,300000 -0,162649 
47,400000 -0,165081 
47,500000 -0,167650 
47,600000 -0,162021 
47,700000 -0,155823 
47,800000 -0,145647 
47,900000 -0,140276 
48,000000 -0,136964 
48,100000 -0,137281 
48,200000 -0,137410 
48,300000 -0,136765 
48,400000 -0,137785 
48,500000 -0,136043 
48,600000 -0,136838 
48,700000 -0,134620 
48,800000 -0,132655 
48,900000 -0,133726 
49,000000 -0,131193 
49,100000 -0,132210 
49,200000 -0,134435 
49,300000 -0,134032 
49,400000 -0,131528 
49,500000 -0,131715 
49,600000 -0,131260 
49,700000 -0,134208 
49,800000 -0,134937 
49,900000 -0,133117 
50,000000 -0,135675 
50,100000 -0,139828 
50,200000 -0,139546 
50,300000 -0,142355 
50,400000 -0,147160 
50,500000 -0,150789 
50,600000 -0,148639 
50,700000 -0,141122 
50,800000 -0,139229 
50,900000 -0,138480 
51,000000 -0,137437 
51,100000 -0,138405 
51,200000 -0,137638 
51,300000 -0,140035 
51,400000 -0,139904 
51,500000 -0,142631 
51,600000 -0,142562 
51,700000 -0,141799 
51,800000 -0,138015 
51,900000 -0,134036 
52,000000 -0,136703 
52,100000 -0,134554 
52,200000 -0,135752 
52,300000 -0,134339 
52,400000 -0,135865 
52,500000 -0,134611 
52,600000 -0,133063 
52,700000 -0,133324 
52,800000 -0,134467 
52,900000 -0,134298 
53,000000 -0,134208 
53,100000 -0,135090 
53,200000 -0,132817 
53,300000 -0,134025 
53,400000 -0,132939 
53,500000 -0,136731 
53,600000 -0,134087 
53,700000 -0,134634 
53,800000 -0,133668 
53,900000 -0,134536 
54,000000 -0,131297 
54,100000 -0,133844 
54,200000 -0,136972 
54,300000 -0,135588 
54,400000 -0,135356 
54,500000 -0,135137 
54,600000 -0,136733 
54,700000 -0,134634 
54,800000 -0,133549 
54,900000 -0,135041 
55,000000 -0,135038 
55,100000 -0,135900 
55,200000 -0,134422 
55,300000 -0,135075 
55,400000 -0,135144 
55,500000 -0,135165 
55,600000 -0,135224 
55,700000 -0,137644 
55,800000 -0,135823 
55,900000 -0,136854 
56,000000 -0,134339 
56,100000 -0,134262 
56,200000 -0,132082 
56,300000 -0,134026 
56,400000 -0,133975 
56,500000 -0,134123 
56,600000 -0,137858 
56,700000 -0,136253 
56,800000 -0,134301 
56,900000 -0,136066 
57,000000 -0,131200 
57,100000 -0,136529 
57,200000 -0,136145 
57,300000 -0,136639 
57,400000 -0,135419 
57,500000 -0,134943 
57,600000 -0,135911 
57,700000 -0,136513 
57,800000 -0,135125 
57,900000 -0,134770 
58,000000 -0,134699 
58,100000 -0,136940 
58,200000 -0,138889 
58,300000 -0,145925 
58,400000 -0,149065 
58,500000 -0,151007 
58,600000 -0,153005 
58,700000 -0,152846 
58,800000 -0,149382 
58,900000 -0,143628 
59,000000 -0,141265 
59,100000 -0,137437 
59,200000 -0,134793 
59,300000 -0,138895 
59,400000 -0,137352 
59,500000 -0,137563 
59,600000 -0,137213 
59,700000 -0,136780 
59,800000 -0,136923 
59,900000 -0,135624 
60,000000 -0,136144 
60,100000 -0,135219 
60,200000 -0,135980 
60,300000 -0,137216 
60,400000 -0,138001 
60,500000 -0,137883 
60,600000 -0,137149 
60,700000 -0,135317 
60,800000 -0,136206 
60,900000 -0,135852 
61,000000 -0,132676 
61,100000 -0,135372 
61,200000 -0,134091 
61,300000 -0,135171 
61,400000 -0,136308 
61,500000 -0,133391 
61,600000 -0,136923 
61,700000 -0,132707 
61,800000 -0,134991 
61,900000 -0,134258 
62,000000 -0,134846 
62,100000 -0,134248 
62,200000 -0,135727 
62,300000 -0,132413 
62,400000 -0,133081 
62,500000 -0,135260 
62,600000 -0,137248 
62,700000 -0,135924 
62,800000 -0,135697 
62,900000 -0,137023 
63,000000 -0,134274 
63,100000 -0,134283 
63,200000 -0,132771 
63,300000 -0,135469 
63,400000 -0,136233 
63,500000 -0,135900 
63,600000 -0,132141 
63,700000 -0,135370 
63,800000 -0,135996 
63,900000 -0,137759 
64,000000 -0,135378 
64,100000 -0,134492 
64,200000 -0,136776 
64,300000 -0,135428 
64,400000 -0,136106 
64,500000 -0,135677 
64,600000 -0,135139 
64,700000 -0,134717 
64,800000 -0,134337 
64,900000 -0,133787 
65,000000 -0,135596 
65,100000 -0,137422 
65,200000 -0,135023 
65,300000 -0,134441 
65,400000 -0,135929 
65,500000 -0,132867 
65,600000 -0,133842 
65,700000 -0,135164 
65,800000 -0,136046 
65,900000 -0,133886 
66,000000 -0,132949 
66,100000 -0,135425 
66,200000 -0,137522 
66,300000 -0,139116 
66,400000 -0,140862 
66,500000 -0,142787 
66,600000 -0,145111 
66,700000 -0,142772 
66,800000 -0,141632 
66,900000 -0,138781 
67,000000 -0,139710 
67,100000 -0,137150 
67,200000 -0,135590 
67,300000 -0,131772 
67,400000 -0,134743 
67,500000 -0,131135 
67,600000 -0,134456 
67,700000 -0,134788 
67,800000 -0,133842 
67,900000 -0,133957 
68,000000 -0,133551 
68,100000 -0,134765 
68,200000 -0,135448 
68,300000 -0,135100 
68,400000 -0,133329 
68,500000 -0,133991 
68,600000 -0,136750 
68,700000 -0,136628 
68,800000 -0,136539 
68,900000 -0,136079 
69,000000 -0,135651 
69,100000 -0,138789 
69,200000 -0,142751 
69,300000 -0,151949 
69,400000 -0,166542 
69,500000 -0,178280 
69,600000 -0,183684 
69,700000 -0,183387 
69,800000 -0,175980 
69,900000 -0,165457 
70,000000 -0,150938 
70,100000 -0,142807 
70,200000 -0,139746 
70,300000 -0,137097 
70,400000 -0,138722 
70,500000 -0,135022 
70,600000 -0,135583 
70,700000 -0,135486 
70,800000 -0,136897 
70,900000 -0,135779 
71,000000 -0,136013 
71,100000 -0,136807 
71,200000 -0,134643 
71,300000 -0,137552 
71,400000 -0,138135 
71,500000 -0,136458 
71,600000 -0,134840 
71,700000 -0,138249 
71,800000 -0,137008 
71,900000 -0,135124 
72,000000 -0,135532 
72,100000 -0,134645 
72,200000 -0,134563 
72,300000 -0,136837 
72,400000 -0,134743 
72,500000 -0,133399 
72,600000 -0,132739 
72,700000 -0,132906 
72,800000 -0,134057 
72,900000 -0,134618 
73,000000 -0,134822 
73,100000 -0,135760 
73,200000 -0,138441 
73,300000 -0,138736 
73,400000 -0,135873 
73,500000 -0,133858 
73,600000 -0,135321 
73,700000 -0,134973 
73,800000 -0,135527 
73,900000 -0,136220 
74,000000 -0,135540 
74,100000 -0,135630 
74,200000 -0,133951 
74,300000 -0,137220 
74,400000 -0,134258 
74,500000 -0,135597 
74,600000 -0,136125 
74,700000 -0,134566 
74,800000 -0,134407 
74,900000 -0,136455 
75,000000 -0,135943 
75,100000 -0,134812 
75,200000 -0,134269 
75,300000 -0,133602 
75,400000 -0,132874 
75,500000 -0,132073 
75,600000 -0,136456 
75,700000 -0,134045 
75,800000 -0,136007 
75,900000 -0,134940 
76,000000 -0,134864 
76,100000 -0,135430 
76,200000 -0,136918 
76,300000 -0,135866 
76,400000 -0,135520 
76,500000 -0,136048 
76,600000 -0,134947 
76,700000 -0,136221 
76,800000 -0,134716 
76,900000 -0,130806 
77,000000 -0,135576 
77,100000 -0,134751 
77,200000 -0,130380 
77,300000 -0,131023 
77,400000 -0,128501 
77,500000 -0,135258 
77,600000 -0,136276 
77,700000 -0,134166 
77,800000 -0,137789 
77,900000 -0,135080 
78,000000 -0,134829 
78,100000 -0,130478 
78,200000 -0,134165 
78,300000 -0,132465 
78,400000 -0,131994 
78,500000 -0,134427 
78,600000 -0,137889 
78,700000 -0,135420 
78,800000 -0,134918 
78,900000 -0,136771 
79,000000 -0,135677 
79,100000 -0,137087 
79,200000 -0,130785 
79,300000 -0,135372 
79,400000 -0,135711 
79,500000 -0,135931 
79,600000 -0,136890 
79,700000 -0,135492 
79,800000 -0,134768 
79,900000 -0,135931 
80,000000 -0,136115 
80,100000 -0,134244 
80,200000 -0,135396 
80,300000 -0,136848 
80,400000 -0,135078 
80,500000 -0,136439 
80,600000 -0,135391 
80,700000 -0,135437 
80,800000 -0,135005 
80,900000 -0,135969 
81,000000 -0,134966 
81,100000 -0,134636 
81,200000 -0,135459 
81,300000 -0,136448 
81,400000 -0,136061 
81,500000 -0,135643 
81,600000 -0,133533 
81,700000 -0,133769 
81,800000 -0,132704 
81,900000 -0,134944 
82,000000 -0,136127 
82,100000 -0,137550 
82,200000 -0,137813 
82,300000 -0,138065 
82,400000 -0,135098 
82,500000 -0,134780 
82,600000 -0,134094 
82,700000 -0,132550 
82,800000 -0,134306 
82,900000 -0,136523 
83,000000 -0,138569 
83,100000 -0,136266 
83,200000 -0,133127 
83,300000 -0,134650 
83,400000 -0,136469 
83,500000 -0,135611 
83,600000 -0,133894 
83,700000 -0,135978 
83,800000 -0,133573 
83,900000 -0,134590 
84,000000 -0,134364 
84,100000 -0,137303 
84,200000 -0,134476 
84,300000 -0,133094 
84,400000 -0,138318 
84,500000 -0,132896 
84,600000 -0,133180 
84,700000 -0,136764 
84,800000 -0,134933 
84,900000 -0,133161 
85,000000 -0,134749 
85,100000 -0,134255 
85,200000 -0,133966 
85,300000 -0,132210 
85,400000 -0,135250 
85,500000 -0,132325 
85,600000 -0,134366 
85,700000 -0,134063 
85,800000 -0,135484 
85,900000 -0,133908 
86,000000 -0,132477 
86,100000 -0,134783 
86,200000 -0,134665 
86,300000 -0,135715 
86,400000 -0,136537 
86,500000 -0,135132 
86,600000 -0,137950 
86,700000 -0,132861 
86,800000 -0,136535 
86,900000 -0,134870 
87,000000 -0,136119 
87,100000 -0,136002 
87,200000 -0,133846 
87,300000 -0,134290 
87,400000 -0,135649 
87,500000 -0,133268 
87,600000 -0,131840 
87,700000 -0,133600 
87,800000 -0,134786 
87,900000 -0,133081 
88,000000 -0,131660 
88,100000 -0,136219 
88,200000 -0,130078 
88,300000 -0,133314 
88,400000 -0,133966 
88,500000 -0,133043 
88,600000 -0,135099 
88,700000 -0,133504 
88,800000 -0,135163 
88,900000 -0,135477 
89,000000 -0,133966 
89,100000 -0,132237 
89,200000 -0,133729 
89,300000 -0,133517 
89,400000 -0,135076 
89,500000 -0,134130 
89,600000 -0,133209 
89,700000 -0,136983 
89,800000 -0,135519 
89,900000 -0,135134 
90,000000 -0,131573 
90,100000 -0,134006 
90,200000 -0,133514 
90,300000 -0,134748 
90,400000 -0,132410 
90,500000 -0,133790 
90,600000 -0,134979 
90,700000 -0,132063 
90,800000 -0,134180 
90,900000 -0,135244 
91,000000 -0,134982 
91,100000 -0,135060 
91,200000 -0,135619 
91,300000 -0,134380 
91,400000 -0,133715 
91,500000 -0,135304 
91,600000 -0,134378 
91,700000 -0,133724 
91,800000 -0,132674 
91,900000 -0,134223 
92,000000 -0,136270 
92,100000 -0,130879 
92,200000 -0,135958 
92,300000 -0,134204 
92,400000 -0,136825 
92,500000 -0,135446 
92,600000 -0,133271 
92,700000 -0,135238 
92,800000 -0,133745 
92,900000 -0,133464 
93,000000 -0,133805 
93,100000 -0,134308 
93,200000 -0,132089 
93,300000 -0,132871 
93,400000 -0,133528 
93,500000 -0,133493 
93,600000 -0,133594 
93,700000 -0,130271 
93,800000 -0,131471 
93,900000 -0,129403 
94,000000 -0,132570 
94,100000 -0,132573 
94,200000 -0,134257 
94,300000 -0,134742 
94,400000 -0,133959 
94,500000 -0,135379 
94,600000 -0,133084 
94,700000 -0,130296 
94,800000 -0,131204 
94,900000 -0,134485 
95,000000 -0,137792 
95,100000 -0,134533 
95,200000 -0,135232 
95,300000 -0,133739 
95,400000 -0,133771 
95,500000 -0,130655 
95,600000 -0,132955 
95,700000 -0,133221 
95,800000 -0,134378 
95,900000 -0,132168 
96,000000 -0,133063 
96,100000 -0,128922 
96,200000 -0,132287 
96,300000 -0,132875 
96,400000 -0,133521 
96,500000 -0,131774 
96,600000 -0,134517 
96,700000 -0,132860 
96,800000 -0,132927 
96,900000 -0,135072 
97,000000 -0,132809 
97,100000 -0,131283 
97,200000 -0,133823 
97,300000 -0,131600 
97,400000 -0,131912 
97,500000 -0,134260 
97,600000 -0,134622 
97,700000 -0,135005 
97,800000 -0,132234 
97,900000 -0,132954 
98,000000 -0,135047 
98,100000 -0,134636 
98,200000 -0,136257 
98,300000 -0,135017 
98,400000 -0,133952 
98,500000 -0,133300 
98,600000 -0,134754 
98,700000 -0,134180 
98,800000 -0,135066 
98,900000 -0,134638 
99,000000 -0,132935 
99,100000 -0,131227 
99,200000 -0,131943 
99,300000 -0,133709 
99,400000 -0,132203 
99,500000 -0,132841 
99,600000 -0,135490 
99,700000 -0,134071 
99,800000 -0,131096 
99,900000 -0,131749 
100,000000 -0,135780 
