0,000000 -0,217550 
0,100000 -0,142511 
0,200000 -0,105946 
0,300000 -0,088124 
0,400000 -0,077075 
0,500000 -0,070648 
0,600000 -0,065892 
0,700000 -0,063815 
0,800000 -0,061750 
0,900000 -0,061701 
1,000000 -0,061088 
1,100000 -0,060159 
1,200000 -0,059987 
1,300000 -0,060896 
1,400000 -0,058821 
1,500000 -0,059856 
1,600000 -0,059358 
1,700000 -0,059198 
1,800000 -0,059069 
1,900000 -0,052033 
2,000000 -0,039377 
2,100000 -0,031733 
2,200000 -0,026009 
2,300000 -0,021709 
2,400000 -0,019270 
2,500000 -0,017516 
2,600000 -0,017270 
2,700000 -0,017091 
2,800000 -0,019063 
2,900000 -0,022870 
3,000000 -0,023710 
3,100000 -0,021350 
3,200000 -0,018034 
3,300000 -0,016863 
3,400000 -0,015917 
3,500000 -0,015478 
3,600000 -0,015109 
3,700000 -0,014841 
3,800000 -0,014860 
3,900000 -0,014332 
4,000000 -0,014538 
4,100000 -0,014435 
4,200000 -0,014531 
4,300000 -0,014585 
4,400000 -0,014536 
4,500000 -0,014037 
4,600000 -0,014362 
4,700000 -0,014386 
4,800000 -0,014356 
4,900000 -0,014410 
5,000000 -0,014177 
5,100000 -0,014230 
5,200000 -0,013958 
5,300000 -0,013957 
5,400000 -0,013985 
5,500000 -0,014138 
5,600000 -0,013839 
5,700000 -0,014289 
5,800000 -0,013897 
5,900000 -0,014061 
6,000000 -0,013969 
6,100000 -0,014019 
6,200000 -0,014391 
6,300000 -0,013935 
6,400000 -0,013701 
6,500000 -0,014131 
6,600000 -0,014220 
6,700000 -0,014390 
6,800000 -0,014007 
6,900000 -0,013629 
7,000000 -0,014049 
7,100000 -0,014003 
7,200000 -0,014395 
7,300000 -0,014195 
7,400000 -0,014042 
7,500000 -0,014068 
7,600000 -0,013722 
7,700000 -0,014180 
7,800000 -0,014147 
7,900000 -0,014480 
8,000000 -0,014232 
8,100000 -0,013976 
8,200000 -0,014111 
8,300000 -0,014183 
8,400000 -0,014386 
8,500000 -0,014016 
8,600000 -0,014295 
8,700000 -0,013955 
8,800000 -0,014111 
8,900000 -0,013962 
9,000000 -0,014129 
9,100000 -0,014059 
9,200000 -0,013933 
9,300000 -0,013531 
9,400000 -0,013620 
9,500000 -0,013745 
9,600000 -0,014084 
9,700000 -0,013775 
9,800000 -0,014290 
9,900000 -0,014229 
10,000000 -0,014112 
10,100000 -0,014280 
10,200000 -0,014278 
10,300000 -0,014463 
10,400000 -0,014135 
10,500000 -0,014031 
10,600000 -0,014137 
10,700000 -0,014272 
10,800000 -0,014242 
10,900000 -0,013909 
11,000000 -0,014020 
11,100000 -0,013873 
11,200000 -0,013808 
11,300000 -0,014066 
11,400000 -0,014126 
11,500000 -0,014020 
11,600000 -0,013860 
11,700000 -0,013826 
11,800000 -0,014625 
11,900000 -0,014327 
12,000000 -0,014133 
12,100000 -0,014312 
12,200000 -0,014751 
12,300000 -0,015811 
12,400000 -0,015986 
12,500000 -0,015829 
12,600000 -0,015649 
12,700000 -0,014868 
12,800000 -0,014996 
12,900000 -0,014491 
13,000000 -0,014426 
13,100000 -0,014349 
13,200000 -0,014647 
13,300000 -0,014721 
13,400000 -0,016608 
13,500000 -0,018449 
13,600000 -0,020600 
13,700000 -0,021511 
13,800000 -0,021594 
13,900000 -0,021413 
14,000000 -0,020227 
14,100000 -0,020741 
14,200000 -0,022470 
14,300000 -0,024541 
14,400000 -0,025691 
14,500000 -0,025565 
14,600000 -0,023686 
14,700000 -0,020630 
14,800000 -0,017819 
14,900000 -0,016775 
15,000000 -0,016109 
15,100000 -0,016228 
15,200000 -0,016598 
15,300000 -0,016599 
15,400000 -0,016622 
15,500000 -0,016729 
15,600000 -0,016608 
15,700000 -0,015932 
15,800000 -0,015191 
15,900000 -0,015210 
16,000000 -0,016226 
16,100000 -0,018975 
16,200000 -0,022168 
16,300000 -0,024983 
16,400000 -0,026250 
16,500000 -0,025597 
16,600000 -0,023381 
16,700000 -0,020996 
16,800000 -0,019222 
16,900000 -0,019661 
17,000000 -0,027951 
17,100000 -0,046410 
17,200000 -0,065895 
17,300000 -0,079178 
17,400000 -0,084052 
17,500000 -0,081405 
17,600000 -0,068343 
17,700000 -0,049762 
17,800000 -0,039359 
17,900000 -0,040635 
18,000000 -0,078131 
18,100000 -0,157949 
18,200000 -0,239949 
18,300000 -0,288970 
18,400000 -0,314817 
18,500000 -0,293719 
18,600000 -0,225349 
18,700000 -0,137677 
18,800000 -0,083085 
18,900000 -0,055334 
19,000000 -0,039618 
19,100000 -0,029633 
19,200000 -0,025009 
19,300000 -0,021780 
19,400000 -0,020048 
19,500000 -0,018821 
19,600000 -0,019089 
19,700000 -0,020809 
19,800000 -0,025720 
19,900000 -0,047135 
20,000000 -0,117295 
20,100000 -0,206371 
20,200000 -0,271872 
20,300000 -0,307338 
20,400000 -0,312388 
20,500000 -0,278688 
20,600000 -0,188520 
20,700000 -0,112084 
20,800000 -0,070625 
20,900000 -0,047318 
21,000000 -0,034012 
21,100000 -0,026573 
21,200000 -0,022111 
21,300000 -0,019353 
21,400000 -0,017493 
21,500000 -0,016739 
21,600000 -0,016325 
21,700000 -0,015639 
21,800000 -0,015219 
21,900000 -0,014795 
22,000000 -0,015347 
22,100000 -0,014955 
22,200000 -0,014990 
22,300000 -0,015160 
22,400000 -0,015290 
22,500000 -0,014881 
22,600000 -0,015002 
22,700000 -0,014471 
22,800000 -0,014194 
22,900000 -0,014186 
23,000000 -0,014590 
23,100000 -0,014285 
23,200000 -0,014071 
23,300000 -0,014291 
23,400000 -0,014253 
23,500000 -0,014269 
23,600000 -0,014181 
23,700000 -0,013653 
23,800000 -0,013770 
23,900000 -0,014229 
24,000000 -0,014292 
24,100000 -0,014161 
24,200000 -0,014359 
24,300000 -0,014154 
24,400000 -0,013893 
24,500000 -0,014186 
24,600000 -0,014504 
24,700000 -0,014162 
24,800000 -0,014027 
24,900000 -0,014063 
25,000000 -0,014206 
25,100000 -0,014059 
25,200000 -0,014339 
25,300000 -0,014042 
25,400000 -0,014064 
25,500000 -0,014011 
25,600000 -0,014104 
25,700000 -0,014029 
25,800000 -0,014018 
25,900000 -0,014413 
26,000000 -0,014329 
26,100000 -0,014765 
26,200000 -0,014976 
26,300000 -0,015075 
26,400000 -0,015134 
26,500000 -0,015622 
26,600000 -0,015157 
26,700000 -0,014518 
26,800000 -0,014701 
26,900000 -0,015273 
27,000000 -0,016180 
27,100000 -0,017236 
27,200000 -0,017786 
27,300000 -0,018367 
27,400000 -0,018773 
27,500000 -0,019047 
27,600000 -0,019232 
27,700000 -0,020840 
27,800000 -0,025628 
27,900000 -0,051242 
28,000000 -0,103055 
28,100000 -0,155165 
28,200000 -0,193273 
28,300000 -0,215476 
28,400000 -0,216701 
28,500000 -0,203318 
28,600000 -0,141921 
28,700000 -0,087467 
28,800000 -0,056797 
28,900000 -0,040139 
29,000000 -0,030875 
29,100000 -0,025761 
29,200000 -0,022849 
29,300000 -0,021307 
29,400000 -0,019650 
29,500000 -0,018573 
29,600000 -0,017607 
29,700000 -0,016915 
29,800000 -0,016429 
29,900000 -0,017344 
30,000000 -0,020118 
30,100000 -0,022387 
30,200000 -0,023833 
30,300000 -0,025286 
30,400000 -0,025058 
30,500000 -0,024084 
30,600000 -0,022562 
30,700000 -0,019852 
30,800000 -0,017300 
30,900000 -0,016532 
31,000000 -0,015878 
31,100000 -0,015968 
31,200000 -0,015886 
31,300000 -0,015870 
31,400000 -0,015700 
31,500000 -0,015881 
31,600000 -0,015701 
31,700000 -0,016025 
31,800000 -0,016591 
31,900000 -0,020967 
32,000000 -0,027622 
32,100000 -0,034099 
32,200000 -0,038427 
32,300000 -0,040938 
32,400000 -0,041054 
32,500000 -0,039375 
32,600000 -0,034440 
32,700000 -0,026987 
32,800000 -0,021814 
32,900000 -0,018292 
33,000000 -0,017056 
33,100000 -0,015983 
33,200000 -0,015370 
33,300000 -0,015271 
33,400000 -0,014832 
33,500000 -0,014274 
33,600000 -0,014422 
33,700000 -0,014256 
33,800000 -0,014106 
33,900000 -0,014129 
34,000000 -0,014421 
34,100000 -0,014344 
34,200000 -0,014175 
34,300000 -0,014185 
34,400000 -0,014389 
34,500000 -0,014108 
34,600000 -0,014314 
34,700000 -0,014404 
34,800000 -0,014136 
34,900000 -0,014153 
35,000000 -0,013873 
35,100000 -0,014065 
35,200000 -0,013955 
35,300000 -0,014092 
35,400000 -0,014011 
35,500000 -0,014080 
35,600000 -0,013999 
35,700000 -0,014117 
35,800000 -0,014453 
35,900000 -0,015495 
36,000000 -0,016588 
36,100000 -0,017322 
36,200000 -0,017938 
36,300000 -0,018205 
36,400000 -0,018105 
36,500000 -0,018081 
36,600000 -0,017143 
36,700000 -0,016345 
36,800000 -0,015658 
36,900000 -0,015007 
37,000000 -0,014646 
37,100000 -0,014355 
37,200000 -0,014472 
37,300000 -0,014077 
37,400000 -0,014185 
37,500000 -0,014126 
37,600000 -0,014247 
37,700000 -0,014242 
37,800000 -0,013991 
37,900000 -0,014689 
38,000000 -0,014882 
38,100000 -0,014937 
38,200000 -0,015248 
38,300000 -0,015509 
38,400000 -0,015248 
38,500000 -0,015279 
38,600000 -0,015009 
38,700000 -0,014630 
38,800000 -0,014813 
38,900000 -0,015061 
39,000000 -0,015597 
39,100000 -0,016209 
39,200000 -0,016665 
39,300000 -0,017440 
39,400000 -0,019467 
39,500000 -0,022921 
39,600000 -0,028887 
39,700000 -0,041750 
39,800000 -0,073506 
39,900000 -0,310752 
40,000000 -0,724451 
40,100000 -1,099254 
40,200000 -1,295212 
40,300000 -1,348868 
40,400000 -1,273372 
40,500000 -1,122451 
40,600000 -0,779881 
40,700000 -0,403825 
40,800000 -0,202226 
40,900000 -0,116184 
41,000000 -0,075174 
41,100000 -0,051623 
41,200000 -0,038024 
41,300000 -0,030049 
41,400000 -0,025499 
41,500000 -0,022160 
41,600000 -0,020205 
41,700000 -0,018183 
41,800000 -0,017437 
41,900000 -0,016943 
42,000000 -0,016649 
42,100000 -0,016575 
42,200000 -0,016218 
42,300000 -0,016159 
42,400000 -0,015890 
42,500000 -0,015564 
42,600000 -0,015828 
42,700000 -0,015204 
42,800000 -0,015228 
42,900000 -0,015173 
43,000000 -0,015685 
43,100000 -0,016237 
43,200000 -0,016696 
43,300000 -0,016782 
43,400000 -0,017135 
43,500000 -0,016915 
43,600000 -0,016915 
43,700000 -0,016333 
43,800000 -0,015887 
43,900000 -0,016968 
44,000000 -0,020213 
44,100000 -0,023700 
44,200000 -0,026792 
44,300000 -0,027839 
44,400000 -0,028389 
44,500000 -0,028056 
44,600000 -0,026219 
44,700000 -0,022293 
44,800000 -0,019194 
44,900000 -0,017042 
45,000000 -0,016153 
45,100000 -0,015974 
45,200000 -0,015214 
45,300000 -0,015235 
45,400000 -0,015237 
45,500000 -0,014707 
45,600000 -0,014729 
45,700000 -0,014531 
45,800000 -0,014544 
45,900000 -0,014709 
46,000000 -0,014436 
46,100000 -0,014190 
46,200000 -0,014396 
46,300000 -0,014614 
46,400000 -0,014171 
46,500000 -0,014524 
46,600000 -0,014738 
46,700000 -0,014096 
46,800000 -0,014044 
46,900000 -0,014132 
47,000000 -0,014272 
47,100000 -0,014780 
47,200000 -0,015242 
47,300000 -0,015186 
47,400000 -0,015280 
47,500000 -0,015622 
47,600000 -0,015113 
47,700000 -0,015064 
47,800000 -0,014484 
47,900000 -0,014115 
48,000000 -0,014322 
48,100000 -0,014603 
48,200000 -0,014148 
48,300000 -0,014283 
48,400000 -0,014266 
48,500000 -0,014488 
48,600000 -0,014421 
48,700000 -0,014033 
48,800000 -0,013876 
48,900000 -0,014278 
49,000000 -0,013864 
49,100000 -0,013983 
49,200000 -0,014188 
49,300000 -0,013948 
49,400000 -0,014349 
49,500000 -0,014151 
49,600000 -0,014207 
49,700000 -0,014067 
49,800000 -0,014062 
49,900000 -0,014219 
50,000000 -0,014067 
50,100000 -0,014401 
50,200000 -0,014356 
50,300000 -0,014919 
50,400000 -0,014667 
50,500000 -0,014630 
50,600000 -0,014306 
50,700000 -0,014221 
50,800000 -0,013994 
50,900000 -0,014163 
51,000000 -0,014021 
51,100000 -0,014231 
51,200000 -0,014534 
51,300000 -0,014207 
51,400000 -0,014790 
51,500000 -0,014737 
51,600000 -0,014474 
51,700000 -0,014556 
51,800000 -0,014305 
51,900000 -0,013912 
52,000000 -0,014279 
52,100000 -0,014240 
52,200000 -0,014154 
52,300000 -0,014049 
52,400000 -0,013981 
52,500000 -0,014094 
52,600000 -0,013948 
52,700000 -0,014063 
52,800000 -0,014169 
52,900000 -0,014023 
53,000000 -0,014189 
53,100000 -0,014213 
53,200000 -0,014324 
53,300000 -0,013865 
53,400000 -0,014295 
53,500000 -0,013908 
53,600000 -0,013842 
53,700000 -0,014093 
53,800000 -0,013793 
53,900000 -0,013921 
54,000000 -0,013533 
54,100000 -0,014069 
54,200000 -0,014394 
54,300000 -0,014303 
54,400000 -0,013938 
54,500000 -0,013593 
54,600000 -0,013958 
54,700000 -0,013946 
54,800000 -0,014162 
54,900000 -0,014124 
55,000000 -0,013656 
55,100000 -0,013865 
55,200000 -0,014042 
55,300000 -0,014221 
55,400000 -0,014214 
55,500000 -0,013844 
55,600000 -0,013874 
55,700000 -0,014163 
55,800000 -0,014232 
55,900000 -0,014239 
56,000000 -0,013995 
56,100000 -0,014095 
56,200000 -0,013751 
56,300000 -0,014160 
56,400000 -0,013867 
56,500000 -0,014237 
56,600000 -0,013979 
56,700000 -0,013912 
56,800000 -0,014058 
56,900000 -0,014069 
57,000000 -0,014040 
57,100000 -0,014071 
57,200000 -0,013944 
57,300000 -0,014021 
57,400000 -0,013851 
57,500000 -0,013752 
57,600000 -0,014115 
57,700000 -0,014076 
57,800000 -0,014110 
57,900000 -0,014010 
58,000000 -0,013847 
58,100000 -0,014200 
58,200000 -0,014468 
58,300000 -0,014585 
58,400000 -0,014848 
58,500000 -0,014656 
58,600000 -0,014667 
58,700000 -0,014295 
58,800000 -0,014700 
58,900000 -0,014335 
59,000000 -0,014104 
59,100000 -0,013957 
59,200000 -0,014489 
59,300000 -0,014368 
59,400000 -0,014144 
59,500000 -0,014446 
59,600000 -0,014508 
59,700000 -0,014182 
59,800000 -0,013694 
59,900000 -0,013833 
60,000000 -0,014031 
60,100000 -0,014198 
60,200000 -0,013823 
60,300000 -0,014060 
60,400000 -0,014304 
60,500000 -0,013996 
60,600000 -0,014066 
60,700000 -0,014173 
60,800000 -0,014052 
60,900000 -0,013544 
61,000000 -0,013714 
61,100000 -0,013698 
61,200000 -0,013728 
61,300000 -0,014037 
61,400000 -0,013938 
61,500000 -0,013881 
61,600000 -0,013870 
61,700000 -0,014060 
61,800000 -0,014109 
61,900000 -0,013870 
62,000000 -0,013894 
62,100000 -0,013653 
62,200000 -0,013771 
62,300000 -0,014002 
62,400000 -0,014240 
62,500000 -0,013838 
62,600000 -0,013848 
62,700000 -0,014064 
62,800000 -0,013866 
62,900000 -0,013750 
63,000000 -0,013836 
63,100000 -0,013905 
63,200000 -0,013841 
63,300000 -0,013865 
63,400000 -0,013783 
63,500000 -0,014190 
63,600000 -0,014032 
63,700000 -0,013934 
63,800000 -0,014011 
63,900000 -0,013585 
64,000000 -0,013957 
64,100000 -0,013731 
64,200000 -0,014094 
64,300000 -0,013903 
64,400000 -0,013961 
64,500000 -0,013955 
64,600000 -0,014066 
64,700000 -0,013681 
64,800000 -0,013948 
64,900000 -0,013728 
65,000000 -0,013848 
65,100000 -0,013856 
65,200000 -0,014105 
65,300000 -0,014111 
65,400000 -0,013628 
65,500000 -0,013867 
65,600000 -0,014163 
65,700000 -0,014217 
65,800000 -0,013931 
65,900000 -0,013861 
66,000000 -0,013593 
66,100000 -0,013683 
66,200000 -0,013969 
66,300000 -0,014221 
66,400000 -0,014178 
66,500000 -0,014677 
66,600000 -0,014577 
66,700000 -0,014581 
66,800000 -0,014155 
66,900000 -0,014332 
67,000000 -0,014237 
67,100000 -0,014081 
67,200000 -0,014268 
67,300000 -0,013942 
67,400000 -0,013866 
67,500000 -0,013940 
67,600000 -0,013946 
67,700000 -0,013779 
67,800000 -0,013960 
67,900000 -0,013943 
68,000000 -0,013877 
68,100000 -0,013920 
68,200000 -0,014004 
68,300000 -0,013712 
68,400000 -0,013800 
68,500000 -0,013835 
68,600000 -0,013763 
68,700000 -0,013604 
68,800000 -0,014295 
68,900000 -0,013825 
69,000000 -0,014047 
69,100000 -0,013848 
69,200000 -0,014320 
69,300000 -0,014824 
69,400000 -0,015420 
69,500000 -0,016115 
69,600000 -0,016264 
69,700000 -0,016000 
69,800000 -0,015825 
69,900000 -0,015344 
70,000000 -0,014594 
70,100000 -0,014502 
70,200000 -0,014029 
70,300000 -0,014008 
70,400000 -0,014282 
70,500000 -0,014138 
70,600000 -0,014073 
70,700000 -0,014016 
70,800000 -0,014131 
70,900000 -0,014075 
71,000000 -0,013854 
71,100000 -0,013660 
71,200000 -0,013781 
71,300000 -0,013820 
71,400000 -0,013706 
71,500000 -0,013950 
71,600000 -0,014111 
71,700000 -0,013691 
71,800000 -0,013973 
71,900000 -0,014201 
72,000000 -0,013924 
72,100000 -0,014060 
72,200000 -0,013965 
72,300000 -0,013846 
72,400000 -0,013543 
72,500000 -0,013937 
72,600000 -0,014069 
72,700000 -0,013901 
72,800000 -0,013833 
72,900000 -0,013822 
73,000000 -0,013983 
73,100000 -0,014060 
73,200000 -0,014024 
73,300000 -0,013760 
73,400000 -0,013922 
73,500000 -0,013757 
73,600000 -0,013987 
73,700000 -0,013970 
73,800000 -0,014125 
73,900000 -0,013762 
74,000000 -0,013805 
74,100000 -0,013667 
74,200000 -0,013931 
74,300000 -0,014040 
74,400000 -0,014245 
74,500000 -0,014170 
74,600000 -0,013863 
74,700000 -0,013870 
74,800000 -0,013670 
74,900000 -0,014132 
75,000000 -0,014007 
75,100000 -0,013908 
75,200000 -0,013718 
75,300000 -0,013716 
75,400000 -0,013887 
75,500000 -0,013795 
75,600000 -0,013746 
75,700000 -0,013667 
75,800000 -0,013854 
75,900000 -0,014214 
76,000000 -0,013977 
76,100000 -0,014013 
76,200000 -0,014046 
76,300000 -0,013857 
76,400000 -0,013942 
76,500000 -0,013891 
76,600000 -0,014043 
76,700000 -0,014138 
76,800000 -0,013794 
76,900000 -0,013951 
77,000000 -0,013823 
77,100000 -0,013792 
77,200000 -0,014116 
77,300000 -0,013824 
77,400000 -0,013667 
77,500000 -0,013802 
77,600000 -0,013736 
77,700000 -0,013756 
77,800000 -0,013836 
77,900000 -0,013781 
78,000000 -0,013942 
78,100000 -0,013711 
78,200000 -0,014059 
78,300000 -0,013940 
78,400000 -0,014010 
78,500000 -0,013639 
78,600000 -0,013917 
78,700000 -0,014078 
78,800000 -0,013977 
78,900000 -0,014144 
79,000000 -0,014109 
79,100000 -0,014296 
79,200000 -0,014279 
79,300000 -0,013999 
79,400000 -0,014539 
79,500000 -0,014088 
79,600000 -0,013841 
79,700000 -0,014083 
79,800000 -0,013907 
79,900000 -0,014152 
80,000000 -0,014137 
80,100000 -0,013880 
80,200000 -0,013821 
80,300000 -0,013757 
80,400000 -0,013642 
80,500000 -0,013598 
80,600000 -0,013863 
80,700000 -0,013972 
80,800000 -0,013905 
80,900000 -0,013817 
81,000000 -0,014343 
81,100000 -0,013896 
81,200000 -0,014010 
81,300000 -0,013864 
81,400000 -0,014255 
81,500000 -0,013812 
81,600000 -0,013973 
81,700000 -0,013930 
81,800000 -0,013823 
81,900000 -0,014149 
82,000000 -0,013995 
82,100000 -0,013867 
82,200000 -0,014052 
82,300000 -0,014230 
82,400000 -0,013919 
82,500000 -0,013754 
82,600000 -0,014126 
82,700000 -0,013872 
82,800000 -0,014223 
82,900000 -0,014226 
83,000000 -0,013927 
83,100000 -0,013840 
83,200000 -0,014153 
83,300000 -0,013978 
83,400000 -0,014366 
83,500000 -0,013711 
83,600000 -0,013883 
83,700000 -0,013580 
83,800000 -0,014099 
83,900000 -0,013613 
84,000000 -0,014009 
84,100000 -0,013949 
84,200000 -0,013730 
84,300000 -0,014126 
84,400000 -0,014203 
84,500000 -0,013792 
84,600000 -0,013877 
84,700000 -0,013915 
84,800000 -0,013796 
84,900000 -0,014070 
85,000000 -0,013873 
85,100000 -0,014077 
85,200000 -0,013728 
85,300000 -0,014049 
85,400000 -0,013936 
85,500000 -0,014132 
85,600000 -0,013875 
85,700000 -0,014252 
85,800000 -0,014099 
85,900000 -0,014135 
86,000000 -0,013938 
86,100000 -0,013710 
86,200000 -0,014214 
86,300000 -0,014232 
86,400000 -0,014130 
86,500000 -0,013861 
86,600000 -0,013442 
86,700000 -0,013621 
86,800000 -0,013948 
86,900000 -0,013885 
87,000000 -0,013912 
87,100000 -0,014447 
87,200000 -0,014096 
87,300000 -0,014046 
87,400000 -0,014240 
87,500000 -0,014119 
87,600000 -0,014125 
87,700000 -0,013840 
87,800000 -0,013629 
87,900000 -0,013957 
88,000000 -0,014380 
88,100000 -0,014349 
88,200000 -0,014262 
88,300000 -0,014108 
88,400000 -0,014043 
88,500000 -0,014013 
88,600000 -0,013833 
88,700000 -0,014394 
88,800000 -0,014071 
88,900000 -0,013841 
89,000000 -0,014137 
89,100000 -0,014117 
89,200000 -0,014093 
89,300000 -0,013856 
89,400000 -0,014032 
89,500000 -0,014071 
89,600000 -0,013892 
89,700000 -0,014219 
89,800000 -0,014048 
89,900000 -0,013720 
90,000000 -0,014103 
90,100000 -0,013824 
90,200000 -0,013993 
90,300000 -0,013841 
90,400000 -0,013885 
90,500000 -0,013792 
90,600000 -0,013939 
90,700000 -0,014222 
90,800000 -0,014305 
90,900000 -0,014201 
91,000000 -0,013979 
91,100000 -0,014016 
91,200000 -0,013699 
91,300000 -0,014010 
91,400000 -0,014122 
91,500000 -0,014508 
91,600000 -0,014408 
91,700000 -0,014170 
91,800000 -0,014282 
91,900000 -0,014043 
92,000000 -0,013762 
92,100000 -0,014028 
92,200000 -0,014318 
92,300000 -0,014168 
92,400000 -0,014010 
92,500000 -0,014025 
92,600000 -0,013995 
92,700000 -0,014275 
92,800000 -0,013895 
92,900000 -0,013979 
93,000000 -0,013998 
93,100000 -0,014249 
93,200000 -0,014346 
93,300000 -0,014062 
93,400000 -0,013808 
93,500000 -0,013905 
93,600000 -0,014260 
93,700000 -0,014184 
93,800000 -0,014010 
93,900000 -0,014456 
94,000000 -0,013858 
94,100000 -0,014234 
94,200000 -0,014210 
94,300000 -0,014066 
94,400000 -0,013980 
94,500000 -0,013683 
94,600000 -0,014004 
94,700000 -0,013794 
94,800000 -0,014474 
94,900000 -0,014598 
95,000000 -0,014362 
95,100000 -0,014392 
95,200000 -0,014259 
95,300000 -0,013798 
95,400000 -0,014222 
95,500000 -0,014214 
95,600000 -0,013944 
95,700000 -0,013838 
95,800000 -0,014183 
95,900000 -0,014010 
96,000000 -0,014014 
96,100000 -0,013624 
96,200000 -0,014147 
96,300000 -0,014043 
96,400000 -0,013963 
96,500000 -0,014126 
96,600000 -0,013987 
96,700000 -0,013856 
96,800000 -0,014247 
96,900000 -0,014464 
97,000000 -0,014272 
97,100000 -0,014592 
97,200000 -0,014250 
97,300000 -0,014473 
97,400000 -0,014375 
97,500000 -0,014047 
97,600000 -0,014423 
97,700000 -0,014032 
97,800000 -0,014385 
97,900000 -0,014175 
98,000000 -0,014377 
98,100000 -0,013919 
98,200000 -0,014323 
98,300000 -0,014635 
98,400000 -0,014127 
98,500000 -0,013880 
98,600000 -0,014251 
98,700000 -0,014160 
98,800000 -0,014067 
98,900000 -0,014081 
99,000000 -0,014181 
99,100000 -0,014262 
99,200000 -0,014146 
99,300000 -0,014453 
99,400000 -0,014018 
99,500000 -0,014395 
99,600000 -0,014257 
99,700000 -0,014375 
99,800000 -0,014154 
99,900000 -0,014167 
100,000000 -0,014104 
