0,000000 -0,724466 
0,100000 -0,325059 
0,200000 -0,185657 
0,300000 -0,123658 
0,400000 -0,091455 
0,500000 -0,076529 
0,600000 -0,066687 
0,700000 -0,060255 
0,800000 -0,056619 
0,900000 -0,054676 
1,000000 -0,052345 
1,100000 -0,051291 
1,200000 -0,050640 
1,300000 -0,050597 
1,400000 -0,049909 
1,500000 -0,049381 
1,600000 -0,049331 
1,700000 -0,048256 
1,800000 -0,047746 
1,900000 -0,043204 
2,000000 -0,034293 
2,100000 -0,028369 
2,200000 -0,024647 
2,300000 -0,021492 
2,400000 -0,019277 
2,500000 -0,017671 
2,600000 -0,017183 
2,700000 -0,017166 
2,800000 -0,018536 
2,900000 -0,021796 
3,000000 -0,023250 
3,100000 -0,021074 
3,200000 -0,018209 
3,300000 -0,017176 
3,400000 -0,016483 
3,500000 -0,016250 
3,600000 -0,016146 
3,700000 -0,015334 
3,800000 -0,015862 
3,900000 -0,015464 
4,000000 -0,015305 
4,100000 -0,015131 
4,200000 -0,015418 
4,300000 -0,015336 
4,400000 -0,014843 
4,500000 -0,014719 
4,600000 -0,015084 
4,700000 -0,015096 
4,800000 -0,014911 
4,900000 -0,015239 
5,000000 -0,014809 
5,100000 -0,014957 
5,200000 -0,015046 
5,300000 -0,014753 
5,400000 -0,014968 
5,500000 -0,014788 
5,600000 -0,014683 
5,700000 -0,014807 
5,800000 -0,014884 
5,900000 -0,014517 
6,000000 -0,014781 
6,100000 -0,014849 
6,200000 -0,014487 
6,300000 -0,014636 
6,400000 -0,014442 
6,500000 -0,014605 
6,600000 -0,014630 
6,700000 -0,014652 
6,800000 -0,014526 
6,900000 -0,014706 
7,000000 -0,014543 
7,100000 -0,014673 
7,200000 -0,014827 
7,300000 -0,014429 
7,400000 -0,014887 
7,500000 -0,014863 
7,600000 -0,014781 
7,700000 -0,014724 
7,800000 -0,014205 
7,900000 -0,014326 
8,000000 -0,014300 
8,100000 -0,014415 
8,200000 -0,014658 
8,300000 -0,014511 
8,400000 -0,014488 
8,500000 -0,014531 
8,600000 -0,014767 
8,700000 -0,014657 
8,800000 -0,014573 
8,900000 -0,014683 
9,000000 -0,014492 
9,100000 -0,014655 
9,200000 -0,014656 
9,300000 -0,014673 
9,400000 -0,014704 
9,500000 -0,014405 
9,600000 -0,014411 
9,700000 -0,014407 
9,800000 -0,014189 
9,900000 -0,014508 
10,000000 -0,014434 
10,100000 -0,014515 
10,200000 -0,014640 
10,300000 -0,014631 
10,400000 -0,014439 
10,500000 -0,014117 
10,600000 -0,014321 
10,700000 -0,014456 
10,800000 -0,014462 
10,900000 -0,014681 
11,000000 -0,014188 
11,100000 -0,014218 
11,200000 -0,014298 
11,300000 -0,014347 
11,400000 -0,014484 
11,500000 -0,014052 
11,600000 -0,014650 
11,700000 -0,014417 
11,800000 -0,014348 
11,900000 -0,014485 
12,000000 -0,014516 
12,100000 -0,014489 
12,200000 -0,015126 
12,300000 -0,015343 
12,400000 -0,015780 
12,500000 -0,015663 
12,600000 -0,015441 
12,700000 -0,015516 
12,800000 -0,014779 
12,900000 -0,014550 
13,000000 -0,014943 
13,100000 -0,014546 
13,200000 -0,014750 
13,300000 -0,015092 
13,400000 -0,016653 
13,500000 -0,018327 
13,600000 -0,020161 
13,700000 -0,021195 
13,800000 -0,021288 
13,900000 -0,021112 
14,000000 -0,019571 
14,100000 -0,020579 
14,200000 -0,022206 
14,300000 -0,024227 
14,400000 -0,025003 
14,500000 -0,025160 
14,600000 -0,022574 
14,700000 -0,020094 
14,800000 -0,017634 
14,900000 -0,016453 
15,000000 -0,016067 
15,100000 -0,016199 
15,200000 -0,016605 
15,300000 -0,016600 
15,400000 -0,016740 
15,500000 -0,016635 
15,600000 -0,016491 
15,700000 -0,015846 
15,800000 -0,015603 
15,900000 -0,015899 
16,000000 -0,016610 
16,100000 -0,018899 
16,200000 -0,021909 
16,300000 -0,023885 
16,400000 -0,024910 
16,500000 -0,024552 
16,600000 -0,022605 
16,700000 -0,020599 
16,800000 -0,018632 
16,900000 -0,019510 
17,000000 -0,027782 
17,100000 -0,046332 
17,200000 -0,063267 
17,300000 -0,074739 
17,400000 -0,079664 
17,500000 -0,075744 
17,600000 -0,062792 
17,700000 -0,046766 
17,800000 -0,037506 
17,900000 -0,039853 
18,000000 -0,077311 
18,100000 -0,152500 
18,200000 -0,224992 
18,300000 -0,269325 
18,400000 -0,284485 
18,500000 -0,268335 
18,600000 -0,204550 
18,700000 -0,126026 
18,800000 -0,078094 
18,900000 -0,051982 
19,000000 -0,037864 
19,100000 -0,029300 
19,200000 -0,024370 
19,300000 -0,021729 
19,400000 -0,019562 
19,500000 -0,018778 
19,600000 -0,018480 
19,700000 -0,020454 
19,800000 -0,026052 
19,900000 -0,049402 
20,000000 -0,119442 
20,100000 -0,204031 
20,200000 -0,263771 
20,300000 -0,294298 
20,400000 -0,299141 
20,500000 -0,263613 
20,600000 -0,177517 
20,700000 -0,106438 
20,800000 -0,068146 
20,900000 -0,046116 
21,000000 -0,034073 
21,100000 -0,026664 
21,200000 -0,022764 
21,300000 -0,019820 
21,400000 -0,017854 
21,500000 -0,016984 
21,600000 -0,016387 
21,700000 -0,016063 
21,800000 -0,015640 
21,900000 -0,015444 
22,000000 -0,015414 
22,100000 -0,014996 
22,200000 -0,014956 
22,300000 -0,015224 
22,400000 -0,015332 
22,500000 -0,015148 
22,600000 -0,014590 
22,700000 -0,014997 
22,800000 -0,014557 
22,900000 -0,014382 
23,000000 -0,014465 
23,100000 -0,014264 
23,200000 -0,014468 
23,300000 -0,014764 
23,400000 -0,014344 
23,500000 -0,014354 
23,600000 -0,014732 
23,700000 -0,014532 
23,800000 -0,014708 
23,900000 -0,014591 
24,000000 -0,014532 
24,100000 -0,014144 
24,200000 -0,014415 
24,300000 -0,014433 
24,400000 -0,014345 
24,500000 -0,014473 
24,600000 -0,014120 
24,700000 -0,014149 
24,800000 -0,014226 
24,900000 -0,014192 
25,000000 -0,014257 
25,100000 -0,014418 
25,200000 -0,014431 
25,300000 -0,014622 
25,400000 -0,014408 
25,500000 -0,014364 
25,600000 -0,014297 
25,700000 -0,014264 
25,800000 -0,014461 
25,900000 -0,014414 
26,000000 -0,014772 
26,100000 -0,015396 
26,200000 -0,015239 
26,300000 -0,015430 
26,400000 -0,015489 
26,500000 -0,015535 
26,600000 -0,014992 
26,700000 -0,014625 
26,800000 -0,014496 
26,900000 -0,015098 
27,000000 -0,016434 
27,100000 -0,016870 
27,200000 -0,017391 
27,300000 -0,017906 
27,400000 -0,018393 
27,500000 -0,018376 
27,600000 -0,018579 
27,700000 -0,020588 
27,800000 -0,025902 
27,900000 -0,051782 
28,000000 -0,098827 
28,100000 -0,144662 
28,200000 -0,178058 
28,300000 -0,193804 
28,400000 -0,195472 
28,500000 -0,181355 
28,600000 -0,129191 
28,700000 -0,079025 
28,800000 -0,052315 
28,900000 -0,037667 
29,000000 -0,029090 
29,100000 -0,024990 
29,200000 -0,022159 
29,300000 -0,020512 
29,400000 -0,019110 
29,500000 -0,017945 
29,600000 -0,017353 
29,700000 -0,016541 
29,800000 -0,016573 
29,900000 -0,017430 
30,000000 -0,019968 
30,100000 -0,022281 
30,200000 -0,023706 
30,300000 -0,024787 
30,400000 -0,024767 
30,500000 -0,023792 
30,600000 -0,022106 
30,700000 -0,019252 
30,800000 -0,017330 
30,900000 -0,016468 
31,000000 -0,016144 
31,100000 -0,015986 
31,200000 -0,016009 
31,300000 -0,015880 
31,400000 -0,015756 
31,500000 -0,015941 
31,600000 -0,016196 
31,700000 -0,016104 
31,800000 -0,016776 
31,900000 -0,020910 
32,000000 -0,027114 
32,100000 -0,033047 
32,200000 -0,036931 
32,300000 -0,039219 
32,400000 -0,039247 
32,500000 -0,037012 
32,600000 -0,032371 
32,700000 -0,026037 
32,800000 -0,021470 
32,900000 -0,017921 
33,000000 -0,016687 
33,100000 -0,015835 
33,200000 -0,015337 
33,300000 -0,014750 
33,400000 -0,015138 
33,500000 -0,014882 
33,600000 -0,014440 
33,700000 -0,014414 
33,800000 -0,014440 
33,900000 -0,014546 
34,000000 -0,014467 
34,100000 -0,014306 
34,200000 -0,014704 
34,300000 -0,014469 
34,400000 -0,014355 
34,500000 -0,014557 
34,600000 -0,014321 
34,700000 -0,014129 
34,800000 -0,014493 
34,900000 -0,014192 
35,000000 -0,014523 
35,100000 -0,013991 
35,200000 -0,014008 
35,300000 -0,014627 
35,400000 -0,014552 
35,500000 -0,014403 
35,600000 -0,014480 
35,700000 -0,014458 
35,800000 -0,014717 
35,900000 -0,015458 
36,000000 -0,016785 
36,100000 -0,017481 
36,200000 -0,017902 
36,300000 -0,018405 
36,400000 -0,018217 
36,500000 -0,017793 
36,600000 -0,017133 
36,700000 -0,016241 
36,800000 -0,015843 
36,900000 -0,015265 
37,000000 -0,014717 
37,100000 -0,014561 
37,200000 -0,014591 
37,300000 -0,014555 
37,400000 -0,014600 
37,500000 -0,014487 
37,600000 -0,014748 
37,700000 -0,014471 
37,800000 -0,014359 
37,900000 -0,014386 
38,000000 -0,014820 
38,100000 -0,015218 
38,200000 -0,015320 
38,300000 -0,015234 
38,400000 -0,015395 
38,500000 -0,015407 
38,600000 -0,015635 
38,700000 -0,015104 
38,800000 -0,014962 
38,900000 -0,015221 
39,000000 -0,015717 
39,100000 -0,016192 
39,200000 -0,016768 
39,300000 -0,017379 
39,400000 -0,019077 
39,500000 -0,022177 
39,600000 -0,028227 
39,700000 -0,041957 
39,800000 -0,075943 
39,900000 -0,317891 
40,000000 -0,705162 
40,100000 -1,020284 
40,200000 -1,203455 
40,300000 -1,248040 
40,400000 -1,175879 
40,500000 -1,028890 
40,600000 -0,707685 
40,700000 -0,370343 
40,800000 -0,189694 
40,900000 -0,111582 
41,000000 -0,072083 
41,100000 -0,051013 
41,200000 -0,037999 
41,300000 -0,029234 
41,400000 -0,025026 
41,500000 -0,021691 
41,600000 -0,019953 
41,700000 -0,018207 
41,800000 -0,017298 
41,900000 -0,016778 
42,000000 -0,016531 
42,100000 -0,016266 
42,200000 -0,016348 
42,300000 -0,016070 
42,400000 -0,015851 
42,500000 -0,015998 
42,600000 -0,015841 
42,700000 -0,015478 
42,800000 -0,015353 
42,900000 -0,015270 
43,000000 -0,015668 
43,100000 -0,016227 
43,200000 -0,016587 
43,300000 -0,016842 
43,400000 -0,016948 
43,500000 -0,016779 
43,600000 -0,016505 
43,700000 -0,016173 
43,800000 -0,016147 
43,900000 -0,016890 
44,000000 -0,020269 
44,100000 -0,022378 
44,200000 -0,024934 
44,300000 -0,026154 
44,400000 -0,026573 
44,500000 -0,025811 
44,600000 -0,024336 
44,700000 -0,021443 
44,800000 -0,018368 
44,900000 -0,016895 
45,000000 -0,016354 
45,100000 -0,015405 
45,200000 -0,014990 
45,300000 -0,015094 
45,400000 -0,015074 
45,500000 -0,015128 
45,600000 -0,015039 
45,700000 -0,014835 
45,800000 -0,014271 
45,900000 -0,014653 
46,000000 -0,014818 
46,100000 -0,014512 
46,200000 -0,014724 
46,300000 -0,014657 
46,400000 -0,014313 
46,500000 -0,014558 
46,600000 -0,014440 
46,700000 -0,014319 
46,800000 -0,014449 
46,900000 -0,014735 
47,000000 -0,014561 
47,100000 -0,015123 
47,200000 -0,015284 
47,300000 -0,015350 
47,400000 -0,015298 
47,500000 -0,015439 
47,600000 -0,015262 
47,700000 -0,015024 
47,800000 -0,014628 
47,900000 -0,014601 
48,000000 -0,014328 
48,100000 -0,014612 
48,200000 -0,014396 
48,300000 -0,014275 
48,400000 -0,014528 
48,500000 -0,014712 
48,600000 -0,014557 
48,700000 -0,014352 
48,800000 -0,014346 
48,900000 -0,014441 
49,000000 -0,014067 
49,100000 -0,014427 
49,200000 -0,014300 
49,300000 -0,014285 
49,400000 -0,014390 
49,500000 -0,014148 
49,600000 -0,014223 
49,700000 -0,014406 
49,800000 -0,014357 
49,900000 -0,014432 
50,000000 -0,014554 
50,100000 -0,014489 
50,200000 -0,014751 
50,300000 -0,014852 
50,400000 -0,014863 
50,500000 -0,014800 
50,600000 -0,014664 
50,700000 -0,014444 
50,800000 -0,014264 
50,900000 -0,014291 
51,000000 -0,014339 
51,100000 -0,014440 
51,200000 -0,014238 
51,300000 -0,014721 
51,400000 -0,014637 
51,500000 -0,014561 
51,600000 -0,014544 
51,700000 -0,014294 
51,800000 -0,014241 
51,900000 -0,014198 
52,000000 -0,014273 
52,100000 -0,014278 
52,200000 -0,014262 
52,300000 -0,014463 
52,400000 -0,014111 
52,500000 -0,014193 
52,600000 -0,014252 
52,700000 -0,014242 
52,800000 -0,014023 
52,900000 -0,014418 
53,000000 -0,014459 
53,100000 -0,014258 
53,200000 -0,014289 
53,300000 -0,014608 
53,400000 -0,014362 
53,500000 -0,014104 
53,600000 -0,014236 
53,700000 -0,014245 
53,800000 -0,014000 
53,900000 -0,014203 
54,000000 -0,014073 
54,100000 -0,014113 
54,200000 -0,014008 
54,300000 -0,014398 
54,400000 -0,014428 
54,500000 -0,014331 
54,600000 -0,014172 
54,700000 -0,014148 
54,800000 -0,014094 
54,900000 -0,014190 
55,000000 -0,014177 
55,100000 -0,014104 
55,200000 -0,014174 
55,300000 -0,014138 
55,400000 -0,014156 
55,500000 -0,013996 
55,600000 -0,014221 
55,700000 -0,014169 
55,800000 -0,014183 
55,900000 -0,014216 
56,000000 -0,014052 
56,100000 -0,014433 
56,200000 -0,014292 
56,300000 -0,014287 
56,400000 -0,014205 
56,500000 -0,014292 
56,600000 -0,014209 
56,700000 -0,014269 
56,800000 -0,014315 
56,900000 -0,014157 
57,000000 -0,014209 
57,100000 -0,014208 
57,200000 -0,014142 
57,300000 -0,014181 
57,400000 -0,014255 
57,500000 -0,014003 
57,600000 -0,014417 
57,700000 -0,014617 
57,800000 -0,014398 
57,900000 -0,014291 
58,000000 -0,014258 
58,100000 -0,014485 
58,200000 -0,014529 
58,300000 -0,014630 
58,400000 -0,014698 
58,500000 -0,014841 
58,600000 -0,014882 
58,700000 -0,014782 
58,800000 -0,014851 
58,900000 -0,014449 
59,000000 -0,014354 
59,100000 -0,014309 
59,200000 -0,014240 
59,300000 -0,014409 
59,400000 -0,014515 
59,500000 -0,014289 
59,600000 -0,014412 
59,700000 -0,014004 
59,800000 -0,014177 
59,900000 -0,014297 
60,000000 -0,014452 
60,100000 -0,014444 
60,200000 -0,014062 
60,300000 -0,014406 
60,400000 -0,014250 
60,500000 -0,014532 
60,600000 -0,014416 
60,700000 -0,014458 
60,800000 -0,014189 
60,900000 -0,014062 
61,000000 -0,014082 
61,100000 -0,014002 
61,200000 -0,014091 
61,300000 -0,013746 
61,400000 -0,014328 
61,500000 -0,014531 
61,600000 -0,014275 
61,700000 -0,014242 
61,800000 -0,014245 
61,900000 -0,014314 
62,000000 -0,014349 
62,100000 -0,014214 
62,200000 -0,014286 
62,300000 -0,014350 
62,400000 -0,014421 
62,500000 -0,014387 
62,600000 -0,014636 
62,700000 -0,014193 
62,800000 -0,014405 
62,900000 -0,014193 
63,000000 -0,014193 
63,100000 -0,014319 
63,200000 -0,014440 
63,300000 -0,014248 
63,400000 -0,014115 
63,500000 -0,014243 
63,600000 -0,014262 
63,700000 -0,014214 
63,800000 -0,013986 
63,900000 -0,014264 
64,000000 -0,014634 
64,100000 -0,014480 
64,200000 -0,014446 
64,300000 -0,014321 
64,400000 -0,014252 
64,500000 -0,014278 
64,600000 -0,014293 
64,700000 -0,014271 
64,800000 -0,014455 
64,900000 -0,014323 
65,000000 -0,014096 
65,100000 -0,014060 
65,200000 -0,014457 
65,300000 -0,014576 
65,400000 -0,014398 
65,500000 -0,014334 
65,600000 -0,014293 
65,700000 -0,014513 
65,800000 -0,014264 
65,900000 -0,014448 
66,000000 -0,014594 
66,100000 -0,014292 
66,200000 -0,014383 
66,300000 -0,014580 
66,400000 -0,014807 
66,500000 -0,015042 
66,600000 -0,015019 
66,700000 -0,014682 
66,800000 -0,014327 
66,900000 -0,014486 
67,000000 -0,014302 
67,100000 -0,014299 
67,200000 -0,014579 
67,300000 -0,014562 
67,400000 -0,013987 
67,500000 -0,014149 
67,600000 -0,014323 
67,700000 -0,014345 
67,800000 -0,014281 
67,900000 -0,014022 
68,000000 -0,014187 
68,100000 -0,014413 
68,200000 -0,014135 
68,300000 -0,014503 
68,400000 -0,014084 
68,500000 -0,014182 
68,600000 -0,014146 
68,700000 -0,014323 
68,800000 -0,014341 
68,900000 -0,014393 
69,000000 -0,014448 
69,100000 -0,014553 
69,200000 -0,014598 
69,300000 -0,014787 
69,400000 -0,015541 
69,500000 -0,015951 
69,600000 -0,016126 
69,700000 -0,016191 
69,800000 -0,015708 
69,900000 -0,015038 
70,000000 -0,014401 
70,100000 -0,014785 
70,200000 -0,014604 
70,300000 -0,014531 
70,400000 -0,014617 
70,500000 -0,014536 
70,600000 -0,014436 
70,700000 -0,014277 
70,800000 -0,014339 
70,900000 -0,014324 
71,000000 -0,014000 
71,100000 -0,013793 
71,200000 -0,014226 
71,300000 -0,014344 
71,400000 -0,014511 
71,500000 -0,014100 
71,600000 -0,013954 
71,700000 -0,014136 
71,800000 -0,014238 
71,900000 -0,014275 
72,000000 -0,014345 
72,100000 -0,014198 
72,200000 -0,014214 
72,300000 -0,014442 
72,400000 -0,014196 
72,500000 -0,014349 
72,600000 -0,014192 
72,700000 -0,014156 
72,800000 -0,013915 
72,900000 -0,014055 
73,000000 -0,014385 
73,100000 -0,014176 
73,200000 -0,014263 
73,300000 -0,014294 
73,400000 -0,014178 
73,500000 -0,014284 
73,600000 -0,014290 
73,700000 -0,014320 
73,800000 -0,014347 
73,900000 -0,014270 
74,000000 -0,014216 
74,100000 -0,014124 
74,200000 -0,014114 
74,300000 -0,014351 
74,400000 -0,014520 
74,500000 -0,014538 
74,600000 -0,014589 
74,700000 -0,014439 
74,800000 -0,014404 
74,900000 -0,014327 
75,000000 -0,014219 
75,100000 -0,014357 
75,200000 -0,014383 
75,300000 -0,014066 
75,400000 -0,014338 
75,500000 -0,014231 
75,600000 -0,014123 
75,700000 -0,014305 
75,800000 -0,014152 
75,900000 -0,014270 
76,000000 -0,014316 
76,100000 -0,014028 
76,200000 -0,014214 
76,300000 -0,014338 
76,400000 -0,014404 
76,500000 -0,014198 
76,600000 -0,014437 
76,700000 -0,014210 
76,800000 -0,014484 
76,900000 -0,014273 
77,000000 -0,014206 
77,100000 -0,014058 
77,200000 -0,014349 
77,300000 -0,014229 
77,400000 -0,014134 
77,500000 -0,014174 
77,600000 -0,014417 
77,700000 -0,014388 
77,800000 -0,014230 
77,900000 -0,014103 
78,000000 -0,014200 
78,100000 -0,014249 
78,200000 -0,014322 
78,300000 -0,014198 
78,400000 -0,014460 
78,500000 -0,014119 
78,600000 -0,014184 
78,700000 -0,014464 
78,800000 -0,014276 
78,900000 -0,014297 
79,000000 -0,014382 
79,100000 -0,013976 
79,200000 -0,014153 
79,300000 -0,014259 
79,400000 -0,014121 
79,500000 -0,014167 
79,600000 -0,014291 
79,700000 -0,014035 
79,800000 -0,014134 
79,900000 -0,014152 
80,000000 -0,014347 
80,100000 -0,014226 
80,200000 -0,014300 
80,300000 -0,014253 
80,400000 -0,013718 
80,500000 -0,013993 
80,600000 -0,014217 
80,700000 -0,014364 
80,800000 -0,014033 
80,900000 -0,014084 
81,000000 -0,014471 
81,100000 -0,014034 
81,200000 -0,014359 
81,300000 -0,014474 
81,400000 -0,014161 
81,500000 -0,014851 
81,600000 -0,014393 
81,700000 -0,014355 
81,800000 -0,014393 
81,900000 -0,014257 
82,000000 -0,014145 
82,100000 -0,014038 
82,200000 -0,014284 
82,300000 -0,014384 
82,400000 -0,014361 
82,500000 -0,014220 
82,600000 -0,014372 
82,700000 -0,014114 
82,800000 -0,014384 
82,900000 -0,014373 
83,000000 -0,014118 
83,100000 -0,014042 
83,200000 -0,014160 
83,300000 -0,014120 
83,400000 -0,014331 
83,500000 -0,014427 
83,600000 -0,014325 
83,700000 -0,014140 
83,800000 -0,014031 
83,900000 -0,013956 
84,000000 -0,014038 
84,100000 -0,014256 
84,200000 -0,014164 
84,300000 -0,014169 
84,400000 -0,014201 
84,500000 -0,014093 
84,600000 -0,014139 
84,700000 -0,014326 
84,800000 -0,014200 
84,900000 -0,014226 
85,000000 -0,014196 
85,100000 -0,014196 
85,200000 -0,014256 
85,300000 -0,014388 
85,400000 -0,014148 
85,500000 -0,014341 
85,600000 -0,014178 
85,700000 -0,013910 
85,800000 -0,014324 
85,900000 -0,014251 
86,000000 -0,014297 
86,100000 -0,014094 
86,200000 -0,014429 
86,300000 -0,014285 
86,400000 -0,014231 
86,500000 -0,014344 
86,600000 -0,014230 
86,700000 -0,014331 
86,800000 -0,014196 
86,900000 -0,014327 
87,000000 -0,014146 
87,100000 -0,014325 
87,200000 -0,014132 
87,300000 -0,014111 
87,400000 -0,014363 
87,500000 -0,014286 
87,600000 -0,014159 
87,700000 -0,014478 
87,800000 -0,014191 
87,900000 -0,014589 
88,000000 -0,014498 
88,100000 -0,014344 
88,200000 -0,014265 
88,300000 -0,013966 
88,400000 -0,013997 
88,500000 -0,014323 
88,600000 -0,014296 
88,700000 -0,014379 
88,800000 -0,014461 
88,900000 -0,014467 
89,000000 -0,014426 
89,100000 -0,014223 
89,200000 -0,014353 
89,300000 -0,014220 
89,400000 -0,014380 
89,500000 -0,014287 
89,600000 -0,014134 
89,700000 -0,014319 
89,800000 -0,014485 
89,900000 -0,014340 
90,000000 -0,014236 
90,100000 -0,014099 
90,200000 -0,014230 
90,300000 -0,014029 
90,400000 -0,014370 
90,500000 -0,014223 
90,600000 -0,014391 
90,700000 -0,014014 
90,800000 -0,014152 
90,900000 -0,014278 
91,000000 -0,014234 
91,100000 -0,014483 
91,200000 -0,014210 
91,300000 -0,014200 
91,400000 -0,014100 
91,500000 -0,014197 
91,600000 -0,014333 
91,700000 -0,014155 
91,800000 -0,014268 
91,900000 -0,014079 
92,000000 -0,014133 
92,100000 -0,014199 
92,200000 -0,014398 
92,300000 -0,014026 
92,400000 -0,014131 
92,500000 -0,014364 
92,600000 -0,014762 
92,700000 -0,014543 
92,800000 -0,014386 
92,900000 -0,014238 
93,000000 -0,014116 
93,100000 -0,014236 
93,200000 -0,014233 
93,300000 -0,014211 
93,400000 -0,014125 
93,500000 -0,014198 
93,600000 -0,013921 
93,700000 -0,014243 
93,800000 -0,014271 
93,900000 -0,014309 
94,000000 -0,014162 
94,100000 -0,014221 
94,200000 -0,014056 
94,300000 -0,014156 
94,400000 -0,014454 
94,500000 -0,014386 
94,600000 -0,014438 
94,700000 -0,014450 
94,800000 -0,014561 
94,900000 -0,014478 
95,000000 -0,014470 
95,100000 -0,014274 
95,200000 -0,014505 
95,300000 -0,014141 
95,400000 -0,014210 
95,500000 -0,014369 
95,600000 -0,014106 
95,700000 -0,014420 
95,800000 -0,014179 
95,900000 -0,014270 
96,000000 -0,014298 
96,100000 -0,014372 
96,200000 -0,014036 
96,300000 -0,014226 
96,400000 -0,014090 
96,500000 -0,014277 
96,600000 -0,014274 
96,700000 -0,014459 
96,800000 -0,014129 
96,900000 -0,014107 
97,000000 -0,014133 
97,100000 -0,014416 
97,200000 -0,014334 
97,300000 -0,014349 
97,400000 -0,014383 
97,500000 -0,014356 
97,600000 -0,014173 
97,700000 -0,014144 
97,800000 -0,014079 
97,900000 -0,014445 
98,000000 -0,014484 
98,100000 -0,014117 
98,200000 -0,014252 
98,300000 -0,014317 
98,400000 -0,014334 
98,500000 -0,014260 
98,600000 -0,014071 
98,700000 -0,013975 
98,800000 -0,014055 
98,900000 -0,014218 
99,000000 -0,014178 
99,100000 -0,014667 
99,200000 -0,014332 
99,300000 -0,014076 
99,400000 -0,014145 
99,500000 -0,014659 
99,600000 -0,014035 
99,700000 -0,014119 
99,800000 -0,014381 
99,900000 -0,014109 
100,000000 -0,013986 
