0,000000 -0,117841 
0,100000 -0,085816 
0,200000 -0,068829 
0,300000 -0,060348 
0,400000 -0,054339 
0,500000 -0,051615 
0,600000 -0,050563 
0,700000 -0,048779 
0,800000 -0,048208 
0,900000 -0,047793 
1,000000 -0,047350 
1,100000 -0,046971 
1,200000 -0,047050 
1,300000 -0,047365 
1,400000 -0,047137 
1,500000 -0,046767 
1,600000 -0,046830 
1,700000 -0,047297 
1,800000 -0,046904 
1,900000 -0,042617 
2,000000 -0,033029 
2,100000 -0,028406 
2,200000 -0,024385 
2,300000 -0,021445 
2,400000 -0,019368 
2,500000 -0,017863 
2,600000 -0,017321 
2,700000 -0,017943 
2,800000 -0,022470 
2,900000 -0,032708 
3,000000 -0,038411 
3,100000 -0,032010 
3,200000 -0,024947 
3,300000 -0,020824 
3,400000 -0,018341 
3,500000 -0,017327 
3,600000 -0,016061 
3,700000 -0,015874 
3,800000 -0,015842 
3,900000 -0,015433 
4,000000 -0,015485 
4,100000 -0,015079 
4,200000 -0,014961 
4,300000 -0,014974 
4,400000 -0,015098 
4,500000 -0,015112 
4,600000 -0,014931 
4,700000 -0,014531 
4,800000 -0,014736 
4,900000 -0,014987 
5,000000 -0,014956 
5,100000 -0,014996 
5,200000 -0,014970 
5,300000 -0,014871 
5,400000 -0,014761 
5,500000 -0,014718 
5,600000 -0,014606 
5,700000 -0,014677 
5,800000 -0,014589 
5,900000 -0,014759 
6,000000 -0,015047 
6,100000 -0,014734 
6,200000 -0,014826 
6,300000 -0,014659 
6,400000 -0,014853 
6,500000 -0,014844 
6,600000 -0,015047 
6,700000 -0,015205 
6,800000 -0,015165 
6,900000 -0,015014 
7,000000 -0,014841 
7,100000 -0,014965 
7,200000 -0,014822 
7,300000 -0,015016 
7,400000 -0,014992 
7,500000 -0,014710 
7,600000 -0,015009 
7,700000 -0,014769 
7,800000 -0,014699 
7,900000 -0,014971 
8,000000 -0,014939 
8,100000 -0,014714 
8,200000 -0,014974 
8,300000 -0,015005 
8,400000 -0,014824 
8,500000 -0,014684 
8,600000 -0,014943 
8,700000 -0,015065 
8,800000 -0,015107 
8,900000 -0,015035 
9,000000 -0,014904 
9,100000 -0,014651 
9,200000 -0,014875 
9,300000 -0,014751 
9,400000 -0,014881 
9,500000 -0,015012 
9,600000 -0,014579 
9,700000 -0,014973 
9,800000 -0,015210 
9,900000 -0,014730 
10,000000 -0,014593 
10,100000 -0,014782 
10,200000 -0,014705 
10,300000 -0,014534 
10,400000 -0,014825 
10,500000 -0,014860 
10,600000 -0,014569 
10,700000 -0,014785 
10,800000 -0,014758 
10,900000 -0,014621 
11,000000 -0,015032 
11,100000 -0,014766 
11,200000 -0,014706 
11,300000 -0,014904 
11,400000 -0,014747 
11,500000 -0,014750 
11,600000 -0,014850 
11,700000 -0,014539 
11,800000 -0,014903 
11,900000 -0,014812 
12,000000 -0,015217 
12,100000 -0,015818 
12,200000 -0,017336 
12,300000 -0,019699 
12,400000 -0,021416 
12,500000 -0,021674 
12,600000 -0,021255 
12,700000 -0,018953 
12,800000 -0,017363 
12,900000 -0,016385 
13,000000 -0,016079 
13,100000 -0,016548 
13,200000 -0,018218 
13,300000 -0,021021 
13,400000 -0,021913 
13,500000 -0,022356 
13,600000 -0,021851 
13,700000 -0,020167 
13,800000 -0,018252 
13,900000 -0,017625 
14,000000 -0,017990 
14,100000 -0,023569 
14,200000 -0,034028 
14,300000 -0,044192 
14,400000 -0,049226 
14,500000 -0,050223 
14,600000 -0,045836 
14,700000 -0,035371 
14,800000 -0,027665 
14,900000 -0,024510 
15,000000 -0,026411 
15,100000 -0,046873 
15,200000 -0,083214 
15,300000 -0,115589 
15,400000 -0,132030 
15,500000 -0,133015 
15,600000 -0,118007 
15,700000 -0,081255 
15,800000 -0,053271 
15,900000 -0,038424 
16,000000 -0,032997 
16,100000 -0,040552 
16,200000 -0,055507 
16,300000 -0,067770 
16,400000 -0,073083 
16,500000 -0,072277 
16,600000 -0,062991 
16,700000 -0,046762 
16,800000 -0,034503 
16,900000 -0,028225 
17,000000 -0,031146 
17,100000 -0,047823 
17,200000 -0,067345 
17,300000 -0,080913 
17,400000 -0,085080 
17,500000 -0,082424 
17,600000 -0,067077 
17,700000 -0,048990 
17,800000 -0,038177 
17,900000 -0,037854 
18,000000 -0,067139 
18,100000 -0,144343 
18,200000 -0,228446 
18,300000 -0,282611 
18,400000 -0,304687 
18,500000 -0,281430 
18,600000 -0,207785 
18,700000 -0,129520 
18,800000 -0,078381 
18,900000 -0,051933 
19,000000 -0,037982 
19,100000 -0,029957 
19,200000 -0,025485 
19,300000 -0,022650 
19,400000 -0,021312 
19,500000 -0,020112 
19,600000 -0,018839 
19,700000 -0,018342 
19,800000 -0,018087 
19,900000 -0,020177 
20,000000 -0,027332 
20,100000 -0,037652 
20,200000 -0,045596 
20,300000 -0,050528 
20,400000 -0,051224 
20,500000 -0,047556 
20,600000 -0,037949 
20,700000 -0,028556 
20,800000 -0,023052 
20,900000 -0,019960 
21,000000 -0,017736 
21,100000 -0,017132 
21,200000 -0,016682 
21,300000 -0,016297 
21,400000 -0,015921 
21,500000 -0,015494 
21,600000 -0,015630 
21,700000 -0,015314 
21,800000 -0,015139 
21,900000 -0,015236 
22,000000 -0,015049 
22,100000 -0,015557 
22,200000 -0,015831 
22,300000 -0,015739 
22,400000 -0,016140 
22,500000 -0,015820 
22,600000 -0,015408 
22,700000 -0,015185 
22,800000 -0,015218 
22,900000 -0,014930 
23,000000 -0,015091 
23,100000 -0,014976 
23,200000 -0,014865 
23,300000 -0,014855 
23,400000 -0,014726 
23,500000 -0,014405 
23,600000 -0,014444 
23,700000 -0,014302 
23,800000 -0,014844 
23,900000 -0,014868 
24,000000 -0,016002 
24,100000 -0,016639 
24,200000 -0,016492 
24,300000 -0,016916 
24,400000 -0,016722 
24,500000 -0,016628 
24,600000 -0,016424 
24,700000 -0,015798 
24,800000 -0,015350 
24,900000 -0,016090 
25,000000 -0,017364 
25,100000 -0,019737 
25,200000 -0,021421 
25,300000 -0,021971 
25,400000 -0,022121 
25,500000 -0,022105 
25,600000 -0,020183 
25,700000 -0,017827 
25,800000 -0,017320 
25,900000 -0,019954 
26,000000 -0,028299 
26,100000 -0,037925 
26,200000 -0,045180 
26,300000 -0,048695 
26,400000 -0,050449 
26,500000 -0,048230 
26,600000 -0,039051 
26,700000 -0,029454 
26,800000 -0,024592 
26,900000 -0,024242 
27,000000 -0,030603 
27,100000 -0,039782 
27,200000 -0,046371 
27,300000 -0,050603 
27,400000 -0,051414 
27,500000 -0,050711 
27,600000 -0,043364 
27,700000 -0,037618 
27,800000 -0,044469 
27,900000 -0,094638 
28,000000 -0,204972 
28,100000 -0,321659 
28,200000 -0,401593 
28,300000 -0,436769 
28,400000 -0,431105 
28,500000 -0,390817 
28,600000 -0,256362 
28,700000 -0,139992 
28,800000 -0,086124 
28,900000 -0,059398 
29,000000 -0,049909 
29,100000 -0,046353 
29,200000 -0,045802 
29,300000 -0,045456 
29,400000 -0,043119 
29,500000 -0,040751 
29,600000 -0,036036 
29,700000 -0,028770 
29,800000 -0,022845 
29,900000 -0,021841 
30,000000 -0,022568 
30,100000 -0,024717 
30,200000 -0,026134 
30,300000 -0,026820 
30,400000 -0,026735 
30,500000 -0,026321 
30,600000 -0,023712 
30,700000 -0,020399 
30,800000 -0,017873 
30,900000 -0,017140 
31,000000 -0,017229 
31,100000 -0,017385 
31,200000 -0,018002 
31,300000 -0,018052 
31,400000 -0,018215 
31,500000 -0,018240 
31,600000 -0,017675 
31,700000 -0,017226 
31,800000 -0,017065 
31,900000 -0,020715 
32,000000 -0,026491 
32,100000 -0,031883 
32,200000 -0,035529 
32,300000 -0,037375 
32,400000 -0,037237 
32,500000 -0,035947 
32,600000 -0,030708 
32,700000 -0,024917 
32,800000 -0,020655 
32,900000 -0,017981 
33,000000 -0,017035 
33,100000 -0,016717 
33,200000 -0,016288 
33,300000 -0,016308 
33,400000 -0,015784 
33,500000 -0,015645 
33,600000 -0,015264 
33,700000 -0,015340 
33,800000 -0,015193 
33,900000 -0,015271 
34,000000 -0,014698 
34,100000 -0,015693 
34,200000 -0,015699 
34,300000 -0,015528 
34,400000 -0,015632 
34,500000 -0,015410 
34,600000 -0,015560 
34,700000 -0,014907 
34,800000 -0,014929 
34,900000 -0,015059 
35,000000 -0,014403 
35,100000 -0,014448 
35,200000 -0,014605 
35,300000 -0,014442 
35,400000 -0,014525 
35,500000 -0,014438 
35,600000 -0,014390 
35,700000 -0,014025 
35,800000 -0,014424 
35,900000 -0,014891 
36,000000 -0,015784 
36,100000 -0,016397 
36,200000 -0,016764 
36,300000 -0,017006 
36,400000 -0,016793 
36,500000 -0,016674 
36,600000 -0,016401 
36,700000 -0,016203 
36,800000 -0,016160 
36,900000 -0,016260 
37,000000 -0,017029 
37,100000 -0,018528 
37,200000 -0,020025 
37,300000 -0,020737 
37,400000 -0,021030 
37,500000 -0,020669 
37,600000 -0,019400 
37,700000 -0,017805 
37,800000 -0,016920 
37,900000 -0,016924 
38,000000 -0,017960 
38,100000 -0,019928 
38,200000 -0,021132 
38,300000 -0,021865 
38,400000 -0,021932 
38,500000 -0,021876 
38,600000 -0,021274 
38,700000 -0,018874 
38,800000 -0,017473 
38,900000 -0,017616 
39,000000 -0,021424 
39,100000 -0,025601 
39,200000 -0,028077 
39,300000 -0,030705 
39,400000 -0,031504 
39,500000 -0,031461 
39,600000 -0,030224 
39,700000 -0,026634 
39,800000 -0,025739 
39,900000 -0,045817 
40,000000 -0,078990 
40,100000 -0,109444 
40,200000 -0,131254 
40,300000 -0,141222 
40,400000 -0,138538 
40,500000 -0,128154 
40,600000 -0,099305 
40,700000 -0,066534 
40,800000 -0,044547 
40,900000 -0,034014 
41,000000 -0,030249 
41,100000 -0,030640 
41,200000 -0,031458 
41,300000 -0,031710 
41,400000 -0,031754 
41,500000 -0,031090 
41,600000 -0,028856 
41,700000 -0,024835 
41,800000 -0,021548 
41,900000 -0,021197 
42,000000 -0,025339 
42,100000 -0,031120 
42,200000 -0,035996 
42,300000 -0,039740 
42,400000 -0,041090 
42,500000 -0,040885 
42,600000 -0,038210 
42,700000 -0,032423 
42,800000 -0,029400 
42,900000 -0,041034 
43,000000 -0,091538 
43,100000 -0,156088 
43,200000 -0,210236 
43,300000 -0,242684 
43,400000 -0,257583 
43,500000 -0,246958 
43,600000 -0,219741 
43,700000 -0,150542 
43,800000 -0,090375 
43,900000 -0,061115 
44,000000 -0,051649 
44,100000 -0,050719 
44,200000 -0,051559 
44,300000 -0,052573 
44,400000 -0,051135 
44,500000 -0,048960 
44,600000 -0,043817 
44,700000 -0,033639 
44,800000 -0,025636 
44,900000 -0,021213 
45,000000 -0,018747 
45,100000 -0,017822 
45,200000 -0,017277 
45,300000 -0,017040 
45,400000 -0,016979 
45,500000 -0,016709 
45,600000 -0,016462 
45,700000 -0,016164 
45,800000 -0,015865 
45,900000 -0,015597 
46,000000 -0,015248 
46,100000 -0,014936 
46,200000 -0,015132 
46,300000 -0,015237 
46,400000 -0,015035 
46,500000 -0,015043 
46,600000 -0,015050 
46,700000 -0,015295 
46,800000 -0,015097 
46,900000 -0,014851 
47,000000 -0,015056 
47,100000 -0,015774 
47,200000 -0,016454 
47,300000 -0,016426 
47,400000 -0,016405 
47,500000 -0,016419 
47,600000 -0,016517 
47,700000 -0,016124 
47,800000 -0,015365 
47,900000 -0,014896 
48,000000 -0,014978 
48,100000 -0,014948 
48,200000 -0,015074 
48,300000 -0,015096 
48,400000 -0,014879 
48,500000 -0,014735 
48,600000 -0,015019 
48,700000 -0,014944 
48,800000 -0,014226 
48,900000 -0,014237 
49,000000 -0,013943 
49,100000 -0,014151 
49,200000 -0,014159 
49,300000 -0,014050 
49,400000 -0,014245 
49,500000 -0,014418 
49,600000 -0,014188 
49,700000 -0,014982 
49,800000 -0,014274 
49,900000 -0,014044 
50,000000 -0,014710 
50,100000 -0,014659 
50,200000 -0,015200 
50,300000 -0,015352 
50,400000 -0,015310 
50,500000 -0,015744 
50,600000 -0,015244 
50,700000 -0,014933 
50,800000 -0,014656 
50,900000 -0,014455 
51,000000 -0,014243 
51,100000 -0,014468 
51,200000 -0,014504 
51,300000 -0,015469 
51,400000 -0,015433 
51,500000 -0,015373 
51,600000 -0,015149 
51,700000 -0,014847 
51,800000 -0,015058 
51,900000 -0,014416 
52,000000 -0,014595 
52,100000 -0,014663 
52,200000 -0,014721 
52,300000 -0,015020 
52,400000 -0,014921 
52,500000 -0,015075 
52,600000 -0,014750 
52,700000 -0,014420 
52,800000 -0,014355 
52,900000 -0,014100 
53,000000 -0,014348 
53,100000 -0,014770 
53,200000 -0,014860 
53,300000 -0,015147 
53,400000 -0,015762 
53,500000 -0,015738 
53,600000 -0,015581 
53,700000 -0,014919 
53,800000 -0,014535 
53,900000 -0,014686 
54,000000 -0,014235 
54,100000 -0,014465 
54,200000 -0,014689 
54,300000 -0,014546 
54,400000 -0,014636 
54,500000 -0,014485 
54,600000 -0,014577 
54,700000 -0,014861 
54,800000 -0,014445 
54,900000 -0,014136 
55,000000 -0,014286 
55,100000 -0,014279 
55,200000 -0,014908 
55,300000 -0,015147 
55,400000 -0,015309 
55,500000 -0,015489 
55,600000 -0,015775 
55,700000 -0,015344 
55,800000 -0,014569 
55,900000 -0,014395 
56,000000 -0,014575 
56,100000 -0,014530 
56,200000 -0,014449 
56,300000 -0,014897 
56,400000 -0,014917 
56,500000 -0,014768 
56,600000 -0,014858 
56,700000 -0,015150 
56,800000 -0,014489 
56,900000 -0,014555 
57,000000 -0,014310 
57,100000 -0,014606 
57,200000 -0,014954 
57,300000 -0,016206 
57,400000 -0,016664 
57,500000 -0,016660 
57,600000 -0,016593 
57,700000 -0,016531 
57,800000 -0,016247 
57,900000 -0,016128 
58,000000 -0,016910 
58,100000 -0,020225 
58,200000 -0,037137 
58,300000 -0,056827 
58,400000 -0,071492 
58,500000 -0,077809 
58,600000 -0,078065 
58,700000 -0,070711 
58,800000 -0,052882 
58,900000 -0,036008 
59,000000 -0,026915 
59,100000 -0,022059 
59,200000 -0,019333 
59,300000 -0,018298 
59,400000 -0,018074 
59,500000 -0,017733 
59,600000 -0,017397 
59,700000 -0,016984 
59,800000 -0,016383 
59,900000 -0,016108 
60,000000 -0,015386 
60,100000 -0,015209 
60,200000 -0,014984 
60,300000 -0,014786 
60,400000 -0,014961 
60,500000 -0,014801 
60,600000 -0,015071 
60,700000 -0,014897 
60,800000 -0,014881 
60,900000 -0,014707 
61,000000 -0,014593 
61,100000 -0,014566 
61,200000 -0,014531 
61,300000 -0,014483 
61,400000 -0,014272 
61,500000 -0,014399 
61,600000 -0,014372 
61,700000 -0,014521 
61,800000 -0,014507 
61,900000 -0,014308 
62,000000 -0,014512 
62,100000 -0,014359 
62,200000 -0,014387 
62,300000 -0,014441 
62,400000 -0,014496 
62,500000 -0,014472 
62,600000 -0,014269 
62,700000 -0,014556 
62,800000 -0,014599 
62,900000 -0,014626 
63,000000 -0,014667 
63,100000 -0,014677 
63,200000 -0,014237 
63,300000 -0,014336 
63,400000 -0,014088 
63,500000 -0,014182 
63,600000 -0,014390 
63,700000 -0,014444 
63,800000 -0,014381 
63,900000 -0,014197 
64,000000 -0,014602 
64,100000 -0,014247 
64,200000 -0,014347 
64,300000 -0,014428 
64,400000 -0,014316 
64,500000 -0,014425 
64,600000 -0,014547 
64,700000 -0,014803 
64,800000 -0,014482 
64,900000 -0,014342 
65,000000 -0,014658 
65,100000 -0,014506 
65,200000 -0,014378 
65,300000 -0,014301 
65,400000 -0,014294 
65,500000 -0,014508 
65,600000 -0,014596 
65,700000 -0,014181 
65,800000 -0,014696 
65,900000 -0,014485 
66,000000 -0,014607 
66,100000 -0,014143 
66,200000 -0,014456 
66,300000 -0,014459 
66,400000 -0,014891 
66,500000 -0,015202 
66,600000 -0,015069 
66,700000 -0,014587 
66,800000 -0,014814 
66,900000 -0,014422 
67,000000 -0,014592 
67,100000 -0,014419 
67,200000 -0,014338 
67,300000 -0,014273 
67,400000 -0,014103 
67,500000 -0,014383 
67,600000 -0,014110 
67,700000 -0,014242 
67,800000 -0,014626 
67,900000 -0,014617 
68,000000 -0,014539 
68,100000 -0,014582 
68,200000 -0,014408 
68,300000 -0,014559 
68,400000 -0,014847 
68,500000 -0,014294 
68,600000 -0,014365 
68,700000 -0,014422 
68,800000 -0,014506 
68,900000 -0,014509 
69,000000 -0,014400 
69,100000 -0,014333 
69,200000 -0,014506 
69,300000 -0,015188 
69,400000 -0,016427 
69,500000 -0,016774 
69,600000 -0,016814 
69,700000 -0,016817 
69,800000 -0,016195 
69,900000 -0,015611 
70,000000 -0,015311 
70,100000 -0,014875 
70,200000 -0,014726 
70,300000 -0,014737 
70,400000 -0,014610 
70,500000 -0,014297 
70,600000 -0,014459 
70,700000 -0,014209 
70,800000 -0,014569 
70,900000 -0,014389 
71,000000 -0,014485 
71,100000 -0,014478 
71,200000 -0,013998 
71,300000 -0,014360 
71,400000 -0,014417 
71,500000 -0,014514 
71,600000 -0,014407 
71,700000 -0,014406 
71,800000 -0,013945 
71,900000 -0,014118 
72,000000 -0,014215 
72,100000 -0,014252 
72,200000 -0,014322 
72,300000 -0,014214 
72,400000 -0,014239 
72,500000 -0,014448 
72,600000 -0,014461 
72,700000 -0,014397 
72,800000 -0,014496 
72,900000 -0,014531 
73,000000 -0,014256 
73,100000 -0,014344 
73,200000 -0,014125 
73,300000 -0,014186 
73,400000 -0,014510 
73,500000 -0,014429 
73,600000 -0,014097 
73,700000 -0,014422 
73,800000 -0,014280 
73,900000 -0,014314 
74,000000 -0,014322 
74,100000 -0,014383 
74,200000 -0,014165 
74,300000 -0,014392 
74,400000 -0,014094 
74,500000 -0,014027 
74,600000 -0,014155 
74,700000 -0,014375 
74,800000 -0,014382 
74,900000 -0,014272 
75,000000 -0,014131 
75,100000 -0,014277 
75,200000 -0,014315 
75,300000 -0,014162 
75,400000 -0,014512 
75,500000 -0,014520 
75,600000 -0,014313 
75,700000 -0,014467 
75,800000 -0,014411 
75,900000 -0,014208 
76,000000 -0,014388 
76,100000 -0,014404 
76,200000 -0,014473 
76,300000 -0,014009 
76,400000 -0,014216 
76,500000 -0,014072 
76,600000 -0,014050 
76,700000 -0,014331 
76,800000 -0,014535 
76,900000 -0,014218 
77,000000 -0,014149 
77,100000 -0,014242 
77,200000 -0,014270 
77,300000 -0,014433 
77,400000 -0,014454 
77,500000 -0,014208 
77,600000 -0,014016 
77,700000 -0,014248 
77,800000 -0,014500 
77,900000 -0,014457 
78,000000 -0,014373 
78,100000 -0,014451 
78,200000 -0,014206 
78,300000 -0,014280 
78,400000 -0,014320 
78,500000 -0,014367 
78,600000 -0,014031 
78,700000 -0,014472 
78,800000 -0,014219 
78,900000 -0,014345 
79,000000 -0,014498 
79,100000 -0,014297 
79,200000 -0,014286 
79,300000 -0,014501 
79,400000 -0,014298 
79,500000 -0,014331 
79,600000 -0,014579 
79,700000 -0,014404 
79,800000 -0,014290 
79,900000 -0,014302 
80,000000 -0,014366 
80,100000 -0,014401 
80,200000 -0,014344 
80,300000 -0,014367 
80,400000 -0,014393 
80,500000 -0,014263 
80,600000 -0,014039 
80,700000 -0,014407 
80,800000 -0,014402 
80,900000 -0,014538 
81,000000 -0,014193 
81,100000 -0,014556 
81,200000 -0,014291 
81,300000 -0,014409 
81,400000 -0,014316 
81,500000 -0,014135 
81,600000 -0,014402 
81,700000 -0,014397 
81,800000 -0,014676 
81,900000 -0,014396 
82,000000 -0,014469 
82,100000 -0,014416 
82,200000 -0,014525 
82,300000 -0,014168 
82,400000 -0,014666 
82,500000 -0,014595 
82,600000 -0,014412 
82,700000 -0,014490 
82,800000 -0,014058 
82,900000 -0,014441 
83,000000 -0,014235 
83,100000 -0,014270 
83,200000 -0,014348 
83,300000 -0,014358 
83,400000 -0,014264 
83,500000 -0,014429 
83,600000 -0,014297 
83,700000 -0,014383 
83,800000 -0,014082 
83,900000 -0,014316 
84,000000 -0,014066 
84,100000 -0,014350 
84,200000 -0,014192 
84,300000 -0,014434 
84,400000 -0,013899 
84,500000 -0,014488 
84,600000 -0,014421 
84,700000 -0,014074 
84,800000 -0,014118 
84,900000 -0,014399 
85,000000 -0,014260 
85,100000 -0,014267 
85,200000 -0,014305 
85,300000 -0,014342 
85,400000 -0,014430 
85,500000 -0,013705 
85,600000 -0,014245 
85,700000 -0,014233 
85,800000 -0,014097 
85,900000 -0,014175 
86,000000 -0,014093 
86,100000 -0,014219 
86,200000 -0,014265 
86,300000 -0,014159 
86,400000 -0,014038 
86,500000 -0,014032 
86,600000 -0,014010 
86,700000 -0,013847 
86,800000 -0,014134 
86,900000 -0,014325 
87,000000 -0,013904 
87,100000 -0,014145 
87,200000 -0,013910 
87,300000 -0,014216 
87,400000 -0,014117 
87,500000 -0,014262 
87,600000 -0,014365 
87,700000 -0,014011 
87,800000 -0,013891 
87,900000 -0,013903 
88,000000 -0,014001 
88,100000 -0,014079 
88,200000 -0,013991 
88,300000 -0,014171 
88,400000 -0,014104 
88,500000 -0,013720 
88,600000 -0,014138 
88,700000 -0,014029 
88,800000 -0,014186 
88,900000 -0,014026 
89,000000 -0,013872 
89,100000 -0,013896 
89,200000 -0,013932 
89,300000 -0,014294 
89,400000 -0,014167 
89,500000 -0,014093 
89,600000 -0,014057 
89,700000 -0,013887 
89,800000 -0,013843 
89,900000 -0,014437 
90,000000 -0,014285 
90,100000 -0,014336 
90,200000 -0,014181 
90,300000 -0,014338 
90,400000 -0,014276 
90,500000 -0,014048 
90,600000 -0,014393 
90,700000 -0,014438 
90,800000 -0,014117 
90,900000 -0,014093 
91,000000 -0,014302 
91,100000 -0,014600 
91,200000 -0,014203 
91,300000 -0,014128 
91,400000 -0,014242 
91,500000 -0,014155 
91,600000 -0,014024 
91,700000 -0,014589 
91,800000 -0,014014 
91,900000 -0,014150 
92,000000 -0,014152 
92,100000 -0,014266 
92,200000 -0,014438 
92,300000 -0,013956 
92,400000 -0,014284 
92,500000 -0,014030 
92,600000 -0,013986 
92,700000 -0,013936 
92,800000 -0,013905 
92,900000 -0,014191 
93,000000 -0,014111 
93,100000 -0,014201 
93,200000 -0,014039 
93,300000 -0,014184 
93,400000 -0,014189 
93,500000 -0,013890 
93,600000 -0,014010 
93,700000 -0,014144 
93,800000 -0,014370 
93,900000 -0,014608 
94,000000 -0,014062 
94,100000 -0,014299 
94,200000 -0,014012 
94,300000 -0,014001 
94,400000 -0,014235 
94,500000 -0,014059 
94,600000 -0,014017 
94,700000 -0,013996 
94,800000 -0,013980 
94,900000 -0,014094 
95,000000 -0,014342 
95,100000 -0,013913 
95,200000 -0,014203 
95,300000 -0,014242 
95,400000 -0,014313 
95,500000 -0,014228 
95,600000 -0,014183 
95,700000 -0,014044 
95,800000 -0,014234 
95,900000 -0,013991 
96,000000 -0,014194 
96,100000 -0,014240 
96,200000 -0,014194 
96,300000 -0,014189 
96,400000 -0,013932 
96,500000 -0,013973 
96,600000 -0,014138 
96,700000 -0,014373 
96,800000 -0,014277 
96,900000 -0,014358 
97,000000 -0,014346 
97,100000 -0,014252 
97,200000 -0,014015 
97,300000 -0,014438 
97,400000 -0,014419 
97,500000 -0,014308 
97,600000 -0,014080 
97,700000 -0,014206 
97,800000 -0,014246 
97,900000 -0,014217 
98,000000 -0,014220 
98,100000 -0,014404 
98,200000 -0,014382 
98,300000 -0,014244 
98,400000 -0,014398 
98,500000 -0,014283 
98,600000 -0,014332 
98,700000 -0,014145 
98,800000 -0,013998 
98,900000 -0,014330 
99,000000 -0,013993 
99,100000 -0,014255 
99,200000 -0,014134 
99,300000 -0,014183 
99,400000 -0,014318 
99,500000 -0,013870 
99,600000 -0,014132 
99,700000 -0,014298 
99,800000 -0,014139 
99,900000 -0,014249 
100,000000 -0,014148 
