0,000000 -1,999783 
0,100000 -0,780931 
0,200000 -0,454491 
0,300000 -0,339530 
0,400000 -0,289004 
0,500000 -0,268702 
0,600000 -0,250736 
0,700000 -0,249319 
0,800000 -0,245642 
0,900000 -0,245523 
1,000000 -0,244503 
1,100000 -0,242587 
1,200000 -0,241960 
1,300000 -0,241915 
1,400000 -0,242998 
1,500000 -0,240999 
1,600000 -0,241290 
1,700000 -0,239618 
1,800000 -0,239814 
1,900000 -0,207641 
2,000000 -0,135641 
2,100000 -0,103914 
2,200000 -0,075522 
2,300000 -0,055129 
2,400000 -0,044430 
2,500000 -0,039296 
2,600000 -0,040416 
2,700000 -0,060133 
2,800000 -0,143212 
2,900000 -0,302229 
3,000000 -0,368792 
3,100000 -0,242853 
3,200000 -0,135110 
3,300000 -0,072801 
3,400000 -0,047345 
3,500000 -0,034465 
3,600000 -0,027248 
3,700000 -0,023281 
3,800000 -0,020745 
3,900000 -0,019689 
4,000000 -0,017678 
4,100000 -0,017274 
4,200000 -0,016552 
4,300000 -0,015956 
4,400000 -0,016129 
4,500000 -0,016147 
4,600000 -0,015889 
4,700000 -0,015794 
4,800000 -0,015772 
4,900000 -0,015569 
5,000000 -0,015954 
5,100000 -0,015293 
5,200000 -0,015118 
5,300000 -0,015414 
5,400000 -0,014836 
5,500000 -0,014989 
5,600000 -0,015095 
5,700000 -0,015164 
5,800000 -0,015230 
5,900000 -0,015106 
6,000000 -0,014874 
6,100000 -0,015387 
6,200000 -0,014869 
6,300000 -0,015051 
6,400000 -0,015501 
6,500000 -0,015353 
6,600000 -0,015448 
6,700000 -0,015454 
6,800000 -0,015264 
6,900000 -0,015635 
7,000000 -0,014907 
7,100000 -0,014819 
7,200000 -0,014943 
7,300000 -0,015214 
7,400000 -0,015480 
7,500000 -0,015844 
7,600000 -0,015849 
7,700000 -0,015887 
7,800000 -0,014991 
7,900000 -0,015018 
8,000000 -0,015059 
8,100000 -0,014830 
8,200000 -0,014892 
8,300000 -0,014871 
8,400000 -0,014841 
8,500000 -0,014934 
8,600000 -0,014809 
8,700000 -0,014895 
8,800000 -0,014802 
8,900000 -0,014907 
9,000000 -0,014937 
9,100000 -0,014956 
9,200000 -0,014615 
9,300000 -0,014586 
9,400000 -0,014574 
9,500000 -0,014588 
9,600000 -0,014626 
9,700000 -0,014522 
9,800000 -0,014662 
9,900000 -0,014366 
10,000000 -0,014506 
10,100000 -0,014469 
10,200000 -0,014322 
10,300000 -0,014462 
10,400000 -0,014639 
10,500000 -0,014719 
10,600000 -0,014605 
10,700000 -0,014433 
10,800000 -0,014383 
10,900000 -0,014468 
11,000000 -0,014795 
11,100000 -0,014696 
11,200000 -0,014775 
11,300000 -0,014645 
11,400000 -0,014725 
11,500000 -0,014513 
11,600000 -0,014840 
11,700000 -0,015004 
11,800000 -0,015259 
11,900000 -0,015600 
12,000000 -0,017595 
12,100000 -0,024275 
12,200000 -0,039252 
12,300000 -0,054229 
12,400000 -0,063083 
12,500000 -0,065760 
12,600000 -0,061205 
12,700000 -0,046456 
12,800000 -0,032822 
12,900000 -0,025721 
13,000000 -0,024148 
13,100000 -0,032022 
13,200000 -0,050124 
13,300000 -0,065763 
13,400000 -0,075073 
13,500000 -0,077247 
13,600000 -0,072861 
13,700000 -0,056946 
13,800000 -0,043754 
13,900000 -0,040828 
14,000000 -0,051802 
14,100000 -0,115861 
14,200000 -0,210825 
14,300000 -0,282479 
14,400000 -0,317395 
14,500000 -0,313900 
14,600000 -0,274408 
14,700000 -0,176648 
14,800000 -0,104340 
14,900000 -0,072436 
15,000000 -0,077609 
15,100000 -0,163280 
15,200000 -0,291504 
15,300000 -0,389275 
15,400000 -0,428729 
15,500000 -0,422546 
15,600000 -0,364302 
15,700000 -0,229628 
15,800000 -0,129549 
15,900000 -0,086450 
16,000000 -0,095656 
16,100000 -0,183927 
16,200000 -0,296264 
16,300000 -0,375200 
16,400000 -0,401455 
16,500000 -0,386543 
16,600000 -0,325674 
16,700000 -0,203055 
16,800000 -0,115519 
16,900000 -0,079162 
17,000000 -0,089895 
17,100000 -0,150173 
17,200000 -0,210721 
17,300000 -0,251921 
17,400000 -0,258851 
17,500000 -0,249645 
17,600000 -0,200587 
17,700000 -0,129545 
17,800000 -0,089097 
17,900000 -0,090354 
18,000000 -0,200259 
18,100000 -0,428921 
18,200000 -0,633467 
18,300000 -0,738185 
18,400000 -0,757694 
18,500000 -0,693835 
18,600000 -0,508270 
18,700000 -0,275383 
18,800000 -0,143221 
18,900000 -0,087377 
19,000000 -0,074471 
19,100000 -0,082819 
19,200000 -0,094855 
19,300000 -0,104260 
19,400000 -0,104132 
19,500000 -0,100270 
19,600000 -0,080382 
19,700000 -0,055115 
19,800000 -0,039080 
19,900000 -0,031636 
20,000000 -0,034500 
20,100000 -0,039329 
20,200000 -0,043838 
20,300000 -0,046128 
20,400000 -0,046046 
20,500000 -0,043025 
20,600000 -0,034907 
20,700000 -0,026718 
20,800000 -0,021723 
20,900000 -0,018991 
21,000000 -0,017864 
21,100000 -0,017062 
21,200000 -0,017062 
21,300000 -0,016874 
21,400000 -0,016709 
21,500000 -0,017525 
21,600000 -0,017740 
21,700000 -0,017305 
21,800000 -0,017371 
21,900000 -0,017571 
22,000000 -0,018331 
22,100000 -0,018980 
22,200000 -0,019201 
22,300000 -0,018881 
22,400000 -0,018636 
22,500000 -0,018071 
22,600000 -0,016967 
22,700000 -0,015502 
22,800000 -0,015183 
22,900000 -0,014949 
23,000000 -0,014525 
23,100000 -0,014519 
23,200000 -0,014360 
23,300000 -0,014439 
23,400000 -0,014424 
23,500000 -0,014337 
23,600000 -0,014351 
23,700000 -0,014838 
23,800000 -0,015682 
23,900000 -0,019000 
24,000000 -0,026195 
24,100000 -0,033316 
24,200000 -0,039090 
24,300000 -0,041301 
24,400000 -0,041992 
24,500000 -0,040823 
24,600000 -0,033310 
24,700000 -0,026428 
24,800000 -0,024876 
24,900000 -0,033744 
25,000000 -0,057720 
25,100000 -0,082581 
25,200000 -0,100492 
25,300000 -0,110472 
25,400000 -0,111329 
25,500000 -0,107591 
25,600000 -0,083736 
25,700000 -0,061582 
25,800000 -0,061625 
25,900000 -0,118860 
26,000000 -0,263837 
26,100000 -0,413836 
26,200000 -0,516833 
26,300000 -0,562370 
26,400000 -0,556597 
26,500000 -0,524793 
26,600000 -0,358752 
26,700000 -0,205259 
26,800000 -0,140569 
26,900000 -0,188860 
27,000000 -0,360578 
27,100000 -0,558021 
27,200000 -0,680840 
27,300000 -0,738773 
27,400000 -0,729406 
27,500000 -0,697817 
27,600000 -0,511198 
27,700000 -0,345848 
27,800000 -0,390162 
27,900000 -1,072639 
28,000000 -2,422135 
28,100000 -3,504357 
28,200000 -3,990678 
28,300000 -4,029833 
28,400000 -3,763346 
28,500000 -3,381299 
28,600000 -1,887738 
28,700000 -0,754617 
28,800000 -0,361456 
28,900000 -0,307351 
29,000000 -0,408269 
29,100000 -0,530455 
29,200000 -0,609932 
29,300000 -0,639784 
29,400000 -0,621674 
29,500000 -0,567599 
29,600000 -0,467762 
29,700000 -0,270198 
29,800000 -0,151266 
29,900000 -0,119562 
30,000000 -0,142861 
30,100000 -0,171226 
30,200000 -0,192410 
30,300000 -0,202413 
30,400000 -0,199031 
30,500000 -0,190699 
30,600000 -0,166571 
30,700000 -0,132703 
30,800000 -0,148006 
30,900000 -0,371782 
31,000000 -0,831424 
31,100000 -1,272867 
31,200000 -1,515862 
31,300000 -1,599434 
31,400000 -1,530071 
31,500000 -1,396678 
31,600000 -1,132932 
31,700000 -0,600421 
31,800000 -0,287619 
31,900000 -0,236649 
32,000000 -0,277407 
32,100000 -0,323604 
32,200000 -0,350207 
32,300000 -0,354056 
32,400000 -0,339473 
32,500000 -0,311583 
32,600000 -0,242007 
32,700000 -0,145556 
32,800000 -0,083497 
32,900000 -0,055567 
33,000000 -0,041650 
33,100000 -0,034709 
33,200000 -0,031199 
33,300000 -0,029045 
33,400000 -0,026965 
33,500000 -0,025425 
33,600000 -0,023903 
33,700000 -0,021053 
33,800000 -0,019231 
33,900000 -0,018721 
34,000000 -0,019331 
34,100000 -0,020472 
34,200000 -0,020408 
34,300000 -0,020682 
34,400000 -0,020551 
34,500000 -0,020454 
34,600000 -0,019710 
34,700000 -0,018055 
34,800000 -0,016906 
34,900000 -0,015613 
35,000000 -0,015441 
35,100000 -0,015532 
35,200000 -0,015081 
35,300000 -0,014972 
35,400000 -0,015082 
35,500000 -0,014933 
35,600000 -0,014907 
35,700000 -0,014902 
35,800000 -0,015153 
35,900000 -0,015355 
36,000000 -0,015878 
36,100000 -0,016347 
36,200000 -0,016597 
36,300000 -0,016702 
36,400000 -0,017086 
36,500000 -0,016620 
36,600000 -0,016673 
36,700000 -0,015864 
36,800000 -0,015575 
36,900000 -0,016548 
37,000000 -0,018345 
37,100000 -0,020071 
37,200000 -0,021380 
37,300000 -0,022063 
37,400000 -0,022462 
37,500000 -0,022356 
37,600000 -0,021203 
37,700000 -0,018929 
37,800000 -0,017811 
37,900000 -0,018985 
38,000000 -0,022369 
38,100000 -0,025464 
38,200000 -0,028149 
38,300000 -0,029652 
38,400000 -0,029500 
38,500000 -0,029336 
38,600000 -0,027286 
38,700000 -0,023798 
38,800000 -0,021976 
38,900000 -0,027004 
39,000000 -0,040801 
39,100000 -0,055268 
39,200000 -0,065621 
39,300000 -0,071477 
39,400000 -0,073152 
39,500000 -0,071596 
39,600000 -0,064994 
39,700000 -0,049280 
39,800000 -0,036940 
39,900000 -0,046395 
40,000000 -0,070011 
40,100000 -0,093104 
40,200000 -0,107921 
40,300000 -0,115307 
40,400000 -0,115469 
40,500000 -0,109065 
40,600000 -0,092072 
40,700000 -0,065244 
40,800000 -0,046520 
40,900000 -0,048898 
41,000000 -0,078644 
41,100000 -0,114953 
41,200000 -0,143224 
41,300000 -0,160374 
41,400000 -0,165389 
41,500000 -0,158833 
41,600000 -0,144873 
41,700000 -0,103840 
41,800000 -0,067980 
41,900000 -0,059230 
42,000000 -0,082766 
42,100000 -0,116177 
42,200000 -0,139708 
42,300000 -0,156310 
42,400000 -0,159458 
42,500000 -0,153413 
42,600000 -0,141159 
42,700000 -0,103766 
42,800000 -0,070402 
42,900000 -0,069037 
43,000000 -0,120041 
43,100000 -0,188935 
43,200000 -0,245947 
43,300000 -0,281032 
43,400000 -0,286011 
43,500000 -0,276537 
43,600000 -0,251334 
43,700000 -0,182167 
43,800000 -0,112817 
43,900000 -0,095263 
44,000000 -0,125961 
44,100000 -0,172853 
44,200000 -0,204016 
44,300000 -0,222725 
44,400000 -0,223238 
44,500000 -0,211868 
44,600000 -0,187898 
44,700000 -0,133604 
44,800000 -0,087037 
44,900000 -0,092750 
45,000000 -0,199250 
45,100000 -0,353619 
45,200000 -0,477400 
45,300000 -0,546735 
45,400000 -0,563444 
45,500000 -0,540626 
45,600000 -0,485652 
45,700000 -0,341949 
45,800000 -0,192031 
45,900000 -0,117493 
46,000000 -0,143420 
46,100000 -0,218637 
46,200000 -0,287323 
46,300000 -0,330921 
46,400000 -0,345381 
46,500000 -0,332980 
46,600000 -0,303157 
46,700000 -0,229852 
46,800000 -0,137096 
46,900000 -0,080123 
47,000000 -0,055128 
47,100000 -0,044879 
47,200000 -0,040605 
47,300000 -0,037941 
47,400000 -0,037014 
47,500000 -0,034558 
47,600000 -0,032216 
47,700000 -0,028179 
47,800000 -0,023222 
47,900000 -0,019726 
48,000000 -0,018043 
48,100000 -0,018036 
48,200000 -0,017994 
48,300000 -0,017800 
48,400000 -0,017675 
48,500000 -0,017338 
48,600000 -0,017175 
48,700000 -0,016578 
48,800000 -0,015578 
48,900000 -0,015283 
49,000000 -0,015370 
49,100000 -0,016046 
49,200000 -0,016083 
49,300000 -0,016345 
49,400000 -0,016638 
49,500000 -0,016496 
49,600000 -0,016315 
49,700000 -0,015814 
49,800000 -0,015516 
49,900000 -0,014959 
50,000000 -0,016353 
50,100000 -0,018315 
50,200000 -0,020012 
50,300000 -0,021138 
50,400000 -0,021650 
50,500000 -0,021196 
50,600000 -0,020953 
50,700000 -0,019186 
50,800000 -0,017388 
50,900000 -0,016187 
51,000000 -0,016150 
51,100000 -0,017930 
51,200000 -0,019759 
51,300000 -0,020814 
51,400000 -0,021406 
51,500000 -0,021358 
51,600000 -0,020619 
51,700000 -0,019534 
51,800000 -0,017603 
51,900000 -0,016269 
52,000000 -0,015708 
52,100000 -0,016745 
52,200000 -0,017851 
52,300000 -0,018903 
52,400000 -0,019236 
52,500000 -0,019535 
52,600000 -0,018726 
52,700000 -0,018235 
52,800000 -0,016514 
52,900000 -0,015520 
53,000000 -0,015346 
53,100000 -0,016337 
53,200000 -0,017872 
53,300000 -0,019069 
53,400000 -0,019588 
53,500000 -0,019707 
53,600000 -0,019373 
53,700000 -0,018661 
53,800000 -0,017025 
53,900000 -0,015729 
54,000000 -0,015369 
54,100000 -0,015635 
54,200000 -0,016854 
54,300000 -0,017749 
54,400000 -0,017975 
54,500000 -0,018430 
54,600000 -0,018312 
54,700000 -0,017589 
54,800000 -0,016424 
54,900000 -0,015837 
55,000000 -0,015406 
55,100000 -0,017261 
55,200000 -0,020192 
55,300000 -0,022564 
55,400000 -0,024674 
55,500000 -0,025097 
55,600000 -0,024927 
55,700000 -0,024032 
55,800000 -0,021168 
55,900000 -0,018859 
56,000000 -0,018289 
56,100000 -0,020781 
56,200000 -0,034248 
56,300000 -0,048078 
56,400000 -0,057512 
56,500000 -0,060821 
56,600000 -0,060823 
56,700000 -0,057271 
56,800000 -0,044030 
56,900000 -0,031452 
57,000000 -0,025056 
57,100000 -0,024202 
57,200000 -0,036416 
57,300000 -0,051303 
57,400000 -0,061331 
57,500000 -0,066212 
57,600000 -0,065858 
57,700000 -0,062833 
57,800000 -0,049992 
57,900000 -0,035153 
58,000000 -0,025882 
58,100000 -0,021458 
58,200000 -0,020393 
58,300000 -0,020541 
58,400000 -0,020440 
58,500000 -0,020428 
58,600000 -0,020253 
58,700000 -0,020017 
58,800000 -0,018576 
58,900000 -0,016762 
59,000000 -0,015441 
59,100000 -0,015052 
59,200000 -0,015273 
59,300000 -0,015235 
59,400000 -0,015196 
59,500000 -0,015251 
59,600000 -0,015192 
59,700000 -0,015082 
59,800000 -0,015062 
59,900000 -0,014798 
60,000000 -0,014757 
60,100000 -0,014480 
60,200000 -0,014801 
60,300000 -0,015097 
60,400000 -0,015135 
60,500000 -0,015246 
60,600000 -0,015198 
60,700000 -0,015214 
60,800000 -0,015021 
60,900000 -0,014600 
61,000000 -0,014629 
61,100000 -0,014470 
61,200000 -0,014514 
61,300000 -0,014514 
61,400000 -0,014668 
61,500000 -0,014762 
61,600000 -0,014813 
61,700000 -0,014905 
61,800000 -0,014800 
61,900000 -0,014490 
62,000000 -0,014461 
62,100000 -0,014256 
62,200000 -0,014495 
62,300000 -0,014695 
62,400000 -0,015062 
62,500000 -0,015122 
62,600000 -0,014900 
62,700000 -0,014964 
62,800000 -0,014721 
62,900000 -0,014890 
63,000000 -0,014677 
63,100000 -0,014801 
63,200000 -0,014696 
63,300000 -0,014781 
63,400000 -0,014881 
63,500000 -0,015090 
63,600000 -0,014867 
63,700000 -0,014974 
63,800000 -0,014775 
63,900000 -0,014743 
64,000000 -0,014565 
64,100000 -0,014581 
64,200000 -0,014520 
64,300000 -0,014630 
64,400000 -0,014759 
64,500000 -0,014979 
64,600000 -0,014956 
64,700000 -0,014753 
64,800000 -0,014772 
64,900000 -0,014621 
65,000000 -0,014604 
65,100000 -0,014589 
65,200000 -0,014611 
65,300000 -0,014820 
65,400000 -0,014917 
65,500000 -0,015176 
65,600000 -0,015115 
65,700000 -0,015353 
65,800000 -0,015082 
65,900000 -0,014591 
66,000000 -0,014607 
66,100000 -0,014608 
66,200000 -0,014943 
66,300000 -0,015594 
66,400000 -0,015414 
66,500000 -0,016027 
66,600000 -0,016137 
66,700000 -0,015789 
66,800000 -0,015519 
66,900000 -0,015025 
67,000000 -0,014633 
67,100000 -0,014635 
67,200000 -0,014617 
67,300000 -0,014786 
67,400000 -0,014970 
67,500000 -0,015502 
67,600000 -0,015384 
67,700000 -0,015375 
67,800000 -0,015229 
67,900000 -0,014916 
68,000000 -0,014731 
68,100000 -0,014572 
68,200000 -0,014521 
68,300000 -0,014625 
68,400000 -0,014808 
68,500000 -0,014995 
68,600000 -0,015244 
68,700000 -0,015117 
68,800000 -0,014894 
68,900000 -0,014930 
69,000000 -0,014975 
69,100000 -0,014843 
69,200000 -0,015397 
69,300000 -0,017125 
69,400000 -0,020276 
69,500000 -0,022789 
69,600000 -0,023550 
69,700000 -0,023693 
69,800000 -0,022003 
69,900000 -0,019269 
70,000000 -0,016914 
70,100000 -0,015864 
70,200000 -0,015352 
70,300000 -0,015667 
70,400000 -0,016983 
70,500000 -0,018352 
70,600000 -0,019354 
70,700000 -0,019811 
70,800000 -0,019499 
70,900000 -0,017839 
71,000000 -0,016563 
71,100000 -0,015832 
71,200000 -0,015564 
71,300000 -0,015805 
71,400000 -0,019651 
71,500000 -0,024323 
71,600000 -0,026980 
71,700000 -0,028279 
71,800000 -0,027815 
71,900000 -0,024509 
72,000000 -0,020381 
72,100000 -0,017943 
72,200000 -0,016325 
72,300000 -0,015483 
72,400000 -0,015881 
72,500000 -0,016886 
72,600000 -0,017252 
72,700000 -0,017499 
72,800000 -0,017711 
72,900000 -0,016670 
73,000000 -0,015689 
73,100000 -0,015303 
73,200000 -0,015121 
73,300000 -0,014665 
73,400000 -0,014647 
73,500000 -0,014507 
73,600000 -0,014590 
73,700000 -0,014673 
73,800000 -0,014488 
73,900000 -0,014703 
74,000000 -0,014623 
74,100000 -0,014549 
74,200000 -0,014498 
74,300000 -0,014583 
74,400000 -0,014519 
74,500000 -0,014687 
74,600000 -0,014574 
74,700000 -0,014647 
74,800000 -0,014767 
74,900000 -0,014662 
75,000000 -0,014531 
75,100000 -0,014560 
75,200000 -0,014482 
75,300000 -0,014355 
75,400000 -0,014454 
75,500000 -0,014465 
75,600000 -0,014501 
75,700000 -0,014595 
75,800000 -0,014467 
75,900000 -0,014469 
76,000000 -0,014674 
76,100000 -0,014548 
76,200000 -0,014432 
76,300000 -0,014529 
76,400000 -0,014408 
76,500000 -0,014473 
76,600000 -0,014534 
76,700000 -0,014480 
76,800000 -0,014342 
76,900000 -0,014403 
77,000000 -0,014525 
77,100000 -0,014380 
77,200000 -0,014318 
77,300000 -0,014344 
77,400000 -0,014261 
77,500000 -0,014468 
77,600000 -0,014558 
77,700000 -0,014573 
77,800000 -0,014532 
77,900000 -0,014585 
78,000000 -0,014354 
78,100000 -0,014326 
78,200000 -0,014352 
78,300000 -0,014466 
78,400000 -0,014355 
78,500000 -0,014506 
78,600000 -0,014633 
78,700000 -0,014643 
78,800000 -0,014567 
78,900000 -0,014414 
79,000000 -0,014706 
79,100000 -0,014432 
79,200000 -0,014404 
79,300000 -0,014424 
79,400000 -0,014362 
79,500000 -0,014086 
79,600000 -0,014107 
79,700000 -0,014360 
79,800000 -0,014521 
79,900000 -0,014395 
80,000000 -0,014513 
80,100000 -0,014418 
80,200000 -0,014392 
80,300000 -0,014316 
80,400000 -0,014259 
80,500000 -0,014388 
80,600000 -0,014492 
80,700000 -0,014504 
80,800000 -0,014347 
80,900000 -0,014226 
81,000000 -0,014506 
81,100000 -0,014479 
81,200000 -0,014648 
81,300000 -0,014469 
81,400000 -0,014591 
81,500000 -0,014435 
81,600000 -0,014623 
81,700000 -0,014606 
81,800000 -0,014748 
81,900000 -0,014698 
82,000000 -0,014750 
82,100000 -0,014425 
82,200000 -0,014311 
82,300000 -0,014483 
82,400000 -0,014542 
82,500000 -0,014504 
82,600000 -0,014550 
82,700000 -0,014593 
82,800000 -0,014577 
82,900000 -0,014448 
83,000000 -0,014421 
83,100000 -0,014465 
83,200000 -0,014544 
83,300000 -0,014475 
83,400000 -0,014509 
83,500000 -0,014478 
83,600000 -0,014328 
83,700000 -0,014495 
83,800000 -0,014481 
83,900000 -0,014421 
84,000000 -0,014543 
84,100000 -0,014388 
84,200000 -0,014349 
84,300000 -0,014423 
84,400000 -0,014663 
84,500000 -0,014657 
84,600000 -0,014740 
84,700000 -0,015097 
84,800000 -0,015585 
84,900000 -0,015439 
85,000000 -0,015181 
85,100000 -0,015069 
85,200000 -0,014719 
85,300000 -0,014646 
85,400000 -0,014611 
85,500000 -0,014676 
85,600000 -0,014588 
85,700000 -0,015264 
85,800000 -0,015539 
85,900000 -0,015974 
86,000000 -0,016091 
86,100000 -0,015266 
86,200000 -0,014845 
86,300000 -0,014748 
86,400000 -0,014762 
86,500000 -0,014769 
86,600000 -0,014928 
86,700000 -0,016708 
86,800000 -0,018484 
86,900000 -0,019241 
87,000000 -0,018872 
87,100000 -0,017515 
87,200000 -0,016076 
87,300000 -0,015155 
87,400000 -0,015061 
87,500000 -0,014847 
87,600000 -0,014639 
87,700000 -0,014408 
87,800000 -0,014692 
87,900000 -0,014622 
88,000000 -0,014710 
88,100000 -0,014544 
88,200000 -0,014537 
88,300000 -0,014643 
88,400000 -0,014431 
88,500000 -0,014385 
88,600000 -0,014314 
88,700000 -0,014467 
88,800000 -0,014282 
88,900000 -0,014278 
89,000000 -0,014421 
89,100000 -0,014347 
89,200000 -0,014333 
89,300000 -0,014447 
89,400000 -0,014265 
89,500000 -0,014276 
89,600000 -0,014437 
89,700000 -0,014365 
89,800000 -0,014593 
89,900000 -0,014402 
90,000000 -0,014439 
90,100000 -0,014393 
90,200000 -0,014438 
90,300000 -0,014351 
90,400000 -0,014464 
90,500000 -0,014328 
90,600000 -0,014138 
90,700000 -0,014282 
90,800000 -0,014398 
90,900000 -0,014480 
91,000000 -0,014235 
91,100000 -0,014458 
91,200000 -0,014370 
91,300000 -0,014276 
91,400000 -0,014444 
91,500000 -0,014396 
91,600000 -0,014555 
91,700000 -0,014483 
91,800000 -0,014703 
91,900000 -0,014525 
92,000000 -0,014488 
92,100000 -0,014423 
92,200000 -0,014343 
92,300000 -0,014340 
92,400000 -0,014309 
92,500000 -0,014314 
92,600000 -0,014366 
92,700000 -0,014349 
92,800000 -0,014385 
92,900000 -0,014611 
93,000000 -0,014632 
93,100000 -0,014438 
93,200000 -0,014409 
93,300000 -0,014395 
93,400000 -0,014122 
93,500000 -0,014299 
93,600000 -0,014187 
93,700000 -0,014442 
93,800000 -0,014425 
93,900000 -0,014385 
94,000000 -0,014466 
94,100000 -0,014584 
94,200000 -0,014194 
94,300000 -0,014504 
94,400000 -0,014503 
94,500000 -0,014206 
94,600000 -0,014237 
94,700000 -0,014316 
94,800000 -0,014276 
94,900000 -0,014505 
95,000000 -0,014498 
95,100000 -0,014302 
95,200000 -0,014373 
95,300000 -0,014339 
95,400000 -0,014317 
95,500000 -0,014314 
95,600000 -0,014316 
95,700000 -0,014357 
95,800000 -0,014116 
95,900000 -0,014300 
96,000000 -0,014489 
96,100000 -0,014544 
96,200000 -0,014452 
96,300000 -0,014259 
96,400000 -0,014324 
96,500000 -0,014292 
96,600000 -0,014328 
96,700000 -0,014491 
96,800000 -0,014218 
96,900000 -0,014276 
97,000000 -0,014235 
97,100000 -0,014301 
97,200000 -0,014285 
97,300000 -0,014198 
97,400000 -0,014381 
97,500000 -0,014321 
97,600000 -0,014328 
97,700000 -0,014358 
97,800000 -0,014375 
97,900000 -0,014526 
98,000000 -0,014361 
98,100000 -0,014456 
98,200000 -0,014283 
98,300000 -0,014220 
98,400000 -0,014362 
98,500000 -0,014218 
98,600000 -0,014243 
98,700000 -0,014272 
98,800000 -0,014167 
98,900000 -0,014503 
99,000000 -0,014302 
99,100000 -0,014344 
99,200000 -0,014370 
99,300000 -0,014271 
99,400000 -0,014266 
99,500000 -0,014441 
99,600000 -0,014289 
99,700000 -0,014271 
99,800000 -0,014240 
99,900000 -0,014409 
100,000000 -0,014527 
