0,000000 -1,804684 
0,100000 -0,710142 
0,200000 -0,426293 
0,300000 -0,330564 
0,400000 -0,286101 
0,500000 -0,266319 
0,600000 -0,253196 
0,700000 -0,245105 
0,800000 -0,245336 
0,900000 -0,242074 
1,000000 -0,240509 
1,100000 -0,240150 
1,200000 -0,239861 
1,300000 -0,239975 
1,400000 -0,236986 
1,500000 -0,237802 
1,600000 -0,237318 
1,700000 -0,238151 
1,800000 -0,237618 
1,900000 -0,200912 
2,000000 -0,133324 
2,100000 -0,104390 
2,200000 -0,077471 
2,300000 -0,057119 
2,400000 -0,045905 
2,500000 -0,040937 
2,600000 -0,042851 
2,700000 -0,070679 
2,800000 -0,177158 
2,900000 -0,341134 
3,000000 -0,390782 
3,100000 -0,253033 
3,200000 -0,135595 
3,300000 -0,079265 
3,400000 -0,050259 
3,500000 -0,036518 
3,600000 -0,027947 
3,700000 -0,023116 
3,800000 -0,021280 
3,900000 -0,019468 
4,000000 -0,018242 
4,100000 -0,017319 
4,200000 -0,016542 
4,300000 -0,016708 
4,400000 -0,016086 
4,500000 -0,015791 
4,600000 -0,015836 
4,700000 -0,015568 
4,800000 -0,015874 
4,900000 -0,015362 
5,000000 -0,015516 
5,100000 -0,015249 
5,200000 -0,014971 
5,300000 -0,014738 
5,400000 -0,015236 
5,500000 -0,015319 
5,600000 -0,014986 
5,700000 -0,015000 
5,800000 -0,014890 
5,900000 -0,014927 
6,000000 -0,015081 
6,100000 -0,014939 
6,200000 -0,014938 
6,300000 -0,014951 
6,400000 -0,015105 
6,500000 -0,015338 
6,600000 -0,014934 
6,700000 -0,015179 
6,800000 -0,015000 
6,900000 -0,015002 
7,000000 -0,015033 
7,100000 -0,014688 
7,200000 -0,014925 
7,300000 -0,015184 
7,400000 -0,015221 
7,500000 -0,015483 
7,600000 -0,015575 
7,700000 -0,015664 
7,800000 -0,015248 
7,900000 -0,014836 
8,000000 -0,014967 
8,100000 -0,014701 
8,200000 -0,014615 
8,300000 -0,014645 
8,400000 -0,014723 
8,500000 -0,014738 
8,600000 -0,014979 
8,700000 -0,014763 
8,800000 -0,015022 
8,900000 -0,014753 
9,000000 -0,014715 
9,100000 -0,014674 
9,200000 -0,014177 
9,300000 -0,014414 
9,400000 -0,014669 
9,500000 -0,014458 
9,600000 -0,014612 
9,700000 -0,014680 
9,800000 -0,014532 
9,900000 -0,014493 
10,000000 -0,013910 
10,100000 -0,014325 
10,200000 -0,014447 
10,300000 -0,014362 
10,400000 -0,014471 
10,500000 -0,014623 
10,600000 -0,014377 
10,700000 -0,014457 
10,800000 -0,014436 
10,900000 -0,014280 
11,000000 -0,014510 
11,100000 -0,014667 
11,200000 -0,014847 
11,300000 -0,014752 
11,400000 -0,014521 
11,500000 -0,014597 
11,600000 -0,015032 
11,700000 -0,015016 
11,800000 -0,015039 
11,900000 -0,016055 
12,000000 -0,018005 
12,100000 -0,026445 
12,200000 -0,041116 
12,300000 -0,055296 
12,400000 -0,063423 
12,500000 -0,065440 
12,600000 -0,061441 
12,700000 -0,046845 
12,800000 -0,032987 
12,900000 -0,026616 
13,000000 -0,025518 
13,100000 -0,034903 
13,200000 -0,050803 
13,300000 -0,065982 
13,400000 -0,074623 
13,500000 -0,076390 
13,600000 -0,072015 
13,700000 -0,056494 
13,800000 -0,043854 
13,900000 -0,041530 
14,000000 -0,056510 
14,100000 -0,117793 
14,200000 -0,200553 
14,300000 -0,264466 
14,400000 -0,290477 
14,500000 -0,291904 
14,600000 -0,254356 
14,700000 -0,165813 
14,800000 -0,100493 
14,900000 -0,074909 
15,000000 -0,085731 
15,100000 -0,170506 
15,200000 -0,283286 
15,300000 -0,368904 
15,400000 -0,404736 
15,500000 -0,397656 
15,600000 -0,348713 
15,700000 -0,225960 
15,800000 -0,128981 
15,900000 -0,090495 
16,000000 -0,103332 
16,100000 -0,189489 
16,200000 -0,288311 
16,300000 -0,358857 
16,400000 -0,380849 
16,500000 -0,369337 
16,600000 -0,313058 
16,700000 -0,196543 
16,800000 -0,113944 
16,900000 -0,082150 
17,000000 -0,096896 
17,100000 -0,151620 
17,200000 -0,207706 
17,300000 -0,242867 
17,400000 -0,252696 
17,500000 -0,240844 
17,600000 -0,192864 
17,700000 -0,128195 
17,800000 -0,090576 
17,900000 -0,099649 
18,000000 -0,210885 
18,100000 -0,412303 
18,200000 -0,588864 
18,300000 -0,682566 
18,400000 -0,698861 
18,500000 -0,639647 
18,600000 -0,473395 
18,700000 -0,264562 
18,800000 -0,140457 
18,900000 -0,087725 
19,000000 -0,073968 
19,100000 -0,080653 
19,200000 -0,091599 
19,300000 -0,097316 
19,400000 -0,098442 
19,500000 -0,093712 
19,600000 -0,076016 
19,700000 -0,052771 
19,800000 -0,038328 
19,900000 -0,032259 
20,000000 -0,033856 
20,100000 -0,038712 
20,200000 -0,041209 
20,300000 -0,043998 
20,400000 -0,044182 
20,500000 -0,041663 
20,600000 -0,033021 
20,700000 -0,026184 
20,800000 -0,021479 
20,900000 -0,018718 
21,000000 -0,017654 
21,100000 -0,016819 
21,200000 -0,016540 
21,300000 -0,016486 
21,400000 -0,016473 
21,500000 -0,017018 
21,600000 -0,016784 
21,700000 -0,017139 
21,800000 -0,017126 
21,900000 -0,017262 
22,000000 -0,017906 
22,100000 -0,018331 
22,200000 -0,018543 
22,300000 -0,018117 
22,400000 -0,018013 
22,500000 -0,017503 
22,600000 -0,016419 
22,700000 -0,015101 
22,800000 -0,015031 
22,900000 -0,014614 
23,000000 -0,014438 
23,100000 -0,014249 
23,200000 -0,013891 
23,300000 -0,014158 
23,400000 -0,014181 
23,500000 -0,014204 
23,600000 -0,014418 
23,700000 -0,014809 
23,800000 -0,015894 
23,900000 -0,019466 
24,000000 -0,026560 
24,100000 -0,034000 
24,200000 -0,038910 
24,300000 -0,041218 
24,400000 -0,042552 
24,500000 -0,040692 
24,600000 -0,032897 
24,700000 -0,026850 
24,800000 -0,026483 
24,900000 -0,036669 
25,000000 -0,060020 
25,100000 -0,083733 
25,200000 -0,100886 
25,300000 -0,109942 
25,400000 -0,112365 
25,500000 -0,108353 
25,600000 -0,084144 
25,700000 -0,064577 
25,800000 -0,069226 
25,900000 -0,133583 
26,000000 -0,272372 
26,100000 -0,410798 
26,200000 -0,508913 
26,300000 -0,551159 
26,400000 -0,546991 
26,500000 -0,510067 
26,600000 -0,357808 
26,700000 -0,213433 
26,800000 -0,154563 
26,900000 -0,204854 
27,000000 -0,360475 
27,100000 -0,531287 
27,200000 -0,648060 
27,300000 -0,709841 
27,400000 -0,699406 
27,500000 -0,663194 
27,600000 -0,497043 
27,700000 -0,360351 
27,800000 -0,440763 
27,900000 -1,100265 
28,000000 -2,280885 
28,100000 -3,195387 
28,200000 -3,623730 
28,300000 -3,661403 
28,400000 -3,447484 
28,500000 -3,084508 
28,600000 -1,732067 
28,700000 -0,712542 
28,800000 -0,357462 
28,900000 -0,309577 
29,000000 -0,390679 
29,100000 -0,495735 
29,200000 -0,565805 
29,300000 -0,591304 
29,400000 -0,577873 
29,500000 -0,528719 
29,600000 -0,431906 
29,700000 -0,257606 
29,800000 -0,148624 
29,900000 -0,122240 
30,000000 -0,135049 
30,100000 -0,157132 
30,200000 -0,172905 
30,300000 -0,181469 
30,400000 -0,180120 
30,500000 -0,170688 
30,600000 -0,150887 
30,700000 -0,129236 
30,800000 -0,164582 
30,900000 -0,390972 
31,000000 -0,806424 
31,100000 -1,188810 
31,200000 -1,406247 
31,300000 -1,482241 
31,400000 -1,425989 
31,500000 -1,302278 
31,600000 -1,045554 
31,700000 -0,569160 
31,800000 -0,286353 
31,900000 -0,226980 
32,000000 -0,247130 
32,100000 -0,278794 
32,200000 -0,299203 
32,300000 -0,303417 
32,400000 -0,289656 
32,500000 -0,264919 
32,600000 -0,207765 
32,700000 -0,127715 
32,800000 -0,075454 
32,900000 -0,051102 
33,000000 -0,040269 
33,100000 -0,033720 
33,200000 -0,029604 
33,300000 -0,027542 
33,400000 -0,025171 
33,500000 -0,024100 
33,600000 -0,022678 
33,700000 -0,020516 
33,800000 -0,019021 
33,900000 -0,018229 
34,000000 -0,018856 
34,100000 -0,019291 
34,200000 -0,019867 
34,300000 -0,020155 
34,400000 -0,019876 
34,500000 -0,019645 
34,600000 -0,019096 
34,700000 -0,017517 
34,800000 -0,015848 
34,900000 -0,015577 
35,000000 -0,015256 
35,100000 -0,015305 
35,200000 -0,015189 
35,300000 -0,014918 
35,400000 -0,014492 
35,500000 -0,014823 
35,600000 -0,014714 
35,700000 -0,014820 
35,800000 -0,015020 
35,900000 -0,015273 
36,000000 -0,015670 
36,100000 -0,016230 
36,200000 -0,016790 
36,300000 -0,016804 
36,400000 -0,016853 
36,500000 -0,016625 
36,600000 -0,016404 
36,700000 -0,015541 
36,800000 -0,015759 
36,900000 -0,016751 
37,000000 -0,018918 
37,100000 -0,020516 
37,200000 -0,021899 
37,300000 -0,022789 
37,400000 -0,022896 
37,500000 -0,022727 
37,600000 -0,021611 
37,700000 -0,019514 
37,800000 -0,018174 
37,900000 -0,019603 
38,000000 -0,022876 
38,100000 -0,026346 
38,200000 -0,029022 
38,300000 -0,030312 
38,400000 -0,030110 
38,500000 -0,029749 
38,600000 -0,028272 
38,700000 -0,024149 
38,800000 -0,023075 
38,900000 -0,028754 
39,000000 -0,041954 
39,100000 -0,055765 
39,200000 -0,066612 
39,300000 -0,072713 
39,400000 -0,074008 
39,500000 -0,072337 
39,600000 -0,065832 
39,700000 -0,050101 
39,800000 -0,038236 
39,900000 -0,045607 
40,000000 -0,063567 
40,100000 -0,082212 
40,200000 -0,095951 
40,300000 -0,102674 
40,400000 -0,103083 
40,500000 -0,098556 
40,600000 -0,084103 
40,700000 -0,060789 
40,800000 -0,045248 
40,900000 -0,049902 
41,000000 -0,079207 
41,100000 -0,113128 
41,200000 -0,139875 
41,300000 -0,155085 
41,400000 -0,160274 
41,500000 -0,154617 
41,600000 -0,140525 
41,700000 -0,101761 
41,800000 -0,068119 
41,900000 -0,059917 
42,000000 -0,079461 
42,100000 -0,107626 
42,200000 -0,129706 
42,300000 -0,143611 
42,400000 -0,146151 
42,500000 -0,142027 
42,600000 -0,129982 
42,700000 -0,097612 
42,800000 -0,068762 
42,900000 -0,070687 
43,000000 -0,115592 
43,100000 -0,173930 
43,200000 -0,226377 
43,300000 -0,254670 
43,400000 -0,266048 
43,500000 -0,256294 
43,600000 -0,233148 
43,700000 -0,166932 
43,800000 -0,109377 
43,900000 -0,093524 
44,000000 -0,121450 
44,100000 -0,159917 
44,200000 -0,189633 
44,300000 -0,205551 
44,400000 -0,206258 
44,500000 -0,196469 
44,600000 -0,175215 
44,700000 -0,123752 
44,800000 -0,085145 
44,900000 -0,098061 
45,000000 -0,193187 
45,100000 -0,324538 
45,200000 -0,434851 
45,300000 -0,501481 
45,400000 -0,517050 
45,500000 -0,496539 
45,600000 -0,447763 
45,700000 -0,314505 
45,800000 -0,183995 
45,900000 -0,115425 
46,000000 -0,136845 
46,100000 -0,197686 
46,200000 -0,254256 
46,300000 -0,290360 
46,400000 -0,303513 
46,500000 -0,292428 
46,600000 -0,269928 
46,700000 -0,204479 
46,800000 -0,124860 
46,900000 -0,075767 
47,000000 -0,052354 
47,100000 -0,041825 
47,200000 -0,038157 
47,300000 -0,036246 
47,400000 -0,034286 
47,500000 -0,032755 
47,600000 -0,030071 
47,700000 -0,026505 
47,800000 -0,022730 
47,900000 -0,019301 
48,000000 -0,017430 
48,100000 -0,016687 
48,200000 -0,017254 
48,300000 -0,017382 
48,400000 -0,017093 
48,500000 -0,016444 
48,600000 -0,016802 
48,700000 -0,016573 
48,800000 -0,015579 
48,900000 -0,015179 
49,000000 -0,015419 
49,100000 -0,016165 
49,200000 -0,016431 
49,300000 -0,016411 
49,400000 -0,016563 
49,500000 -0,016072 
49,600000 -0,016524 
49,700000 -0,016095 
49,800000 -0,015305 
49,900000 -0,014927 
50,000000 -0,015824 
50,100000 -0,018313 
50,200000 -0,019963 
50,300000 -0,021652 
50,400000 -0,021559 
50,500000 -0,020854 
50,600000 -0,020503 
50,700000 -0,019721 
50,800000 -0,017570 
50,900000 -0,016472 
51,000000 -0,016264 
51,100000 -0,017660 
51,200000 -0,019246 
51,300000 -0,020681 
51,400000 -0,021396 
51,500000 -0,020910 
51,600000 -0,020400 
51,700000 -0,019386 
51,800000 -0,017351 
51,900000 -0,016605 
52,000000 -0,015771 
52,100000 -0,017008 
52,200000 -0,018427 
52,300000 -0,019205 
52,400000 -0,019520 
52,500000 -0,018716 
52,600000 -0,019136 
52,700000 -0,017876 
52,800000 -0,016305 
52,900000 -0,015880 
53,000000 -0,015534 
53,100000 -0,016747 
53,200000 -0,017692 
53,300000 -0,018769 
53,400000 -0,019155 
53,500000 -0,019154 
53,600000 -0,019347 
53,700000 -0,018346 
53,800000 -0,017057 
53,900000 -0,016050 
54,000000 -0,015281 
54,100000 -0,015651 
54,200000 -0,016779 
54,300000 -0,018010 
54,400000 -0,018070 
54,500000 -0,018413 
54,600000 -0,018367 
54,700000 -0,017588 
54,800000 -0,016322 
54,900000 -0,015939 
55,000000 -0,015825 
55,100000 -0,017268 
55,200000 -0,019781 
55,300000 -0,022231 
55,400000 -0,023387 
55,500000 -0,023611 
55,600000 -0,024401 
55,700000 -0,022976 
55,800000 -0,020681 
55,900000 -0,018557 
56,000000 -0,018155 
56,100000 -0,021107 
56,200000 -0,032605 
56,300000 -0,044313 
56,400000 -0,052326 
56,500000 -0,055052 
56,600000 -0,055354 
56,700000 -0,052226 
56,800000 -0,040884 
56,900000 -0,029966 
57,000000 -0,024823 
57,100000 -0,024592 
57,200000 -0,034860 
57,300000 -0,047745 
57,400000 -0,057247 
57,500000 -0,060503 
57,600000 -0,060885 
57,700000 -0,057950 
57,800000 -0,045562 
57,900000 -0,032589 
58,000000 -0,024854 
58,100000 -0,020971 
58,200000 -0,019694 
58,300000 -0,019636 
58,400000 -0,019972 
58,500000 -0,019853 
58,600000 -0,019758 
58,700000 -0,019131 
58,800000 -0,018054 
58,900000 -0,016304 
59,000000 -0,015323 
59,100000 -0,015161 
59,200000 -0,014803 
59,300000 -0,015095 
59,400000 -0,015230 
59,500000 -0,015217 
59,600000 -0,015098 
59,700000 -0,015092 
59,800000 -0,014867 
59,900000 -0,014541 
60,000000 -0,014457 
60,100000 -0,014193 
60,200000 -0,014459 
60,300000 -0,014860 
60,400000 -0,014804 
60,500000 -0,014894 
60,600000 -0,014966 
60,700000 -0,014741 
60,800000 -0,014646 
60,900000 -0,014186 
61,000000 -0,014469 
61,100000 -0,014516 
61,200000 -0,014381 
61,300000 -0,014656 
61,400000 -0,014742 
61,500000 -0,014283 
61,600000 -0,014741 
61,700000 -0,014718 
61,800000 -0,014322 
61,900000 -0,014351 
62,000000 -0,014705 
62,100000 -0,014319 
62,200000 -0,014407 
62,300000 -0,014741 
62,400000 -0,014661 
62,500000 -0,014507 
62,600000 -0,014690 
62,700000 -0,014521 
62,800000 -0,014425 
62,900000 -0,013969 
63,000000 -0,013766 
63,100000 -0,014386 
63,200000 -0,014609 
63,300000 -0,014330 
63,400000 -0,014873 
63,500000 -0,015292 
63,600000 -0,014990 
63,700000 -0,014587 
63,800000 -0,014400 
63,900000 -0,014485 
64,000000 -0,014080 
64,100000 -0,014235 
64,200000 -0,014220 
64,300000 -0,014487 
64,400000 -0,014620 
64,500000 -0,014508 
64,600000 -0,014486 
64,700000 -0,014832 
64,800000 -0,014612 
64,900000 -0,014217 
65,000000 -0,014436 
65,100000 -0,014444 
65,200000 -0,014036 
65,300000 -0,015159 
65,400000 -0,015269 
65,500000 -0,015338 
65,600000 -0,014687 
65,700000 -0,014826 
65,800000 -0,014757 
65,900000 -0,014765 
66,000000 -0,014499 
66,100000 -0,014444 
66,200000 -0,014799 
66,300000 -0,015029 
66,400000 -0,015874 
66,500000 -0,015770 
66,600000 -0,016090 
66,700000 -0,015872 
66,800000 -0,015150 
66,900000 -0,014781 
67,000000 -0,014639 
67,100000 -0,014298 
67,200000 -0,014606 
67,300000 -0,014661 
67,400000 -0,015194 
67,500000 -0,014798 
67,600000 -0,015268 
67,700000 -0,015540 
67,800000 -0,015307 
67,900000 -0,014899 
68,000000 -0,014605 
68,100000 -0,014125 
68,200000 -0,014171 
68,300000 -0,014412 
68,400000 -0,014485 
68,500000 -0,014869 
68,600000 -0,014796 
68,700000 -0,015024 
68,800000 -0,014802 
68,900000 -0,014791 
69,000000 -0,014746 
69,100000 -0,014821 
69,200000 -0,015484 
69,300000 -0,017223 
69,400000 -0,020013 
69,500000 -0,022301 
69,600000 -0,023620 
69,700000 -0,023437 
69,800000 -0,021613 
69,900000 -0,018326 
70,000000 -0,016619 
70,100000 -0,015757 
70,200000 -0,015268 
70,300000 -0,015396 
70,400000 -0,016771 
70,500000 -0,017327 
70,600000 -0,018345 
70,700000 -0,019172 
70,800000 -0,018828 
70,900000 -0,017566 
71,000000 -0,015871 
71,100000 -0,015740 
71,200000 -0,015537 
71,300000 -0,015716 
71,400000 -0,018990 
71,500000 -0,022849 
71,600000 -0,025324 
71,700000 -0,026039 
71,800000 -0,026041 
71,900000 -0,023212 
72,000000 -0,019668 
72,100000 -0,017219 
72,200000 -0,016283 
72,300000 -0,015633 
72,400000 -0,015395 
72,500000 -0,016310 
72,600000 -0,016864 
72,700000 -0,017063 
72,800000 -0,017049 
72,900000 -0,016370 
73,000000 -0,015162 
73,100000 -0,015017 
73,200000 -0,014661 
73,300000 -0,014705 
73,400000 -0,014286 
73,500000 -0,014289 
73,600000 -0,014248 
73,700000 -0,014605 
73,800000 -0,014622 
73,900000 -0,014161 
74,000000 -0,014340 
74,100000 -0,014214 
74,200000 -0,014276 
74,300000 -0,014348 
74,400000 -0,013939 
74,500000 -0,013621 
74,600000 -0,014536 
74,700000 -0,013788 
74,800000 -0,014240 
74,900000 -0,014610 
75,000000 -0,014237 
75,100000 -0,014151 
75,200000 -0,014398 
75,300000 -0,013918 
75,400000 -0,014061 
75,500000 -0,013944 
75,600000 -0,014290 
75,700000 -0,014541 
75,800000 -0,014445 
75,900000 -0,014038 
76,000000 -0,014232 
76,100000 -0,014278 
76,200000 -0,014200 
76,300000 -0,014040 
76,400000 -0,014026 
76,500000 -0,014094 
76,600000 -0,014350 
76,700000 -0,014309 
76,800000 -0,014069 
76,900000 -0,014101 
77,000000 -0,014176 
77,100000 -0,014113 
77,200000 -0,013979 
77,300000 -0,013977 
77,400000 -0,013848 
77,500000 -0,014331 
77,600000 -0,014467 
77,700000 -0,014338 
77,800000 -0,014718 
77,900000 -0,014183 
78,000000 -0,014105 
78,100000 -0,014316 
78,200000 -0,014449 
78,300000 -0,013988 
78,400000 -0,013904 
78,500000 -0,013854 
78,600000 -0,014215 
78,700000 -0,014473 
78,800000 -0,014423 
78,900000 -0,014458 
79,000000 -0,014511 
79,100000 -0,013815 
79,200000 -0,014240 
79,300000 -0,013675 
79,400000 -0,014390 
79,500000 -0,014397 
79,600000 -0,014455 
79,700000 -0,014199 
79,800000 -0,014341 
79,900000 -0,013951 
80,000000 -0,014297 
80,100000 -0,014200 
80,200000 -0,014186 
80,300000 -0,014197 
80,400000 -0,014139 
80,500000 -0,013720 
80,600000 -0,014362 
80,700000 -0,014131 
80,800000 -0,014396 
80,900000 -0,014408 
81,000000 -0,014176 
81,100000 -0,014216 
81,200000 -0,014289 
81,300000 -0,013890 
81,400000 -0,014068 
81,500000 -0,014495 
81,600000 -0,014344 
81,700000 -0,014171 
81,800000 -0,014647 
81,900000 -0,014399 
82,000000 -0,014302 
82,100000 -0,014154 
82,200000 -0,014139 
82,300000 -0,014350 
82,400000 -0,014211 
82,500000 -0,013918 
82,600000 -0,014254 
82,700000 -0,013880 
82,800000 -0,014183 
82,900000 -0,014070 
83,000000 -0,014192 
83,100000 -0,014270 
83,200000 -0,014475 
83,300000 -0,014236 
83,400000 -0,014134 
83,500000 -0,014224 
83,600000 -0,014300 
83,700000 -0,014180 
83,800000 -0,014260 
83,900000 -0,014385 
84,000000 -0,014086 
84,100000 -0,014287 
84,200000 -0,014527 
84,300000 -0,013873 
84,400000 -0,013844 
84,500000 -0,014392 
84,600000 -0,014528 
84,700000 -0,014933 
84,800000 -0,015050 
84,900000 -0,015040 
85,000000 -0,015173 
85,100000 -0,014692 
85,200000 -0,014492 
85,300000 -0,014394 
85,400000 -0,014124 
85,500000 -0,014008 
85,600000 -0,014673 
85,700000 -0,014992 
85,800000 -0,015164 
85,900000 -0,015056 
86,000000 -0,015153 
86,100000 -0,014905 
86,200000 -0,014622 
86,300000 -0,014394 
86,400000 -0,014613 
86,500000 -0,014491 
86,600000 -0,014615 
86,700000 -0,015755 
86,800000 -0,017459 
86,900000 -0,018260 
87,000000 -0,017901 
87,100000 -0,016502 
87,200000 -0,015274 
87,300000 -0,014919 
87,400000 -0,014698 
87,500000 -0,014500 
87,600000 -0,014556 
87,700000 -0,014302 
87,800000 -0,014434 
87,900000 -0,014239 
88,000000 -0,014298 
88,100000 -0,014266 
88,200000 -0,014207 
88,300000 -0,014282 
88,400000 -0,014242 
88,500000 -0,014247 
88,600000 -0,014143 
88,700000 -0,014442 
88,800000 -0,014122 
88,900000 -0,014026 
89,000000 -0,013841 
89,100000 -0,014371 
89,200000 -0,014391 
89,300000 -0,014304 
89,400000 -0,014150 
89,500000 -0,013945 
89,600000 -0,013883 
89,700000 -0,014207 
89,800000 -0,013705 
89,900000 -0,014146 
90,000000 -0,014301 
90,100000 -0,014417 
90,200000 -0,014010 
90,300000 -0,014465 
90,400000 -0,014087 
90,500000 -0,014320 
90,600000 -0,013906 
90,700000 -0,013846 
90,800000 -0,014271 
90,900000 -0,013891 
91,000000 -0,014252 
91,100000 -0,014120 
91,200000 -0,014135 
91,300000 -0,014180 
91,400000 -0,014210 
91,500000 -0,014104 
91,600000 -0,013963 
91,700000 -0,014180 
91,800000 -0,014142 
91,900000 -0,013830 
92,000000 -0,014052 
92,100000 -0,014431 
92,200000 -0,014415 
92,300000 -0,014352 
92,400000 -0,014173 
92,500000 -0,014309 
92,600000 -0,013912 
92,700000 -0,014286 
92,800000 -0,013719 
92,900000 -0,013740 
93,000000 -0,014266 
93,100000 -0,014375 
93,200000 -0,014135 
93,300000 -0,014264 
93,400000 -0,013822 
93,500000 -0,014145 
93,600000 -0,013854 
93,700000 -0,014181 
93,800000 -0,014326 
93,900000 -0,014175 
94,000000 -0,013873 
94,100000 -0,013751 
94,200000 -0,014251 
94,300000 -0,014218 
94,400000 -0,014130 
94,500000 -0,014177 
94,600000 -0,014271 
94,700000 -0,014354 
94,800000 -0,014009 
94,900000 -0,014359 
95,000000 -0,014171 
95,100000 -0,013945 
95,200000 -0,014205 
95,300000 -0,013775 
95,400000 -0,014092 
95,500000 -0,013870 
95,600000 -0,014030 
95,700000 -0,014368 
95,800000 -0,013758 
95,900000 -0,014130 
96,000000 -0,014320 
96,100000 -0,014251 
96,200000 -0,014157 
96,300000 -0,013953 
96,400000 -0,013782 
96,500000 -0,014018 
96,600000 -0,014173 
96,700000 -0,014325 
96,800000 -0,014165 
96,900000 -0,014094 
97,000000 -0,014180 
97,100000 -0,014030 
97,200000 -0,013945 
97,300000 -0,014146 
97,400000 -0,014216 
97,500000 -0,014451 
97,600000 -0,014060 
97,700000 -0,014191 
97,800000 -0,014253 
97,900000 -0,014235 
98,000000 -0,014108 
98,100000 -0,014249 
98,200000 -0,013595 
98,300000 -0,014377 
98,400000 -0,014241 
98,500000 -0,014219 
98,600000 -0,014349 
98,700000 -0,014134 
98,800000 -0,014096 
98,900000 -0,014303 
99,000000 -0,014335 
99,100000 -0,014455 
99,200000 -0,014230 
99,300000 -0,014127 
99,400000 -0,014021 
99,500000 -0,014092 
99,600000 -0,013974 
99,700000 -0,013860 
99,800000 -0,014262 
99,900000 -0,013782 
100,000000 -0,014075 
