0,000000 -0,757342 
0,100000 -0,326827 
0,200000 -0,184600 
0,300000 -0,120314 
0,400000 -0,089479 
0,500000 -0,072330 
0,600000 -0,063930 
0,700000 -0,058606 
0,800000 -0,054844 
0,900000 -0,051866 
1,000000 -0,050828 
1,100000 -0,050555 
1,200000 -0,048913 
1,300000 -0,048903 
1,400000 -0,048389 
1,500000 -0,048328 
1,600000 -0,047774 
1,700000 -0,047289 
1,800000 -0,047284 
1,900000 -0,042635 
2,000000 -0,032950 
2,100000 -0,027525 
2,200000 -0,023621 
2,300000 -0,021183 
2,400000 -0,019038 
2,500000 -0,017639 
2,600000 -0,017306 
2,700000 -0,017786 
2,800000 -0,021389 
2,900000 -0,028423 
3,000000 -0,033316 
3,100000 -0,028587 
3,200000 -0,022483 
3,300000 -0,019403 
3,400000 -0,017445 
3,500000 -0,016685 
3,600000 -0,016050 
3,700000 -0,015571 
3,800000 -0,015525 
3,900000 -0,015513 
4,000000 -0,015092 
4,100000 -0,015017 
4,200000 -0,015141 
4,300000 -0,014959 
4,400000 -0,015324 
4,500000 -0,015132 
4,600000 -0,015044 
4,700000 -0,015016 
4,800000 -0,014679 
4,900000 -0,014997 
5,000000 -0,015230 
5,100000 -0,014404 
5,200000 -0,014858 
5,300000 -0,014734 
5,400000 -0,015073 
5,500000 -0,014425 
5,600000 -0,014720 
5,700000 -0,014419 
5,800000 -0,014544 
5,900000 -0,014863 
6,000000 -0,014652 
6,100000 -0,014833 
6,200000 -0,014696 
6,300000 -0,014446 
6,400000 -0,014507 
6,500000 -0,014695 
6,600000 -0,014596 
6,700000 -0,014418 
6,800000 -0,015077 
6,900000 -0,014489 
7,000000 -0,014868 
7,100000 -0,014896 
7,200000 -0,014704 
7,300000 -0,014067 
7,400000 -0,015283 
7,500000 -0,014785 
7,600000 -0,015191 
7,700000 -0,014685 
7,800000 -0,014710 
7,900000 -0,014818 
8,000000 -0,014417 
8,100000 -0,014253 
8,200000 -0,014500 
8,300000 -0,014490 
8,400000 -0,014524 
8,500000 -0,014522 
8,600000 -0,014522 
8,700000 -0,014401 
8,800000 -0,014623 
8,900000 -0,015004 
9,000000 -0,014411 
9,100000 -0,014299 
9,200000 -0,014237 
9,300000 -0,014510 
9,400000 -0,014590 
9,500000 -0,014688 
9,600000 -0,014546 
9,700000 -0,014531 
9,800000 -0,013889 
9,900000 -0,014220 
10,000000 -0,014331 
10,100000 -0,014629 
10,200000 -0,014236 
10,300000 -0,014219 
10,400000 -0,014085 
10,500000 -0,014539 
10,600000 -0,014171 
10,700000 -0,014014 
10,800000 -0,014327 
10,900000 -0,014488 
11,000000 -0,014358 
11,100000 -0,014141 
11,200000 -0,014235 
11,300000 -0,013999 
11,400000 -0,014095 
11,500000 -0,014246 
11,600000 -0,014457 
11,700000 -0,014261 
11,800000 -0,014451 
11,900000 -0,014343 
12,000000 -0,014388 
12,100000 -0,014598 
12,200000 -0,015862 
12,300000 -0,017067 
12,400000 -0,017687 
12,500000 -0,017971 
12,600000 -0,017714 
12,700000 -0,016748 
12,800000 -0,015736 
12,900000 -0,015499 
13,000000 -0,015016 
13,100000 -0,015021 
13,200000 -0,015565 
13,300000 -0,016095 
13,400000 -0,016301 
13,500000 -0,016745 
13,600000 -0,016657 
13,700000 -0,016522 
13,800000 -0,016381 
13,900000 -0,016942 
14,000000 -0,019336 
14,100000 -0,032935 
14,200000 -0,058228 
14,300000 -0,080212 
14,400000 -0,090028 
14,500000 -0,091273 
14,600000 -0,078633 
14,700000 -0,055426 
14,800000 -0,037176 
14,900000 -0,027904 
15,000000 -0,022858 
15,100000 -0,021751 
15,200000 -0,023194 
15,300000 -0,025640 
15,400000 -0,025973 
15,500000 -0,025744 
15,600000 -0,023488 
15,700000 -0,020878 
15,800000 -0,018176 
15,900000 -0,017363 
16,000000 -0,018943 
16,100000 -0,027926 
16,200000 -0,039373 
16,300000 -0,047667 
16,400000 -0,051417 
16,500000 -0,050467 
16,600000 -0,043403 
16,700000 -0,033137 
16,800000 -0,025693 
16,900000 -0,022536 
17,000000 -0,025016 
17,100000 -0,038417 
17,200000 -0,055226 
17,300000 -0,066413 
17,400000 -0,068909 
17,500000 -0,067366 
17,600000 -0,056117 
17,700000 -0,040825 
17,800000 -0,031031 
17,900000 -0,028736 
18,000000 -0,043064 
18,100000 -0,085484 
18,200000 -0,131895 
18,300000 -0,160709 
18,400000 -0,171570 
18,500000 -0,162325 
18,600000 -0,122774 
18,700000 -0,078226 
18,800000 -0,050058 
18,900000 -0,034790 
19,000000 -0,026709 
19,100000 -0,022846 
19,200000 -0,020932 
19,300000 -0,018968 
19,400000 -0,018255 
19,500000 -0,017185 
19,600000 -0,017055 
19,700000 -0,016303 
19,800000 -0,016034 
19,900000 -0,016263 
20,000000 -0,018186 
20,100000 -0,022015 
20,200000 -0,024824 
20,300000 -0,026747 
20,400000 -0,027179 
20,500000 -0,026300 
20,600000 -0,022761 
20,700000 -0,019399 
20,800000 -0,017350 
20,900000 -0,016150 
21,000000 -0,015426 
21,100000 -0,015109 
21,200000 -0,014794 
21,300000 -0,014477 
21,400000 -0,014627 
21,500000 -0,014490 
21,600000 -0,014361 
21,700000 -0,014637 
21,800000 -0,014288 
21,900000 -0,014472 
22,000000 -0,014281 
22,100000 -0,014577 
22,200000 -0,014921 
22,300000 -0,015025 
22,400000 -0,014798 
22,500000 -0,014850 
22,600000 -0,014809 
22,700000 -0,014544 
22,800000 -0,014364 
22,900000 -0,014308 
23,000000 -0,014087 
23,100000 -0,014320 
23,200000 -0,014144 
23,300000 -0,014429 
23,400000 -0,014186 
23,500000 -0,014044 
23,600000 -0,013960 
23,700000 -0,014197 
23,800000 -0,014346 
23,900000 -0,014187 
24,000000 -0,014927 
24,100000 -0,014778 
24,200000 -0,014995 
24,300000 -0,015565 
24,400000 -0,015266 
24,500000 -0,015380 
24,600000 -0,014857 
24,700000 -0,014221 
24,800000 -0,014470 
24,900000 -0,014411 
25,000000 -0,015667 
25,100000 -0,016385 
25,200000 -0,016842 
25,300000 -0,016945 
25,400000 -0,017063 
25,500000 -0,016937 
25,600000 -0,016386 
25,700000 -0,015727 
25,800000 -0,015693 
25,900000 -0,016958 
26,000000 -0,021458 
26,100000 -0,026582 
26,200000 -0,030323 
26,300000 -0,032515 
26,400000 -0,032391 
26,500000 -0,031888 
26,600000 -0,026649 
26,700000 -0,021969 
26,800000 -0,020152 
26,900000 -0,021873 
27,000000 -0,030717 
27,100000 -0,040626 
27,200000 -0,048796 
27,300000 -0,053318 
27,400000 -0,055406 
27,500000 -0,055565 
27,600000 -0,051131 
27,700000 -0,053912 
27,800000 -0,082781 
27,900000 -0,238836 
28,000000 -0,637846 
28,100000 -1,066392 
28,200000 -1,306663 
28,300000 -1,375486 
28,400000 -1,309698 
28,500000 -1,152216 
28,600000 -0,668701 
28,700000 -0,309775 
28,800000 -0,159798 
28,900000 -0,096536 
29,000000 -0,069362 
29,100000 -0,058125 
29,200000 -0,050696 
29,300000 -0,046629 
29,400000 -0,043329 
29,500000 -0,039642 
29,600000 -0,034501 
29,700000 -0,027008 
29,800000 -0,022771 
29,900000 -0,021860 
30,000000 -0,023244 
30,100000 -0,025762 
30,200000 -0,026911 
30,300000 -0,027373 
30,400000 -0,026594 
30,500000 -0,026363 
30,600000 -0,023967 
30,700000 -0,021470 
30,800000 -0,019618 
30,900000 -0,021812 
31,000000 -0,029344 
31,100000 -0,037756 
31,200000 -0,043776 
31,300000 -0,046721 
31,400000 -0,047750 
31,500000 -0,046083 
31,600000 -0,041937 
31,700000 -0,034449 
31,800000 -0,033152 
31,900000 -0,058994 
32,000000 -0,106225 
32,100000 -0,148350 
32,200000 -0,177102 
32,300000 -0,189736 
32,400000 -0,184891 
32,500000 -0,169813 
32,600000 -0,131890 
32,700000 -0,081809 
32,800000 -0,052049 
32,900000 -0,036094 
33,000000 -0,027424 
33,100000 -0,022418 
33,200000 -0,019606 
33,300000 -0,017917 
33,400000 -0,016807 
33,500000 -0,016520 
33,600000 -0,015899 
33,700000 -0,015747 
33,800000 -0,014960 
33,900000 -0,015637 
34,000000 -0,015419 
34,100000 -0,015617 
34,200000 -0,015375 
34,300000 -0,015618 
34,400000 -0,015551 
34,500000 -0,015661 
34,600000 -0,015260 
34,700000 -0,015327 
34,800000 -0,014519 
34,900000 -0,014305 
35,000000 -0,014505 
35,100000 -0,014533 
35,200000 -0,014181 
35,300000 -0,014313 
35,400000 -0,014385 
35,500000 -0,014204 
35,600000 -0,014402 
35,700000 -0,014376 
35,800000 -0,014276 
35,900000 -0,014520 
36,000000 -0,014244 
36,100000 -0,014609 
36,200000 -0,014329 
36,300000 -0,014699 
36,400000 -0,014438 
36,500000 -0,014329 
36,600000 -0,014656 
36,700000 -0,014237 
36,800000 -0,014475 
36,900000 -0,014484 
37,000000 -0,014478 
37,100000 -0,014478 
37,200000 -0,013961 
37,300000 -0,014740 
37,400000 -0,015067 
37,500000 -0,014221 
37,600000 -0,014065 
37,700000 -0,014870 
37,800000 -0,014667 
37,900000 -0,014490 
38,000000 -0,014979 
38,100000 -0,014876 
38,200000 -0,015118 
38,300000 -0,014247 
38,400000 -0,015433 
38,500000 -0,015451 
38,600000 -0,014652 
38,700000 -0,014562 
38,800000 -0,014753 
38,900000 -0,014992 
39,000000 -0,015362 
39,100000 -0,015419 
39,200000 -0,015959 
39,300000 -0,016348 
39,400000 -0,016361 
39,500000 -0,016083 
39,600000 -0,016066 
39,700000 -0,015759 
39,800000 -0,016033 
39,900000 -0,018880 
40,000000 -0,024533 
40,100000 -0,028757 
40,200000 -0,031826 
40,300000 -0,033631 
40,400000 -0,033329 
40,500000 -0,031950 
40,600000 -0,027213 
40,700000 -0,022457 
40,800000 -0,019372 
40,900000 -0,017211 
41,000000 -0,017141 
41,100000 -0,017747 
41,200000 -0,017984 
41,300000 -0,019210 
41,400000 -0,018832 
41,500000 -0,018594 
41,600000 -0,017938 
41,700000 -0,016950 
41,800000 -0,016037 
41,900000 -0,015531 
42,000000 -0,015942 
42,100000 -0,015798 
42,200000 -0,016313 
42,300000 -0,016653 
42,400000 -0,016816 
42,500000 -0,016677 
42,600000 -0,016575 
42,700000 -0,016114 
42,800000 -0,015460 
42,900000 -0,015376 
43,000000 -0,016112 
43,100000 -0,017036 
43,200000 -0,017598 
43,300000 -0,018370 
43,400000 -0,018928 
43,500000 -0,018586 
43,600000 -0,018198 
43,700000 -0,016975 
43,800000 -0,016732 
43,900000 -0,017402 
44,000000 -0,024027 
44,100000 -0,030448 
44,200000 -0,034862 
44,300000 -0,037517 
44,400000 -0,038394 
44,500000 -0,037212 
44,600000 -0,033436 
44,700000 -0,026717 
44,800000 -0,021954 
44,900000 -0,019299 
45,000000 -0,020272 
45,100000 -0,021952 
45,200000 -0,024429 
45,300000 -0,026301 
45,400000 -0,026504 
45,500000 -0,026334 
45,600000 -0,025083 
45,700000 -0,022328 
45,800000 -0,019123 
45,900000 -0,017283 
46,000000 -0,017108 
46,100000 -0,018747 
46,200000 -0,020349 
46,300000 -0,021285 
46,400000 -0,021836 
46,500000 -0,022049 
46,600000 -0,021317 
46,700000 -0,019261 
46,800000 -0,017325 
46,900000 -0,016268 
47,000000 -0,015888 
47,100000 -0,016028 
47,200000 -0,016279 
47,300000 -0,016442 
47,400000 -0,016320 
47,500000 -0,015967 
47,600000 -0,015627 
47,700000 -0,015661 
47,800000 -0,015158 
47,900000 -0,014835 
48,000000 -0,014134 
48,100000 -0,014825 
48,200000 -0,014714 
48,300000 -0,014221 
48,400000 -0,014607 
48,500000 -0,014580 
48,600000 -0,014294 
48,700000 -0,014435 
48,800000 -0,014056 
48,900000 -0,014597 
49,000000 -0,014396 
49,100000 -0,014582 
49,200000 -0,014204 
49,300000 -0,014306 
49,400000 -0,014645 
49,500000 -0,014574 
49,600000 -0,014363 
49,700000 -0,014574 
49,800000 -0,014306 
49,900000 -0,014687 
50,000000 -0,014240 
50,100000 -0,014854 
50,200000 -0,014792 
50,300000 -0,015198 
50,400000 -0,015315 
50,500000 -0,015239 
50,600000 -0,015115 
50,700000 -0,014800 
50,800000 -0,014432 
50,900000 -0,014405 
51,000000 -0,014881 
51,100000 -0,015035 
51,200000 -0,015292 
51,300000 -0,015271 
51,400000 -0,015385 
51,500000 -0,015308 
51,600000 -0,015431 
51,700000 -0,015548 
51,800000 -0,014988 
51,900000 -0,014854 
52,000000 -0,014339 
52,100000 -0,014993 
52,200000 -0,014734 
52,300000 -0,014892 
52,400000 -0,014737 
52,500000 -0,014567 
52,600000 -0,014868 
52,700000 -0,014531 
52,800000 -0,014811 
52,900000 -0,014373 
53,000000 -0,014226 
53,100000 -0,014325 
53,200000 -0,014521 
53,300000 -0,014684 
53,400000 -0,014338 
53,500000 -0,014220 
53,600000 -0,014528 
53,700000 -0,014286 
53,800000 -0,014431 
53,900000 -0,014038 
54,000000 -0,014158 
54,100000 -0,014156 
54,200000 -0,014403 
54,300000 -0,014250 
54,400000 -0,014684 
54,500000 -0,014386 
54,600000 -0,014423 
54,700000 -0,014335 
54,800000 -0,014356 
54,900000 -0,014173 
55,000000 -0,014544 
55,100000 -0,014257 
55,200000 -0,014095 
55,300000 -0,014296 
55,400000 -0,014189 
55,500000 -0,014460 
55,600000 -0,014233 
55,700000 -0,013981 
55,800000 -0,013920 
55,900000 -0,014226 
56,000000 -0,014030 
56,100000 -0,014371 
56,200000 -0,014595 
56,300000 -0,014456 
56,400000 -0,014372 
56,500000 -0,014628 
56,600000 -0,014186 
56,700000 -0,014055 
56,800000 -0,014506 
56,900000 -0,014168 
57,000000 -0,014358 
57,100000 -0,014737 
57,200000 -0,014077 
57,300000 -0,014402 
57,400000 -0,014394 
57,500000 -0,014531 
57,600000 -0,014552 
57,700000 -0,014434 
57,800000 -0,014709 
57,900000 -0,014290 
58,000000 -0,014339 
58,100000 -0,014413 
58,200000 -0,014582 
58,300000 -0,014604 
58,400000 -0,014653 
58,500000 -0,014606 
58,600000 -0,014494 
58,700000 -0,014625 
58,800000 -0,014193 
58,900000 -0,014088 
59,000000 -0,014376 
59,100000 -0,014292 
59,200000 -0,014239 
59,300000 -0,014317 
59,400000 -0,014392 
59,500000 -0,014543 
59,600000 -0,014082 
59,700000 -0,013747 
59,800000 -0,013980 
59,900000 -0,014253 
60,000000 -0,014435 
60,100000 -0,014248 
60,200000 -0,014489 
60,300000 -0,014244 
60,400000 -0,014122 
60,500000 -0,013995 
60,600000 -0,014456 
60,700000 -0,014743 
60,800000 -0,014582 
60,900000 -0,014285 
61,000000 -0,014422 
61,100000 -0,014241 
61,200000 -0,014406 
61,300000 -0,014108 
61,400000 -0,014385 
61,500000 -0,014672 
61,600000 -0,014339 
61,700000 -0,014320 
61,800000 -0,014277 
61,900000 -0,014240 
62,000000 -0,014452 
62,100000 -0,014395 
62,200000 -0,014270 
62,300000 -0,014142 
62,400000 -0,014339 
62,500000 -0,014698 
62,600000 -0,014030 
62,700000 -0,014417 
62,800000 -0,014358 
62,900000 -0,014222 
63,000000 -0,014224 
63,100000 -0,013970 
63,200000 -0,014246 
63,300000 -0,014523 
63,400000 -0,014164 
63,500000 -0,014050 
63,600000 -0,014239 
63,700000 -0,014336 
63,800000 -0,014171 
63,900000 -0,014464 
64,000000 -0,014396 
64,100000 -0,014386 
64,200000 -0,014366 
64,300000 -0,013984 
64,400000 -0,014360 
64,500000 -0,014347 
64,600000 -0,014197 
64,700000 -0,014412 
64,800000 -0,014281 
64,900000 -0,014145 
65,000000 -0,014573 
65,100000 -0,014144 
65,200000 -0,014063 
65,300000 -0,014007 
65,400000 -0,014175 
65,500000 -0,014415 
65,600000 -0,014125 
65,700000 -0,014477 
65,800000 -0,014471 
65,900000 -0,014387 
66,000000 -0,014113 
66,100000 -0,014246 
66,200000 -0,014295 
66,300000 -0,014313 
66,400000 -0,014656 
66,500000 -0,015062 
66,600000 -0,014982 
66,700000 -0,014894 
66,800000 -0,015199 
66,900000 -0,014368 
67,000000 -0,014669 
67,100000 -0,013999 
67,200000 -0,014218 
67,300000 -0,014068 
67,400000 -0,014383 
67,500000 -0,014152 
67,600000 -0,013286 
67,700000 -0,014149 
67,800000 -0,014345 
67,900000 -0,013653 
68,000000 -0,013821 
68,100000 -0,014108 
68,200000 -0,013974 
68,300000 -0,013864 
68,400000 -0,014319 
68,500000 -0,014332 
68,600000 -0,014297 
68,700000 -0,014469 
68,800000 -0,013858 
68,900000 -0,014142 
69,000000 -0,013917 
69,100000 -0,014001 
69,200000 -0,013941 
69,300000 -0,014946 
69,400000 -0,016216 
69,500000 -0,016724 
69,600000 -0,016975 
69,700000 -0,016753 
69,800000 -0,016483 
69,900000 -0,015487 
70,000000 -0,014634 
70,100000 -0,014215 
70,200000 -0,014829 
70,300000 -0,014378 
70,400000 -0,014513 
70,500000 -0,014521 
70,600000 -0,014228 
70,700000 -0,014470 
70,800000 -0,014375 
70,900000 -0,014223 
71,000000 -0,013979 
71,100000 -0,013998 
71,200000 -0,014266 
71,300000 -0,014360 
71,400000 -0,014408 
71,500000 -0,014070 
71,600000 -0,013867 
71,700000 -0,013916 
71,800000 -0,013909 
71,900000 -0,014057 
72,000000 -0,014416 
72,100000 -0,014137 
72,200000 -0,014536 
72,300000 -0,014338 
72,400000 -0,014064 
72,500000 -0,013969 
72,600000 -0,013657 
72,700000 -0,014037 
72,800000 -0,013999 
72,900000 -0,014142 
73,000000 -0,013714 
73,100000 -0,014018 
73,200000 -0,014155 
73,300000 -0,014330 
73,400000 -0,013997 
73,500000 -0,013915 
73,600000 -0,014137 
73,700000 -0,014213 
73,800000 -0,013830 
73,900000 -0,014074 
74,000000 -0,014020 
74,100000 -0,014030 
74,200000 -0,014096 
74,300000 -0,013663 
74,400000 -0,014158 
74,500000 -0,014120 
74,600000 -0,013878 
74,700000 -0,014139 
74,800000 -0,014088 
74,900000 -0,013976 
75,000000 -0,014292 
75,100000 -0,014035 
75,200000 -0,014442 
75,300000 -0,014135 
75,400000 -0,013827 
75,500000 -0,014278 
75,600000 -0,014200 
75,700000 -0,014236 
75,800000 -0,014115 
75,900000 -0,013867 
76,000000 -0,013774 
76,100000 -0,013913 
76,200000 -0,013758 
76,300000 -0,014098 
76,400000 -0,014167 
76,500000 -0,014011 
76,600000 -0,014370 
76,700000 -0,013937 
76,800000 -0,013989 
76,900000 -0,014124 
77,000000 -0,014189 
77,100000 -0,014427 
77,200000 -0,014221 
77,300000 -0,014115 
77,400000 -0,013807 
77,500000 -0,013608 
77,600000 -0,014105 
77,700000 -0,014205 
77,800000 -0,013954 
77,900000 -0,014207 
78,000000 -0,014021 
78,100000 -0,013848 
78,200000 -0,014491 
78,300000 -0,013971 
78,400000 -0,014058 
78,500000 -0,014197 
78,600000 -0,014053 
78,700000 -0,013739 
78,800000 -0,014347 
78,900000 -0,014133 
79,000000 -0,014188 
79,100000 -0,014127 
79,200000 -0,014263 
79,300000 -0,013870 
79,400000 -0,014092 
79,500000 -0,014240 
79,600000 -0,014285 
79,700000 -0,014014 
79,800000 -0,014117 
79,900000 -0,013909 
80,000000 -0,013909 
80,100000 -0,013487 
80,200000 -0,014219 
80,300000 -0,013943 
80,400000 -0,013736 
80,500000 -0,014280 
80,600000 -0,014289 
80,700000 -0,014020 
80,800000 -0,014035 
80,900000 -0,013986 
81,000000 -0,014316 
81,100000 -0,014458 
81,200000 -0,014080 
81,300000 -0,014294 
81,400000 -0,014227 
81,500000 -0,014343 
81,600000 -0,014348 
81,700000 -0,014313 
81,800000 -0,014265 
81,900000 -0,014243 
82,000000 -0,014039 
82,100000 -0,014193 
82,200000 -0,014369 
82,300000 -0,014110 
82,400000 -0,014069 
82,500000 -0,014095 
82,600000 -0,014096 
82,700000 -0,014356 
82,800000 -0,014100 
82,900000 -0,013736 
83,000000 -0,014649 
83,100000 -0,014443 
83,200000 -0,014026 
83,300000 -0,014177 
83,400000 -0,014188 
83,500000 -0,014201 
83,600000 -0,014153 
83,700000 -0,014306 
83,800000 -0,014309 
83,900000 -0,014442 
84,000000 -0,013979 
84,100000 -0,014493 
84,200000 -0,013983 
84,300000 -0,013977 
84,400000 -0,014421 
84,500000 -0,014100 
84,600000 -0,014410 
84,700000 -0,014313 
84,800000 -0,014135 
84,900000 -0,014175 
85,000000 -0,014191 
85,100000 -0,014324 
85,200000 -0,014448 
85,300000 -0,014267 
85,400000 -0,014440 
85,500000 -0,014366 
85,600000 -0,014293 
85,700000 -0,013901 
85,800000 -0,014324 
85,900000 -0,014480 
86,000000 -0,014330 
86,100000 -0,014826 
86,200000 -0,014080 
86,300000 -0,014549 
86,400000 -0,013942 
86,500000 -0,014373 
86,600000 -0,014274 
86,700000 -0,014284 
86,800000 -0,014427 
86,900000 -0,013982 
87,000000 -0,013995 
87,100000 -0,013513 
87,200000 -0,014105 
87,300000 -0,014030 
87,400000 -0,013693 
87,500000 -0,014577 
87,600000 -0,014263 
87,700000 -0,014411 
87,800000 -0,013878 
87,900000 -0,014136 
88,000000 -0,014208 
88,100000 -0,014036 
88,200000 -0,013834 
88,300000 -0,014054 
88,400000 -0,013983 
88,500000 -0,014053 
88,600000 -0,014039 
88,700000 -0,014075 
88,800000 -0,014220 
88,900000 -0,014375 
89,000000 -0,014014 
89,100000 -0,013850 
89,200000 -0,014250 
89,300000 -0,014082 
89,400000 -0,013388 
89,500000 -0,014232 
89,600000 -0,014085 
89,700000 -0,013911 
89,800000 -0,013833 
89,900000 -0,014071 
90,000000 -0,013823 
90,100000 -0,014108 
90,200000 -0,014228 
90,300000 -0,013874 
90,400000 -0,014157 
90,500000 -0,014370 
90,600000 -0,014054 
90,700000 -0,013939 
90,800000 -0,014132 
90,900000 -0,014202 
91,000000 -0,014058 
91,100000 -0,014219 
91,200000 -0,013964 
91,300000 -0,013987 
91,400000 -0,014640 
91,500000 -0,014070 
91,600000 -0,013752 
91,700000 -0,014063 
91,800000 -0,014301 
91,900000 -0,014120 
92,000000 -0,014232 
92,100000 -0,013933 
92,200000 -0,014257 
92,300000 -0,014255 
92,400000 -0,013987 
92,500000 -0,014185 
92,600000 -0,014314 
92,700000 -0,013840 
92,800000 -0,013869 
92,900000 -0,014115 
93,000000 -0,014377 
93,100000 -0,014145 
93,200000 -0,013962 
93,300000 -0,014169 
93,400000 -0,013964 
93,500000 -0,013885 
93,600000 -0,014512 
93,700000 -0,013847 
93,800000 -0,014584 
93,900000 -0,014333 
94,000000 -0,013921 
94,100000 -0,014199 
94,200000 -0,013484 
94,300000 -0,014319 
94,400000 -0,014358 
94,500000 -0,014169 
94,600000 -0,014055 
94,700000 -0,014257 
94,800000 -0,014212 
94,900000 -0,014477 
95,000000 -0,014230 
95,100000 -0,013844 
95,200000 -0,014164 
95,300000 -0,014054 
95,400000 -0,014109 
95,500000 -0,014192 
95,600000 -0,014164 
95,700000 -0,014119 
95,800000 -0,014155 
95,900000 -0,014316 
96,000000 -0,014591 
96,100000 -0,014454 
96,200000 -0,014629 
96,300000 -0,014209 
96,400000 -0,014084 
96,500000 -0,014700 
96,600000 -0,014242 
96,700000 -0,014161 
96,800000 -0,013693 
96,900000 -0,014016 
97,000000 -0,014507 
97,100000 -0,014071 
97,200000 -0,014318 
97,300000 -0,014021 
97,400000 -0,013719 
97,500000 -0,014421 
97,600000 -0,013964 
97,700000 -0,014043 
97,800000 -0,014010 
97,900000 -0,014223 
98,000000 -0,014279 
98,100000 -0,014238 
98,200000 -0,013848 
98,300000 -0,013860 
98,400000 -0,014266 
98,500000 -0,013978 
98,600000 -0,014230 
98,700000 -0,014405 
98,800000 -0,013789 
98,900000 -0,014195 
99,000000 -0,014589 
99,100000 -0,014337 
99,200000 -0,014059 
99,300000 -0,014271 
99,400000 -0,014230 
99,500000 -0,014257 
99,600000 -0,014021 
99,700000 -0,014043 
99,800000 -0,014320 
99,900000 -0,014031 
100,000000 -0,013895 
