0,000000 -0,039514 
0,100000 -0,039496 
0,200000 -0,039423 
0,300000 -0,039412 
0,400000 -0,039702 
0,500000 -0,040163 
0,600000 -0,039834 
0,700000 -0,039780 
0,800000 -0,039556 
0,900000 -0,039900 
1,000000 -0,039695 
1,100000 -0,039739 
1,200000 -0,039945 
1,300000 -0,039480 
1,400000 -0,039795 
1,500000 -0,039491 
1,600000 -0,039549 
1,700000 -0,039807 
1,800000 -0,039660 
1,900000 -0,031088 
2,000000 -0,023452 
2,100000 -0,021521 
2,200000 -0,018197 
2,300000 -0,016876 
2,400000 -0,016049 
2,500000 -0,016005 
2,600000 -0,016469 
2,700000 -0,020818 
2,800000 -0,032055 
2,900000 -0,040657 
3,000000 -0,040232 
3,100000 -0,027364 
3,200000 -0,018983 
3,300000 -0,016204 
3,400000 -0,015034 
3,500000 -0,014441 
3,600000 -0,014366 
3,700000 -0,014371 
3,800000 -0,014322 
3,900000 -0,014189 
4,000000 -0,014321 
4,100000 -0,013960 
4,200000 -0,014356 
4,300000 -0,014176 
4,400000 -0,013874 
4,500000 -0,013958 
4,600000 -0,014105 
4,700000 -0,014296 
4,800000 -0,014404 
4,900000 -0,014165 
5,000000 -0,014270 
5,100000 -0,013985 
5,200000 -0,014278 
5,300000 -0,014286 
5,400000 -0,014075 
5,500000 -0,013927 
5,600000 -0,014279 
5,700000 -0,013905 
5,800000 -0,013862 
5,900000 -0,014196 
6,000000 -0,014017 
6,100000 -0,014124 
6,200000 -0,014049 
6,300000 -0,014192 
6,400000 -0,014086 
6,500000 -0,014140 
6,600000 -0,014103 
6,700000 -0,014276 
6,800000 -0,014340 
6,900000 -0,014250 
7,000000 -0,014713 
7,100000 -0,014639 
7,200000 -0,014847 
7,300000 -0,015010 
7,400000 -0,014926 
7,500000 -0,015033 
7,600000 -0,015116 
7,700000 -0,014847 
7,800000 -0,014627 
7,900000 -0,014487 
8,000000 -0,014074 
8,100000 -0,014343 
8,200000 -0,014489 
8,300000 -0,014270 
8,400000 -0,014269 
8,500000 -0,014620 
8,600000 -0,014320 
8,700000 -0,014145 
8,800000 -0,014307 
8,900000 -0,014196 
9,000000 -0,014346 
9,100000 -0,014224 
9,200000 -0,014238 
9,300000 -0,014147 
9,400000 -0,014404 
9,500000 -0,014095 
9,600000 -0,013941 
9,700000 -0,014095 
9,800000 -0,014389 
9,900000 -0,014260 
10,000000 -0,014599 
10,100000 -0,014190 
10,200000 -0,014262 
10,300000 -0,014356 
10,400000 -0,014267 
10,500000 -0,014171 
10,600000 -0,014143 
10,700000 -0,014214 
10,800000 -0,014329 
10,900000 -0,014132 
11,000000 -0,014295 
11,100000 -0,014504 
11,200000 -0,014443 
11,300000 -0,014845 
11,400000 -0,015991 
11,500000 -0,017309 
11,600000 -0,019224 
11,700000 -0,020867 
11,800000 -0,021418 
11,900000 -0,021297 
12,000000 -0,021718 
12,100000 -0,021809 
12,200000 -0,021850 
12,300000 -0,021708 
12,400000 -0,021763 
12,500000 -0,021945 
12,600000 -0,021960 
12,700000 -0,021846 
12,800000 -0,020899 
12,900000 -0,019963 
13,000000 -0,020691 
13,100000 -0,022687 
13,200000 -0,034082 
13,300000 -0,063183 
13,400000 -0,112017 
13,500000 -0,146994 
13,600000 -0,165620 
13,700000 -0,175455 
13,800000 -0,180162 
13,900000 -0,182899 
14,000000 -0,183731 
14,100000 -0,182135 
14,200000 -0,179924 
14,300000 -0,179060 
14,400000 -0,171479 
14,500000 -0,162212 
14,600000 -0,148423 
14,700000 -0,129146 
14,800000 -0,092517 
14,900000 -0,060418 
15,000000 -0,047404 
15,100000 -0,050895 
15,200000 -0,068175 
15,300000 -0,085645 
15,400000 -0,099071 
15,500000 -0,106162 
15,600000 -0,109792 
15,700000 -0,111493 
15,800000 -0,110171 
15,900000 -0,110876 
16,000000 -0,120329 
16,100000 -0,144339 
16,200000 -0,170196 
16,300000 -0,187716 
16,400000 -0,197806 
16,500000 -0,200587 
16,600000 -0,198919 
16,700000 -0,193043 
16,800000 -0,183916 
16,900000 -0,193186 
17,000000 -0,239155 
17,100000 -0,308642 
17,200000 -0,354595 
17,300000 -0,382176 
17,400000 -0,399466 
17,500000 -0,401794 
17,600000 -0,398330 
17,700000 -0,387443 
17,800000 -0,364112 
17,900000 -0,336814 
18,000000 -0,318573 
18,100000 -0,309203 
18,200000 -0,298925 
18,300000 -0,282047 
18,400000 -0,269882 
18,500000 -0,246942 
18,600000 -0,218502 
18,700000 -0,189146 
18,800000 -0,141172 
18,900000 -0,085909 
19,000000 -0,059173 
19,100000 -0,051796 
19,200000 -0,050725 
19,300000 -0,050904 
19,400000 -0,051075 
19,500000 -0,051270 
19,600000 -0,051237 
19,700000 -0,051083 
19,800000 -0,050545 
19,900000 -0,048959 
20,000000 -0,047821 
20,100000 -0,046533 
20,200000 -0,045787 
20,300000 -0,044272 
20,400000 -0,042118 
20,500000 -0,039688 
20,600000 -0,036394 
20,700000 -0,033097 
20,800000 -0,027959 
20,900000 -0,021898 
21,000000 -0,017573 
21,100000 -0,016740 
21,200000 -0,016487 
21,300000 -0,016162 
21,400000 -0,016266 
21,500000 -0,016168 
21,600000 -0,016037 
21,700000 -0,016039 
21,800000 -0,016036 
21,900000 -0,015721 
22,000000 -0,015819 
22,100000 -0,015816 
22,200000 -0,015647 
22,300000 -0,015687 
22,400000 -0,015389 
22,500000 -0,015296 
22,600000 -0,015881 
22,700000 -0,016102 
22,800000 -0,015929 
22,900000 -0,015955 
23,000000 -0,015831 
23,100000 -0,015453 
23,200000 -0,015681 
23,300000 -0,015829 
23,400000 -0,016120 
23,500000 -0,016478 
23,600000 -0,017110 
23,700000 -0,017822 
23,800000 -0,018343 
23,900000 -0,019025 
24,000000 -0,019563 
24,100000 -0,019900 
24,200000 -0,020292 
24,300000 -0,021342 
24,400000 -0,023262 
24,500000 -0,028538 
24,600000 -0,035635 
24,700000 -0,040985 
24,800000 -0,044326 
24,900000 -0,046089 
25,000000 -0,047349 
25,100000 -0,048352 
25,200000 -0,051116 
25,300000 -0,056186 
25,400000 -0,067248 
25,500000 -0,083973 
25,600000 -0,101709 
25,700000 -0,115006 
25,800000 -0,124669 
25,900000 -0,136534 
26,000000 -0,152805 
26,100000 -0,204648 
26,200000 -0,380464 
26,300000 -0,803759 
26,400000 -1,535773 
26,500000 -2,164864 
26,600000 -2,663477 
26,700000 -2,938851 
26,800000 -3,090772 
26,900000 -3,200557 
27,000000 -3,260685 
27,100000 -3,312536 
27,200000 -3,345031 
27,300000 -3,361982 
27,400000 -3,375879 
27,500000 -3,369925 
27,600000 -3,333769 
27,700000 -3,296062 
27,800000 -3,226136 
27,900000 -3,128260 
28,000000 -2,998050 
28,100000 -2,865457 
28,200000 -2,764241 
28,300000 -2,652405 
28,400000 -2,518691 
28,500000 -2,333977 
28,600000 -2,039371 
28,700000 -1,761051 
28,800000 -1,436503 
28,900000 -0,906483 
29,000000 -0,409811 
29,100000 -0,209065 
29,200000 -0,170085 
29,300000 -0,166048 
29,400000 -0,167148 
29,500000 -0,171050 
29,600000 -0,172551 
29,700000 -0,173907 
29,800000 -0,174985 
29,900000 -0,187823 
30,000000 -0,221620 
30,100000 -0,311223 
30,200000 -0,411991 
30,300000 -0,486613 
30,400000 -0,540576 
30,500000 -0,577203 
30,600000 -0,594168 
30,700000 -0,612172 
30,800000 -0,622736 
30,900000 -0,618040 
31,000000 -0,606657 
31,100000 -0,602877 
31,200000 -0,600805 
31,300000 -0,599554 
31,400000 -0,594754 
31,500000 -0,584598 
31,600000 -0,578396 
31,700000 -0,559917 
31,800000 -0,539838 
31,900000 -0,514653 
32,000000 -0,483536 
32,100000 -0,457783 
32,200000 -0,435201 
32,300000 -0,413860 
32,400000 -0,395248 
32,500000 -0,365998 
32,600000 -0,338234 
32,700000 -0,293237 
32,800000 -0,245287 
32,900000 -0,179010 
33,000000 -0,098138 
33,100000 -0,048604 
33,200000 -0,029742 
33,300000 -0,022981 
33,400000 -0,020853 
33,500000 -0,019094 
33,600000 -0,018330 
33,700000 -0,017914 
33,800000 -0,017856 
33,900000 -0,017492 
34,000000 -0,017334 
34,100000 -0,017109 
34,200000 -0,017128 
34,300000 -0,017013 
34,400000 -0,016863 
34,500000 -0,016830 
34,600000 -0,016705 
34,700000 -0,016706 
34,800000 -0,016579 
34,900000 -0,016234 
35,000000 -0,015985 
35,100000 -0,016051 
35,200000 -0,015426 
35,300000 -0,015903 
35,400000 -0,015652 
35,500000 -0,015534 
35,600000 -0,015643 
35,700000 -0,015475 
35,800000 -0,015933 
35,900000 -0,016275 
36,000000 -0,016373 
36,100000 -0,016466 
36,200000 -0,016600 
36,300000 -0,016677 
36,400000 -0,016451 
36,500000 -0,016458 
36,600000 -0,016832 
36,700000 -0,016918 
36,800000 -0,017256 
36,900000 -0,017448 
37,000000 -0,018066 
37,100000 -0,018144 
37,200000 -0,018682 
37,300000 -0,019447 
37,400000 -0,020542 
37,500000 -0,022940 
37,600000 -0,029852 
37,700000 -0,041062 
37,800000 -0,052886 
37,900000 -0,062021 
38,000000 -0,066942 
38,100000 -0,071207 
38,200000 -0,074469 
38,300000 -0,076148 
38,400000 -0,077903 
38,500000 -0,079778 
38,600000 -0,080798 
38,700000 -0,083303 
38,800000 -0,085635 
38,900000 -0,087575 
39,000000 -0,088335 
39,100000 -0,088592 
39,200000 -0,088808 
39,300000 -0,087482 
39,400000 -0,087970 
39,500000 -0,088221 
39,600000 -0,087594 
39,700000 -0,088046 
39,800000 -0,086275 
39,900000 -0,085193 
40,000000 -0,084127 
40,100000 -0,081320 
40,200000 -0,079636 
40,300000 -0,077192 
40,400000 -0,075968 
40,500000 -0,075042 
40,600000 -0,074854 
40,700000 -0,073387 
40,800000 -0,071309 
40,900000 -0,067355 
41,000000 -0,060991 
41,100000 -0,052837 
41,200000 -0,049528 
41,300000 -0,050592 
41,400000 -0,057575 
41,500000 -0,071149 
41,600000 -0,084718 
41,700000 -0,094690 
41,800000 -0,101534 
41,900000 -0,107121 
42,000000 -0,110331 
42,100000 -0,112140 
42,200000 -0,113406 
42,300000 -0,116325 
42,400000 -0,121458 
42,500000 -0,127880 
42,600000 -0,133819 
42,700000 -0,133207 
42,800000 -0,142927 
42,900000 -0,143238 
43,000000 -0,143561 
43,100000 -0,143746 
43,200000 -0,142833 
43,300000 -0,139849 
43,400000 -0,148535 
43,500000 -0,150656 
43,600000 -0,149965 
43,700000 -0,149858 
43,800000 -0,148392 
43,900000 -0,144661 
44,000000 -0,141932 
44,100000 -0,139726 
44,200000 -0,136112 
44,300000 -0,132722 
44,400000 -0,131810 
44,500000 -0,126817 
44,600000 -0,124159 
44,700000 -0,119056 
44,800000 -0,115220 
44,900000 -0,108023 
45,000000 -0,100256 
45,100000 -0,090418 
45,200000 -0,079398 
45,300000 -0,072270 
45,400000 -0,069182 
45,500000 -0,066555 
45,600000 -0,065388 
45,700000 -0,062279 
45,800000 -0,060444 
45,900000 -0,057647 
46,000000 -0,054276 
46,100000 -0,050315 
46,200000 -0,044844 
46,300000 -0,040200 
46,400000 -0,037118 
46,500000 -0,036093 
46,600000 -0,034841 
46,700000 -0,033290 
46,800000 -0,031914 
46,900000 -0,031230 
47,000000 -0,029087 
47,100000 -0,027158 
47,200000 -0,025935 
47,300000 -0,023277 
47,400000 -0,022256 
47,500000 -0,021980 
47,600000 -0,021859 
47,700000 -0,021772 
47,800000 -0,021578 
47,900000 -0,021260 
48,000000 -0,021101 
48,100000 -0,021093 
48,200000 -0,020621 
48,300000 -0,020060 
48,400000 -0,020457 
48,500000 -0,020370 
48,600000 -0,020497 
48,700000 -0,020672 
48,800000 -0,020692 
48,900000 -0,020799 
49,000000 -0,020969 
49,100000 -0,021108 
49,200000 -0,021235 
49,300000 -0,021500 
49,400000 -0,021379 
49,500000 -0,021413 
49,600000 -0,021462 
49,700000 -0,021142 
49,800000 -0,021466 
49,900000 -0,021366 
