0,000000 -0,037667 
0,100000 -0,037726 
0,200000 -0,037773 
0,300000 -0,037715 
0,400000 -0,037713 
0,500000 -0,037959 
0,600000 -0,037533 
0,700000 -0,037868 
0,800000 -0,038070 
0,900000 -0,037749 
1,000000 -0,037627 
1,100000 -0,037943 
1,200000 -0,037629 
1,300000 -0,038070 
1,400000 -0,038229 
1,500000 -0,037882 
1,600000 -0,037746 
1,700000 -0,038111 
1,800000 -0,037797 
1,900000 -0,029935 
2,000000 -0,022915 
2,100000 -0,021159 
2,200000 -0,017657 
2,300000 -0,016319 
2,400000 -0,015601 
2,500000 -0,015472 
2,600000 -0,015695 
2,700000 -0,017869 
2,800000 -0,027002 
2,900000 -0,035390 
3,000000 -0,036011 
3,100000 -0,025427 
3,200000 -0,018119 
3,300000 -0,015667 
3,400000 -0,014830 
3,500000 -0,014524 
3,600000 -0,013703 
3,700000 -0,014003 
3,800000 -0,013962 
3,900000 -0,013828 
4,000000 -0,013841 
4,100000 -0,013781 
4,200000 -0,013692 
4,300000 -0,013775 
4,400000 -0,013751 
4,500000 -0,013647 
4,600000 -0,013953 
4,700000 -0,013902 
4,800000 -0,013935 
4,900000 -0,013707 
5,000000 -0,013735 
5,100000 -0,013671 
5,200000 -0,013782 
5,300000 -0,013802 
5,400000 -0,013709 
5,500000 -0,013782 
5,600000 -0,013778 
5,700000 -0,013832 
5,800000 -0,013722 
5,900000 -0,013822 
6,000000 -0,014087 
6,100000 -0,013859 
6,200000 -0,013505 
6,300000 -0,013902 
6,400000 -0,014162 
6,500000 -0,013821 
6,600000 -0,013843 
6,700000 -0,014006 
6,800000 -0,013904 
6,900000 -0,014177 
7,000000 -0,014029 
7,100000 -0,014128 
7,200000 -0,014440 
7,300000 -0,014286 
7,400000 -0,015062 
7,500000 -0,014613 
7,600000 -0,014818 
7,700000 -0,014526 
7,800000 -0,014524 
7,900000 -0,014097 
8,000000 -0,014274 
8,100000 -0,013960 
8,200000 -0,014007 
8,300000 -0,014214 
8,400000 -0,014175 
8,500000 -0,014054 
8,600000 -0,013679 
8,700000 -0,014028 
8,800000 -0,014356 
8,900000 -0,013592 
9,000000 -0,014082 
9,100000 -0,013864 
9,200000 -0,013944 
9,300000 -0,014146 
9,400000 -0,013850 
9,500000 -0,013857 
9,600000 -0,013909 
9,700000 -0,014327 
9,800000 -0,014003 
9,900000 -0,013803 
10,000000 -0,013985 
10,100000 -0,014388 
10,200000 -0,013691 
10,300000 -0,013606 
10,400000 -0,013872 
10,500000 -0,013730 
10,600000 -0,013801 
10,700000 -0,013976 
10,800000 -0,014120 
10,900000 -0,014123 
11,000000 -0,013886 
11,100000 -0,013679 
11,200000 -0,013862 
11,300000 -0,014334 
11,400000 -0,013785 
11,500000 -0,014316 
11,600000 -0,015202 
11,700000 -0,016614 
11,800000 -0,017611 
11,900000 -0,018599 
12,000000 -0,019691 
12,100000 -0,020117 
12,200000 -0,020281 
12,300000 -0,020084 
12,400000 -0,019906 
12,500000 -0,019558 
12,600000 -0,018931 
12,700000 -0,018702 
12,800000 -0,017285 
12,900000 -0,017054 
13,000000 -0,016936 
13,100000 -0,017247 
13,200000 -0,017770 
13,300000 -0,019593 
13,400000 -0,028500 
13,500000 -0,052236 
13,600000 -0,089164 
13,700000 -0,121415 
13,800000 -0,139697 
13,900000 -0,152354 
14,000000 -0,158694 
14,100000 -0,161390 
14,200000 -0,159679 
14,300000 -0,155858 
14,400000 -0,147022 
14,500000 -0,137708 
14,600000 -0,125738 
14,700000 -0,102787 
14,800000 -0,067558 
14,900000 -0,043929 
15,000000 -0,035013 
15,100000 -0,032213 
15,200000 -0,031728 
15,300000 -0,033801 
15,400000 -0,045940 
15,500000 -0,063523 
15,600000 -0,077610 
15,700000 -0,085149 
15,800000 -0,087526 
15,900000 -0,088271 
16,000000 -0,089589 
16,100000 -0,090307 
16,200000 -0,090516 
16,300000 -0,096592 
16,400000 -0,119455 
16,500000 -0,141351 
16,600000 -0,151003 
16,700000 -0,149725 
16,800000 -0,138119 
16,900000 -0,129889 
17,000000 -0,129253 
17,100000 -0,130033 
17,200000 -0,142455 
17,300000 -0,172792 
17,400000 -0,242392 
17,500000 -0,292493 
17,600000 -0,316798 
17,700000 -0,315444 
17,800000 -0,297029 
17,900000 -0,285366 
18,000000 -0,280638 
18,100000 -0,275867 
18,200000 -0,267904 
18,300000 -0,256162 
18,400000 -0,241998 
18,500000 -0,217869 
18,600000 -0,186728 
18,700000 -0,143989 
18,800000 -0,083487 
18,900000 -0,043692 
19,000000 -0,028660 
19,100000 -0,024923 
19,200000 -0,026956 
19,300000 -0,032502 
19,400000 -0,037790 
19,500000 -0,041818 
19,600000 -0,044022 
19,700000 -0,044986 
19,800000 -0,044794 
19,900000 -0,044637 
20,000000 -0,044147 
20,100000 -0,043385 
20,200000 -0,042113 
20,300000 -0,040916 
20,400000 -0,039013 
20,500000 -0,036168 
20,600000 -0,032636 
20,700000 -0,028192 
20,800000 -0,021751 
20,900000 -0,017091 
21,000000 -0,015875 
21,100000 -0,015203 
21,200000 -0,015349 
21,300000 -0,015296 
21,400000 -0,015564 
21,500000 -0,015516 
21,600000 -0,015384 
21,700000 -0,015530 
21,800000 -0,015635 
21,900000 -0,015501 
22,000000 -0,015447 
22,100000 -0,015332 
22,200000 -0,015368 
22,300000 -0,015071 
22,400000 -0,014929 
22,500000 -0,014975 
22,600000 -0,015067 
22,700000 -0,014723 
22,800000 -0,014391 
22,900000 -0,013849 
23,000000 -0,014504 
23,100000 -0,014467 
23,200000 -0,015061 
23,300000 -0,015075 
23,400000 -0,015454 
23,500000 -0,015302 
23,600000 -0,015423 
23,700000 -0,015266 
23,800000 -0,015577 
23,900000 -0,016055 
24,000000 -0,016491 
24,100000 -0,016928 
24,200000 -0,017299 
24,300000 -0,017632 
24,400000 -0,017960 
24,500000 -0,018284 
24,600000 -0,017997 
24,700000 -0,018513 
24,800000 -0,019724 
24,900000 -0,022472 
25,000000 -0,027091 
25,100000 -0,031820 
25,200000 -0,035552 
25,300000 -0,037461 
25,400000 -0,039827 
25,500000 -0,040578 
25,600000 -0,041537 
25,700000 -0,043722 
25,800000 -0,048545 
25,900000 -0,058833 
26,000000 -0,072012 
26,100000 -0,083877 
26,200000 -0,092348 
26,300000 -0,099901 
26,400000 -0,107953 
26,500000 -0,120488 
26,600000 -0,182839 
26,700000 -0,355989 
26,800000 -0,746222 
26,900000 -1,382248 
27,000000 -1,935297 
27,100000 -2,291013 
27,200000 -2,536683 
27,300000 -2,691438 
27,400000 -2,772888 
27,500000 -2,828517 
27,600000 -2,864951 
27,700000 -2,879481 
27,800000 -2,845938 
27,900000 -2,777925 
28,000000 -2,677899 
28,100000 -2,575895 
28,200000 -2,443071 
28,300000 -2,310979 
28,400000 -2,153773 
28,500000 -1,982843 
28,600000 -1,654654 
28,700000 -1,299453 
28,800000 -0,781861 
28,900000 -0,343696 
29,000000 -0,169031 
29,100000 -0,124561 
29,200000 -0,109685 
29,300000 -0,105182 
29,400000 -0,101247 
29,500000 -0,095714 
29,600000 -0,097455 
29,700000 -0,101118 
29,800000 -0,105945 
29,900000 -0,108940 
30,000000 -0,111543 
30,100000 -0,115285 
30,200000 -0,116370 
30,300000 -0,120084 
30,400000 -0,122706 
30,500000 -0,135070 
30,600000 -0,165112 
30,700000 -0,259655 
30,800000 -0,354592 
30,900000 -0,412608 
31,000000 -0,450950 
31,100000 -0,475920 
31,200000 -0,496156 
31,300000 -0,504735 
31,400000 -0,508109 
31,500000 -0,508323 
31,600000 -0,505387 
31,700000 -0,496137 
31,800000 -0,478773 
31,900000 -0,454279 
32,000000 -0,430367 
32,100000 -0,411753 
32,200000 -0,389604 
32,300000 -0,370833 
32,400000 -0,345306 
32,500000 -0,317331 
32,600000 -0,284618 
32,700000 -0,230494 
32,800000 -0,157800 
32,900000 -0,079844 
33,000000 -0,039666 
33,100000 -0,025887 
33,200000 -0,021350 
33,300000 -0,019145 
33,400000 -0,018016 
33,500000 -0,017717 
33,600000 -0,017493 
33,700000 -0,017251 
33,800000 -0,017084 
33,900000 -0,016883 
34,000000 -0,016872 
34,100000 -0,016655 
34,200000 -0,016575 
34,300000 -0,016499 
34,400000 -0,016310 
34,500000 -0,016412 
34,600000 -0,016440 
34,700000 -0,016187 
34,800000 -0,016004 
34,900000 -0,015396 
35,000000 -0,015162 
35,100000 -0,014776 
35,200000 -0,015144 
35,300000 -0,014946 
35,400000 -0,014837 
35,500000 -0,014832 
35,600000 -0,015090 
35,700000 -0,015063 
35,800000 -0,015022 
35,900000 -0,014954 
36,000000 -0,015015 
36,100000 -0,015229 
36,200000 -0,014908 
36,300000 -0,015137 
36,400000 -0,015350 
36,500000 -0,015142 
36,600000 -0,015519 
36,700000 -0,015577 
36,800000 -0,016000 
36,900000 -0,016035 
37,000000 -0,015947 
37,100000 -0,015951 
37,200000 -0,015993 
37,300000 -0,016029 
37,400000 -0,016339 
37,500000 -0,016589 
37,600000 -0,016854 
37,700000 -0,016962 
37,800000 -0,017293 
37,900000 -0,017404 
38,000000 -0,017540 
38,100000 -0,018423 
38,200000 -0,020865 
38,300000 -0,025303 
38,400000 -0,034560 
38,500000 -0,044091 
38,600000 -0,051530 
38,700000 -0,057169 
38,800000 -0,061831 
38,900000 -0,065150 
39,000000 -0,066295 
39,100000 -0,068104 
39,200000 -0,068504 
39,300000 -0,069215 
39,400000 -0,071412 
39,500000 -0,072348 
39,600000 -0,073057 
39,700000 -0,073219 
39,800000 -0,073093 
39,900000 -0,071228 
40,000000 -0,068861 
40,100000 -0,066673 
40,200000 -0,065242 
40,300000 -0,063933 
40,400000 -0,061823 
40,500000 -0,059792 
40,600000 -0,056926 
40,700000 -0,053534 
40,800000 -0,049019 
40,900000 -0,039994 
41,000000 -0,032271 
41,100000 -0,029005 
41,200000 -0,028205 
41,300000 -0,029268 
41,400000 -0,031418 
41,500000 -0,032742 
41,600000 -0,034283 
41,700000 -0,035099 
41,800000 -0,035555 
41,900000 -0,035434 
42,000000 -0,035076 
42,100000 -0,036739 
42,200000 -0,043850 
42,300000 -0,054966 
42,400000 -0,066811 
42,500000 -0,075742 
42,600000 -0,082434 
42,700000 -0,086585 
42,800000 -0,090111 
42,900000 -0,091900 
43,000000 -0,093704 
43,100000 -0,094469 
43,200000 -0,096516 
43,300000 -0,101396 
43,400000 -0,106758 
43,500000 -0,110177 
43,600000 -0,112355 
43,700000 -0,113096 
43,800000 -0,112031 
43,900000 -0,109354 
44,000000 -0,106015 
44,100000 -0,102722 
44,200000 -0,101932 
44,300000 -0,102391 
44,400000 -0,102187 
44,500000 -0,100352 
44,600000 -0,098141 
44,700000 -0,094267 
44,800000 -0,089958 
44,900000 -0,080836 
45,000000 -0,068912 
45,100000 -0,061895 
45,200000 -0,058883 
45,300000 -0,057229 
45,400000 -0,056594 
45,500000 -0,056071 
45,600000 -0,054638 
45,700000 -0,052539 
45,800000 -0,050719 
45,900000 -0,047624 
46,000000 -0,043079 
46,100000 -0,037720 
46,200000 -0,034775 
46,300000 -0,032939 
46,400000 -0,032502 
46,500000 -0,031681 
46,600000 -0,030923 
46,700000 -0,029501 
46,800000 -0,027858 
46,900000 -0,026932 
47,000000 -0,024490 
47,100000 -0,021710 
47,200000 -0,020622 
47,300000 -0,019578 
47,400000 -0,018940 
47,500000 -0,018288 
47,600000 -0,017881 
47,700000 -0,017795 
47,800000 -0,017383 
47,900000 -0,017227 
48,000000 -0,016518 
48,100000 -0,016427 
48,200000 -0,016585 
48,300000 -0,016623 
48,400000 -0,016774 
48,500000 -0,016871 
48,600000 -0,016977 
48,700000 -0,016996 
48,800000 -0,017072 
48,900000 -0,016967 
49,000000 -0,017162 
49,100000 -0,017569 
49,200000 -0,017983 
49,300000 -0,017907 
49,400000 -0,018246 
49,500000 -0,018428 
49,600000 -0,018870 
49,700000 -0,018719 
49,800000 -0,018458 
49,900000 -0,018778 
