0,000000 -0,038431 
0,100000 -0,038356 
0,200000 -0,037918 
0,300000 -0,038153 
0,400000 -0,038465 
0,500000 -0,038158 
0,600000 -0,038247 
0,700000 -0,038399 
0,800000 -0,038357 
0,900000 -0,038565 
1,000000 -0,038165 
1,100000 -0,038361 
1,200000 -0,038568 
1,300000 -0,038397 
1,400000 -0,038430 
1,500000 -0,038373 
1,600000 -0,038389 
1,700000 -0,038420 
1,800000 -0,038386 
1,900000 -0,030403 
2,000000 -0,022988 
2,100000 -0,021144 
2,200000 -0,018148 
2,300000 -0,016408 
2,400000 -0,015772 
2,500000 -0,015461 
2,600000 -0,015577 
2,700000 -0,016847 
2,800000 -0,024134 
2,900000 -0,032119 
3,000000 -0,032946 
3,100000 -0,024472 
3,200000 -0,017854 
3,300000 -0,015960 
3,400000 -0,014889 
3,500000 -0,014532 
3,600000 -0,014472 
3,700000 -0,014141 
3,800000 -0,014227 
3,900000 -0,014341 
4,000000 -0,014291 
4,100000 -0,014336 
4,200000 -0,014326 
4,300000 -0,014336 
4,400000 -0,014197 
4,500000 -0,013965 
4,600000 -0,014336 
4,700000 -0,014135 
4,800000 -0,014180 
4,900000 -0,014037 
5,000000 -0,013964 
5,100000 -0,014294 
5,200000 -0,014136 
5,300000 -0,014218 
5,400000 -0,014041 
5,500000 -0,014087 
5,600000 -0,014045 
5,700000 -0,014168 
5,800000 -0,014245 
5,900000 -0,014412 
6,000000 -0,014260 
6,100000 -0,014423 
6,200000 -0,014461 
6,300000 -0,014178 
6,400000 -0,014412 
6,500000 -0,014250 
6,600000 -0,014532 
6,700000 -0,014573 
6,800000 -0,014258 
6,900000 -0,014234 
7,000000 -0,014357 
7,100000 -0,014299 
7,200000 -0,014496 
7,300000 -0,014800 
7,400000 -0,014818 
7,500000 -0,014693 
7,600000 -0,014692 
7,700000 -0,014774 
7,800000 -0,014747 
7,900000 -0,014401 
8,000000 -0,014132 
8,100000 -0,014351 
8,200000 -0,014411 
8,300000 -0,014302 
8,400000 -0,014409 
8,500000 -0,014421 
8,600000 -0,014346 
8,700000 -0,014272 
8,800000 -0,014229 
8,900000 -0,014313 
9,000000 -0,014265 
9,100000 -0,014171 
9,200000 -0,014306 
9,300000 -0,014212 
9,400000 -0,014147 
9,500000 -0,014156 
9,600000 -0,014344 
9,700000 -0,014550 
9,800000 -0,014033 
9,900000 -0,014307 
10,000000 -0,014260 
10,100000 -0,014344 
10,200000 -0,014214 
10,300000 -0,014311 
10,400000 -0,014218 
10,500000 -0,014386 
10,600000 -0,014468 
10,700000 -0,014342 
10,800000 -0,014260 
10,900000 -0,014339 
11,000000 -0,014338 
11,100000 -0,014246 
11,200000 -0,014385 
11,300000 -0,014148 
11,400000 -0,014338 
11,500000 -0,014486 
11,600000 -0,014551 
11,700000 -0,014318 
11,800000 -0,015138 
11,900000 -0,016121 
12,000000 -0,017059 
12,100000 -0,018180 
12,200000 -0,018511 
12,300000 -0,018613 
12,400000 -0,018559 
12,500000 -0,018281 
12,600000 -0,017412 
12,700000 -0,016636 
12,800000 -0,015772 
12,900000 -0,015495 
13,000000 -0,015953 
13,100000 -0,015938 
13,200000 -0,016302 
13,300000 -0,016464 
13,400000 -0,017301 
13,500000 -0,018087 
13,600000 -0,022269 
13,700000 -0,034106 
13,800000 -0,061552 
13,900000 -0,091505 
14,000000 -0,114387 
14,100000 -0,128314 
14,200000 -0,133778 
14,300000 -0,134763 
14,400000 -0,127014 
14,500000 -0,116619 
14,600000 -0,100509 
14,700000 -0,069947 
14,800000 -0,042864 
14,900000 -0,031351 
15,000000 -0,027918 
15,100000 -0,026940 
15,200000 -0,026902 
15,300000 -0,026592 
15,400000 -0,026186 
15,500000 -0,026681 
15,600000 -0,029745 
15,700000 -0,037834 
15,800000 -0,049896 
15,900000 -0,060532 
16,000000 -0,067837 
16,100000 -0,071144 
16,200000 -0,074121 
16,300000 -0,072814 
16,400000 -0,070041 
16,500000 -0,067836 
16,600000 -0,069555 
16,700000 -0,074570 
16,800000 -0,081801 
16,900000 -0,090679 
17,000000 -0,097098 
17,100000 -0,101169 
17,200000 -0,103751 
17,300000 -0,102131 
17,400000 -0,101217 
17,500000 -0,106732 
17,600000 -0,128782 
17,700000 -0,159624 
17,800000 -0,185184 
17,900000 -0,207179 
18,000000 -0,219701 
18,100000 -0,227008 
18,200000 -0,226869 
18,300000 -0,220084 
18,400000 -0,208230 
18,500000 -0,184808 
18,600000 -0,150804 
18,700000 -0,095771 
18,800000 -0,050797 
18,900000 -0,029897 
19,000000 -0,022365 
19,100000 -0,019694 
19,200000 -0,018351 
19,300000 -0,017823 
19,400000 -0,018691 
19,500000 -0,021892 
19,600000 -0,026763 
19,700000 -0,031166 
19,800000 -0,034603 
19,900000 -0,036558 
20,000000 -0,037401 
20,100000 -0,037881 
20,200000 -0,037797 
20,300000 -0,037058 
20,400000 -0,035824 
20,500000 -0,032437 
20,600000 -0,028547 
20,700000 -0,022790 
20,800000 -0,017791 
20,900000 -0,015999 
21,000000 -0,015182 
21,100000 -0,014716 
21,200000 -0,014365 
21,300000 -0,014660 
21,400000 -0,014669 
21,500000 -0,014779 
21,600000 -0,014880 
21,700000 -0,015198 
21,800000 -0,015288 
21,900000 -0,015437 
22,000000 -0,015418 
22,100000 -0,015816 
22,200000 -0,015335 
22,300000 -0,015291 
22,400000 -0,015237 
22,500000 -0,015272 
22,600000 -0,014927 
22,700000 -0,014254 
22,800000 -0,014334 
22,900000 -0,013699 
23,000000 -0,013868 
23,100000 -0,014174 
23,200000 -0,014222 
23,300000 -0,013967 
23,400000 -0,014061 
23,500000 -0,014324 
23,600000 -0,014633 
23,700000 -0,014906 
23,800000 -0,014971 
23,900000 -0,015100 
24,000000 -0,015242 
24,100000 -0,015338 
24,200000 -0,015075 
24,300000 -0,015108 
24,400000 -0,015411 
24,500000 -0,015667 
24,600000 -0,016125 
24,700000 -0,016509 
24,800000 -0,016587 
24,900000 -0,016508 
25,000000 -0,016689 
25,100000 -0,016829 
25,200000 -0,016991 
25,300000 -0,017642 
25,400000 -0,020701 
25,500000 -0,024255 
25,600000 -0,027784 
25,700000 -0,030311 
25,800000 -0,031351 
25,900000 -0,031752 
26,000000 -0,032125 
26,100000 -0,032787 
26,200000 -0,034250 
26,300000 -0,037437 
26,400000 -0,044681 
26,500000 -0,054824 
26,600000 -0,063695 
26,700000 -0,069063 
26,800000 -0,072100 
26,900000 -0,078134 
27,000000 -0,091841 
27,100000 -0,130711 
27,200000 -0,249463 
27,300000 -0,516029 
27,400000 -1,011428 
27,500000 -1,517444 
27,600000 -1,912698 
27,700000 -2,097668 
27,800000 -2,166002 
27,900000 -2,201887 
28,000000 -2,209983 
28,100000 -2,153386 
28,200000 -2,047549 
28,300000 -1,912327 
28,400000 -1,768863 
28,500000 -1,582551 
28,600000 -1,205365 
28,700000 -0,679975 
28,800000 -0,284182 
28,900000 -0,124370 
29,000000 -0,076793 
29,100000 -0,061467 
29,200000 -0,057737 
29,300000 -0,059673 
29,400000 -0,065062 
29,500000 -0,068665 
29,600000 -0,069630 
29,700000 -0,065732 
29,800000 -0,061108 
29,900000 -0,057289 
30,000000 -0,056738 
30,100000 -0,057321 
30,200000 -0,059456 
30,300000 -0,064083 
30,400000 -0,070962 
30,500000 -0,075734 
30,600000 -0,078156 
30,700000 -0,074420 
30,800000 -0,069227 
30,900000 -0,067132 
31,000000 -0,073104 
31,100000 -0,091397 
31,200000 -0,132165 
31,300000 -0,203030 
31,400000 -0,274130 
31,500000 -0,325669 
31,600000 -0,357922 
31,700000 -0,369315 
31,800000 -0,369474 
31,900000 -0,362834 
32,000000 -0,360903 
32,100000 -0,350973 
32,200000 -0,334072 
32,300000 -0,308738 
32,400000 -0,286901 
32,500000 -0,258604 
32,600000 -0,220562 
32,700000 -0,141927 
32,800000 -0,068299 
32,900000 -0,035009 
33,000000 -0,023678 
33,100000 -0,018980 
33,200000 -0,017241 
33,300000 -0,016853 
33,400000 -0,016753 
33,500000 -0,016738 
33,600000 -0,016720 
33,700000 -0,016578 
33,800000 -0,016426 
33,900000 -0,016296 
34,000000 -0,016463 
34,100000 -0,016188 
34,200000 -0,016035 
34,300000 -0,015913 
34,400000 -0,015911 
34,500000 -0,015713 
34,600000 -0,015656 
34,700000 -0,015227 
34,800000 -0,014899 
34,900000 -0,014545 
35,000000 -0,014425 
35,100000 -0,014601 
35,200000 -0,014288 
35,300000 -0,014547 
35,400000 -0,014659 
35,500000 -0,014687 
35,600000 -0,014496 
35,700000 -0,014753 
35,800000 -0,014719 
35,900000 -0,014591 
36,000000 -0,014568 
36,100000 -0,014428 
36,200000 -0,014611 
36,300000 -0,014759 
36,400000 -0,014618 
36,500000 -0,014670 
36,600000 -0,014563 
36,700000 -0,014806 
36,800000 -0,014422 
36,900000 -0,014782 
37,000000 -0,014764 
37,100000 -0,014313 
37,200000 -0,014709 
37,300000 -0,014862 
37,400000 -0,014915 
37,500000 -0,014924 
37,600000 -0,015074 
37,700000 -0,015174 
37,800000 -0,015206 
37,900000 -0,015081 
38,000000 -0,015195 
38,100000 -0,015467 
38,200000 -0,015724 
38,300000 -0,016226 
38,400000 -0,016363 
38,500000 -0,016531 
38,600000 -0,016592 
38,700000 -0,016673 
38,800000 -0,016909 
38,900000 -0,018359 
39,000000 -0,022220 
39,100000 -0,029370 
39,200000 -0,037271 
39,300000 -0,043733 
39,400000 -0,048038 
39,500000 -0,050893 
39,600000 -0,052503 
39,700000 -0,053822 
39,800000 -0,054702 
39,900000 -0,053736 
40,000000 -0,052367 
40,100000 -0,051845 
40,200000 -0,051380 
40,300000 -0,050238 
40,400000 -0,048053 
40,500000 -0,045944 
40,600000 -0,042138 
40,700000 -0,037553 
40,800000 -0,030341 
40,900000 -0,024860 
41,000000 -0,022117 
41,100000 -0,021694 
41,200000 -0,021855 
41,300000 -0,021919 
41,400000 -0,021936 
41,500000 -0,021979 
41,600000 -0,021760 
41,700000 -0,021465 
41,800000 -0,020905 
41,900000 -0,019625 
42,000000 -0,020207 
42,100000 -0,021431 
42,200000 -0,022357 
42,300000 -0,024043 
42,400000 -0,025561 
42,500000 -0,026173 
42,600000 -0,026296 
42,700000 -0,026418 
42,800000 -0,026504 
42,900000 -0,028208 
43,000000 -0,035020 
43,100000 -0,043878 
43,200000 -0,053035 
43,300000 -0,059128 
43,400000 -0,063662 
43,500000 -0,065872 
43,600000 -0,067440 
43,700000 -0,067926 
43,800000 -0,066875 
43,900000 -0,065833 
44,000000 -0,065954 
44,100000 -0,067539 
44,200000 -0,070091 
44,300000 -0,070414 
44,400000 -0,069934 
44,500000 -0,068110 
44,600000 -0,065191 
44,700000 -0,060748 
44,800000 -0,054257 
44,900000 -0,045417 
45,000000 -0,041067 
45,100000 -0,040958 
45,200000 -0,041437 
45,300000 -0,041692 
45,400000 -0,041508 
45,500000 -0,041161 
45,600000 -0,040327 
45,700000 -0,038016 
45,800000 -0,036137 
45,900000 -0,032164 
46,000000 -0,029038 
46,100000 -0,027582 
46,200000 -0,027152 
46,300000 -0,027013 
46,400000 -0,026798 
46,500000 -0,026548 
46,600000 -0,026156 
46,700000 -0,024877 
46,800000 -0,023260 
46,900000 -0,021781 
47,000000 -0,019648 
47,100000 -0,018418 
47,200000 -0,017692 
47,300000 -0,017409 
47,400000 -0,017243 
47,500000 -0,017156 
47,600000 -0,016985 
47,700000 -0,016716 
47,800000 -0,016556 
47,900000 -0,015881 
48,000000 -0,015125 
48,100000 -0,014996 
48,200000 -0,014704 
48,300000 -0,014844 
48,400000 -0,014440 
48,500000 -0,014615 
48,600000 -0,014397 
48,700000 -0,014447 
48,800000 -0,014546 
48,900000 -0,014823 
49,000000 -0,014908 
49,100000 -0,015303 
49,200000 -0,015753 
49,300000 -0,015945 
49,400000 -0,015998 
49,500000 -0,016278 
49,600000 -0,016361 
49,700000 -0,016520 
49,800000 -0,016302 
49,900000 -0,016495 
