0,000000 -0,530610 
0,100000 -0,151166 
0,200000 -0,078905 
0,300000 -0,056801 
0,400000 -0,048904 
0,500000 -0,045326 
0,600000 -0,043655 
0,700000 -0,042466 
0,800000 -0,041902 
0,900000 -0,041678 
1,000000 -0,041372 
1,100000 -0,041250 
1,200000 -0,041313 
1,300000 -0,041095 
1,400000 -0,041171 
1,500000 -0,040979 
1,600000 -0,040943 
1,700000 -0,040731 
1,800000 -0,040677 
1,900000 -0,031526 
2,000000 -0,023727 
2,100000 -0,021576 
2,200000 -0,018545 
2,300000 -0,016920 
2,400000 -0,016271 
2,500000 -0,016007 
2,600000 -0,015763 
2,700000 -0,016556 
2,800000 -0,021678 
2,900000 -0,029793 
3,000000 -0,031173 
3,100000 -0,023273 
3,200000 -0,017481 
3,300000 -0,016232 
3,400000 -0,015083 
3,500000 -0,014644 
3,600000 -0,014652 
3,700000 -0,014313 
3,800000 -0,014509 
3,900000 -0,014300 
4,000000 -0,014391 
4,100000 -0,014245 
4,200000 -0,014171 
4,300000 -0,014314 
4,400000 -0,014144 
4,500000 -0,013998 
4,600000 -0,014276 
4,700000 -0,014119 
4,800000 -0,014355 
4,900000 -0,014091 
5,000000 -0,013782 
5,100000 -0,014039 
5,200000 -0,014490 
5,300000 -0,014377 
5,400000 -0,014172 
5,500000 -0,014255 
5,600000 -0,014326 
5,700000 -0,014222 
5,800000 -0,014312 
5,900000 -0,014465 
6,000000 -0,013986 
6,100000 -0,014419 
6,200000 -0,014306 
6,300000 -0,014239 
6,400000 -0,014330 
6,500000 -0,014469 
6,600000 -0,014336 
6,700000 -0,014235 
6,800000 -0,014299 
6,900000 -0,014407 
7,000000 -0,014366 
7,100000 -0,014392 
7,200000 -0,014189 
7,300000 -0,014503 
7,400000 -0,014849 
7,500000 -0,014683 
7,600000 -0,014573 
7,700000 -0,014665 
7,800000 -0,014322 
7,900000 -0,014126 
8,000000 -0,014146 
8,100000 -0,014096 
8,200000 -0,013915 
8,300000 -0,014184 
8,400000 -0,014316 
8,500000 -0,014270 
8,600000 -0,014037 
8,700000 -0,014318 
8,800000 -0,014395 
8,900000 -0,014128 
9,000000 -0,014202 
9,100000 -0,014051 
9,200000 -0,014229 
9,300000 -0,014322 
9,400000 -0,013853 
9,500000 -0,014240 
9,600000 -0,014128 
9,700000 -0,014333 
9,800000 -0,014359 
9,900000 -0,014396 
10,000000 -0,014546 
10,100000 -0,014386 
10,200000 -0,014302 
10,300000 -0,013969 
10,400000 -0,013990 
10,500000 -0,014180 
10,600000 -0,014296 
10,700000 -0,014421 
10,800000 -0,014345 
10,900000 -0,014330 
11,000000 -0,014350 
11,100000 -0,014145 
11,200000 -0,014213 
11,300000 -0,014351 
11,400000 -0,014082 
11,500000 -0,014385 
11,600000 -0,014078 
11,700000 -0,014105 
11,800000 -0,014484 
11,900000 -0,014447 
12,000000 -0,014985 
12,100000 -0,015880 
12,200000 -0,016651 
12,300000 -0,017143 
12,400000 -0,017420 
12,500000 -0,017207 
12,600000 -0,016979 
12,700000 -0,016153 
12,800000 -0,015069 
12,900000 -0,014729 
13,000000 -0,014915 
13,100000 -0,015319 
13,200000 -0,015736 
13,300000 -0,015892 
13,400000 -0,016342 
13,500000 -0,016584 
13,600000 -0,016360 
13,700000 -0,016691 
13,800000 -0,017606 
13,900000 -0,023928 
14,000000 -0,038743 
14,100000 -0,064396 
14,200000 -0,087761 
14,300000 -0,100285 
14,400000 -0,100996 
14,500000 -0,093884 
14,600000 -0,076370 
14,700000 -0,046979 
14,800000 -0,027420 
14,900000 -0,020528 
15,000000 -0,019199 
15,100000 -0,020415 
15,200000 -0,021791 
15,300000 -0,022511 
15,400000 -0,022553 
15,500000 -0,022112 
15,600000 -0,020970 
15,700000 -0,018277 
15,800000 -0,017898 
15,900000 -0,021519 
16,000000 -0,029888 
16,100000 -0,041676 
16,200000 -0,050509 
16,300000 -0,054566 
16,400000 -0,054084 
16,500000 -0,050066 
16,600000 -0,041920 
16,700000 -0,029216 
16,800000 -0,024174 
16,900000 -0,028195 
17,000000 -0,041983 
17,100000 -0,058071 
17,200000 -0,069804 
17,300000 -0,075735 
17,400000 -0,073990 
17,500000 -0,067913 
17,600000 -0,055357 
17,700000 -0,038118 
17,800000 -0,035361 
17,900000 -0,052371 
18,000000 -0,090007 
18,100000 -0,128310 
18,200000 -0,153151 
18,300000 -0,164332 
18,400000 -0,161783 
18,500000 -0,141805 
18,600000 -0,103375 
18,700000 -0,056860 
18,800000 -0,030198 
18,900000 -0,021034 
19,000000 -0,017913 
19,100000 -0,017039 
19,200000 -0,016786 
19,300000 -0,016495 
19,400000 -0,016400 
19,500000 -0,016152 
19,600000 -0,016139 
19,700000 -0,016017 
19,800000 -0,017031 
19,900000 -0,020166 
20,000000 -0,024563 
20,100000 -0,027674 
20,200000 -0,029995 
20,300000 -0,030457 
20,400000 -0,030136 
20,500000 -0,027532 
20,600000 -0,023038 
20,700000 -0,018374 
20,800000 -0,016239 
20,900000 -0,015180 
21,000000 -0,014955 
21,100000 -0,014880 
21,200000 -0,014635 
21,300000 -0,014339 
21,400000 -0,014527 
21,500000 -0,014524 
21,600000 -0,014695 
21,700000 -0,014547 
21,800000 -0,014687 
21,900000 -0,014524 
22,000000 -0,014916 
22,100000 -0,015223 
22,200000 -0,014996 
22,300000 -0,014804 
22,400000 -0,015170 
22,500000 -0,014708 
22,600000 -0,014508 
22,700000 -0,014432 
22,800000 -0,014521 
22,900000 -0,014375 
23,000000 -0,013875 
23,100000 -0,014091 
23,200000 -0,014248 
23,300000 -0,014164 
23,400000 -0,014231 
23,500000 -0,014244 
23,600000 -0,014183 
23,700000 -0,014236 
23,800000 -0,014419 
23,900000 -0,014512 
24,000000 -0,014534 
24,100000 -0,014715 
24,200000 -0,014904 
24,300000 -0,014836 
24,400000 -0,014869 
24,500000 -0,014637 
24,600000 -0,014319 
24,700000 -0,014411 
24,800000 -0,014468 
24,900000 -0,014817 
25,000000 -0,015222 
25,100000 -0,015520 
25,200000 -0,015870 
25,300000 -0,015751 
25,400000 -0,015834 
25,500000 -0,015664 
25,600000 -0,015374 
25,700000 -0,016008 
25,800000 -0,016910 
25,900000 -0,019477 
26,000000 -0,021960 
26,100000 -0,023474 
26,200000 -0,024443 
26,300000 -0,025507 
26,400000 -0,024731 
26,500000 -0,023303 
26,600000 -0,021656 
26,700000 -0,020916 
26,800000 -0,023618 
26,900000 -0,030389 
27,000000 -0,038191 
27,100000 -0,043581 
27,200000 -0,047062 
27,300000 -0,050645 
27,400000 -0,053537 
27,500000 -0,060117 
27,600000 -0,105097 
27,700000 -0,217559 
27,800000 -0,473331 
27,900000 -0,849475 
28,000000 -1,162828 
28,100000 -1,314560 
28,200000 -1,374107 
28,300000 -1,361714 
28,400000 -1,251232 
28,500000 -1,080884 
28,600000 -0,617339 
28,700000 -0,235552 
28,800000 -0,092619 
28,900000 -0,053768 
29,000000 -0,042601 
29,100000 -0,038651 
29,200000 -0,037438 
29,300000 -0,036427 
29,400000 -0,034804 
29,500000 -0,032000 
29,600000 -0,028546 
29,700000 -0,025329 
29,800000 -0,026107 
29,900000 -0,030700 
30,000000 -0,035754 
30,100000 -0,038843 
30,200000 -0,040386 
30,300000 -0,040104 
30,400000 -0,038133 
30,500000 -0,036000 
30,600000 -0,030940 
30,700000 -0,025364 
30,800000 -0,025722 
30,900000 -0,030299 
31,000000 -0,035674 
31,100000 -0,039179 
31,200000 -0,041039 
31,300000 -0,041547 
31,400000 -0,041410 
31,500000 -0,040962 
31,600000 -0,042498 
31,700000 -0,059335 
31,800000 -0,101034 
31,900000 -0,153174 
32,000000 -0,193743 
32,100000 -0,213410 
32,200000 -0,221756 
32,300000 -0,218216 
32,400000 -0,202906 
32,500000 -0,176245 
32,600000 -0,132929 
32,700000 -0,069349 
32,800000 -0,034115 
32,900000 -0,022677 
33,000000 -0,017939 
33,100000 -0,016550 
33,200000 -0,016055 
33,300000 -0,015556 
33,400000 -0,015531 
33,500000 -0,015352 
33,600000 -0,015025 
33,700000 -0,015128 
33,800000 -0,015112 
33,900000 -0,015352 
34,000000 -0,015579 
34,100000 -0,015465 
34,200000 -0,015705 
34,300000 -0,015626 
34,400000 -0,015340 
34,500000 -0,015266 
34,600000 -0,015319 
34,700000 -0,014803 
34,800000 -0,014647 
34,900000 -0,014161 
35,000000 -0,014241 
35,100000 -0,014113 
35,200000 -0,014159 
35,300000 -0,014260 
35,400000 -0,014276 
35,500000 -0,014005 
35,600000 -0,014319 
35,700000 -0,014192 
35,800000 -0,014197 
35,900000 -0,014221 
36,000000 -0,014146 
36,100000 -0,014376 
36,200000 -0,014590 
36,300000 -0,014318 
36,400000 -0,014086 
36,500000 -0,014233 
36,600000 -0,014297 
36,700000 -0,014003 
36,800000 -0,014411 
36,900000 -0,014346 
37,000000 -0,014449 
37,100000 -0,014182 
37,200000 -0,014342 
37,300000 -0,014271 
37,400000 -0,014276 
37,500000 -0,014220 
37,600000 -0,014356 
37,700000 -0,014729 
37,800000 -0,014559 
37,900000 -0,014859 
38,000000 -0,014880 
38,100000 -0,014642 
38,200000 -0,014911 
38,300000 -0,014898 
38,400000 -0,014925 
38,500000 -0,014795 
38,600000 -0,014877 
38,700000 -0,014672 
38,800000 -0,014712 
38,900000 -0,014859 
39,000000 -0,015096 
39,100000 -0,015554 
39,200000 -0,015634 
39,300000 -0,015604 
39,400000 -0,015716 
39,500000 -0,016065 
39,600000 -0,016583 
39,700000 -0,017924 
39,800000 -0,022434 
39,900000 -0,028178 
40,000000 -0,032245 
40,100000 -0,034629 
40,200000 -0,035474 
40,300000 -0,034827 
40,400000 -0,032841 
40,500000 -0,030885 
40,600000 -0,026464 
40,700000 -0,020663 
40,800000 -0,017160 
40,900000 -0,016832 
41,000000 -0,017010 
41,100000 -0,017066 
41,200000 -0,017249 
41,300000 -0,017128 
41,400000 -0,016990 
41,500000 -0,016856 
41,600000 -0,016661 
41,700000 -0,016202 
41,800000 -0,015708 
41,900000 -0,015860 
42,000000 -0,016106 
42,100000 -0,016380 
42,200000 -0,016463 
42,300000 -0,016490 
42,400000 -0,016322 
42,500000 -0,016360 
42,600000 -0,016166 
42,700000 -0,015920 
42,800000 -0,016306 
42,900000 -0,017010 
43,000000 -0,017852 
43,100000 -0,018449 
43,200000 -0,018978 
43,300000 -0,019319 
43,400000 -0,019278 
43,500000 -0,018946 
43,600000 -0,019170 
43,700000 -0,020118 
43,800000 -0,022609 
43,900000 -0,029055 
44,000000 -0,034681 
44,100000 -0,037162 
44,200000 -0,038521 
44,300000 -0,038962 
44,400000 -0,037161 
44,500000 -0,034945 
44,600000 -0,031082 
44,700000 -0,025030 
44,800000 -0,021153 
44,900000 -0,021539 
45,000000 -0,022873 
45,100000 -0,024417 
45,200000 -0,025540 
45,300000 -0,025572 
45,400000 -0,025192 
45,500000 -0,023856 
45,600000 -0,022603 
45,700000 -0,021007 
45,800000 -0,018013 
45,900000 -0,017436 
46,000000 -0,018357 
46,100000 -0,019553 
46,200000 -0,020284 
46,300000 -0,020484 
46,400000 -0,020371 
46,500000 -0,019736 
46,600000 -0,018695 
46,700000 -0,017580 
46,800000 -0,016644 
46,900000 -0,016044 
47,000000 -0,016373 
47,100000 -0,016339 
47,200000 -0,016520 
47,300000 -0,016445 
47,400000 -0,016205 
47,500000 -0,016316 
47,600000 -0,015833 
47,700000 -0,015520 
47,800000 -0,015203 
47,900000 -0,014738 
48,000000 -0,014751 
48,100000 -0,014637 
48,200000 -0,014633 
48,300000 -0,014620 
48,400000 -0,014740 
48,500000 -0,014630 
48,600000 -0,014676 
48,700000 -0,014373 
48,800000 -0,014581 
48,900000 -0,014523 
49,000000 -0,014393 
49,100000 -0,014426 
49,200000 -0,014568 
49,300000 -0,014260 
49,400000 -0,014394 
49,500000 -0,014635 
49,600000 -0,014109 
49,700000 -0,014441 
49,800000 -0,014392 
49,900000 -0,014917 
