0,000000 -0,057578 
0,100000 -0,046055 
0,200000 -0,042099 
0,300000 -0,041244 
0,400000 -0,041116 
0,500000 -0,040879 
0,600000 -0,040870 
0,700000 -0,040772 
0,800000 -0,041000 
0,900000 -0,040743 
1,000000 -0,040481 
1,100000 -0,040584 
1,200000 -0,040675 
1,300000 -0,040820 
1,400000 -0,040751 
1,500000 -0,040720 
1,600000 -0,040645 
1,700000 -0,040692 
1,800000 -0,040327 
1,900000 -0,031581 
2,000000 -0,023494 
2,100000 -0,021091 
2,200000 -0,018052 
2,300000 -0,016651 
2,400000 -0,015839 
2,500000 -0,015444 
2,600000 -0,015319 
2,700000 -0,015846 
2,800000 -0,019490 
2,900000 -0,026635 
3,000000 -0,028231 
3,100000 -0,022114 
3,200000 -0,017123 
3,300000 -0,015783 
3,400000 -0,014891 
3,500000 -0,014434 
3,600000 -0,014482 
3,700000 -0,014525 
3,800000 -0,014574 
3,900000 -0,014366 
4,000000 -0,014265 
4,100000 -0,014058 
4,200000 -0,014360 
4,300000 -0,014024 
4,400000 -0,014091 
4,500000 -0,013894 
4,600000 -0,014227 
4,700000 -0,014308 
4,800000 -0,014382 
4,900000 -0,014219 
5,000000 -0,014400 
5,100000 -0,014157 
5,200000 -0,014069 
5,300000 -0,014020 
5,400000 -0,014205 
5,500000 -0,014326 
5,600000 -0,014006 
5,700000 -0,014167 
5,800000 -0,014046 
5,900000 -0,014091 
6,000000 -0,013952 
6,100000 -0,014167 
6,200000 -0,014271 
6,300000 -0,014053 
6,400000 -0,014117 
6,500000 -0,014074 
6,600000 -0,014220 
6,700000 -0,014117 
6,800000 -0,014100 
6,900000 -0,013819 
7,000000 -0,014127 
7,100000 -0,014033 
7,200000 -0,014375 
7,300000 -0,014603 
7,400000 -0,014335 
7,500000 -0,014730 
7,600000 -0,014850 
7,700000 -0,014806 
7,800000 -0,014461 
7,900000 -0,014144 
8,000000 -0,013961 
8,100000 -0,014423 
8,200000 -0,014182 
8,300000 -0,014401 
8,400000 -0,014449 
8,500000 -0,014131 
8,600000 -0,014070 
8,700000 -0,014564 
8,800000 -0,014184 
8,900000 -0,014115 
9,000000 -0,014247 
9,100000 -0,014420 
9,200000 -0,013999 
9,300000 -0,014460 
9,400000 -0,014127 
9,500000 -0,014187 
9,600000 -0,014251 
9,700000 -0,014363 
9,800000 -0,014279 
9,900000 -0,014133 
10,000000 -0,014322 
10,100000 -0,014327 
10,200000 -0,014319 
10,300000 -0,014025 
10,400000 -0,013951 
10,500000 -0,014410 
10,600000 -0,014465 
10,700000 -0,014317 
10,800000 -0,014319 
10,900000 -0,014166 
11,000000 -0,014175 
11,100000 -0,013978 
11,200000 -0,014402 
11,300000 -0,014078 
11,400000 -0,013944 
11,500000 -0,014022 
11,600000 -0,014145 
11,700000 -0,014245 
11,800000 -0,013804 
11,900000 -0,014615 
12,000000 -0,014443 
12,100000 -0,014579 
12,200000 -0,014637 
12,300000 -0,015734 
12,400000 -0,016645 
12,500000 -0,016723 
12,600000 -0,016342 
12,700000 -0,015420 
12,800000 -0,014575 
12,900000 -0,014849 
13,000000 -0,014618 
13,100000 -0,014501 
13,200000 -0,014601 
13,300000 -0,014691 
13,400000 -0,015001 
13,500000 -0,015542 
13,600000 -0,015364 
13,700000 -0,015387 
13,800000 -0,015821 
13,900000 -0,015981 
14,000000 -0,016933 
14,100000 -0,020942 
14,200000 -0,031212 
14,300000 -0,050560 
14,400000 -0,066485 
14,500000 -0,068023 
14,600000 -0,052387 
14,700000 -0,032529 
14,800000 -0,021181 
14,900000 -0,017321 
15,000000 -0,016152 
15,100000 -0,015969 
15,200000 -0,016496 
15,300000 -0,017377 
15,400000 -0,018651 
15,500000 -0,018980 
15,600000 -0,017519 
15,700000 -0,016354 
15,800000 -0,015526 
15,900000 -0,015332 
16,000000 -0,016144 
16,100000 -0,017669 
16,200000 -0,022617 
16,300000 -0,030238 
16,400000 -0,036509 
16,500000 -0,036804 
16,600000 -0,029016 
16,700000 -0,021294 
16,800000 -0,017222 
16,900000 -0,016568 
17,000000 -0,016819 
17,100000 -0,019959 
17,200000 -0,027449 
17,300000 -0,039194 
17,400000 -0,047634 
17,500000 -0,047084 
17,600000 -0,035147 
17,700000 -0,023974 
17,800000 -0,018959 
17,900000 -0,017747 
18,000000 -0,020260 
18,100000 -0,028533 
18,200000 -0,047341 
18,300000 -0,075833 
18,400000 -0,096425 
18,500000 -0,091326 
18,600000 -0,059493 
18,700000 -0,032893 
18,800000 -0,021559 
18,900000 -0,017176 
19,000000 -0,015852 
19,100000 -0,015093 
19,200000 -0,015095 
19,300000 -0,015434 
19,400000 -0,015974 
19,500000 -0,015757 
19,600000 -0,015210 
19,700000 -0,014724 
19,800000 -0,014835 
19,900000 -0,014977 
20,000000 -0,015554 
20,100000 -0,016572 
20,200000 -0,017774 
20,300000 -0,021290 
20,400000 -0,022391 
20,500000 -0,021829 
20,600000 -0,018037 
20,700000 -0,016271 
20,800000 -0,014972 
20,900000 -0,014466 
21,000000 -0,014086 
21,100000 -0,014271 
21,200000 -0,014281 
21,300000 -0,014206 
21,400000 -0,013960 
21,500000 -0,014208 
21,600000 -0,014242 
21,700000 -0,014008 
21,800000 -0,014310 
21,900000 -0,014162 
22,000000 -0,014247 
22,100000 -0,014008 
22,200000 -0,014468 
22,300000 -0,014377 
22,400000 -0,014602 
22,500000 -0,014703 
22,600000 -0,014253 
22,700000 -0,014236 
22,800000 -0,014156 
22,900000 -0,014342 
23,000000 -0,014073 
23,100000 -0,014431 
23,200000 -0,013875 
23,300000 -0,013736 
23,400000 -0,014217 
23,500000 -0,014009 
23,600000 -0,014155 
23,700000 -0,013911 
23,800000 -0,014394 
23,900000 -0,014423 
24,000000 -0,014124 
24,100000 -0,014287 
24,200000 -0,014776 
24,300000 -0,014565 
24,400000 -0,014285 
24,500000 -0,014686 
24,600000 -0,014596 
24,700000 -0,014226 
24,800000 -0,014058 
24,900000 -0,014271 
25,000000 -0,014186 
25,100000 -0,014042 
25,200000 -0,014500 
25,300000 -0,014372 
25,400000 -0,014621 
25,500000 -0,014399 
25,600000 -0,014312 
25,700000 -0,013844 
25,800000 -0,013732 
25,900000 -0,014107 
26,000000 -0,014277 
26,100000 -0,014982 
26,200000 -0,016263 
26,300000 -0,017385 
26,400000 -0,018190 
26,500000 -0,018231 
26,600000 -0,016719 
26,700000 -0,015301 
26,800000 -0,015011 
26,900000 -0,015158 
27,000000 -0,015869 
27,100000 -0,016907 
27,200000 -0,019510 
27,300000 -0,023325 
27,400000 -0,026687 
27,500000 -0,026913 
27,600000 -0,023659 
27,700000 -0,021969 
27,800000 -0,025422 
27,900000 -0,033029 
28,000000 -0,056453 
28,100000 -0,118294 
28,200000 -0,240824 
28,300000 -0,424288 
28,400000 -0,548587 
28,500000 -0,498846 
28,600000 -0,236383 
28,700000 -0,084769 
28,800000 -0,040627 
28,900000 -0,025528 
29,000000 -0,020222 
29,100000 -0,018062 
29,200000 -0,018617 
29,300000 -0,020814 
29,400000 -0,021928 
29,500000 -0,021646 
29,600000 -0,018654 
29,700000 -0,016656 
29,800000 -0,015705 
29,900000 -0,015479 
30,000000 -0,015718 
30,100000 -0,016749 
30,200000 -0,018185 
30,300000 -0,021616 
30,400000 -0,023545 
30,500000 -0,022810 
30,600000 -0,019476 
30,700000 -0,016774 
30,800000 -0,015682 
30,900000 -0,015234 
31,000000 -0,015699 
31,100000 -0,016388 
31,200000 -0,017343 
31,300000 -0,020595 
31,400000 -0,022345 
31,500000 -0,022660 
31,600000 -0,020244 
31,700000 -0,017225 
31,800000 -0,016730 
31,900000 -0,017043 
32,000000 -0,019838 
32,100000 -0,027005 
32,200000 -0,040950 
32,300000 -0,062878 
32,400000 -0,080130 
32,500000 -0,075237 
32,600000 -0,047167 
32,700000 -0,026847 
32,800000 -0,018928 
32,900000 -0,016328 
33,000000 -0,015144 
33,100000 -0,014759 
33,200000 -0,014563 
33,300000 -0,014902 
33,400000 -0,014840 
33,500000 -0,014632 
33,600000 -0,014904 
33,700000 -0,014732 
33,800000 -0,014490 
33,900000 -0,014705 
34,000000 -0,014774 
34,100000 -0,014590 
34,200000 -0,014864 
34,300000 -0,014919 
34,400000 -0,015004 
34,500000 -0,014858 
34,600000 -0,014672 
34,700000 -0,014536 
34,800000 -0,014208 
34,900000 -0,014076 
35,000000 -0,014134 
35,100000 -0,014098 
35,200000 -0,014440 
35,300000 -0,014056 
35,400000 -0,014023 
35,500000 -0,014289 
35,600000 -0,014401 
35,700000 -0,014143 
35,800000 -0,014159 
35,900000 -0,014131 
36,000000 -0,014219 
36,100000 -0,014377 
36,200000 -0,014166 
36,300000 -0,014268 
36,400000 -0,014253 
36,500000 -0,014181 
36,600000 -0,014556 
36,700000 -0,014420 
36,800000 -0,014158 
36,900000 -0,014217 
37,000000 -0,014104 
37,100000 -0,014152 
37,200000 -0,014305 
37,300000 -0,014413 
37,400000 -0,014264 
37,500000 -0,014258 
37,600000 -0,014405 
37,700000 -0,014469 
37,800000 -0,014194 
37,900000 -0,014101 
38,000000 -0,014371 
38,100000 -0,013998 
38,200000 -0,014385 
38,300000 -0,014158 
38,400000 -0,014431 
38,500000 -0,014364 
38,600000 -0,014473 
38,700000 -0,014376 
38,800000 -0,014210 
38,900000 -0,014384 
39,000000 -0,014432 
39,100000 -0,014329 
39,200000 -0,014192 
39,300000 -0,014484 
39,400000 -0,014410 
39,500000 -0,014400 
39,600000 -0,014614 
39,700000 -0,014350 
39,800000 -0,014514 
39,900000 -0,014454 
40,000000 -0,014516 
40,100000 -0,015269 
40,200000 -0,015743 
40,300000 -0,016847 
40,400000 -0,017737 
40,500000 -0,017674 
40,600000 -0,016483 
40,700000 -0,015352 
40,800000 -0,014695 
40,900000 -0,014351 
41,000000 -0,014266 
41,100000 -0,014647 
41,200000 -0,014417 
41,300000 -0,014697 
41,400000 -0,014625 
41,500000 -0,015292 
41,600000 -0,014873 
41,700000 -0,014678 
41,800000 -0,014222 
41,900000 -0,014484 
42,000000 -0,014420 
42,100000 -0,014214 
42,200000 -0,014281 
42,300000 -0,014107 
42,400000 -0,014526 
42,500000 -0,014499 
42,600000 -0,014707 
42,700000 -0,014578 
42,800000 -0,014311 
42,900000 -0,014299 
43,000000 -0,014355 
43,100000 -0,014316 
43,200000 -0,014325 
43,300000 -0,014495 
43,400000 -0,014707 
43,500000 -0,015106 
43,600000 -0,014945 
43,700000 -0,014617 
43,800000 -0,014501 
43,900000 -0,014382 
44,000000 -0,014403 
44,100000 -0,014648 
44,200000 -0,015098 
44,300000 -0,015719 
44,400000 -0,016746 
44,500000 -0,017364 
44,600000 -0,016627 
44,700000 -0,015267 
44,800000 -0,014516 
44,900000 -0,014267 
45,000000 -0,014452 
45,100000 -0,014490 
45,200000 -0,014466 
45,300000 -0,014831 
45,400000 -0,015390 
45,500000 -0,015783 
45,600000 -0,015754 
45,700000 -0,015275 
45,800000 -0,014547 
45,900000 -0,014443 
46,000000 -0,014342 
46,100000 -0,014177 
46,200000 -0,014181 
46,300000 -0,014422 
46,400000 -0,014796 
46,500000 -0,015177 
46,600000 -0,015025 
46,700000 -0,014640 
46,800000 -0,014478 
46,900000 -0,014404 
47,000000 -0,014351 
47,100000 -0,014416 
47,200000 -0,014397 
47,300000 -0,014484 
47,400000 -0,014449 
47,500000 -0,014616 
47,600000 -0,014524 
47,700000 -0,014404 
47,800000 -0,014366 
47,900000 -0,013861 
48,000000 -0,014093 
48,100000 -0,014183 
48,200000 -0,014124 
48,300000 -0,014299 
48,400000 -0,014048 
48,500000 -0,013945 
48,600000 -0,014167 
48,700000 -0,013976 
48,800000 -0,014234 
48,900000 -0,014587 
49,000000 -0,014425 
49,100000 -0,014234 
49,200000 -0,014237 
49,300000 -0,014137 
49,400000 -0,014057 
49,500000 -0,014265 
49,600000 -0,014189 
49,700000 -0,014420 
49,800000 -0,014140 
49,900000 -0,014221 
