0,000000 -2,929866 
0,100000 -0,893601 
0,200000 -0,420469 
0,300000 -0,266146 
0,400000 -0,202887 
0,500000 -0,178274 
0,600000 -0,167195 
0,700000 -0,161521 
0,800000 -0,157111 
0,900000 -0,153234 
1,000000 -0,152263 
1,100000 -0,151087 
1,200000 -0,149770 
1,300000 -0,151012 
1,400000 -0,149912 
1,500000 -0,149121 
1,600000 -0,149006 
1,700000 -0,147207 
1,800000 -0,146165 
1,900000 -0,143728 
2,000000 -0,143854 
2,100000 -0,156424 
2,200000 -0,152286 
2,300000 -0,144898 
2,400000 -0,141842 
2,500000 -0,138855 
2,600000 -0,140105 
2,700000 -0,142233 
2,800000 -0,186948 
2,900000 -0,244918 
3,000000 -0,249911 
3,100000 -0,194241 
3,200000 -0,157526 
3,300000 -0,145858 
3,400000 -0,142433 
3,500000 -0,140687 
3,600000 -0,140799 
3,700000 -0,140996 
3,800000 -0,140788 
3,900000 -0,143006 
4,000000 -0,140846 
4,100000 -0,140296 
4,200000 -0,139910 
4,300000 -0,139376 
4,400000 -0,141243 
4,500000 -0,143314 
4,600000 -0,141785 
4,700000 -0,141126 
4,800000 -0,140372 
4,900000 -0,138519 
5,000000 -0,137967 
5,100000 -0,142944 
5,200000 -0,139833 
5,300000 -0,142113 
5,400000 -0,141170 
5,500000 -0,141549 
5,600000 -0,139563 
5,700000 -0,141012 
5,800000 -0,137251 
5,900000 -0,138058 
6,000000 -0,141195 
6,100000 -0,139690 
6,200000 -0,139465 
6,300000 -0,138903 
6,400000 -0,140651 
6,500000 -0,140502 
6,600000 -0,140732 
6,700000 -0,139046 
6,800000 -0,139989 
6,900000 -0,139667 
7,000000 -0,140438 
7,100000 -0,139980 
7,200000 -0,141122 
7,300000 -0,141930 
7,400000 -0,142415 
7,500000 -0,144002 
7,600000 -0,143989 
7,700000 -0,142153 
7,800000 -0,140558 
7,900000 -0,140630 
8,000000 -0,138825 
8,100000 -0,139948 
8,200000 -0,139826 
8,300000 -0,140131 
8,400000 -0,139962 
8,500000 -0,141299 
8,600000 -0,141404 
8,700000 -0,141077 
8,800000 -0,140588 
8,900000 -0,139936 
9,000000 -0,140854 
9,100000 -0,139785 
9,200000 -0,140225 
9,300000 -0,139352 
9,400000 -0,140213 
9,500000 -0,139256 
9,600000 -0,139969 
9,700000 -0,140438 
9,800000 -0,139493 
9,900000 -0,138752 
10,000000 -0,140424 
10,100000 -0,140045 
10,200000 -0,139646 
10,300000 -0,139302 
10,400000 -0,139720 
10,500000 -0,140465 
10,600000 -0,138504 
10,700000 -0,138625 
10,800000 -0,141113 
10,900000 -0,140153 
11,000000 -0,140048 
11,100000 -0,140246 
11,200000 -0,139761 
11,300000 -0,140004 
11,400000 -0,139701 
11,500000 -0,140146 
11,600000 -0,139559 
11,700000 -0,139540 
11,800000 -0,140339 
11,900000 -0,139835 
12,000000 -0,139882 
12,100000 -0,142772 
12,200000 -0,146882 
12,300000 -0,152801 
12,400000 -0,155181 
12,500000 -0,155214 
12,600000 -0,152139 
12,700000 -0,147580 
12,800000 -0,142034 
12,900000 -0,141372 
13,000000 -0,141158 
13,100000 -0,141506 
13,200000 -0,142384 
13,300000 -0,144007 
13,400000 -0,143309 
13,500000 -0,145650 
13,600000 -0,145400 
13,700000 -0,143871 
13,800000 -0,143099 
13,900000 -0,146595 
14,000000 -0,163608 
14,100000 -0,238899 
14,200000 -0,401268 
14,300000 -0,550466 
14,400000 -0,580382 
14,500000 -0,551953 
14,600000 -0,462233 
14,700000 -0,297339 
14,800000 -0,196644 
14,900000 -0,163951 
15,000000 -0,153235 
15,100000 -0,154376 
15,200000 -0,165760 
15,300000 -0,176472 
15,400000 -0,178593 
15,500000 -0,174936 
15,600000 -0,166911 
15,700000 -0,154394 
15,800000 -0,144706 
15,900000 -0,145548 
16,000000 -0,156200 
16,100000 -0,202679 
16,200000 -0,275119 
16,300000 -0,322667 
16,400000 -0,324320 
16,500000 -0,310522 
16,600000 -0,265800 
16,700000 -0,196882 
16,800000 -0,159214 
16,900000 -0,151542 
17,000000 -0,165531 
17,100000 -0,240817 
17,200000 -0,347948 
17,300000 -0,409277 
17,400000 -0,405857 
17,500000 -0,383860 
17,600000 -0,316305 
17,700000 -0,219359 
17,800000 -0,169705 
17,900000 -0,165998 
18,000000 -0,215258 
18,100000 -0,423323 
18,200000 -0,681594 
18,300000 -0,823765 
18,400000 -0,826543 
18,500000 -0,763344 
18,600000 -0,557010 
18,700000 -0,320737 
18,800000 -0,202870 
18,900000 -0,164348 
19,000000 -0,150391 
19,100000 -0,148256 
19,200000 -0,149345 
19,300000 -0,150696 
19,400000 -0,149489 
19,500000 -0,147988 
19,600000 -0,145606 
19,700000 -0,143679 
19,800000 -0,141763 
19,900000 -0,141042 
20,000000 -0,154440 
20,100000 -0,178887 
20,200000 -0,205064 
20,300000 -0,214862 
20,400000 -0,213332 
20,500000 -0,203291 
20,600000 -0,178335 
20,700000 -0,155747 
20,800000 -0,145310 
20,900000 -0,143010 
21,000000 -0,140253 
21,100000 -0,141467 
21,200000 -0,142086 
21,300000 -0,140903 
21,400000 -0,141009 
21,500000 -0,139917 
21,600000 -0,139193 
21,700000 -0,140596 
21,800000 -0,139646 
21,900000 -0,140585 
22,000000 -0,140710 
22,100000 -0,141734 
22,200000 -0,142544 
22,300000 -0,141705 
22,400000 -0,141940 
22,500000 -0,141338 
22,600000 -0,141619 
22,700000 -0,140636 
22,800000 -0,139625 
22,900000 -0,139572 
23,000000 -0,139022 
23,100000 -0,140743 
23,200000 -0,140131 
23,300000 -0,139464 
23,400000 -0,140898 
23,500000 -0,140448 
23,600000 -0,141011 
23,700000 -0,140709 
23,800000 -0,138916 
23,900000 -0,138606 
24,000000 -0,140761 
24,100000 -0,139884 
24,200000 -0,141504 
24,300000 -0,139134 
24,400000 -0,140624 
24,500000 -0,139153 
24,600000 -0,140471 
24,700000 -0,137927 
24,800000 -0,136455 
24,900000 -0,137676 
25,000000 -0,138307 
25,100000 -0,143043 
25,200000 -0,143159 
25,300000 -0,143413 
25,400000 -0,142787 
25,500000 -0,142226 
25,600000 -0,137232 
25,700000 -0,137168 
25,800000 -0,137360 
25,900000 -0,137731 
26,000000 -0,148284 
26,100000 -0,162891 
26,200000 -0,174983 
26,300000 -0,177336 
26,400000 -0,178136 
26,500000 -0,174021 
26,600000 -0,158165 
26,700000 -0,145618 
26,800000 -0,140335 
26,900000 -0,143532 
27,000000 -0,172958 
27,100000 -0,218274 
27,200000 -0,247478 
27,300000 -0,259566 
27,400000 -0,256043 
27,500000 -0,244751 
27,600000 -0,207112 
27,700000 -0,183226 
27,800000 -0,244692 
27,900000 -0,578439 
28,000000 -2,326401 
28,100000 -4,891284 
28,200000 -6,318176 
28,300000 -6,614099 
28,400000 -6,044353 
28,500000 -5,395236 
28,600000 -2,781627 
28,700000 -1,024432 
28,800000 -0,442347 
28,900000 -0,266475 
29,000000 -0,222194 
29,100000 -0,226308 
29,200000 -0,234361 
29,300000 -0,237156 
29,400000 -0,227253 
29,500000 -0,218129 
29,600000 -0,194582 
29,700000 -0,165130 
29,800000 -0,155571 
29,900000 -0,158022 
30,000000 -0,197007 
30,100000 -0,250046 
30,200000 -0,281943 
30,300000 -0,287549 
30,400000 -0,281740 
30,500000 -0,264376 
30,600000 -0,223830 
30,700000 -0,175857 
30,800000 -0,153519 
30,900000 -0,151532 
31,000000 -0,176311 
31,100000 -0,216196 
31,200000 -0,240764 
31,300000 -0,250451 
31,400000 -0,245371 
31,500000 -0,235855 
31,600000 -0,210571 
31,700000 -0,175587 
31,800000 -0,169655 
31,900000 -0,245774 
32,000000 -0,528138 
32,100000 -0,854165 
32,200000 -1,043556 
32,300000 -1,089131 
32,400000 -1,020013 
32,500000 -0,907035 
32,600000 -0,635411 
32,700000 -0,348507 
32,800000 -0,211961 
32,900000 -0,167530 
33,000000 -0,152405 
33,100000 -0,148016 
33,200000 -0,144801 
33,300000 -0,144216 
33,400000 -0,143808 
33,500000 -0,143365 
33,600000 -0,142724 
33,700000 -0,139443 
33,800000 -0,141535 
33,900000 -0,139949 
34,000000 -0,142643 
34,100000 -0,143428 
34,200000 -0,143947 
34,300000 -0,145105 
34,400000 -0,143912 
34,500000 -0,143786 
34,600000 -0,142084 
34,700000 -0,141031 
34,800000 -0,140562 
34,900000 -0,139562 
35,000000 -0,140303 
35,100000 -0,140027 
35,200000 -0,139920 
35,300000 -0,140702 
35,400000 -0,139890 
35,500000 -0,140993 
35,600000 -0,139031 
35,700000 -0,138891 
35,800000 -0,140258 
35,900000 -0,140646 
36,000000 -0,140460 
36,100000 -0,142300 
36,200000 -0,140731 
36,300000 -0,140755 
36,400000 -0,138340 
36,500000 -0,139789 
36,600000 -0,140292 
36,700000 -0,139505 
36,800000 -0,141069 
36,900000 -0,140899 
37,000000 -0,139703 
37,100000 -0,141878 
37,200000 -0,142167 
37,300000 -0,139366 
37,400000 -0,139768 
37,500000 -0,140118 
37,600000 -0,139968 
37,700000 -0,140238 
37,800000 -0,140533 
37,900000 -0,141222 
38,000000 -0,139706 
38,100000 -0,140601 
38,200000 -0,139079 
38,300000 -0,140926 
38,400000 -0,140587 
38,500000 -0,141078 
38,600000 -0,140718 
38,700000 -0,140278 
38,800000 -0,139720 
38,900000 -0,140520 
39,000000 -0,140738 
39,100000 -0,140868 
39,200000 -0,143256 
39,300000 -0,142452 
39,400000 -0,141722 
39,500000 -0,143840 
39,600000 -0,142495 
39,700000 -0,141131 
39,800000 -0,141935 
39,900000 -0,150125 
40,000000 -0,174424 
40,100000 -0,202460 
40,200000 -0,217698 
40,300000 -0,224243 
40,400000 -0,217955 
40,500000 -0,205481 
40,600000 -0,179345 
40,700000 -0,156458 
40,800000 -0,146438 
40,900000 -0,142424 
41,000000 -0,142365 
41,100000 -0,145695 
41,200000 -0,148360 
41,300000 -0,147346 
41,400000 -0,149890 
41,500000 -0,147947 
41,600000 -0,147245 
41,700000 -0,143018 
41,800000 -0,141618 
41,900000 -0,139362 
42,000000 -0,141234 
42,100000 -0,142156 
42,200000 -0,146142 
42,300000 -0,146597 
42,400000 -0,146869 
42,500000 -0,143854 
42,600000 -0,142622 
42,700000 -0,141599 
42,800000 -0,140045 
42,900000 -0,140540 
43,000000 -0,142928 
43,100000 -0,149334 
43,200000 -0,154580 
43,300000 -0,155953 
43,400000 -0,156886 
43,500000 -0,155582 
43,600000 -0,151944 
43,700000 -0,143650 
43,800000 -0,143578 
43,900000 -0,143804 
44,000000 -0,159152 
44,100000 -0,190080 
44,200000 -0,212908 
44,300000 -0,223375 
44,400000 -0,221234 
44,500000 -0,213768 
44,600000 -0,190918 
44,700000 -0,163330 
44,800000 -0,149477 
44,900000 -0,143251 
45,000000 -0,145847 
45,100000 -0,155251 
45,200000 -0,168390 
45,300000 -0,176411 
45,400000 -0,178772 
45,500000 -0,175630 
45,600000 -0,167906 
45,700000 -0,155605 
45,800000 -0,145838 
45,900000 -0,141337 
46,000000 -0,142323 
46,100000 -0,146596 
46,200000 -0,153093 
46,300000 -0,157410 
46,400000 -0,158479 
46,500000 -0,155717 
46,600000 -0,154377 
46,700000 -0,148705 
46,800000 -0,143853 
46,900000 -0,139667 
47,000000 -0,141848 
47,100000 -0,142272 
47,200000 -0,142514 
47,300000 -0,143208 
47,400000 -0,142924 
47,500000 -0,142149 
47,600000 -0,140642 
47,700000 -0,138593 
47,800000 -0,138860 
47,900000 -0,137826 
48,000000 -0,138382 
48,100000 -0,139035 
48,200000 -0,140216 
48,300000 -0,139661 
48,400000 -0,138150 
48,500000 -0,138290 
48,600000 -0,136952 
48,700000 -0,138083 
48,800000 -0,138645 
48,900000 -0,138334 
49,000000 -0,139152 
49,100000 -0,137649 
49,200000 -0,137773 
49,300000 -0,137599 
49,400000 -0,139342 
49,500000 -0,139222 
49,600000 -0,138321 
49,700000 -0,136533 
49,800000 -0,138736 
49,900000 -0,139235 
