0,000000 -0,672758 
0,100000 -0,246589 
0,200000 -0,174957 
0,300000 -0,156544 
0,400000 -0,148932 
0,500000 -0,146377 
0,600000 -0,143687 
0,700000 -0,144508 
0,800000 -0,143157 
0,900000 -0,138138 
1,000000 -0,143960 
1,100000 -0,147366 
1,200000 -0,144338 
1,300000 -0,143144 
1,400000 -0,141613 
1,500000 -0,142480 
1,600000 -0,142010 
1,700000 -0,142720 
1,800000 -0,142446 
1,900000 -0,107738 
2,000000 -0,071311 
2,100000 -0,053556 
2,200000 -0,040988 
2,300000 -0,032647 
2,400000 -0,027655 
2,500000 -0,024803 
2,600000 -0,022728 
2,700000 -0,021862 
2,800000 -0,022827 
2,900000 -0,026661 
3,000000 -0,027832 
3,100000 -0,023830 
3,200000 -0,019456 
3,300000 -0,017214 
3,400000 -0,016319 
3,500000 -0,016022 
3,600000 -0,015572 
3,700000 -0,015506 
3,800000 -0,015174 
3,900000 -0,015241 
4,000000 -0,015059 
4,100000 -0,014985 
4,200000 -0,014950 
4,300000 -0,014920 
4,400000 -0,014940 
4,500000 -0,014734 
4,600000 -0,014658 
4,700000 -0,014621 
4,800000 -0,014856 
4,900000 -0,014672 
5,000000 -0,014531 
5,100000 -0,014390 
5,200000 -0,014496 
5,300000 -0,014514 
5,400000 -0,014183 
5,500000 -0,014212 
5,600000 -0,014559 
5,700000 -0,014650 
5,800000 -0,014555 
5,900000 -0,014400 
6,000000 -0,014281 
6,100000 -0,014563 
6,200000 -0,014506 
6,300000 -0,014247 
6,400000 -0,014575 
6,500000 -0,014652 
6,600000 -0,014596 
6,700000 -0,014776 
6,800000 -0,014336 
6,900000 -0,014396 
7,000000 -0,014466 
7,100000 -0,014480 
7,200000 -0,014457 
7,300000 -0,014707 
7,400000 -0,014755 
7,500000 -0,014900 
7,600000 -0,014849 
7,700000 -0,014907 
7,800000 -0,014663 
7,900000 -0,014749 
8,000000 -0,014212 
8,100000 -0,014197 
8,200000 -0,014644 
8,300000 -0,014529 
8,400000 -0,014375 
8,500000 -0,014684 
8,600000 -0,014341 
8,700000 -0,014610 
8,800000 -0,014684 
8,900000 -0,014484 
9,000000 -0,014697 
9,100000 -0,014468 
9,200000 -0,014321 
9,300000 -0,014463 
9,400000 -0,014562 
9,500000 -0,014468 
9,600000 -0,014397 
9,700000 -0,014568 
9,800000 -0,014098 
9,900000 -0,014233 
10,000000 -0,014161 
10,100000 -0,014396 
10,200000 -0,014641 
10,300000 -0,014058 
10,400000 -0,014650 
10,500000 -0,014622 
10,600000 -0,014177 
10,700000 -0,014446 
10,800000 -0,014611 
10,900000 -0,014629 
11,000000 -0,014480 
11,100000 -0,014359 
11,200000 -0,014662 
11,300000 -0,014561 
11,400000 -0,014332 
11,500000 -0,014491 
11,600000 -0,014293 
11,700000 -0,014504 
11,800000 -0,014952 
11,900000 -0,014845 
12,000000 -0,014887 
12,100000 -0,015852 
12,200000 -0,016668 
12,300000 -0,017242 
12,400000 -0,017491 
12,500000 -0,017594 
12,600000 -0,017033 
12,700000 -0,016012 
12,800000 -0,015586 
12,900000 -0,015313 
13,000000 -0,015419 
13,100000 -0,015750 
13,200000 -0,016099 
13,300000 -0,016612 
13,400000 -0,016797 
13,500000 -0,017446 
13,600000 -0,017892 
13,700000 -0,019140 
13,800000 -0,021179 
13,900000 -0,025892 
14,000000 -0,038172 
14,100000 -0,061042 
14,200000 -0,092404 
14,300000 -0,114921 
14,400000 -0,122058 
14,500000 -0,115741 
14,600000 -0,091222 
14,700000 -0,056784 
14,800000 -0,034302 
14,900000 -0,024269 
15,000000 -0,021405 
15,100000 -0,021429 
15,200000 -0,022157 
15,300000 -0,024217 
15,400000 -0,024709 
15,500000 -0,024039 
15,600000 -0,022444 
15,700000 -0,020196 
15,800000 -0,020135 
15,900000 -0,022278 
16,000000 -0,028492 
16,100000 -0,040116 
16,200000 -0,052081 
16,300000 -0,059211 
16,400000 -0,060816 
16,500000 -0,056574 
16,600000 -0,045923 
16,700000 -0,033894 
16,800000 -0,027043 
16,900000 -0,029518 
17,000000 -0,039665 
17,100000 -0,057495 
17,200000 -0,075111 
17,300000 -0,085195 
17,400000 -0,085886 
17,500000 -0,080019 
17,600000 -0,063582 
17,700000 -0,045971 
17,800000 -0,040657 
17,900000 -0,052359 
18,000000 -0,082907 
18,100000 -0,130209 
18,200000 -0,172045 
18,300000 -0,192201 
18,400000 -0,193160 
18,500000 -0,170022 
18,600000 -0,119519 
18,700000 -0,066251 
18,800000 -0,036625 
18,900000 -0,024553 
19,000000 -0,020124 
19,100000 -0,017791 
19,200000 -0,017363 
19,300000 -0,017208 
19,400000 -0,017095 
19,500000 -0,017068 
19,600000 -0,016975 
19,700000 -0,016837 
19,800000 -0,017185 
19,900000 -0,019717 
20,000000 -0,023533 
20,100000 -0,028232 
20,200000 -0,032004 
20,300000 -0,033360 
20,400000 -0,033048 
20,500000 -0,030430 
20,600000 -0,024420 
20,700000 -0,019666 
20,800000 -0,016737 
20,900000 -0,015685 
21,000000 -0,015187 
21,100000 -0,015157 
21,200000 -0,014586 
21,300000 -0,014484 
21,400000 -0,014586 
21,500000 -0,014548 
21,600000 -0,014825 
21,700000 -0,014827 
21,800000 -0,014739 
21,900000 -0,014875 
22,000000 -0,014844 
22,100000 -0,015448 
22,200000 -0,015484 
22,300000 -0,015573 
22,400000 -0,015281 
22,500000 -0,015310 
22,600000 -0,014650 
22,700000 -0,014823 
22,800000 -0,014796 
22,900000 -0,014422 
23,000000 -0,014591 
23,100000 -0,014585 
23,200000 -0,014649 
23,300000 -0,014336 
23,400000 -0,014241 
23,500000 -0,014537 
23,600000 -0,014515 
23,700000 -0,014725 
23,800000 -0,014649 
23,900000 -0,014671 
24,000000 -0,014625 
24,100000 -0,014914 
24,200000 -0,015167 
24,300000 -0,015469 
24,400000 -0,015109 
24,500000 -0,015057 
24,600000 -0,014865 
24,700000 -0,014641 
24,800000 -0,014886 
24,900000 -0,015040 
25,000000 -0,015736 
25,100000 -0,016142 
25,200000 -0,016307 
25,300000 -0,016493 
25,400000 -0,016528 
25,500000 -0,016379 
25,600000 -0,016213 
25,700000 -0,016482 
25,800000 -0,017007 
25,900000 -0,018563 
26,000000 -0,021439 
26,100000 -0,023728 
26,200000 -0,026071 
26,300000 -0,026523 
26,400000 -0,026652 
26,500000 -0,026212 
26,600000 -0,023640 
26,700000 -0,022472 
26,800000 -0,025282 
26,900000 -0,030583 
27,000000 -0,039505 
27,100000 -0,048896 
27,200000 -0,056826 
27,300000 -0,063909 
27,400000 -0,072569 
27,500000 -0,085170 
27,600000 -0,120563 
27,700000 -0,200914 
27,800000 -0,377449 
27,900000 -0,688205 
28,000000 -1,142452 
28,100000 -1,490504 
28,200000 -1,632944 
28,300000 -1,630823 
28,400000 -1,522939 
28,500000 -1,319052 
28,600000 -0,680920 
28,700000 -0,265404 
28,800000 -0,118056 
28,900000 -0,067833 
29,000000 -0,050383 
29,100000 -0,044951 
29,200000 -0,042426 
29,300000 -0,041220 
29,400000 -0,039565 
29,500000 -0,036695 
29,600000 -0,031547 
29,700000 -0,026868 
29,800000 -0,027012 
29,900000 -0,032799 
30,000000 -0,041698 
30,100000 -0,049644 
30,200000 -0,054212 
30,300000 -0,055336 
30,400000 -0,054227 
30,500000 -0,049352 
30,600000 -0,040070 
30,700000 -0,029469 
30,800000 -0,026043 
30,900000 -0,027855 
31,000000 -0,033952 
31,100000 -0,040289 
31,200000 -0,044361 
31,300000 -0,046487 
31,400000 -0,047007 
31,500000 -0,046899 
31,600000 -0,046225 
31,700000 -0,052529 
31,800000 -0,076366 
31,900000 -0,120081 
32,000000 -0,183817 
32,100000 -0,234621 
32,200000 -0,259091 
32,300000 -0,262098 
32,400000 -0,249290 
32,500000 -0,215748 
32,600000 -0,150921 
32,700000 -0,076920 
32,800000 -0,039391 
32,900000 -0,025128 
33,000000 -0,020068 
33,100000 -0,017127 
33,200000 -0,016705 
33,300000 -0,016270 
33,400000 -0,016016 
33,500000 -0,015757 
33,600000 -0,015688 
33,700000 -0,015520 
33,800000 -0,015235 
33,900000 -0,015475 
34,000000 -0,015858 
34,100000 -0,016034 
34,200000 -0,016162 
34,300000 -0,016034 
34,400000 -0,016176 
34,500000 -0,016058 
34,600000 -0,015613 
34,700000 -0,015220 
34,800000 -0,014800 
34,900000 -0,014737 
35,000000 -0,014806 
35,100000 -0,014745 
35,200000 -0,014833 
35,300000 -0,014726 
35,400000 -0,014740 
35,500000 -0,014747 
35,600000 -0,015153 
35,700000 -0,014635 
35,800000 -0,014432 
35,900000 -0,014998 
36,000000 -0,014713 
36,100000 -0,014745 
36,200000 -0,014638 
36,300000 -0,014795 
36,400000 -0,014850 
36,500000 -0,014821 
36,600000 -0,014634 
36,700000 -0,014469 
36,800000 -0,014695 
36,900000 -0,014776 
37,000000 -0,014784 
37,100000 -0,014727 
37,200000 -0,014978 
37,300000 -0,014754 
37,400000 -0,014648 
37,500000 -0,014387 
37,600000 -0,014674 
37,700000 -0,014632 
37,800000 -0,014717 
37,900000 -0,014628 
38,000000 -0,014988 
38,100000 -0,014955 
38,200000 -0,015137 
38,300000 -0,015143 
38,400000 -0,014821 
38,500000 -0,015049 
38,600000 -0,015090 
38,700000 -0,014680 
38,800000 -0,014609 
38,900000 -0,014783 
39,000000 -0,015218 
39,100000 -0,015409 
39,200000 -0,015564 
39,300000 -0,015894 
39,400000 -0,015917 
39,500000 -0,016365 
39,600000 -0,016608 
39,700000 -0,016985 
39,800000 -0,018144 
39,900000 -0,023209 
40,000000 -0,029177 
40,100000 -0,033560 
40,200000 -0,036367 
40,300000 -0,036888 
40,400000 -0,036104 
40,500000 -0,032770 
40,600000 -0,027079 
40,700000 -0,020927 
40,800000 -0,017349 
40,900000 -0,016631 
41,000000 -0,016620 
41,100000 -0,016808 
41,200000 -0,016899 
41,300000 -0,017117 
41,400000 -0,017120 
41,500000 -0,016897 
41,600000 -0,016680 
41,700000 -0,016148 
41,800000 -0,015717 
41,900000 -0,015734 
42,000000 -0,015904 
42,100000 -0,016232 
42,200000 -0,016624 
42,300000 -0,016651 
42,400000 -0,016665 
42,500000 -0,016649 
42,600000 -0,016499 
42,700000 -0,015894 
42,800000 -0,015976 
42,900000 -0,016452 
43,000000 -0,017085 
43,100000 -0,018199 
43,200000 -0,019243 
43,300000 -0,020010 
43,400000 -0,020588 
43,500000 -0,020633 
43,600000 -0,019483 
43,700000 -0,018272 
43,800000 -0,018283 
43,900000 -0,021685 
44,000000 -0,026599 
44,100000 -0,031896 
44,200000 -0,036111 
44,300000 -0,037183 
44,400000 -0,036983 
44,500000 -0,035507 
44,600000 -0,030658 
44,700000 -0,024075 
44,800000 -0,019847 
44,900000 -0,017900 
45,000000 -0,019924 
45,100000 -0,022049 
45,200000 -0,024046 
45,300000 -0,024928 
45,400000 -0,025316 
45,500000 -0,024735 
45,600000 -0,023127 
45,700000 -0,020676 
45,800000 -0,017576 
45,900000 -0,016907 
46,000000 -0,016917 
46,100000 -0,017837 
46,200000 -0,019386 
46,300000 -0,019773 
46,400000 -0,020226 
46,500000 -0,020107 
46,600000 -0,018798 
46,700000 -0,017533 
46,800000 -0,016623 
46,900000 -0,016058 
47,000000 -0,015905 
47,100000 -0,016107 
47,200000 -0,016515 
47,300000 -0,016544 
47,400000 -0,016505 
47,500000 -0,016267 
47,600000 -0,016131 
47,700000 -0,015661 
47,800000 -0,015011 
47,900000 -0,014850 
48,000000 -0,014670 
48,100000 -0,014343 
48,200000 -0,014837 
48,300000 -0,014494 
48,400000 -0,014881 
48,500000 -0,014264 
48,600000 -0,014650 
48,700000 -0,015116 
48,800000 -0,014708 
48,900000 -0,014569 
49,000000 -0,014475 
49,100000 -0,014227 
49,200000 -0,014495 
49,300000 -0,014756 
49,400000 -0,014497 
49,500000 -0,014271 
49,600000 -0,014680 
49,700000 -0,014445 
49,800000 -0,014630 
49,900000 -0,014671 
