0,000000 -0,795606 
0,100000 -0,408543 
0,200000 -0,355339 
0,300000 -0,337034 
0,400000 -0,327976 
0,500000 -0,328909 
0,600000 -0,328955 
0,700000 -0,330196 
0,800000 -0,327033 
0,900000 -0,327012 
1,000000 -0,328740 
1,100000 -0,327109 
1,200000 -0,326972 
1,300000 -0,327958 
1,400000 -0,326823 
1,500000 -0,327495 
1,600000 -0,326622 
1,700000 -0,328736 
1,800000 -0,326046 
1,900000 -0,252751 
2,000000 -0,181913 
2,100000 -0,144478 
2,200000 -0,115598 
2,300000 -0,094228 
2,400000 -0,078069 
2,500000 -0,066716 
2,600000 -0,058452 
2,700000 -0,052381 
2,800000 -0,048203 
2,900000 -0,045254 
3,000000 -0,042753 
3,100000 -0,038869 
3,200000 -0,033529 
3,300000 -0,029226 
3,400000 -0,026818 
3,500000 -0,025268 
3,600000 -0,023407 
3,700000 -0,022110 
3,800000 -0,021714 
3,900000 -0,021018 
4,000000 -0,020342 
4,100000 -0,019031 
4,200000 -0,018279 
4,300000 -0,017608 
4,400000 -0,017280 
4,500000 -0,017195 
4,600000 -0,016974 
4,700000 -0,016933 
4,800000 -0,016841 
4,900000 -0,016820 
5,000000 -0,016610 
5,100000 -0,016629 
5,200000 -0,016314 
5,300000 -0,016155 
5,400000 -0,016203 
5,500000 -0,016014 
5,600000 -0,015962 
5,700000 -0,015600 
5,800000 -0,015726 
5,900000 -0,015680 
6,000000 -0,015480 
6,100000 -0,015388 
6,200000 -0,015400 
6,300000 -0,015531 
6,400000 -0,015273 
6,500000 -0,015180 
6,600000 -0,015330 
6,700000 -0,014242 
6,800000 -0,015505 
6,900000 -0,015344 
7,000000 -0,015000 
7,100000 -0,015024 
7,200000 -0,015077 
7,300000 -0,015213 
7,400000 -0,015268 
7,500000 -0,015336 
7,600000 -0,015366 
7,700000 -0,015063 
7,800000 -0,015185 
7,900000 -0,015063 
8,000000 -0,014633 
8,100000 -0,014704 
8,200000 -0,015111 
8,300000 -0,014642 
8,400000 -0,014939 
8,500000 -0,014895 
8,600000 -0,014649 
8,700000 -0,014769 
8,800000 -0,014876 
8,900000 -0,014625 
9,000000 -0,014682 
9,100000 -0,014824 
9,200000 -0,014992 
9,300000 -0,014474 
9,400000 -0,014648 
9,500000 -0,014597 
9,600000 -0,014418 
9,700000 -0,013849 
9,800000 -0,014495 
9,900000 -0,014655 
10,000000 -0,014784 
10,100000 -0,014501 
10,200000 -0,014922 
10,300000 -0,014365 
10,400000 -0,014699 
10,500000 -0,014376 
10,600000 -0,014545 
10,700000 -0,014842 
10,800000 -0,014815 
10,900000 -0,014446 
11,000000 -0,014626 
11,100000 -0,014973 
11,200000 -0,014948 
11,300000 -0,014923 
11,400000 -0,014897 
11,500000 -0,014631 
11,600000 -0,015282 
11,700000 -0,015293 
11,800000 -0,015455 
11,900000 -0,015604 
12,000000 -0,016124 
12,100000 -0,016445 
12,200000 -0,016921 
12,300000 -0,017339 
12,400000 -0,017857 
12,500000 -0,017909 
12,600000 -0,017632 
12,700000 -0,017180 
12,800000 -0,016987 
12,900000 -0,016798 
13,000000 -0,016940 
13,100000 -0,017140 
13,200000 -0,017620 
13,300000 -0,018307 
13,400000 -0,020067 
13,500000 -0,021453 
13,600000 -0,022369 
13,700000 -0,024448 
13,800000 -0,027139 
13,900000 -0,032198 
14,000000 -0,041740 
14,100000 -0,057350 
14,200000 -0,080084 
14,300000 -0,102718 
14,400000 -0,115561 
14,500000 -0,113495 
14,600000 -0,093422 
14,700000 -0,064116 
14,800000 -0,042690 
14,900000 -0,031410 
15,000000 -0,026572 
15,100000 -0,025073 
15,200000 -0,025721 
15,300000 -0,026496 
15,400000 -0,026979 
15,500000 -0,026966 
15,600000 -0,026441 
15,700000 -0,024902 
15,800000 -0,025032 
15,900000 -0,026691 
16,000000 -0,031712 
16,100000 -0,040082 
16,200000 -0,050242 
16,300000 -0,058771 
16,400000 -0,063029 
16,500000 -0,061020 
16,600000 -0,052520 
16,700000 -0,041902 
16,800000 -0,036697 
16,900000 -0,037334 
17,000000 -0,044179 
17,100000 -0,057073 
17,200000 -0,072800 
17,300000 -0,085552 
17,400000 -0,090547 
17,500000 -0,088505 
17,600000 -0,075464 
17,700000 -0,061913 
17,800000 -0,056418 
17,900000 -0,063750 
18,000000 -0,085028 
18,100000 -0,119009 
18,200000 -0,158099 
18,300000 -0,184502 
18,400000 -0,192774 
18,500000 -0,173189 
18,600000 -0,127285 
18,700000 -0,078944 
18,800000 -0,048711 
18,900000 -0,033401 
19,000000 -0,026056 
19,100000 -0,022226 
19,200000 -0,020662 
19,300000 -0,019624 
19,400000 -0,019086 
19,500000 -0,018287 
19,600000 -0,017772 
19,700000 -0,017802 
19,800000 -0,018386 
19,900000 -0,020391 
20,000000 -0,023073 
20,100000 -0,027013 
20,200000 -0,030899 
20,300000 -0,032641 
20,400000 -0,032953 
20,500000 -0,030594 
20,600000 -0,025442 
20,700000 -0,020676 
20,800000 -0,017632 
20,900000 -0,016399 
21,000000 -0,015967 
21,100000 -0,015394 
21,200000 -0,014644 
21,300000 -0,014747 
21,400000 -0,014715 
21,500000 -0,014517 
21,600000 -0,014491 
21,700000 -0,014795 
21,800000 -0,014767 
21,900000 -0,014861 
22,000000 -0,015469 
22,100000 -0,015394 
22,200000 -0,015272 
22,300000 -0,015513 
22,400000 -0,015436 
22,500000 -0,015271 
22,600000 -0,015020 
22,700000 -0,014962 
22,800000 -0,014738 
22,900000 -0,014505 
23,000000 -0,014498 
23,100000 -0,014894 
23,200000 -0,014929 
23,300000 -0,014716 
23,400000 -0,014938 
23,500000 -0,015041 
23,600000 -0,015026 
23,700000 -0,014956 
23,800000 -0,014929 
23,900000 -0,015335 
24,000000 -0,015521 
24,100000 -0,015599 
24,200000 -0,015808 
24,300000 -0,015992 
24,400000 -0,016167 
24,500000 -0,015833 
24,600000 -0,016176 
24,700000 -0,016182 
24,800000 -0,016521 
24,900000 -0,016709 
25,000000 -0,016947 
25,100000 -0,017426 
25,200000 -0,017774 
25,300000 -0,018309 
25,400000 -0,019065 
25,500000 -0,019574 
25,600000 -0,020172 
25,700000 -0,020970 
25,800000 -0,021973 
25,900000 -0,024185 
26,000000 -0,026731 
26,100000 -0,030356 
26,200000 -0,033239 
26,300000 -0,036072 
26,400000 -0,037628 
26,500000 -0,039579 
26,600000 -0,040529 
26,700000 -0,042263 
26,800000 -0,047744 
26,900000 -0,056250 
27,000000 -0,068507 
27,100000 -0,083465 
27,200000 -0,100410 
27,300000 -0,118776 
27,400000 -0,140545 
27,500000 -0,169374 
27,600000 -0,227926 
27,700000 -0,322562 
27,800000 -0,484638 
27,900000 -0,739544 
28,000000 -1,098339 
28,100000 -1,455535 
28,200000 -1,673486 
28,300000 -1,736326 
28,400000 -1,663169 
28,500000 -1,426273 
28,600000 -0,796769 
28,700000 -0,387074 
28,800000 -0,212935 
28,900000 -0,130507 
29,000000 -0,091864 
29,100000 -0,072929 
29,200000 -0,062582 
29,300000 -0,055935 
29,400000 -0,051568 
29,500000 -0,046583 
29,600000 -0,040791 
29,700000 -0,035392 
29,800000 -0,034359 
29,900000 -0,038100 
30,000000 -0,044982 
30,100000 -0,053318 
30,200000 -0,059253 
30,300000 -0,061421 
30,400000 -0,061068 
30,500000 -0,056886 
30,600000 -0,047910 
30,700000 -0,037694 
30,800000 -0,033627 
30,900000 -0,035367 
31,000000 -0,040569 
31,100000 -0,047353 
31,200000 -0,052905 
31,300000 -0,057383 
31,400000 -0,060791 
31,500000 -0,063498 
31,600000 -0,064803 
31,700000 -0,073681 
31,800000 -0,095507 
31,900000 -0,131451 
32,000000 -0,182197 
32,100000 -0,231877 
32,200000 -0,263958 
32,300000 -0,276764 
32,400000 -0,268632 
32,500000 -0,231543 
32,600000 -0,164852 
32,700000 -0,093284 
32,800000 -0,051758 
32,900000 -0,033920 
33,000000 -0,025355 
33,100000 -0,021635 
33,200000 -0,018908 
33,300000 -0,017451 
33,400000 -0,016816 
33,500000 -0,016565 
33,600000 -0,016373 
33,700000 -0,015869 
33,800000 -0,015576 
33,900000 -0,015694 
34,000000 -0,015905 
34,100000 -0,015901 
34,200000 -0,016069 
34,300000 -0,016010 
34,400000 -0,015832 
34,500000 -0,015799 
34,600000 -0,015445 
34,700000 -0,014879 
34,800000 -0,014771 
34,900000 -0,014421 
35,000000 -0,014499 
35,100000 -0,014472 
35,200000 -0,014513 
35,300000 -0,014358 
35,400000 -0,014129 
35,500000 -0,014814 
35,600000 -0,014474 
35,700000 -0,014123 
35,800000 -0,014496 
35,900000 -0,014072 
36,000000 -0,014480 
36,100000 -0,014425 
36,200000 -0,014493 
36,300000 -0,014625 
36,400000 -0,014666 
36,500000 -0,014390 
36,600000 -0,014668 
36,700000 -0,014470 
36,800000 -0,014725 
36,900000 -0,014355 
37,000000 -0,014722 
37,100000 -0,014621 
37,200000 -0,014508 
37,300000 -0,014634 
37,400000 -0,014561 
37,500000 -0,014452 
37,600000 -0,014516 
37,700000 -0,014654 
37,800000 -0,014548 
37,900000 -0,014375 
38,000000 -0,014413 
38,100000 -0,015033 
38,200000 -0,014931 
38,300000 -0,015000 
38,400000 -0,014986 
38,500000 -0,015125 
38,600000 -0,015073 
38,700000 -0,015036 
38,800000 -0,015073 
38,900000 -0,015279 
39,000000 -0,015508 
39,100000 -0,016086 
39,200000 -0,016401 
39,300000 -0,016603 
39,400000 -0,016670 
39,500000 -0,017058 
39,600000 -0,017503 
39,700000 -0,018539 
39,800000 -0,020637 
39,900000 -0,024027 
40,000000 -0,029052 
40,100000 -0,033241 
40,200000 -0,036358 
40,300000 -0,037416 
40,400000 -0,036871 
40,500000 -0,034083 
40,600000 -0,027804 
40,700000 -0,022131 
40,800000 -0,018623 
40,900000 -0,017112 
41,000000 -0,016824 
41,100000 -0,016829 
41,200000 -0,016843 
41,300000 -0,016990 
41,400000 -0,017076 
41,500000 -0,016917 
41,600000 -0,016742 
41,700000 -0,016418 
41,800000 -0,015830 
41,900000 -0,015629 
42,000000 -0,016320 
42,100000 -0,016457 
42,200000 -0,016598 
42,300000 -0,016664 
42,400000 -0,016838 
42,500000 -0,016921 
42,600000 -0,016739 
42,700000 -0,016623 
42,800000 -0,016536 
42,900000 -0,016811 
43,000000 -0,017554 
43,100000 -0,018779 
43,200000 -0,020295 
43,300000 -0,021094 
43,400000 -0,021583 
43,500000 -0,021690 
43,600000 -0,021349 
43,700000 -0,020962 
43,800000 -0,021369 
43,900000 -0,023457 
44,000000 -0,027663 
44,100000 -0,032301 
44,200000 -0,036174 
44,300000 -0,038138 
44,400000 -0,038495 
44,500000 -0,036783 
44,600000 -0,032443 
44,700000 -0,026028 
44,800000 -0,021937 
44,900000 -0,020885 
45,000000 -0,021379 
45,100000 -0,022332 
45,200000 -0,024103 
45,300000 -0,025820 
45,400000 -0,026394 
45,500000 -0,026228 
45,600000 -0,024427 
45,700000 -0,021394 
45,800000 -0,018550 
45,900000 -0,017446 
46,000000 -0,017466 
46,100000 -0,018100 
46,200000 -0,019374 
46,300000 -0,020272 
46,400000 -0,020805 
46,500000 -0,020488 
46,600000 -0,019785 
46,700000 -0,017829 
46,800000 -0,016825 
46,900000 -0,016381 
47,000000 -0,016127 
47,100000 -0,016308 
47,200000 -0,016576 
47,300000 -0,016619 
47,400000 -0,016635 
47,500000 -0,016438 
47,600000 -0,015936 
47,700000 -0,015365 
47,800000 -0,015429 
47,900000 -0,014787 
48,000000 -0,014400 
48,100000 -0,014661 
48,200000 -0,014677 
48,300000 -0,014556 
48,400000 -0,014689 
48,500000 -0,014710 
48,600000 -0,014409 
48,700000 -0,014572 
48,800000 -0,014652 
48,900000 -0,014538 
49,000000 -0,014396 
49,100000 -0,014159 
49,200000 -0,014713 
49,300000 -0,014587 
49,400000 -0,014430 
49,500000 -0,014846 
49,600000 -0,014455 
49,700000 -0,014721 
49,800000 -0,014789 
49,900000 -0,014858 
