0,000000 -0,887642 
0,100000 -0,657981 
0,200000 -0,624083 
0,300000 -0,619839 
0,400000 -0,621789 
0,500000 -0,616135 
0,600000 -0,618617 
0,700000 -0,620444 
0,800000 -0,617977 
0,900000 -0,611517 
1,000000 -0,615300 
1,100000 -0,615243 
1,200000 -0,614332 
1,300000 -0,616094 
1,400000 -0,618666 
1,500000 -0,613835 
1,600000 -0,614907 
1,700000 -0,614954 
1,800000 -0,616163 
1,900000 -0,525126 
2,000000 -0,424931 
2,100000 -0,365589 
2,200000 -0,304116 
2,300000 -0,259541 
2,400000 -0,230957 
2,500000 -0,206690 
2,600000 -0,188008 
2,700000 -0,172978 
2,800000 -0,159712 
2,900000 -0,146493 
3,000000 -0,133360 
3,100000 -0,122014 
3,200000 -0,110109 
3,300000 -0,098242 
3,400000 -0,089822 
3,500000 -0,083249 
3,600000 -0,076531 
3,700000 -0,070051 
3,800000 -0,065442 
3,900000 -0,061629 
4,000000 -0,057377 
4,100000 -0,053984 
4,200000 -0,050436 
4,300000 -0,047157 
4,400000 -0,045047 
4,500000 -0,042492 
4,600000 -0,041177 
4,700000 -0,039388 
4,800000 -0,037524 
4,900000 -0,036404 
5,000000 -0,035391 
5,100000 -0,033616 
5,200000 -0,032036 
5,300000 -0,031297 
5,400000 -0,030098 
5,500000 -0,028809 
5,600000 -0,027745 
5,700000 -0,027147 
5,800000 -0,026732 
5,900000 -0,026458 
6,000000 -0,026285 
6,100000 -0,025423 
6,200000 -0,024649 
6,300000 -0,023844 
6,400000 -0,023097 
6,500000 -0,022904 
6,600000 -0,022265 
6,700000 -0,022199 
6,800000 -0,022061 
6,900000 -0,021874 
7,000000 -0,021502 
7,100000 -0,021626 
7,200000 -0,021414 
7,300000 -0,021036 
7,400000 -0,020976 
7,500000 -0,020915 
7,600000 -0,020634 
7,700000 -0,020180 
7,800000 -0,020018 
7,900000 -0,019864 
8,000000 -0,019612 
8,100000 -0,019554 
8,200000 -0,019298 
8,300000 -0,018859 
8,400000 -0,018791 
8,500000 -0,018598 
8,600000 -0,018661 
8,700000 -0,018412 
8,800000 -0,018399 
8,900000 -0,018127 
9,000000 -0,018112 
9,100000 -0,018083 
9,200000 -0,017768 
9,300000 -0,017783 
9,400000 -0,017797 
9,500000 -0,017739 
9,600000 -0,017662 
9,700000 -0,017598 
9,800000 -0,017615 
9,900000 -0,017575 
10,000000 -0,017818 
10,100000 -0,017713 
10,200000 -0,017802 
10,300000 -0,017661 
10,400000 -0,017605 
10,500000 -0,017729 
10,600000 -0,017765 
10,700000 -0,017648 
10,800000 -0,018031 
10,900000 -0,017983 
11,000000 -0,018120 
11,100000 -0,017909 
11,200000 -0,018158 
11,300000 -0,018086 
11,400000 -0,018336 
11,500000 -0,018715 
11,600000 -0,018773 
11,700000 -0,019227 
11,800000 -0,019416 
11,900000 -0,020107 
12,000000 -0,020514 
12,100000 -0,021261 
12,200000 -0,021606 
12,300000 -0,021940 
12,400000 -0,022228 
12,500000 -0,022794 
12,600000 -0,022970 
12,700000 -0,022950 
12,800000 -0,023341 
12,900000 -0,023716 
13,000000 -0,024601 
13,100000 -0,025528 
13,200000 -0,026458 
13,300000 -0,027191 
13,400000 -0,029544 
13,500000 -0,031639 
13,600000 -0,033985 
13,700000 -0,036518 
13,800000 -0,040233 
13,900000 -0,044811 
14,000000 -0,051367 
14,100000 -0,060485 
14,200000 -0,071451 
14,300000 -0,084234 
14,400000 -0,094790 
14,500000 -0,097409 
14,600000 -0,088165 
14,700000 -0,071651 
14,800000 -0,057587 
14,900000 -0,047556 
15,000000 -0,041639 
15,100000 -0,038400 
15,200000 -0,037046 
15,300000 -0,036608 
15,400000 -0,036887 
15,500000 -0,036908 
15,600000 -0,036804 
15,700000 -0,036769 
15,800000 -0,037210 
15,900000 -0,039719 
16,000000 -0,042649 
16,100000 -0,047678 
16,200000 -0,053620 
16,300000 -0,059319 
16,400000 -0,064633 
16,500000 -0,065760 
16,600000 -0,062101 
16,700000 -0,058275 
16,800000 -0,055817 
16,900000 -0,056226 
17,000000 -0,060495 
17,100000 -0,067314 
17,200000 -0,075849 
17,300000 -0,084902 
17,400000 -0,092511 
17,500000 -0,094527 
17,600000 -0,089313 
17,700000 -0,083514 
17,800000 -0,081541 
17,900000 -0,086049 
18,000000 -0,096873 
18,100000 -0,113464 
18,200000 -0,132197 
18,300000 -0,149830 
18,400000 -0,159715 
18,500000 -0,151173 
18,600000 -0,124836 
18,700000 -0,093212 
18,800000 -0,069548 
18,900000 -0,053220 
19,000000 -0,043156 
19,100000 -0,036452 
19,200000 -0,031866 
19,300000 -0,029036 
19,400000 -0,026932 
19,500000 -0,025851 
19,600000 -0,024949 
19,700000 -0,023905 
19,800000 -0,024189 
19,900000 -0,025139 
20,000000 -0,026284 
20,100000 -0,027662 
20,200000 -0,029592 
20,300000 -0,031339 
20,400000 -0,031834 
20,500000 -0,030735 
20,600000 -0,027265 
20,700000 -0,024209 
20,800000 -0,021861 
20,900000 -0,020381 
21,000000 -0,018919 
21,100000 -0,018044 
21,200000 -0,017703 
21,300000 -0,017456 
21,400000 -0,017288 
21,500000 -0,017303 
21,600000 -0,017285 
21,700000 -0,017157 
21,800000 -0,017485 
21,900000 -0,017523 
22,000000 -0,017507 
22,100000 -0,017899 
22,200000 -0,017757 
22,300000 -0,017841 
22,400000 -0,018014 
22,500000 -0,018156 
22,600000 -0,018286 
22,700000 -0,018214 
22,800000 -0,018412 
22,900000 -0,018690 
23,000000 -0,018918 
23,100000 -0,018909 
23,200000 -0,019308 
23,300000 -0,019725 
23,400000 -0,020295 
23,500000 -0,020589 
23,600000 -0,021199 
23,700000 -0,021526 
23,800000 -0,021793 
23,900000 -0,021920 
24,000000 -0,022275 
24,100000 -0,022739 
24,200000 -0,023719 
24,300000 -0,024717 
24,400000 -0,025492 
24,500000 -0,026196 
24,600000 -0,026775 
24,700000 -0,027718 
24,800000 -0,028929 
24,900000 -0,030476 
25,000000 -0,031705 
25,100000 -0,033278 
25,200000 -0,035582 
25,300000 -0,036845 
25,400000 -0,039099 
25,500000 -0,041392 
25,600000 -0,044470 
25,700000 -0,047558 
25,800000 -0,051297 
25,900000 -0,055944 
26,000000 -0,061041 
26,100000 -0,066270 
26,200000 -0,072556 
26,300000 -0,079100 
26,400000 -0,085786 
26,500000 -0,093014 
26,600000 -0,102668 
26,700000 -0,113402 
26,800000 -0,126325 
26,900000 -0,141876 
27,000000 -0,161739 
27,100000 -0,185435 
27,200000 -0,213351 
27,300000 -0,245124 
27,400000 -0,280911 
27,500000 -0,323308 
27,600000 -0,394868 
27,700000 -0,487073 
27,800000 -0,604767 
27,900000 -0,765542 
28,000000 -0,965180 
28,100000 -1,164143 
28,200000 -1,329174 
28,300000 -1,424864 
28,400000 -1,419326 
28,500000 -1,274942 
28,600000 -0,871203 
28,700000 -0,552768 
28,800000 -0,380195 
28,900000 -0,273674 
29,000000 -0,205912 
29,100000 -0,163904 
29,200000 -0,135511 
29,300000 -0,115962 
29,400000 -0,100655 
29,500000 -0,089050 
29,600000 -0,078292 
29,700000 -0,068630 
29,800000 -0,063367 
29,900000 -0,061998 
30,000000 -0,064057 
30,100000 -0,066850 
30,200000 -0,070449 
30,300000 -0,072450 
30,400000 -0,072750 
30,500000 -0,070647 
30,600000 -0,065302 
30,700000 -0,058414 
30,800000 -0,055825 
30,900000 -0,056673 
31,000000 -0,060129 
31,100000 -0,065178 
31,200000 -0,070505 
31,300000 -0,076433 
31,400000 -0,082211 
31,500000 -0,086542 
31,600000 -0,091461 
31,700000 -0,101431 
31,800000 -0,117801 
31,900000 -0,140654 
32,000000 -0,168953 
32,100000 -0,197998 
32,200000 -0,220462 
32,300000 -0,234551 
32,400000 -0,233745 
32,500000 -0,209952 
32,600000 -0,169234 
32,700000 -0,114878 
32,800000 -0,076722 
32,900000 -0,056487 
33,000000 -0,044176 
33,100000 -0,036085 
33,200000 -0,030514 
33,300000 -0,026808 
33,400000 -0,024061 
33,500000 -0,021984 
33,600000 -0,020730 
33,700000 -0,019127 
33,800000 -0,018130 
33,900000 -0,017516 
34,000000 -0,017231 
34,100000 -0,017207 
34,200000 -0,017118 
34,300000 -0,016934 
34,400000 -0,016605 
34,500000 -0,016578 
34,600000 -0,016448 
34,700000 -0,016053 
34,800000 -0,015500 
34,900000 -0,015441 
35,000000 -0,015195 
35,100000 -0,015221 
35,200000 -0,015142 
35,300000 -0,015015 
35,400000 -0,014932 
35,500000 -0,015032 
35,600000 -0,014954 
35,700000 -0,014613 
35,800000 -0,014895 
35,900000 -0,014883 
36,000000 -0,014978 
36,100000 -0,014956 
36,200000 -0,015268 
36,300000 -0,014946 
36,400000 -0,015266 
36,500000 -0,015383 
36,600000 -0,014886 
36,700000 -0,014661 
36,800000 -0,015177 
36,900000 -0,014865 
37,000000 -0,014989 
37,100000 -0,015453 
37,200000 -0,015265 
37,300000 -0,015226 
37,400000 -0,015103 
37,500000 -0,015326 
37,600000 -0,015352 
37,700000 -0,015336 
37,800000 -0,015213 
37,900000 -0,015746 
38,000000 -0,015814 
38,100000 -0,015866 
38,200000 -0,016148 
38,300000 -0,016128 
38,400000 -0,016349 
38,500000 -0,016099 
38,600000 -0,016278 
38,700000 -0,016556 
38,800000 -0,016857 
38,900000 -0,017041 
39,000000 -0,017124 
39,100000 -0,017546 
39,200000 -0,017832 
39,300000 -0,018410 
39,400000 -0,019043 
39,500000 -0,020003 
39,600000 -0,021053 
39,700000 -0,021801 
39,800000 -0,023245 
39,900000 -0,026160 
40,000000 -0,028964 
40,100000 -0,031719 
40,200000 -0,033906 
40,300000 -0,035265 
40,400000 -0,034836 
40,500000 -0,032877 
40,600000 -0,029088 
40,700000 -0,025171 
40,800000 -0,022077 
40,900000 -0,020261 
41,000000 -0,018803 
41,100000 -0,018205 
41,200000 -0,017941 
41,300000 -0,017715 
41,400000 -0,017942 
41,500000 -0,017724 
41,600000 -0,017572 
41,700000 -0,017440 
41,800000 -0,017185 
41,900000 -0,016942 
42,000000 -0,017183 
42,100000 -0,017172 
42,200000 -0,017585 
42,300000 -0,017767 
42,400000 -0,017964 
42,500000 -0,018285 
42,600000 -0,018384 
42,700000 -0,017980 
42,800000 -0,018419 
42,900000 -0,019221 
43,000000 -0,020163 
43,100000 -0,021156 
43,200000 -0,021824 
43,300000 -0,022395 
43,400000 -0,022821 
43,500000 -0,023739 
43,600000 -0,023921 
43,700000 -0,024495 
43,800000 -0,025324 
43,900000 -0,026718 
44,000000 -0,029411 
44,100000 -0,032082 
44,200000 -0,034576 
44,300000 -0,036155 
44,400000 -0,036712 
44,500000 -0,036312 
44,600000 -0,033267 
44,700000 -0,028826 
44,800000 -0,026267 
44,900000 -0,024388 
45,000000 -0,023568 
45,100000 -0,024577 
45,200000 -0,025293 
45,300000 -0,025898 
45,400000 -0,026338 
45,500000 -0,025961 
45,600000 -0,025037 
45,700000 -0,022906 
45,800000 -0,021393 
45,900000 -0,020019 
46,000000 -0,019787 
46,100000 -0,019644 
46,200000 -0,020211 
46,300000 -0,020420 
46,400000 -0,021076 
46,500000 -0,020438 
46,600000 -0,020078 
46,700000 -0,018643 
46,800000 -0,017552 
46,900000 -0,016959 
47,000000 -0,016874 
47,100000 -0,016677 
47,200000 -0,016614 
47,300000 -0,016808 
47,400000 -0,016790 
47,500000 -0,016490 
47,600000 -0,016251 
47,700000 -0,015962 
47,800000 -0,015476 
47,900000 -0,015265 
48,000000 -0,015299 
48,100000 -0,015130 
48,200000 -0,014907 
48,300000 -0,014946 
48,400000 -0,014877 
48,500000 -0,015184 
48,600000 -0,014830 
48,700000 -0,014652 
48,800000 -0,014860 
48,900000 -0,014635 
49,000000 -0,014722 
49,100000 -0,014913 
49,200000 -0,014888 
49,300000 -0,014622 
49,400000 -0,014767 
49,500000 -0,014687 
49,600000 -0,014822 
49,700000 -0,014873 
49,800000 -0,014729 
49,900000 -0,014725 
