0,000000 -0,921107 
0,100000 -0,743259 
0,200000 -0,719191 
0,300000 -0,712574 
0,400000 -0,711024 
0,500000 -0,714478 
0,600000 -0,710632 
0,700000 -0,710835 
0,800000 -0,710680 
0,900000 -0,709759 
1,000000 -0,710163 
1,100000 -0,710288 
1,200000 -0,707651 
1,300000 -0,708108 
1,400000 -0,711701 
1,500000 -0,709664 
1,600000 -0,709061 
1,700000 -0,707482 
1,800000 -0,708724 
1,900000 -0,634859 
2,000000 -0,539315 
2,100000 -0,476284 
2,200000 -0,408496 
2,300000 -0,355851 
2,400000 -0,319281 
2,500000 -0,285042 
2,600000 -0,259347 
2,700000 -0,238019 
2,800000 -0,219717 
2,900000 -0,204419 
3,000000 -0,190156 
3,100000 -0,176211 
3,200000 -0,162865 
3,300000 -0,150849 
3,400000 -0,138941 
3,500000 -0,128310 
3,600000 -0,118688 
3,700000 -0,110795 
3,800000 -0,103323 
3,900000 -0,097345 
4,000000 -0,091005 
4,100000 -0,085164 
4,200000 -0,079076 
4,300000 -0,073951 
4,400000 -0,069821 
4,500000 -0,065576 
4,600000 -0,062671 
4,700000 -0,060034 
4,800000 -0,057052 
4,900000 -0,055301 
5,000000 -0,052366 
5,100000 -0,051010 
5,200000 -0,048430 
5,300000 -0,046476 
5,400000 -0,045026 
5,500000 -0,043411 
5,600000 -0,041771 
5,700000 -0,041256 
5,800000 -0,040178 
5,900000 -0,038433 
6,000000 -0,037409 
6,100000 -0,036509 
6,200000 -0,035398 
6,300000 -0,034158 
6,400000 -0,033155 
6,500000 -0,032317 
6,600000 -0,031659 
6,700000 -0,031325 
6,800000 -0,030554 
6,900000 -0,029795 
7,000000 -0,029290 
7,100000 -0,028314 
7,200000 -0,027895 
7,300000 -0,027479 
7,400000 -0,027067 
7,500000 -0,026797 
7,600000 -0,026653 
7,700000 -0,026354 
7,800000 -0,026120 
7,900000 -0,025880 
8,000000 -0,025547 
8,100000 -0,025322 
8,200000 -0,024931 
8,300000 -0,024433 
8,400000 -0,024283 
8,500000 -0,023769 
8,600000 -0,023449 
8,700000 -0,023388 
8,800000 -0,023049 
8,900000 -0,022998 
9,000000 -0,022709 
9,100000 -0,022719 
9,200000 -0,022679 
9,300000 -0,022319 
9,400000 -0,022306 
9,500000 -0,022085 
9,600000 -0,022082 
9,700000 -0,022105 
9,800000 -0,022045 
9,900000 -0,021985 
10,000000 -0,022018 
10,100000 -0,021993 
10,200000 -0,021851 
10,300000 -0,021994 
10,400000 -0,021827 
10,500000 -0,021918 
10,600000 -0,021988 
10,700000 -0,022023 
10,800000 -0,021970 
10,900000 -0,022036 
11,000000 -0,022043 
11,100000 -0,022177 
11,200000 -0,022395 
11,300000 -0,022586 
11,400000 -0,022447 
11,500000 -0,022937 
11,600000 -0,023360 
11,700000 -0,023890 
11,800000 -0,023917 
11,900000 -0,024459 
12,000000 -0,025214 
12,100000 -0,025470 
12,200000 -0,026248 
12,300000 -0,026507 
12,400000 -0,026983 
12,500000 -0,027400 
12,600000 -0,027897 
12,700000 -0,027926 
12,800000 -0,029020 
12,900000 -0,029524 
13,000000 -0,030455 
13,100000 -0,031309 
13,200000 -0,032219 
13,300000 -0,034103 
13,400000 -0,036243 
13,500000 -0,038299 
13,600000 -0,041228 
13,700000 -0,043809 
13,800000 -0,047015 
13,900000 -0,051621 
14,000000 -0,057251 
14,100000 -0,064021 
14,200000 -0,072955 
14,300000 -0,082645 
14,400000 -0,092038 
14,500000 -0,095121 
14,600000 -0,089033 
14,700000 -0,077339 
14,800000 -0,064958 
14,900000 -0,056327 
15,000000 -0,050754 
15,100000 -0,047071 
15,200000 -0,045586 
15,300000 -0,044522 
15,400000 -0,044694 
15,500000 -0,045066 
15,600000 -0,045024 
15,700000 -0,044985 
15,800000 -0,045731 
15,900000 -0,047246 
16,000000 -0,050441 
16,100000 -0,054119 
16,200000 -0,059106 
16,300000 -0,063348 
16,400000 -0,068229 
16,500000 -0,070487 
16,600000 -0,068496 
16,700000 -0,065748 
16,800000 -0,065108 
16,900000 -0,065745 
17,000000 -0,069573 
17,100000 -0,074723 
17,200000 -0,081701 
17,300000 -0,088962 
17,400000 -0,096625 
17,500000 -0,099573 
17,600000 -0,096296 
17,700000 -0,093075 
17,800000 -0,092409 
17,900000 -0,095390 
18,000000 -0,103159 
18,100000 -0,115793 
18,200000 -0,129196 
18,300000 -0,142181 
18,400000 -0,151304 
18,500000 -0,144880 
18,600000 -0,122786 
18,700000 -0,098138 
18,800000 -0,077749 
18,900000 -0,062474 
19,000000 -0,051787 
19,100000 -0,044870 
19,200000 -0,040105 
19,300000 -0,036462 
19,400000 -0,033299 
19,500000 -0,031206 
19,600000 -0,029963 
19,700000 -0,028756 
19,800000 -0,028157 
19,900000 -0,028587 
20,000000 -0,029692 
20,100000 -0,030929 
20,200000 -0,032010 
20,300000 -0,033355 
20,400000 -0,034246 
20,500000 -0,032289 
20,600000 -0,030504 
20,700000 -0,027386 
20,800000 -0,025822 
20,900000 -0,023652 
21,000000 -0,022611 
21,100000 -0,022115 
21,200000 -0,021689 
21,300000 -0,021594 
21,400000 -0,021395 
21,500000 -0,021175 
21,600000 -0,021134 
21,700000 -0,021292 
21,800000 -0,021466 
21,900000 -0,021682 
22,000000 -0,021646 
22,100000 -0,021498 
22,200000 -0,021997 
22,300000 -0,021990 
22,400000 -0,022128 
22,500000 -0,022337 
22,600000 -0,022594 
22,700000 -0,022894 
22,800000 -0,023112 
22,900000 -0,023721 
23,000000 -0,024322 
23,100000 -0,024488 
23,200000 -0,025415 
23,300000 -0,025702 
23,400000 -0,026361 
23,500000 -0,026584 
23,600000 -0,026985 
23,700000 -0,027330 
23,800000 -0,029078 
23,900000 -0,030011 
24,000000 -0,030808 
24,100000 -0,031530 
24,200000 -0,032330 
24,300000 -0,033731 
24,400000 -0,034979 
24,500000 -0,035779 
24,600000 -0,037383 
24,700000 -0,039420 
24,800000 -0,041457 
24,900000 -0,042849 
25,000000 -0,045497 
25,100000 -0,047499 
25,200000 -0,050514 
25,300000 -0,052994 
25,400000 -0,056441 
25,500000 -0,059740 
25,600000 -0,064348 
25,700000 -0,068753 
25,800000 -0,073867 
25,900000 -0,079315 
26,000000 -0,085748 
26,100000 -0,092817 
26,200000 -0,100247 
26,300000 -0,108699 
26,400000 -0,117429 
26,500000 -0,126836 
26,600000 -0,141430 
26,700000 -0,154979 
26,800000 -0,171012 
26,900000 -0,190949 
27,000000 -0,212951 
27,100000 -0,238979 
27,200000 -0,270370 
27,300000 -0,303566 
27,400000 -0,343187 
27,500000 -0,387793 
27,600000 -0,462030 
27,700000 -0,552224 
27,800000 -0,661606 
27,900000 -0,790591 
28,000000 -0,942063 
28,100000 -1,088578 
28,200000 -1,230621 
28,300000 -1,318437 
28,400000 -1,324049 
28,500000 -1,208335 
28,600000 -0,885439 
28,700000 -0,619565 
28,800000 -0,451491 
28,900000 -0,347113 
29,000000 -0,273252 
29,100000 -0,222946 
29,200000 -0,187843 
29,300000 -0,159047 
29,400000 -0,139122 
29,500000 -0,123449 
29,600000 -0,108660 
29,700000 -0,094865 
29,800000 -0,086940 
29,900000 -0,083842 
30,000000 -0,082172 
30,100000 -0,083535 
30,200000 -0,084799 
30,300000 -0,085113 
30,400000 -0,085072 
30,500000 -0,082379 
30,600000 -0,078150 
30,700000 -0,072677 
30,800000 -0,069585 
30,900000 -0,070198 
31,000000 -0,072618 
31,100000 -0,076852 
31,200000 -0,082245 
31,300000 -0,087689 
31,400000 -0,093432 
31,500000 -0,098941 
31,600000 -0,104372 
31,700000 -0,114599 
31,800000 -0,129589 
31,900000 -0,147410 
32,000000 -0,168722 
32,100000 -0,189645 
32,200000 -0,208321 
32,300000 -0,219983 
32,400000 -0,219732 
32,500000 -0,202624 
32,600000 -0,166876 
32,700000 -0,119834 
32,800000 -0,086829 
32,900000 -0,067454 
33,000000 -0,054091 
33,100000 -0,045508 
33,200000 -0,038472 
33,300000 -0,033933 
33,400000 -0,030158 
33,500000 -0,027130 
33,600000 -0,025170 
33,700000 -0,023043 
33,800000 -0,021522 
33,900000 -0,020787 
34,000000 -0,019664 
34,100000 -0,018665 
34,200000 -0,018593 
34,300000 -0,017940 
34,400000 -0,017682 
34,500000 -0,017438 
34,600000 -0,016879 
34,700000 -0,016826 
34,800000 -0,016678 
34,900000 -0,016290 
35,000000 -0,016328 
35,100000 -0,016049 
35,200000 -0,015669 
35,300000 -0,015720 
35,400000 -0,015711 
35,500000 -0,015630 
35,600000 -0,015591 
35,700000 -0,015542 
35,800000 -0,015369 
35,900000 -0,015346 
36,000000 -0,015460 
36,100000 -0,015649 
36,200000 -0,015354 
36,300000 -0,015263 
36,400000 -0,015500 
36,500000 -0,015423 
36,600000 -0,015510 
36,700000 -0,015568 
36,800000 -0,015340 
36,900000 -0,015539 
37,000000 -0,015409 
37,100000 -0,015570 
37,200000 -0,015573 
37,300000 -0,015612 
37,400000 -0,015695 
37,500000 -0,015823 
37,600000 -0,016015 
37,700000 -0,015753 
37,800000 -0,015990 
37,900000 -0,015911 
38,000000 -0,016250 
38,100000 -0,016323 
38,200000 -0,016646 
38,300000 -0,016600 
38,400000 -0,016734 
38,500000 -0,016819 
38,600000 -0,016987 
38,700000 -0,016948 
38,800000 -0,017308 
38,900000 -0,017851 
39,000000 -0,018113 
39,100000 -0,018549 
39,200000 -0,019121 
39,300000 -0,019795 
39,400000 -0,020604 
39,500000 -0,021179 
39,600000 -0,021921 
39,700000 -0,022866 
39,800000 -0,024838 
39,900000 -0,026756 
40,000000 -0,028893 
40,100000 -0,031004 
40,200000 -0,032818 
40,300000 -0,033942 
40,400000 -0,034471 
40,500000 -0,032296 
40,600000 -0,029727 
40,700000 -0,026245 
40,800000 -0,023278 
40,900000 -0,021463 
41,000000 -0,020506 
41,100000 -0,019755 
41,200000 -0,019292 
41,300000 -0,018850 
41,400000 -0,018874 
41,500000 -0,018984 
41,600000 -0,018703 
41,700000 -0,018252 
41,800000 -0,017965 
41,900000 -0,017899 
42,000000 -0,018005 
42,100000 -0,018280 
42,200000 -0,018245 
42,300000 -0,018717 
42,400000 -0,019032 
42,500000 -0,019231 
42,600000 -0,019726 
42,700000 -0,019885 
42,800000 -0,019889 
42,900000 -0,020799 
43,000000 -0,021413 
43,100000 -0,022052 
43,200000 -0,022441 
43,300000 -0,023546 
43,400000 -0,024606 
43,500000 -0,025287 
43,600000 -0,025758 
43,700000 -0,026211 
43,800000 -0,026681 
43,900000 -0,027891 
44,000000 -0,030234 
44,100000 -0,031852 
44,200000 -0,033959 
44,300000 -0,035490 
44,400000 -0,036230 
44,500000 -0,035676 
44,600000 -0,033128 
44,700000 -0,030396 
44,800000 -0,027383 
44,900000 -0,026365 
45,000000 -0,025627 
45,100000 -0,025695 
45,200000 -0,026148 
45,300000 -0,026202 
45,400000 -0,026500 
45,500000 -0,026334 
45,600000 -0,025421 
45,700000 -0,023308 
45,800000 -0,022010 
45,900000 -0,021540 
46,000000 -0,020822 
46,100000 -0,020760 
46,200000 -0,020519 
46,300000 -0,020859 
46,400000 -0,020982 
46,500000 -0,020650 
46,600000 -0,020389 
46,700000 -0,019389 
46,800000 -0,018299 
46,900000 -0,017431 
47,000000 -0,017112 
47,100000 -0,017013 
47,200000 -0,016905 
47,300000 -0,016851 
47,400000 -0,016869 
47,500000 -0,016557 
47,600000 -0,016337 
47,700000 -0,016422 
47,800000 -0,015861 
47,900000 -0,015554 
48,000000 -0,015236 
48,100000 -0,015269 
48,200000 -0,015127 
48,300000 -0,015376 
48,400000 -0,015099 
48,500000 -0,015218 
48,600000 -0,015001 
48,700000 -0,015128 
48,800000 -0,014873 
48,900000 -0,014929 
49,000000 -0,015085 
49,100000 -0,014539 
49,200000 -0,014881 
49,300000 -0,014685 
49,400000 -0,014728 
49,500000 -0,014787 
49,600000 -0,014789 
49,700000 -0,014812 
49,800000 -0,015201 
49,900000 -0,015220 
