0,000000 -0,942628 
0,100000 -0,833046 
0,200000 -0,821737 
0,300000 -0,822233 
0,400000 -0,820252 
0,500000 -0,822566 
0,600000 -0,821959 
0,700000 -0,822204 
0,800000 -0,820300 
0,900000 -0,823186 
1,000000 -0,822654 
1,100000 -0,821138 
1,200000 -0,824308 
1,300000 -0,824280 
1,400000 -0,825239 
1,500000 -0,824297 
1,600000 -0,820437 
1,700000 -0,820800 
1,800000 -0,822426 
1,900000 -0,789946 
2,000000 -0,732762 
2,100000 -0,676311 
2,200000 -0,602724 
2,300000 -0,549350 
2,400000 -0,502543 
2,500000 -0,455652 
2,600000 -0,420020 
2,700000 -0,386056 
2,800000 -0,354872 
2,900000 -0,330529 
3,000000 -0,305420 
3,100000 -0,285516 
3,200000 -0,264538 
3,300000 -0,248648 
3,400000 -0,233795 
3,500000 -0,221699 
3,600000 -0,211444 
3,700000 -0,201582 
3,800000 -0,191258 
3,900000 -0,182339 
4,000000 -0,173907 
4,100000 -0,165072 
4,200000 -0,155130 
4,300000 -0,146874 
4,400000 -0,140892 
4,500000 -0,132552 
4,600000 -0,126066 
4,700000 -0,119922 
4,800000 -0,113978 
4,900000 -0,109742 
5,000000 -0,104676 
5,100000 -0,099893 
5,200000 -0,095274 
5,300000 -0,090589 
5,400000 -0,087306 
5,500000 -0,084421 
5,600000 -0,081031 
5,700000 -0,078448 
5,800000 -0,075530 
5,900000 -0,073903 
6,000000 -0,071107 
6,100000 -0,069202 
6,200000 -0,066589 
6,300000 -0,064661 
6,400000 -0,063195 
6,500000 -0,061489 
6,600000 -0,060302 
6,700000 -0,058843 
6,800000 -0,057144 
6,900000 -0,055904 
7,000000 -0,055209 
7,100000 -0,053748 
7,200000 -0,052560 
7,300000 -0,051334 
7,400000 -0,050434 
7,500000 -0,049570 
7,600000 -0,048225 
7,700000 -0,047095 
7,800000 -0,046509 
7,900000 -0,045870 
8,000000 -0,045678 
8,100000 -0,044264 
8,200000 -0,043548 
8,300000 -0,042694 
8,400000 -0,041606 
8,500000 -0,041526 
8,600000 -0,041050 
8,700000 -0,040666 
8,800000 -0,040339 
8,900000 -0,039797 
9,000000 -0,039115 
9,100000 -0,038637 
9,200000 -0,038383 
9,300000 -0,037578 
9,400000 -0,037493 
9,500000 -0,037100 
9,600000 -0,036864 
9,700000 -0,036545 
9,800000 -0,036511 
9,900000 -0,036230 
10,000000 -0,036388 
10,100000 -0,036424 
10,200000 -0,036269 
10,300000 -0,035982 
10,400000 -0,035979 
10,500000 -0,035896 
10,600000 -0,035927 
10,700000 -0,036137 
10,800000 -0,035923 
10,900000 -0,036036 
11,000000 -0,036240 
11,100000 -0,036009 
11,200000 -0,036201 
11,300000 -0,036408 
11,400000 -0,036526 
11,500000 -0,036657 
11,600000 -0,036963 
11,700000 -0,037176 
11,800000 -0,037516 
11,900000 -0,038060 
12,000000 -0,038559 
12,100000 -0,039561 
12,200000 -0,040199 
12,300000 -0,040705 
12,400000 -0,041281 
12,500000 -0,041877 
12,600000 -0,042901 
12,700000 -0,043871 
12,800000 -0,044688 
12,900000 -0,045174 
13,000000 -0,046288 
13,100000 -0,047160 
13,200000 -0,048716 
13,300000 -0,050578 
13,400000 -0,053138 
13,500000 -0,055763 
13,600000 -0,058388 
13,700000 -0,061466 
13,800000 -0,064590 
13,900000 -0,068011 
14,000000 -0,073212 
14,100000 -0,078349 
14,200000 -0,084175 
14,300000 -0,090035 
14,400000 -0,096728 
14,500000 -0,099533 
14,600000 -0,097276 
14,700000 -0,090338 
14,800000 -0,083589 
14,900000 -0,076534 
15,000000 -0,071935 
15,100000 -0,068728 
15,200000 -0,066274 
15,300000 -0,065024 
15,400000 -0,064865 
15,500000 -0,064692 
15,600000 -0,065141 
15,700000 -0,065195 
15,800000 -0,065829 
15,900000 -0,067200 
16,000000 -0,069711 
16,100000 -0,071735 
16,200000 -0,075295 
16,300000 -0,079003 
16,400000 -0,082656 
16,500000 -0,084837 
16,600000 -0,085619 
16,700000 -0,085176 
16,800000 -0,085681 
16,900000 -0,087065 
17,000000 -0,090017 
17,100000 -0,092658 
17,200000 -0,098036 
17,300000 -0,103087 
17,400000 -0,108591 
17,500000 -0,111754 
17,600000 -0,111674 
17,700000 -0,110624 
17,800000 -0,111714 
17,900000 -0,113591 
18,000000 -0,118415 
18,100000 -0,124536 
18,200000 -0,132237 
18,300000 -0,139647 
18,400000 -0,145420 
18,500000 -0,141113 
18,600000 -0,128149 
18,700000 -0,109807 
18,800000 -0,095059 
18,900000 -0,082420 
19,000000 -0,072516 
19,100000 -0,065531 
19,200000 -0,059860 
19,300000 -0,055010 
19,400000 -0,051536 
19,500000 -0,048470 
19,600000 -0,046048 
19,700000 -0,044662 
19,800000 -0,043439 
19,900000 -0,042689 
20,000000 -0,042542 
20,100000 -0,042865 
20,200000 -0,042952 
20,300000 -0,043837 
20,400000 -0,044232 
20,500000 -0,042734 
20,600000 -0,041142 
20,700000 -0,039031 
20,800000 -0,037155 
20,900000 -0,036307 
21,000000 -0,035326 
21,100000 -0,034665 
21,200000 -0,034133 
21,300000 -0,033730 
21,400000 -0,033585 
21,500000 -0,033690 
21,600000 -0,033620 
21,700000 -0,034023 
21,800000 -0,034133 
21,900000 -0,034478 
22,000000 -0,035246 
22,100000 -0,035573 
22,200000 -0,035785 
22,300000 -0,036468 
22,400000 -0,036623 
22,500000 -0,037468 
22,600000 -0,037990 
22,700000 -0,039011 
22,800000 -0,039892 
22,900000 -0,040893 
23,000000 -0,041472 
23,100000 -0,041862 
23,200000 -0,043264 
23,300000 -0,044158 
23,400000 -0,045339 
23,500000 -0,046368 
23,600000 -0,048418 
23,700000 -0,050271 
23,800000 -0,051574 
23,900000 -0,053466 
24,000000 -0,055405 
24,100000 -0,057250 
24,200000 -0,059352 
24,300000 -0,061209 
24,400000 -0,063931 
24,500000 -0,066599 
24,600000 -0,069952 
24,700000 -0,073371 
24,800000 -0,076258 
24,900000 -0,079870 
25,000000 -0,083595 
25,100000 -0,087354 
25,200000 -0,091937 
25,300000 -0,096337 
25,400000 -0,101399 
25,500000 -0,107036 
25,600000 -0,114787 
25,700000 -0,122457 
25,800000 -0,130070 
25,900000 -0,137457 
26,000000 -0,147285 
26,100000 -0,157446 
26,200000 -0,168886 
26,300000 -0,180512 
26,400000 -0,194813 
26,500000 -0,208827 
26,600000 -0,229709 
26,700000 -0,248382 
26,800000 -0,269320 
26,900000 -0,291872 
27,000000 -0,317533 
27,100000 -0,348038 
27,200000 -0,377938 
27,300000 -0,416858 
27,400000 -0,458809 
27,500000 -0,508545 
27,600000 -0,581183 
27,700000 -0,656136 
27,800000 -0,742652 
27,900000 -0,826042 
28,000000 -0,920876 
28,100000 -1,020940 
28,200000 -1,112141 
28,300000 -1,173984 
28,400000 -1,183108 
28,500000 -1,109661 
28,600000 -0,890256 
28,700000 -0,696166 
28,800000 -0,558396 
28,900000 -0,460904 
29,000000 -0,384023 
29,100000 -0,327190 
29,200000 -0,281834 
29,300000 -0,246812 
29,400000 -0,218967 
29,500000 -0,195959 
29,600000 -0,177147 
29,700000 -0,156954 
29,800000 -0,144073 
29,900000 -0,135350 
30,000000 -0,130196 
30,100000 -0,124523 
30,200000 -0,122461 
30,300000 -0,120746 
30,400000 -0,118135 
30,500000 -0,115828 
30,600000 -0,111192 
30,700000 -0,104916 
30,800000 -0,102333 
30,900000 -0,101845 
31,000000 -0,103213 
31,100000 -0,104962 
31,200000 -0,108636 
31,300000 -0,113201 
31,400000 -0,119476 
31,500000 -0,123344 
31,600000 -0,128784 
31,700000 -0,137498 
31,800000 -0,147635 
31,900000 -0,159990 
32,000000 -0,172282 
32,100000 -0,185238 
32,200000 -0,196736 
32,300000 -0,205009 
32,400000 -0,204371 
32,500000 -0,191471 
32,600000 -0,167862 
32,700000 -0,132754 
32,800000 -0,105923 
32,900000 -0,088601 
33,000000 -0,073576 
33,100000 -0,063579 
33,200000 -0,055444 
33,300000 -0,048675 
33,400000 -0,044035 
33,500000 -0,039714 
33,600000 -0,036147 
33,700000 -0,032484 
33,800000 -0,029847 
33,900000 -0,027664 
34,000000 -0,026395 
34,100000 -0,025331 
34,200000 -0,023831 
34,300000 -0,022649 
34,400000 -0,022049 
34,500000 -0,021467 
34,600000 -0,020700 
34,700000 -0,020164 
34,800000 -0,019401 
34,900000 -0,018639 
35,000000 -0,018179 
35,100000 -0,017818 
35,200000 -0,017614 
35,300000 -0,017208 
35,400000 -0,017264 
35,500000 -0,016935 
35,600000 -0,016905 
35,700000 -0,016806 
35,800000 -0,016814 
35,900000 -0,016779 
36,000000 -0,016533 
36,100000 -0,016587 
36,200000 -0,016652 
36,300000 -0,016686 
36,400000 -0,016617 
36,500000 -0,016563 
36,600000 -0,016454 
36,700000 -0,016474 
36,800000 -0,016543 
36,900000 -0,016507 
37,000000 -0,016611 
37,100000 -0,016649 
37,200000 -0,016527 
37,300000 -0,016636 
37,400000 -0,016812 
37,500000 -0,016819 
37,600000 -0,016898 
37,700000 -0,017039 
37,800000 -0,016953 
37,900000 -0,017170 
38,000000 -0,017179 
38,100000 -0,017294 
38,200000 -0,017692 
38,300000 -0,017630 
38,400000 -0,017965 
38,500000 -0,018456 
38,600000 -0,018562 
38,700000 -0,019112 
38,800000 -0,019490 
38,900000 -0,020437 
39,000000 -0,020718 
39,100000 -0,021181 
39,200000 -0,021543 
39,300000 -0,022026 
39,400000 -0,022414 
39,500000 -0,023646 
39,600000 -0,024634 
39,700000 -0,025953 
39,800000 -0,026874 
39,900000 -0,027655 
40,000000 -0,029904 
40,100000 -0,031340 
40,200000 -0,032110 
40,300000 -0,032918 
40,400000 -0,033334 
40,500000 -0,032127 
40,600000 -0,030510 
40,700000 -0,027513 
40,800000 -0,025942 
40,900000 -0,024063 
41,000000 -0,022652 
41,100000 -0,022053 
41,200000 -0,021581 
41,300000 -0,021419 
41,400000 -0,021423 
41,500000 -0,021132 
41,600000 -0,021001 
41,700000 -0,020529 
41,800000 -0,020815 
41,900000 -0,020822 
42,000000 -0,020794 
42,100000 -0,020617 
42,200000 -0,020865 
42,300000 -0,021164 
42,400000 -0,021567 
42,500000 -0,021638 
42,600000 -0,021848 
42,700000 -0,021856 
42,800000 -0,022028 
42,900000 -0,022924 
43,000000 -0,023576 
43,100000 -0,024203 
43,200000 -0,024942 
43,300000 -0,026029 
43,400000 -0,026951 
43,500000 -0,026924 
43,600000 -0,027389 
43,700000 -0,027960 
43,800000 -0,028963 
43,900000 -0,030745 
44,000000 -0,031180 
44,100000 -0,032911 
44,200000 -0,034423 
44,300000 -0,035069 
44,400000 -0,035435 
44,500000 -0,035568 
44,600000 -0,033876 
44,700000 -0,031742 
44,800000 -0,030284 
44,900000 -0,027902 
45,000000 -0,027509 
45,100000 -0,027189 
45,200000 -0,026957 
45,300000 -0,027107 
45,400000 -0,027049 
45,500000 -0,026473 
45,600000 -0,026339 
45,700000 -0,024982 
45,800000 -0,023487 
45,900000 -0,022453 
46,000000 -0,022048 
46,100000 -0,021932 
46,200000 -0,021613 
46,300000 -0,021446 
46,400000 -0,021042 
46,500000 -0,020778 
46,600000 -0,020971 
46,700000 -0,019716 
46,800000 -0,018854 
46,900000 -0,018758 
47,000000 -0,018087 
47,100000 -0,017647 
47,200000 -0,017420 
47,300000 -0,017142 
47,400000 -0,017092 
47,500000 -0,016918 
47,600000 -0,016684 
47,700000 -0,016440 
47,800000 -0,016364 
47,900000 -0,016144 
48,000000 -0,016010 
48,100000 -0,015865 
48,200000 -0,015551 
48,300000 -0,015463 
48,400000 -0,015579 
48,500000 -0,015286 
48,600000 -0,015395 
48,700000 -0,015401 
48,800000 -0,015234 
48,900000 -0,015106 
49,000000 -0,014956 
49,100000 -0,015076 
49,200000 -0,014860 
49,300000 -0,014045 
49,400000 -0,015418 
49,500000 -0,014997 
49,600000 -0,014932 
49,700000 -0,015190 
49,800000 -0,015443 
49,900000 -0,015526 
