0,000000 -0,925360 
0,100000 -0,848360 
0,200000 -0,838906 
0,300000 -0,838345 
0,400000 -0,835230 
0,500000 -0,835487 
0,600000 -0,835165 
0,700000 -0,833854 
0,800000 -0,835790 
0,900000 -0,834369 
1,000000 -0,838337 
1,100000 -0,835904 
1,200000 -0,840062 
1,300000 -0,837341 
1,400000 -0,838280 
1,500000 -0,830804 
1,600000 -0,839029 
1,700000 -0,833685 
1,800000 -0,833699 
1,900000 -0,843486 
2,000000 -0,829937 
2,100000 -0,803561 
2,200000 -0,762850 
2,300000 -0,706396 
2,400000 -0,665664 
2,500000 -0,624043 
2,600000 -0,581909 
2,700000 -0,540839 
2,800000 -0,504981 
2,900000 -0,469149 
3,000000 -0,438046 
3,100000 -0,409972 
3,200000 -0,378000 
3,300000 -0,351752 
3,400000 -0,333012 
3,500000 -0,315586 
3,600000 -0,301338 
3,700000 -0,287723 
3,800000 -0,274935 
3,900000 -0,264505 
4,000000 -0,254206 
4,100000 -0,243900 
4,200000 -0,232757 
4,300000 -0,222222 
4,400000 -0,214588 
4,500000 -0,207013 
4,600000 -0,199124 
4,700000 -0,192664 
4,800000 -0,185498 
4,900000 -0,179129 
5,000000 -0,172148 
5,100000 -0,166520 
5,200000 -0,159354 
5,300000 -0,152167 
5,400000 -0,146522 
5,500000 -0,141550 
5,600000 -0,136501 
5,700000 -0,131731 
5,800000 -0,127129 
5,900000 -0,123382 
6,000000 -0,119415 
6,100000 -0,115348 
6,200000 -0,111440 
6,300000 -0,107150 
6,400000 -0,104611 
6,500000 -0,101668 
6,600000 -0,099141 
6,700000 -0,096376 
6,800000 -0,094402 
6,900000 -0,092410 
7,000000 -0,090213 
7,100000 -0,089901 
7,200000 -0,087464 
7,300000 -0,084812 
7,400000 -0,081252 
7,500000 -0,080816 
7,600000 -0,079618 
7,700000 -0,078851 
7,800000 -0,077848 
7,900000 -0,076420 
8,000000 -0,075391 
8,100000 -0,074118 
8,200000 -0,073383 
8,300000 -0,071463 
8,400000 -0,070437 
8,500000 -0,069165 
8,600000 -0,068466 
8,700000 -0,067616 
8,800000 -0,066423 
8,900000 -0,065768 
9,000000 -0,065201 
9,100000 -0,064683 
9,200000 -0,063376 
9,300000 -0,062562 
9,400000 -0,061791 
9,500000 -0,061436 
9,600000 -0,060732 
9,700000 -0,060527 
9,800000 -0,060252 
9,900000 -0,059656 
10,000000 -0,059189 
10,100000 -0,059002 
10,200000 -0,058528 
10,300000 -0,058068 
10,400000 -0,057500 
10,500000 -0,057375 
10,600000 -0,057440 
10,700000 -0,057008 
10,800000 -0,057024 
10,900000 -0,056837 
11,000000 -0,056863 
11,100000 -0,056809 
11,200000 -0,057364 
11,300000 -0,057256 
11,400000 -0,057172 
11,500000 -0,057987 
11,600000 -0,057777 
11,700000 -0,058478 
11,800000 -0,059483 
11,900000 -0,059867 
12,000000 -0,060001 
12,100000 -0,060989 
12,200000 -0,061207 
12,300000 -0,062059 
12,400000 -0,062510 
12,500000 -0,063902 
12,600000 -0,064975 
12,700000 -0,065868 
12,800000 -0,066372 
12,900000 -0,067428 
13,000000 -0,069205 
13,100000 -0,070683 
13,200000 -0,071801 
13,300000 -0,073869 
13,400000 -0,076413 
13,500000 -0,079451 
13,600000 -0,082501 
13,700000 -0,085139 
13,800000 -0,088786 
13,900000 -0,091918 
14,000000 -0,095427 
14,100000 -0,100710 
14,200000 -0,103932 
14,300000 -0,108027 
14,400000 -0,112362 
14,500000 -0,114099 
14,600000 -0,113041 
14,700000 -0,109477 
14,800000 -0,104418 
14,900000 -0,100252 
15,000000 -0,096396 
15,100000 -0,094235 
15,200000 -0,092656 
15,300000 -0,090584 
15,400000 -0,089773 
15,500000 -0,089293 
15,600000 -0,089898 
15,700000 -0,090301 
15,800000 -0,091073 
15,900000 -0,091972 
16,000000 -0,094261 
16,100000 -0,097007 
16,200000 -0,099033 
16,300000 -0,102116 
16,400000 -0,105290 
16,500000 -0,107903 
16,600000 -0,108777 
16,700000 -0,109048 
16,800000 -0,110187 
16,900000 -0,112068 
17,000000 -0,113888 
17,100000 -0,117282 
17,200000 -0,121170 
17,300000 -0,124571 
17,400000 -0,129050 
17,500000 -0,131877 
17,600000 -0,133411 
17,700000 -0,133823 
17,800000 -0,134364 
17,900000 -0,136251 
18,000000 -0,139315 
18,100000 -0,144256 
18,200000 -0,148084 
18,300000 -0,151535 
18,400000 -0,152853 
18,500000 -0,148453 
18,600000 -0,139742 
18,700000 -0,127555 
18,800000 -0,115675 
18,900000 -0,106763 
19,000000 -0,096152 
19,100000 -0,090034 
19,200000 -0,084273 
19,300000 -0,079307 
19,400000 -0,075688 
19,500000 -0,071768 
19,600000 -0,068794 
19,700000 -0,066715 
19,800000 -0,065127 
19,900000 -0,064296 
20,000000 -0,063799 
20,100000 -0,062899 
20,200000 -0,062698 
20,300000 -0,062203 
20,400000 -0,062233 
20,500000 -0,061017 
20,600000 -0,059971 
20,700000 -0,058296 
20,800000 -0,056828 
20,900000 -0,055916 
21,000000 -0,055301 
21,100000 -0,054524 
21,200000 -0,054306 
21,300000 -0,054151 
21,400000 -0,054182 
21,500000 -0,054290 
21,600000 -0,054178 
21,700000 -0,054473 
21,800000 -0,054931 
21,900000 -0,055518 
22,000000 -0,056064 
22,100000 -0,056657 
22,200000 -0,057740 
22,300000 -0,058323 
22,400000 -0,059813 
22,500000 -0,060221 
22,600000 -0,061547 
22,700000 -0,063386 
22,800000 -0,064867 
22,900000 -0,065787 
23,000000 -0,067467 
23,100000 -0,069101 
23,200000 -0,070407 
23,300000 -0,072088 
23,400000 -0,074502 
23,500000 -0,076816 
23,600000 -0,079168 
23,700000 -0,081566 
23,800000 -0,084007 
23,900000 -0,087087 
24,000000 -0,090001 
24,100000 -0,092596 
24,200000 -0,096397 
24,300000 -0,099402 
24,400000 -0,102316 
24,500000 -0,105983 
24,600000 -0,111039 
24,700000 -0,115841 
24,800000 -0,120407 
24,900000 -0,125418 
25,000000 -0,130677 
25,100000 -0,135834 
25,200000 -0,141799 
25,300000 -0,148447 
25,400000 -0,156083 
25,500000 -0,162887 
25,600000 -0,174189 
25,700000 -0,185198 
25,800000 -0,195027 
25,900000 -0,206325 
26,000000 -0,217103 
26,100000 -0,230081 
26,200000 -0,243551 
26,300000 -0,257867 
26,400000 -0,274180 
26,500000 -0,290557 
26,600000 -0,315373 
26,700000 -0,337801 
26,800000 -0,360996 
26,900000 -0,386490 
27,000000 -0,413807 
27,100000 -0,444857 
27,200000 -0,479493 
27,300000 -0,517862 
27,400000 -0,559373 
27,500000 -0,606840 
27,600000 -0,675653 
27,700000 -0,742220 
27,800000 -0,805738 
27,900000 -0,872015 
28,000000 -0,941610 
28,100000 -1,006963 
28,200000 -1,062689 
28,300000 -1,101111 
28,400000 -1,098284 
28,500000 -1,044785 
28,600000 -0,898482 
28,700000 -0,754486 
28,800000 -0,646152 
28,900000 -0,555113 
29,000000 -0,483769 
29,100000 -0,426686 
29,200000 -0,380339 
29,300000 -0,341372 
29,400000 -0,309592 
29,500000 -0,281215 
29,600000 -0,257672 
29,700000 -0,232516 
29,800000 -0,213731 
29,900000 -0,201021 
30,000000 -0,191111 
30,100000 -0,183119 
30,200000 -0,176789 
30,300000 -0,173219 
30,400000 -0,166199 
30,500000 -0,160673 
30,600000 -0,152737 
30,700000 -0,147874 
30,800000 -0,144478 
30,900000 -0,142616 
31,000000 -0,141603 
31,100000 -0,143092 
31,200000 -0,145118 
31,300000 -0,147029 
31,400000 -0,151385 
31,500000 -0,155284 
31,600000 -0,159075 
31,700000 -0,165619 
31,800000 -0,171627 
31,900000 -0,178783 
32,000000 -0,186919 
32,100000 -0,194353 
32,200000 -0,201578 
32,300000 -0,203849 
32,400000 -0,201157 
32,500000 -0,189239 
32,600000 -0,172885 
32,700000 -0,144422 
32,800000 -0,121885 
32,900000 -0,105120 
33,000000 -0,091559 
33,100000 -0,081885 
33,200000 -0,072667 
33,300000 -0,065465 
33,400000 -0,059590 
33,500000 -0,054360 
33,600000 -0,049828 
33,700000 -0,045470 
33,800000 -0,041571 
33,900000 -0,038781 
34,000000 -0,036365 
34,100000 -0,033973 
34,200000 -0,032211 
34,300000 -0,030880 
34,400000 -0,029577 
34,500000 -0,027861 
34,600000 -0,026906 
34,700000 -0,026093 
34,800000 -0,024788 
34,900000 -0,024119 
35,000000 -0,022770 
35,100000 -0,022330 
35,200000 -0,021825 
35,300000 -0,021472 
35,400000 -0,021211 
35,500000 -0,020885 
35,600000 -0,020635 
35,700000 -0,020300 
35,800000 -0,019933 
35,900000 -0,019587 
36,000000 -0,019334 
36,100000 -0,019217 
36,200000 -0,018843 
36,300000 -0,018828 
36,400000 -0,018497 
36,500000 -0,018638 
36,600000 -0,018439 
36,700000 -0,018419 
36,800000 -0,018380 
36,900000 -0,018107 
37,000000 -0,018457 
37,100000 -0,018122 
37,200000 -0,018303 
37,300000 -0,018392 
37,400000 -0,018479 
37,500000 -0,018862 
37,600000 -0,018676 
37,700000 -0,018908 
37,800000 -0,019219 
37,900000 -0,019334 
38,000000 -0,019445 
38,100000 -0,019944 
38,200000 -0,020081 
38,300000 -0,020470 
38,400000 -0,020461 
38,500000 -0,020776 
38,600000 -0,021352 
38,700000 -0,021507 
38,800000 -0,021741 
38,900000 -0,021950 
39,000000 -0,022666 
39,100000 -0,023038 
39,200000 -0,023596 
39,300000 -0,024793 
39,400000 -0,025656 
39,500000 -0,026332 
39,600000 -0,026883 
39,700000 -0,027541 
39,800000 -0,028485 
39,900000 -0,030270 
40,000000 -0,031324 
40,100000 -0,031935 
40,200000 -0,033005 
40,300000 -0,033428 
40,400000 -0,033297 
40,500000 -0,032830 
40,600000 -0,031547 
40,700000 -0,029774 
40,800000 -0,028005 
40,900000 -0,026786 
41,000000 -0,025860 
41,100000 -0,025134 
41,200000 -0,024735 
41,300000 -0,024023 
41,400000 -0,023776 
41,500000 -0,023326 
41,600000 -0,023127 
41,700000 -0,022758 
41,800000 -0,022840 
41,900000 -0,022733 
42,000000 -0,022870 
42,100000 -0,022851 
42,200000 -0,023453 
42,300000 -0,023717 
42,400000 -0,023507 
42,500000 -0,024372 
42,600000 -0,024676 
42,700000 -0,024921 
42,800000 -0,025453 
42,900000 -0,026012 
43,000000 -0,026341 
43,100000 -0,026924 
43,200000 -0,027561 
43,300000 -0,028284 
43,400000 -0,029352 
43,500000 -0,030088 
43,600000 -0,030625 
43,700000 -0,031173 
43,800000 -0,031729 
43,900000 -0,032497 
44,000000 -0,033543 
44,100000 -0,034685 
44,200000 -0,035510 
44,300000 -0,036005 
44,400000 -0,036240 
44,500000 -0,035723 
44,600000 -0,034884 
44,700000 -0,033647 
44,800000 -0,031947 
44,900000 -0,030936 
45,000000 -0,029880 
45,100000 -0,029377 
45,200000 -0,028886 
45,300000 -0,028754 
45,400000 -0,028409 
45,500000 -0,027759 
45,600000 -0,027087 
45,700000 -0,026439 
45,800000 -0,025646 
45,900000 -0,025082 
46,000000 -0,023979 
46,100000 -0,023007 
46,200000 -0,022865 
46,300000 -0,022495 
46,400000 -0,022083 
46,500000 -0,021932 
46,600000 -0,021557 
46,700000 -0,021268 
46,800000 -0,020570 
46,900000 -0,019977 
47,000000 -0,019353 
47,100000 -0,018810 
47,200000 -0,018531 
47,300000 -0,017814 
47,400000 -0,017658 
47,500000 -0,017605 
47,600000 -0,017379 
47,700000 -0,017078 
47,800000 -0,016886 
47,900000 -0,016800 
48,000000 -0,016333 
48,100000 -0,016425 
48,200000 -0,016234 
48,300000 -0,016079 
48,400000 -0,015974 
48,500000 -0,016010 
48,600000 -0,015738 
48,700000 -0,015820 
48,800000 -0,015838 
48,900000 -0,015632 
49,000000 -0,015495 
49,100000 -0,015531 
49,200000 -0,015562 
49,300000 -0,015547 
49,400000 -0,015808 
49,500000 -0,015299 
49,600000 -0,015617 
49,700000 -0,015541 
49,800000 -0,015603 
49,900000 -0,015956 
