0,000000 -0,943828 
0,100000 -0,883090 
0,200000 -0,879370 
0,300000 -0,869380 
0,400000 -0,870789 
0,500000 -0,874559 
0,600000 -0,870393 
0,700000 -0,872868 
0,800000 -0,871076 
0,900000 -0,873636 
1,000000 -0,870093 
1,100000 -0,869956 
1,200000 -0,873700 
1,300000 -0,870942 
1,400000 -0,868855 
1,500000 -0,870627 
1,600000 -0,872316 
1,700000 -0,870850 
1,800000 -0,872039 
1,900000 -0,874403 
2,000000 -0,869872 
2,100000 -0,851683 
2,200000 -0,809538 
2,300000 -0,768631 
2,400000 -0,732755 
2,500000 -0,689355 
2,600000 -0,650517 
2,700000 -0,615745 
2,800000 -0,572828 
2,900000 -0,537668 
3,000000 -0,506029 
3,100000 -0,475150 
3,200000 -0,440219 
3,300000 -0,409896 
3,400000 -0,386785 
3,500000 -0,366840 
3,600000 -0,349215 
3,700000 -0,334225 
3,800000 -0,320049 
3,900000 -0,305784 
4,000000 -0,294052 
4,100000 -0,283415 
4,200000 -0,270988 
4,300000 -0,259022 
4,400000 -0,250442 
4,500000 -0,241422 
4,600000 -0,234218 
4,700000 -0,226968 
4,800000 -0,219839 
4,900000 -0,213058 
5,000000 -0,205412 
5,100000 -0,199798 
5,200000 -0,192387 
5,300000 -0,185440 
5,400000 -0,179207 
5,500000 -0,173017 
5,600000 -0,167692 
5,700000 -0,162801 
5,800000 -0,157801 
5,900000 -0,152440 
6,000000 -0,150503 
6,100000 -0,144523 
6,200000 -0,136513 
6,300000 -0,132416 
6,400000 -0,130797 
6,500000 -0,126322 
6,600000 -0,121263 
6,700000 -0,119442 
6,800000 -0,118645 
6,900000 -0,112832 
7,000000 -0,110705 
7,100000 -0,109509 
7,200000 -0,106312 
7,300000 -0,103444 
7,400000 -0,101631 
7,500000 -0,099996 
7,600000 -0,098850 
7,700000 -0,096514 
7,800000 -0,095060 
7,900000 -0,094331 
8,000000 -0,092474 
8,100000 -0,090563 
8,200000 -0,089345 
8,300000 -0,087688 
8,400000 -0,086747 
8,500000 -0,086489 
8,600000 -0,083902 
8,700000 -0,083387 
8,800000 -0,082124 
8,900000 -0,081036 
9,000000 -0,080877 
9,100000 -0,080049 
9,200000 -0,078712 
9,300000 -0,078414 
9,400000 -0,075755 
9,500000 -0,075803 
9,600000 -0,075882 
9,700000 -0,074631 
9,800000 -0,074135 
9,900000 -0,073447 
10,000000 -0,072955 
10,100000 -0,072473 
10,200000 -0,071728 
10,300000 -0,071272 
10,400000 -0,071069 
10,500000 -0,070849 
10,600000 -0,071002 
10,700000 -0,070469 
10,800000 -0,069906 
10,900000 -0,070264 
11,000000 -0,070132 
11,100000 -0,070077 
11,200000 -0,070005 
11,300000 -0,069821 
11,400000 -0,070207 
11,500000 -0,070287 
11,600000 -0,070556 
11,700000 -0,070743 
11,800000 -0,071048 
11,900000 -0,071450 
12,000000 -0,072524 
12,100000 -0,073125 
12,200000 -0,073270 
12,300000 -0,074468 
12,400000 -0,075011 
12,500000 -0,075666 
12,600000 -0,077161 
12,700000 -0,078074 
12,800000 -0,079378 
12,900000 -0,080217 
13,000000 -0,081312 
13,100000 -0,083075 
13,200000 -0,084489 
13,300000 -0,085827 
13,400000 -0,088896 
13,500000 -0,092173 
13,600000 -0,094883 
13,700000 -0,098160 
13,800000 -0,100631 
13,900000 -0,104227 
14,000000 -0,107942 
14,100000 -0,112224 
14,200000 -0,115870 
14,300000 -0,119667 
14,400000 -0,122921 
14,500000 -0,124680 
14,600000 -0,123744 
14,700000 -0,120805 
14,800000 -0,116970 
14,900000 -0,113947 
15,000000 -0,110692 
15,100000 -0,108617 
15,200000 -0,106472 
15,300000 -0,105177 
15,400000 -0,104834 
15,500000 -0,103851 
15,600000 -0,104501 
15,700000 -0,105157 
15,800000 -0,105826 
15,900000 -0,107205 
16,000000 -0,108476 
16,100000 -0,110273 
16,200000 -0,113015 
16,300000 -0,115519 
16,400000 -0,118332 
16,500000 -0,120125 
16,600000 -0,121581 
16,700000 -0,122805 
16,800000 -0,123883 
16,900000 -0,125636 
17,000000 -0,127807 
17,100000 -0,130631 
17,200000 -0,134167 
17,300000 -0,137048 
17,400000 -0,141420 
17,500000 -0,143510 
17,600000 -0,144377 
17,700000 -0,145888 
17,800000 -0,147117 
17,900000 -0,148777 
18,000000 -0,151686 
18,100000 -0,154438 
18,200000 -0,157937 
18,300000 -0,160173 
18,400000 -0,160665 
18,500000 -0,156508 
18,600000 -0,147865 
18,700000 -0,138040 
18,800000 -0,127628 
18,900000 -0,118127 
19,000000 -0,110066 
19,100000 -0,103198 
19,200000 -0,097508 
19,300000 -0,093284 
19,400000 -0,089011 
19,500000 -0,084268 
19,600000 -0,081475 
19,700000 -0,079550 
19,800000 -0,077714 
19,900000 -0,076602 
20,000000 -0,075418 
20,100000 -0,074936 
20,200000 -0,074813 
20,300000 -0,074063 
20,400000 -0,073597 
20,500000 -0,072385 
20,600000 -0,070890 
20,700000 -0,069962 
20,800000 -0,068776 
20,900000 -0,067882 
21,000000 -0,066719 
21,100000 -0,066333 
21,200000 -0,066323 
21,300000 -0,065996 
21,400000 -0,066246 
21,500000 -0,066122 
21,600000 -0,066603 
21,700000 -0,066817 
21,800000 -0,067715 
21,900000 -0,068715 
22,000000 -0,069688 
22,100000 -0,070392 
22,200000 -0,071261 
22,300000 -0,071891 
22,400000 -0,073745 
22,500000 -0,075060 
22,600000 -0,076712 
22,700000 -0,078164 
22,800000 -0,079877 
22,900000 -0,081448 
23,000000 -0,083018 
23,100000 -0,085023 
23,200000 -0,086582 
23,300000 -0,088649 
23,400000 -0,090698 
23,500000 -0,093538 
23,600000 -0,095693 
23,700000 -0,099828 
23,800000 -0,102159 
23,900000 -0,105041 
24,000000 -0,108702 
24,100000 -0,112022 
24,200000 -0,115314 
24,300000 -0,119573 
24,400000 -0,123297 
24,500000 -0,127705 
24,600000 -0,133187 
24,700000 -0,139385 
24,800000 -0,144495 
24,900000 -0,149536 
25,000000 -0,157032 
25,100000 -0,163657 
25,200000 -0,170839 
25,300000 -0,178063 
25,400000 -0,186418 
25,500000 -0,195403 
25,600000 -0,207504 
25,700000 -0,217768 
25,800000 -0,228759 
25,900000 -0,242040 
26,000000 -0,254805 
26,100000 -0,267054 
26,200000 -0,281839 
26,300000 -0,297470 
26,400000 -0,314582 
26,500000 -0,334640 
26,600000 -0,359144 
26,700000 -0,385213 
26,800000 -0,408248 
26,900000 -0,435448 
27,000000 -0,463875 
27,100000 -0,496716 
27,200000 -0,531052 
27,300000 -0,570693 
27,400000 -0,617883 
27,500000 -0,662632 
27,600000 -0,728111 
27,700000 -0,787016 
27,800000 -0,843406 
27,900000 -0,902308 
28,000000 -0,963574 
28,100000 -1,020265 
28,200000 -1,062532 
28,300000 -1,086231 
28,400000 -1,074697 
28,500000 -1,023088 
28,600000 -0,897309 
28,700000 -0,773783 
28,800000 -0,671584 
28,900000 -0,588616 
29,000000 -0,521611 
29,100000 -0,464680 
29,200000 -0,417961 
29,300000 -0,378219 
29,400000 -0,344077 
29,500000 -0,316297 
29,600000 -0,291140 
29,700000 -0,265494 
29,800000 -0,245030 
29,900000 -0,230698 
30,000000 -0,219689 
30,100000 -0,209120 
30,200000 -0,202782 
30,300000 -0,195997 
30,400000 -0,188455 
30,500000 -0,183162 
30,600000 -0,175628 
30,700000 -0,169612 
30,800000 -0,165373 
30,900000 -0,162646 
31,000000 -0,160907 
31,100000 -0,161020 
31,200000 -0,162534 
31,300000 -0,164583 
31,400000 -0,167375 
31,500000 -0,170542 
31,600000 -0,173437 
31,700000 -0,177928 
31,800000 -0,183572 
31,900000 -0,189440 
32,000000 -0,195508 
32,100000 -0,200055 
32,200000 -0,203895 
32,300000 -0,205157 
32,400000 -0,201310 
32,500000 -0,191539 
32,600000 -0,174864 
32,700000 -0,151585 
32,800000 -0,130081 
32,900000 -0,114844 
33,000000 -0,102498 
33,100000 -0,091884 
33,200000 -0,082409 
33,300000 -0,074410 
33,400000 -0,068319 
33,500000 -0,062551 
33,600000 -0,057130 
33,700000 -0,052439 
33,800000 -0,048043 
33,900000 -0,044830 
34,000000 -0,041807 
34,100000 -0,039692 
34,200000 -0,037493 
34,300000 -0,035705 
34,400000 -0,033635 
34,500000 -0,032043 
34,600000 -0,030889 
34,700000 -0,029331 
34,800000 -0,027661 
34,900000 -0,026978 
35,000000 -0,026137 
35,100000 -0,025614 
35,200000 -0,025061 
35,300000 -0,024014 
35,400000 -0,022767 
35,500000 -0,022539 
35,600000 -0,022280 
35,700000 -0,022045 
35,800000 -0,021887 
35,900000 -0,021440 
36,000000 -0,021162 
36,100000 -0,021052 
36,200000 -0,020773 
36,300000 -0,020683 
36,400000 -0,020362 
36,500000 -0,020278 
36,600000 -0,020182 
36,700000 -0,019834 
36,800000 -0,019815 
36,900000 -0,019778 
37,000000 -0,019762 
37,100000 -0,019842 
37,200000 -0,019819 
37,300000 -0,019674 
37,400000 -0,019913 
37,500000 -0,020195 
37,600000 -0,020019 
37,700000 -0,020422 
37,800000 -0,020333 
37,900000 -0,020624 
38,000000 -0,020786 
38,100000 -0,020907 
38,200000 -0,021154 
38,300000 -0,021548 
38,400000 -0,021593 
38,500000 -0,021788 
38,600000 -0,022128 
38,700000 -0,022431 
38,800000 -0,022789 
38,900000 -0,023531 
39,000000 -0,024313 
39,100000 -0,024748 
39,200000 -0,025266 
39,300000 -0,026219 
39,400000 -0,026729 
39,500000 -0,027107 
39,600000 -0,027899 
39,700000 -0,028760 
39,800000 -0,029954 
39,900000 -0,031023 
40,000000 -0,031760 
40,100000 -0,032776 
40,200000 -0,033629 
40,300000 -0,033994 
40,400000 -0,033743 
40,500000 -0,033274 
40,600000 -0,031698 
40,700000 -0,030320 
40,800000 -0,029168 
40,900000 -0,027441 
41,000000 -0,026601 
41,100000 -0,026295 
41,200000 -0,025967 
41,300000 -0,025222 
41,400000 -0,025108 
41,500000 -0,024812 
41,600000 -0,024599 
41,700000 -0,024299 
41,800000 -0,024125 
41,900000 -0,024311 
42,000000 -0,024415 
42,100000 -0,024529 
42,200000 -0,024735 
42,300000 -0,025136 
42,400000 -0,025399 
42,500000 -0,025591 
42,600000 -0,025796 
42,700000 -0,026249 
42,800000 -0,026478 
42,900000 -0,026813 
43,000000 -0,027252 
43,100000 -0,028000 
43,200000 -0,028700 
43,300000 -0,029497 
43,400000 -0,030308 
43,500000 -0,030850 
43,600000 -0,031437 
43,700000 -0,032273 
43,800000 -0,032437 
43,900000 -0,033531 
44,000000 -0,034533 
44,100000 -0,035338 
44,200000 -0,035554 
44,300000 -0,036004 
44,400000 -0,036305 
44,500000 -0,035913 
44,600000 -0,035305 
44,700000 -0,034344 
44,800000 -0,032989 
44,900000 -0,031763 
45,000000 -0,030955 
45,100000 -0,030373 
45,200000 -0,030255 
45,300000 -0,029706 
45,400000 -0,028983 
45,500000 -0,028430 
45,600000 -0,027886 
45,700000 -0,026995 
45,800000 -0,026489 
45,900000 -0,025763 
46,000000 -0,024936 
46,100000 -0,024197 
46,200000 -0,023721 
46,300000 -0,023133 
46,400000 -0,022821 
46,500000 -0,022422 
46,600000 -0,021971 
46,700000 -0,021491 
46,800000 -0,021218 
46,900000 -0,020488 
47,000000 -0,020034 
47,100000 -0,019203 
47,200000 -0,018909 
47,300000 -0,018544 
47,400000 -0,018225 
47,500000 -0,017985 
47,600000 -0,017613 
47,700000 -0,017407 
47,800000 -0,017257 
47,900000 -0,016937 
48,000000 -0,016668 
48,100000 -0,016412 
48,200000 -0,016141 
48,300000 -0,016202 
48,400000 -0,016350 
48,500000 -0,015966 
48,600000 -0,015930 
48,700000 -0,015856 
48,800000 -0,015853 
48,900000 -0,015750 
49,000000 -0,015680 
49,100000 -0,015395 
49,200000 -0,015475 
49,300000 -0,015729 
49,400000 -0,015697 
49,500000 -0,015567 
49,600000 -0,015607 
49,700000 -0,015604 
49,800000 -0,015443 
49,900000 -0,015540 
