0,000000 -0,980275 
0,100000 -0,943314 
0,200000 -0,938215 
0,300000 -0,935610 
0,400000 -0,939159 
0,500000 -0,930557 
0,600000 -0,935067 
0,700000 -0,937946 
0,800000 -0,932468 
0,900000 -0,933645 
1,000000 -0,937415 
1,100000 -0,936579 
1,200000 -0,935666 
1,300000 -0,934838 
1,400000 -0,936226 
1,500000 -0,934152 
1,600000 -0,936891 
1,700000 -0,935654 
1,800000 -0,937524 
1,900000 -0,931286 
2,000000 -0,904308 
2,100000 -0,895326 
2,200000 -0,857205 
2,300000 -0,824917 
2,400000 -0,788152 
2,500000 -0,751924 
2,600000 -0,711533 
2,700000 -0,675440 
2,800000 -0,638671 
2,900000 -0,604058 
3,000000 -0,575233 
3,100000 -0,534847 
3,200000 -0,497519 
3,300000 -0,468932 
3,400000 -0,443746 
3,500000 -0,421961 
3,600000 -0,401030 
3,700000 -0,383074 
3,800000 -0,363059 
3,900000 -0,351505 
4,000000 -0,335923 
4,100000 -0,324282 
4,200000 -0,309158 
4,300000 -0,298105 
4,400000 -0,287303 
4,500000 -0,277594 
4,600000 -0,269180 
4,700000 -0,263049 
4,800000 -0,254751 
4,900000 -0,247241 
5,000000 -0,240050 
5,100000 -0,233655 
5,200000 -0,224738 
5,300000 -0,218411 
5,400000 -0,211878 
5,500000 -0,206044 
5,600000 -0,200315 
5,700000 -0,194512 
5,800000 -0,189050 
5,900000 -0,184005 
6,000000 -0,178946 
6,100000 -0,173940 
6,200000 -0,167625 
6,300000 -0,162496 
6,400000 -0,159719 
6,500000 -0,152754 
6,600000 -0,149039 
6,700000 -0,145498 
6,800000 -0,142521 
6,900000 -0,138590 
7,000000 -0,135888 
7,100000 -0,133521 
7,200000 -0,130697 
7,300000 -0,126943 
7,400000 -0,123604 
7,500000 -0,120921 
7,600000 -0,118582 
7,700000 -0,116768 
7,800000 -0,114987 
7,900000 -0,112983 
8,000000 -0,111856 
8,100000 -0,109843 
8,200000 -0,109136 
8,300000 -0,106303 
8,400000 -0,105188 
8,500000 -0,103689 
8,600000 -0,101866 
8,700000 -0,100876 
8,800000 -0,100250 
8,900000 -0,099196 
9,000000 -0,098950 
9,100000 -0,097258 
9,200000 -0,095789 
9,300000 -0,095185 
9,400000 -0,093692 
9,500000 -0,092558 
9,600000 -0,092068 
9,700000 -0,091258 
9,800000 -0,090909 
9,900000 -0,090274 
10,000000 -0,089904 
10,100000 -0,089066 
10,200000 -0,088098 
10,300000 -0,087619 
10,400000 -0,087872 
10,500000 -0,086708 
10,600000 -0,086731 
10,700000 -0,086459 
10,800000 -0,085671 
10,900000 -0,085347 
11,000000 -0,085725 
11,100000 -0,085273 
11,200000 -0,085616 
11,300000 -0,085076 
11,400000 -0,085638 
11,500000 -0,085798 
11,600000 -0,086105 
11,700000 -0,086559 
11,800000 -0,086523 
11,900000 -0,087539 
12,000000 -0,087577 
12,100000 -0,088104 
12,200000 -0,088859 
12,300000 -0,090011 
12,400000 -0,089982 
12,500000 -0,091290 
12,600000 -0,092096 
12,700000 -0,093369 
12,800000 -0,094303 
12,900000 -0,095266 
13,000000 -0,097030 
13,100000 -0,098747 
13,200000 -0,100223 
13,300000 -0,102384 
13,400000 -0,105012 
13,500000 -0,108079 
13,600000 -0,111000 
13,700000 -0,114086 
13,800000 -0,116685 
13,900000 -0,120169 
14,000000 -0,123763 
14,100000 -0,126771 
14,200000 -0,131968 
14,300000 -0,134468 
14,400000 -0,135689 
14,500000 -0,137719 
14,600000 -0,136178 
14,700000 -0,134411 
14,800000 -0,131488 
14,900000 -0,128625 
15,000000 -0,126631 
15,100000 -0,124370 
15,200000 -0,123153 
15,300000 -0,121537 
15,400000 -0,120450 
15,500000 -0,120774 
15,600000 -0,121050 
15,700000 -0,121496 
15,800000 -0,122391 
15,900000 -0,123604 
16,000000 -0,125031 
16,100000 -0,127295 
16,200000 -0,129115 
16,300000 -0,131187 
16,400000 -0,133991 
16,500000 -0,136083 
16,600000 -0,137526 
16,700000 -0,138836 
16,800000 -0,139945 
16,900000 -0,142455 
17,000000 -0,144463 
17,100000 -0,145823 
17,200000 -0,150066 
17,300000 -0,153402 
17,400000 -0,157589 
17,500000 -0,159689 
17,600000 -0,162052 
17,700000 -0,161947 
17,800000 -0,163269 
17,900000 -0,164358 
18,000000 -0,166857 
18,100000 -0,168996 
18,200000 -0,171648 
18,300000 -0,175659 
18,400000 -0,171312 
18,500000 -0,166284 
18,600000 -0,159196 
18,700000 -0,150800 
18,800000 -0,142002 
18,900000 -0,133479 
19,000000 -0,125094 
19,100000 -0,118944 
19,200000 -0,113713 
19,300000 -0,109045 
19,400000 -0,103976 
19,500000 -0,100561 
19,600000 -0,096635 
19,700000 -0,094534 
19,800000 -0,093363 
19,900000 -0,091642 
20,000000 -0,090643 
20,100000 -0,089920 
20,200000 -0,089132 
20,300000 -0,088550 
20,400000 -0,087915 
20,500000 -0,087139 
20,600000 -0,085487 
20,700000 -0,085010 
20,800000 -0,083628 
20,900000 -0,083123 
21,000000 -0,081987 
21,100000 -0,081469 
21,200000 -0,081539 
21,300000 -0,081847 
21,400000 -0,081717 
21,500000 -0,082702 
21,600000 -0,083012 
21,700000 -0,083654 
21,800000 -0,084645 
21,900000 -0,085348 
22,000000 -0,086334 
22,100000 -0,087483 
22,200000 -0,089411 
22,300000 -0,090536 
22,400000 -0,091047 
22,500000 -0,093871 
22,600000 -0,096011 
22,700000 -0,097540 
22,800000 -0,098812 
22,900000 -0,101657 
23,000000 -0,103003 
23,100000 -0,105350 
23,200000 -0,108466 
23,300000 -0,110222 
23,400000 -0,113164 
23,500000 -0,115422 
23,600000 -0,118819 
23,700000 -0,123070 
23,800000 -0,125165 
23,900000 -0,127973 
24,000000 -0,133060 
24,100000 -0,136755 
24,200000 -0,141094 
24,300000 -0,144686 
24,400000 -0,149347 
24,500000 -0,154067 
24,600000 -0,161171 
24,700000 -0,167854 
24,800000 -0,173670 
24,900000 -0,180985 
25,000000 -0,187821 
25,100000 -0,196757 
25,200000 -0,203735 
25,300000 -0,211964 
25,400000 -0,222300 
25,500000 -0,230516 
25,600000 -0,244981 
25,700000 -0,256609 
25,800000 -0,270162 
25,900000 -0,281827 
26,000000 -0,297801 
26,100000 -0,308008 
26,200000 -0,324089 
26,300000 -0,341107 
26,400000 -0,358712 
26,500000 -0,379204 
26,600000 -0,406633 
26,700000 -0,431611 
26,800000 -0,455726 
26,900000 -0,481608 
27,000000 -0,505687 
27,100000 -0,539827 
27,200000 -0,574804 
27,300000 -0,617953 
27,400000 -0,660215 
27,500000 -0,712870 
27,600000 -0,764209 
27,700000 -0,818031 
27,800000 -0,872622 
27,900000 -0,925418 
28,000000 -0,974763 
28,100000 -1,022309 
28,200000 -1,054948 
28,300000 -1,072662 
28,400000 -1,056134 
28,500000 -1,016981 
28,600000 -0,908004 
28,700000 -0,801812 
28,800000 -0,707598 
28,900000 -0,636410 
29,000000 -0,570519 
29,100000 -0,515366 
29,200000 -0,466981 
29,300000 -0,427466 
29,400000 -0,390524 
29,500000 -0,361607 
29,600000 -0,334304 
29,700000 -0,308292 
29,800000 -0,284888 
29,900000 -0,268141 
30,000000 -0,255112 
30,100000 -0,244820 
30,200000 -0,234120 
30,300000 -0,225394 
30,400000 -0,217240 
30,500000 -0,209931 
30,600000 -0,202705 
30,700000 -0,195439 
30,800000 -0,189766 
30,900000 -0,185130 
31,000000 -0,184496 
31,100000 -0,183375 
31,200000 -0,183845 
31,300000 -0,186339 
31,400000 -0,186932 
31,500000 -0,189861 
31,600000 -0,191134 
31,700000 -0,195009 
31,800000 -0,198715 
31,900000 -0,201471 
32,000000 -0,206468 
32,100000 -0,209871 
32,200000 -0,212217 
32,300000 -0,210343 
32,400000 -0,206036 
32,500000 -0,195845 
32,600000 -0,181701 
32,700000 -0,159819 
32,800000 -0,141100 
32,900000 -0,126277 
33,000000 -0,113958 
33,100000 -0,102925 
33,200000 -0,093149 
33,300000 -0,085546 
33,400000 -0,078775 
33,500000 -0,072671 
33,600000 -0,066974 
33,700000 -0,061502 
33,800000 -0,056285 
33,900000 -0,052488 
34,000000 -0,049874 
34,100000 -0,046559 
34,200000 -0,044190 
34,300000 -0,041894 
34,400000 -0,040320 
34,500000 -0,037929 
34,600000 -0,036309 
34,700000 -0,034909 
34,800000 -0,033057 
34,900000 -0,031588 
35,000000 -0,030536 
35,100000 -0,029195 
35,200000 -0,028203 
35,300000 -0,027423 
35,400000 -0,026791 
35,500000 -0,026557 
35,600000 -0,026052 
35,700000 -0,025386 
35,800000 -0,024708 
35,900000 -0,024094 
36,000000 -0,023687 
36,100000 -0,023274 
36,200000 -0,022866 
36,300000 -0,022440 
36,400000 -0,022152 
36,500000 -0,022057 
36,600000 -0,021996 
36,700000 -0,021776 
36,800000 -0,021727 
36,900000 -0,021691 
37,000000 -0,021671 
37,100000 -0,021409 
37,200000 -0,021576 
37,300000 -0,021546 
37,400000 -0,021505 
37,500000 -0,021592 
37,600000 -0,021409 
37,700000 -0,021584 
37,800000 -0,021763 
37,900000 -0,021787 
38,000000 -0,022059 
38,100000 -0,022146 
38,200000 -0,022150 
38,300000 -0,022544 
38,400000 -0,022887 
38,500000 -0,023020 
38,600000 -0,023342 
38,700000 -0,024034 
38,800000 -0,024767 
38,900000 -0,025319 
39,000000 -0,025635 
39,100000 -0,026271 
39,200000 -0,026678 
39,300000 -0,027225 
39,400000 -0,027689 
39,500000 -0,028701 
39,600000 -0,029490 
39,700000 -0,030527 
39,800000 -0,031233 
39,900000 -0,032098 
40,000000 -0,032847 
40,100000 -0,033630 
40,200000 -0,034690 
40,300000 -0,034870 
40,400000 -0,034530 
40,500000 -0,033915 
40,600000 -0,032692 
40,700000 -0,031901 
40,800000 -0,030633 
40,900000 -0,029120 
41,000000 -0,028393 
41,100000 -0,027454 
41,200000 -0,027110 
41,300000 -0,026779 
41,400000 -0,026377 
41,500000 -0,026525 
41,600000 -0,026312 
41,700000 -0,026221 
41,800000 -0,025961 
41,900000 -0,026223 
42,000000 -0,026305 
42,100000 -0,026441 
42,200000 -0,026413 
42,300000 -0,026692 
42,400000 -0,026799 
42,500000 -0,026963 
42,600000 -0,027016 
42,700000 -0,027588 
42,800000 -0,027989 
42,900000 -0,028520 
43,000000 -0,029375 
43,100000 -0,029724 
43,200000 -0,030688 
43,300000 -0,031071 
43,400000 -0,031651 
43,500000 -0,032380 
43,600000 -0,032816 
43,700000 -0,033703 
43,800000 -0,034148 
43,900000 -0,034821 
44,000000 -0,035708 
44,100000 -0,036129 
44,200000 -0,036675 
44,300000 -0,036887 
44,400000 -0,036946 
44,500000 -0,036477 
44,600000 -0,035576 
44,700000 -0,034731 
44,800000 -0,034023 
44,900000 -0,032794 
45,000000 -0,031946 
45,100000 -0,031509 
45,200000 -0,031095 
45,300000 -0,030771 
45,400000 -0,030389 
45,500000 -0,029913 
45,600000 -0,028587 
45,700000 -0,027387 
45,800000 -0,026863 
45,900000 -0,026516 
46,000000 -0,025740 
46,100000 -0,024982 
46,200000 -0,024310 
46,300000 -0,023721 
46,400000 -0,023302 
46,500000 -0,022813 
46,600000 -0,022356 
46,700000 -0,021742 
46,800000 -0,021457 
46,900000 -0,021060 
47,000000 -0,020435 
47,100000 -0,019897 
47,200000 -0,019469 
47,300000 -0,019045 
47,400000 -0,018758 
47,500000 -0,018524 
47,600000 -0,018130 
47,700000 -0,017411 
47,800000 -0,017404 
47,900000 -0,017128 
48,000000 -0,016984 
48,100000 -0,016889 
48,200000 -0,016779 
48,300000 -0,016689 
48,400000 -0,016590 
48,500000 -0,016442 
48,600000 -0,016423 
48,700000 -0,016308 
48,800000 -0,016043 
48,900000 -0,016105 
49,000000 -0,016088 
49,100000 -0,015941 
49,200000 -0,015911 
49,300000 -0,015793 
49,400000 -0,015703 
49,500000 -0,015783 
49,600000 -0,015768 
49,700000 -0,015750 
49,800000 -0,015854 
49,900000 -0,015797 
