$SPEC_ID:
No sample description was entered.
$SPEC_REM:
DET# 3
DETDESC# FP-GAMMA2 MCB 129
AP# Maestro Version 7.01
$DATE_MEA:
12/04/2013 11:10:36
$MEAS_TIM:
176 180
$DATA:
0 8191
       0
       0
       0
       0
       0
       0
       0
       0
       0
       0
       0
       0
       0
       0
       0
       0
       0
       0
       0
       0
       0
       1
       0
       0
       0
       0
       0
       0
       0
       0
       0
       0
       0
       0
       0
       0
       0
       0
       0
       0
       1
       0
       0
       0
       1
       0
       1
       0
       0
       0
       0
       3
       0
       2
       7
       9
       5
       7
       6
       8
      12
      72
     184
     186
     187
     176
     166
     158
     123
     122
     118
     111
     101
      87
      92
      82
      78
      74
      80
      79
      76
      94
      66
      71
      79
      79
      62
      76
      83
      77
      52
      59
      63
      63
      74
      69
      62
      59
      59
      62
      49
      55
      60
      58
      57
      81
      69
      51
      56
      64
      71
      57
      48
      57
      62
      52
      61
      59
      50
      56
      60
      47
      59
      61
      63
      54
      50
      59
      53
      69
      60
      66
      43
      54
      68
      71
      46
      55
      62
      60
      50
      57
      60
      59
      55
      67
      60
      68
      42
      66
      56
      61
      57
      53
      43
      61
      67
      65
      49
      55
      60
      57
      70
      65
      63
      59
      71
      63
      60
      64
      56
      55
      61
      59
      62
      55
      58
      62
      54
      61
      62
      68
      69
      76
      67
      50
      54
      59
      72
      50
      66
      71
      73
      54
      62
      65
      76
      72
      81
      81
      62
      68
      65
      69
      54
      65
      61
      71
      70
      57
      54
      57
      61
      83
      78
      60
      75
      90
      71
      73
      71
      86
      68
      70
      64
      79
      69
      84
      78
      80
      88
      71
      74
      71
      74
      93
      80
      95
      70
      86
      82
      86
      98
      89
      86
      83
      99
      96
     107
      92
      79
      88
      89
      79
      87
      81
     108
     103
     104
     121
      90
      99
     113
     118
     114
     115
     126
     134
     119
     110
     109
     135
     146
     130
     141
     145
     136
     151
     150
     159
     162
     141
     159
     149
     147
     199
     187
     185
     170
     166
     200
     170
     189
     230
     217
     219
     241
     236
     215
     241
     238
     262
     244
     241
     241
     246
     272
     261
     292
     288
     294
     266
     302
     292
     285
     327
     315
     339
     358
     285
     325
     309
     353
     355
     394
     372
     344
     365
     382
     320
     361
     343
     349
     376
     389
     364
     369
     379
     397
     366
     389
     416
     410
     354
     368
     374
     409
     365
     355
     371
     408
     406
     405
     359
     404
     401
     401
     368
     357
     366
     342
     387
     348
     337
     339
     345
     315
     338
     346
     313
     308
     308
     312
     333
     316
     291
     295
     287
     260
     288
     294
     279
     267
     303
     283
     244
     236
     219
     259
     212
     234
     214
     279
     233
     208
     206
     205
     206
     182
     174
     202
     170
     185
     176
     178
     184
     159
     156
     147
     166
     153
     135
     145
     138
     144
     135
     132
     136
     119
     143
     134
     154
     115
     103
     115
     122
     120
     103
     102
     130
      93
     134
      92
     107
      91
     120
     105
     100
      94
      94
     110
      95
      84
      83
      74
      65
      83
      89
      84
      81
      82
      98
      73
      82
      84
      81
      70
      85
      69
      76
      72
      89
      84
      81
      76
      79
      90
      79
      84
      76
      69
      84
      90
      77
      72
      87
      64
      83
      77
      56
      63
      62
      80
      62
      77
      78
      74
      91
      64
      63
      76
      78
      80
      82
      65
      71
      64
      63
      89
      68
      61
      63
      68
      67
      88
      78
      58
      77
      64
      70
      78
      76
      53
      66
      58
      72
      71
      76
      74
      59
      77
      78
      64
      81
      68
      65
      78
      67
      80
      70
      79
      80
      82
      63
      68
      68
      72
      67
      77
      69
      55
      65
      67
      81
      73
      67
      65
      56
      65
      81
      85
      61
      68
      60
      62
      82
      65
      51
      82
      81
      75
      76
      59
      71
      85
      64
      69
      64
      69
      86
      73
      61
      71
      74
      83
      63
      66
      71
      72
      79
      73
      72
      75
      81
      63
      69
      82
      77
      70
      72
      75
      74
      68
      73
      71
      68
      82
      59
      86
      67
      86
      70
      74
      60
      64
      87
      60
      79
      63
      70
      79
      80
      66
      66
      77
      84
      66
      54
      63
      62
      66
      56
      84
      67
      72
      63
      70
      62
      85
      80
      85
      81
      64
      76
      74
      79
      92
      78
      74
      66
      73
      86
      56
      95
      80
      76
      60
      82
      68
      74
      60
      78
      70
      74
      76
      82
      69
      80
      87
      75
      65
      78
      86
      63
      78
      69
      73
      80
      79
      63
      80
      69
      83
      77
      72
      68
      96
      86
      85
      75
      91
      81
      79
      80
      81
      78
      74
     107
      91
      96
      84
     101
      56
     100
      98
      96
      83
      92
      82
      97
      94
      94
      81
      97
      95
      96
     105
      93
      90
     102
     103
     111
     108
     109
     111
      97
      92
      96
     102
      99
     109
      86
      94
      97
     106
     117
     112
     115
     110
     101
     120
     105
     104
     107
     127
     112
     103
     112
     108
     110
      98
     100
     102
     103
     116
     106
     117
     118
     117
     130
     134
     122
     118
     142
     125
     125
     139
     141
     121
     124
     125
     126
     143
     142
     128
     131
     129
     121
     100
     126
     132
     151
     147
     100
     130
     148
     123
     108
     117
     155
     135
     133
     115
     134
     127
     143
     125
     140
     123
     121
     132
     119
     143
     134
     124
     153
     133
     140
     114
     141
     136
     131
     127
     128
     117
     131
     130
     135
     131
     110
     117
     123
     134
     137
     133
     150
     130
     121
     121
     140
     120
     138
     143
     130
     126
     120
     132
     107
     120
     120
     114
     119
     122
     139
     116
     130
     122
     115
     132
     117
     111
     126
     112
     106
     108
     113
     109
     105
     136
     124
     113
      93
     100
     114
     104
     107
     119
     122
     133
     117
     102
      89
      91
      94
     104
      94
     111
     104
     110
     112
     106
     100
     109
     100
     112
     116
     119
      99
      88
     105
      97
      94
     108
      92
     122
      71
      90
     111
      67
      89
      97
      98
     110
     101
      96
     101
      99
      88
     104
      96
      89
      85
      92
      82
      95
      66
      87
      97
      84
      88
     103
      87
      70
      82
     108
     116
      95
      90
     102
      84
      81
      93
     118
     113
      99
     100
      75
      85
     109
      78
      95
      81
      72
      95
     100
      73
      90
      94
      96
      74
      75
      71
      75
      91
      64
      74
      75
      80
     100
      85
      82
      83
      77
      67
      76
      79
      74
      90
      76
      74
      70
      67
      86
      80
      88
      80
      99
      74
      81
      70
      76
      74
      81
      64
      74
      65
      71
      69
      75
      75
      77
      73
      60
      83
      83
      71
      67
      76
      55
      55
      74
      71
      74
      75
      82
      75
      60
      62
      75
      75
      67
      70
      69
      63
      61
      63
      71
      77
      80
      67
      74
      81
      71
      77
      59
      67
      63
      58
      74
      59
      66
      75
      74
      57
      66
      59
      55
      66
      59
      69
      56
      64
      57
      63
      71
      67
      54
      65
      59
      66
      58
      56
      79
      62
      74
      63
      72
      60
      61
      56
      69
      51
      63
      67
      54
      60
      69
      62
      64
      72
      59
      64
      73
      66
      56
      72
      78
      54
      58
      67
      57
      71
      54
      59
      58
      61
      70
      62
      71
      67
      60
      66
      61
      63
      70
      60
      77
      69
      52
      70
      71
      78
      64
      62
      76
      62
      61
      71
      64
      60
      82
      72
      71
      71
      47
      75
      51
      55
      58
      69
      73
      60
      63
      68
      73
      70
      61
      75
      60
      51
      58
      53
      81
      68
      72
      69
      73
      65
      64
      60
      69
      49
      79
      78
      70
      53
      67
      60
      59
      76
      70
      73
      69
      69
      81
      76
      61
      74
      79
      79
      67
      63
      65
      62
      65
      83
      54
      69
      58
      79
      56
      66
      77
      56
      69
      62
      69
      70
      59
      71
      63
      69
      71
      65
      61
      45
      65
      57
      54
      63
      60
      63
      66
      59
      63
      73
      70
      60
      67
      60
      65
      67
      66
      67
      66
      62
      69
      64
      72
      72
      74
      52
      60
      57
      64
      53
      66
      74
      63
      63
      70
      57
      65
      65
      68
      62
      63
      72
      83
      84
      68
      79
      64
      61
      65
      65
      57
      82
      58
      52
      75
      64
      44
      62
      61
      62
      64
      72
      60
      54
      79
      64
      81
      63
      72
      54
      63
      60
      60
      73
      68
      60
      63
      75
      68
      67
      60
      64
      51
      56
      57
      60
      78
      64
      80
      60
      67
      89
      65
      75
      58
      70
      70
      76
      77
      72
      70
      44
      50
      65
      68
      63
      68
      72
      68
      75
      66
      63
      62
      48
      83
      78
      58
      65
      61
      60
      61
      84
      72
      55
      70
      71
      65
      70
      65
      62
      76
      64
      68
      72
      58
      61
      63
      54
      63
      62
      61
      62
      69
      70
      73
      78
      79
      66
      63
      73
      69
      64
      72
      60
      60
      67
      53
      74
      78
      66
      77
      64
      63
      65
      67
      58
      76
      51
      75
      60
      63
      62
      64
      87
      64
      67
      53
      74
      70
      58
      65
      66
      69
      66
      60
      65
      80
      64
      57
      82
      69
      69
      78
      54
      63
      48
      73
      65
      69
      62
      58
      76
      65
      63
      71
      58
      59
      77
      74
      61
      69
      61
      79
      55
      73
      67
      64
      55
      71
      50
      65
      63
      69
      89
      69
      56
      61
      72
      77
      69
      69
      58
      69
      67
      68
      66
      58
      58
      82
      72
      73
      64
      69
      67
      65
      54
      61
      63
      75
      67
      76
      70
      66
      67
      74
      88
      57
      64
      69
      61
      71
      62
      63
      67
      63
      75
      71
      69
      69
      58
      63
      69
      69
      74
      68
      52
      57
      58
      63
      67
      80
      64
      69
      59
      64
      64
      85
      56
      66
      66
      65
      63
      56
      53
      67
      78
      54
      69
      64
      65
      60
      58
      65
      78
      68
      91
      70
      64
      83
      57
      72
      72
      74
      82
      65
      62
      65
      77
      70
      59
      44
      68
      76
      78
      79
      66
      65
      71
      73
      64
      55
      66
      71
      71
      62
      50
      67
      59
      66
      67
      69
      61
      57
      75
      84
      56
      66
      66
      62
      80
      85
      72
      58
      56
      67
      59
      89
      61
      54
      71
      81
      73
      67
      69
      73
      60
      77
      94
      58
      66
      78
      63
      58
      63
      80
      76
      67
      65
      72
      64
      54
      82
      83
      69
      69
      65
      75
      42
      73
      66
      75
      53
      58
      79
      75
      72
      59
      53
      73
      66
      59
      60
      70
      53
      67
      71
      60
      60
      66
      69
      73
      72
      64
      66
      68
      60
      70
      66
      63
      60
      78
      66
      73
      68
      82
      62
      58
      73
      62
      71
      59
      70
      74
      67
      65
      76
      45
      61
      67
      76
      79
      64
      62
      72
      63
      86
      61
      50
      56
      70
      82
      72
      65
      74
      75
      82
      70
      81
      77
      63
      68
      64
      78
      80
      70
      79
      79
      81
      59
      69
      56
      73
      58
      64
      71
      82
      78
      75
      73
      65
      48
      72
      85
      64
      66
      74
      65
      84
      93
      73
      64
      60
      62
      65
      75
      65
      68
      59
      80
      68
      75
      74
      67
      78
      81
      78
      80
      62
      75
      66
      90
      74
      76
      76
      73
      63
      66
      68
      70
      66
      84
      87
      64
      72
      78
      82
      80
      69
      62
      56
      67
      67
      67
      74
      66
      69
      79
      74
      96
      72
      72
      74
      65
      82
      74
      71
      72
      74
      74
      74
      80
      84
      68
      86
      70
      83
      78
      66
      76
      96
      78
      62
      91
      85
      74
      75
      74
      67
      65
      78
      83
      76
      82
      78
      82
      76
      73
      77
      77
      87
      75
      87
      83
      69
      85
      74
      81
      72
      69
      71
      68
      87
      75
      75
      93
      82
      84
      74
      84
      85
      77
      82
      77
      87
      84
      88
      68
      71
      84
      93
      76
      71
      90
      94
      88
      77
      90
      64
      75
      73
      80
      95
      77
      87
      82
      77
      83
      75
      86
      86
      76
      78
      84
      76
      79
      79
     102
      86
      97
      86
      81
      96
      75
      82
      75
      72
      75
      80
      83
     100
      95
      78
      88
      90
      80
      86
      63
      67
      85
     106
      90
      83
      82
      86
      78
      89
      85
      84
      84
      85
     103
      90
     105
      92
      78
      77
      77
      88
      91
      89
     103
      79
      83
      74
      81
      89
      78
     102
      84
      76
      80
      82
      81
      87
      70
     113
      95
      79
      76
      89
      90
      94
      82
      76
      91
      95
      82
      53
     101
     106
      74
      95
      80
      92
      71
     103
      91
      96
      77
      89
      84
      81
     100
     105
      92
      88
      79
      81
      82
      99
      99
      76
      93
      95
      73
      93
      80
      94
      90
      87
     100
      94
     105
      83
      98
      75
     103
      82
      82
      86
      93
      87
      80
      97
      67
      78
      96
      84
      84
      75
      84
      80
      97
      95
      94
      85
      87
      95
     103
      83
      87
      97
     101
      90
      93
      89
     108
      86
      77
      95
      82
      77
     101
      81
      96
      86
      91
      85
     108
      97
      70
      90
      93
      92
      74
      81
      93
      77
      91
      95
      70
      85
      94
      91
      65
      62
      87
     100
      87
      94
      85
      97
      92
     111
      86
      84
      90
      89
      89
      90
      96
      96
      81
      85
      79
      86
     100
      90
      87
      93
      82
      85
     104
     101
     100
      90
      86
      71
      83
      82
      91
      90
      84
      84
      70
      85
      81
      96
      77
      81
     106
      79
     106
      79
      73
      72
      90
      86
      93
      86
      78
      83
      91
      93
      88
      90
      92
     101
     100
      72
      90
      94
      81
      98
      84
      88
      99
      65
      80
      90
      84
      90
      86
     100
      74
      90
      82
      88
     108
      78
      82
      87
      76
      92
      76
      94
      77
      73
      76
      94
      68
      79
      76
      83
      79
      93
      92
      70
      79
      97
      83
      65
      76
      83
      84
      83
      81
      87
      83
      82
      91
      82
      82
      76
      78
      69
      83
      77
      83
      85
      79
      90
      68
      86
      73
      83
      77
      93
      93
      76
      65
      72
      86
      93
      68
      82
      84
      92
      80
      77
      83
      81
      80
      84
      89
      77
      86
      80
      67
      87
      77
      91
      86
      75
      74
      85
      77
      71
      69
      88
      77
      73
      80
      89
      82
      84
      96
      73
      87
      84
      91
      92
      54
      77
      89
      81
      81
      73
      81
      78
      80
      92
      67
      69
      68
      76
      96
      84
      87
      82
      83
      80
      87
      77
      75
      81
      87
      78
      71
      91
      76
      74
      79
      93
      85
      82
      82
      70
      72
      78
      84
      82
      78
      67
      94
      93
      95
      87
      81
      81
      96
      81
      66
      64
      75
      78
      88
      94
      74
      81
      63
      82
      75
      73
      88
      74
      70
      74
      78
      86
      70
      77
      80
      83
      62
      68
      62
      82
      83
      74
      75
      66
      74
      63
     113
      81
      66
      81
      67
      88
     101
      91
      73
      66
      68
      70
      76
      87
     100
      85
      91
      72
      77
      86
      85
     102
      82
      69
      74
      87
      73
      67
      65
      62
      92
      74
      85
      72
      82
      86
      90
      73
      71
      66
      80
      75
      78
      64
      49
      94
      78
      74
      79
      83
      72
      71
      69
      92
      84
      89
      78
      56
      84
      60
      71
      85
      72
      72
      75
      76
      81
      73
      76
      68
      76
      73
      73
      78
      74
      71
      77
      81
      64
      68
      70
     108
      61
      69
      72
      76
      67
      77
      77
      71
      75
      84
      76
      69
      80
      74
      78
      69
      80
      51
      84
      66
      67
      78
      71
      71
      84
      81
      70
      82
      77
      61
      63
      78
      74
      99
      75
      82
      68
      80
      66
      84
      84
      74
      78
      90
      81
      75
      76
      80
      67
      84
      81
      88
      71
      77
      64
      97
      76
      84
      71
      73
      72
      75
      61
      81
      72
      77
      68
      72
      71
      69
      73
      97
      69
      78
      59
      69
      69
      67
      62
      69
      74
      73
      70
      97
      72
      72
      80
      78
      72
      72
      74
      68
      80
      64
      74
      66
      80
      82
      72
      92
      80
      71
      82
      79
      79
      77
      74
      67
      66
      86
      76
      79
      67
      93
      85
      68
      72
      86
      74
      70
      79
      84
      64
      87
      76
      86
      69
      73
      76
      87
      62
      68
      62
      79
      71
      70
      72
      74
      79
      77
      61
      77
      73
      55
      75
      77
      75
      64
      66
      64
      77
      76
      71
      76
      87
      80
      65
      82
      87
      93
      60
      82
      77
      70
      72
      71
      82
      67
      80
      78
      69
      71
      55
      68
      85
      81
      79
      71
      83
      53
      71
      66
      90
      74
      74
      74
      73
      79
      81
      73
      57
      68
      65
      75
      79
      61
      60
      77
      66
      55
      67
      67
      71
      72
      79
      55
      71
      83
      69
      79
      69
      68
      74
      64
      80
      78
      79
      75
      74
      87
      95
      70
      58
      86
      74
      71
      65
      85
      70
      76
      88
      63
      73
      92
      71
      79
      81
      87
      83
      82
      84
      65
      85
      78
      57
      75
      61
      84
      71
      59
      67
      65
      66
      68
      77
      70
      77
      85
      77
      64
      74
      79
      78
      77
      82
      74
      68
      71
      66
      78
      77
      81
      73
      74
      67
      69
      59
      75
      79
      86
      64
      66
      74
      91
      58
      74
      94
      71
      71
      77
      66
      78
      85
      81
      73
      70
      80
      72
      90
      64
      73
      92
      66
      61
      60
      69
      66
      74
      65
      76
      61
      78
      66
      77
      76
      68
      78
      71
      76
      74
      76
      76
      68
      69
      70
      74
      69
      65
      60
      68
      67
      71
      63
      73
      74
      86
      67
      71
      70
      68
      58
      70
      80
      82
      70
      64
      81
      64
      81
      63
      68
      71
      65
      56
      59
      79
      75
      73
      74
      75
      70
      59
      69
      89
      68
      80
      76
      76
      53
      55
      80
      76
      74
      54
      83
      80
      74
      63
      57
      84
      81
      79
      74
      80
      87
      82
      83
      55
      65
      67
      67
      86
      57
      57
      67
      62
      71
      62
      62
      58
      74
      80
      66
      72
      65
      68
      85
      75
      69
      80
      59
      80
      70
      80
      67
      74
      74
      74
      63
      66
      60
      73
      60
      73
      85
      73
      78
      66
      69
      57
      76
      83
      67
      58
      73
      76
      59
      67
      66
      69
      70
      68
      80
      65
      88
      75
      71
      75
      77
      78
      56
      80
      80
      59
      68
      60
      73
      73
      56
      68
      65
      61
      51
      76
      77
      88
      70
      61
      63
      84
      70
      75
      59
      66
      72
      66
      79
      70
      71
      70
      80
      85
      67
      80
      73
      61
      73
      71
      68
      81
      65
      68
      70
      77
      68
      85
      80
      76
      59
      76
      79
      61
      71
      78
      73
      76
      59
      77
      75
      78
      77
      79
      75
      86
      68
      53
      66
      60
      82
      75
      82
      82
      64
      70
      70
      68
      70
      80
      50
      87
      68
      88
      81
      90
      68
      75
      77
      82
      72
      80
      70
      61
      65
      61
      71
      75
      77
      72
      74
      61
      76
      67
      61
      75
      84
      81
      63
      57
      67
      69
      73
      61
      68
      78
      74
      75
      74
      67
      62
      70
      59
      76
      87
      73
      70
      71
      85
      66
      83
      70
      65
      78
      72
      54
      80
      80
      88
      68
      73
      83
      58
      69
      86
      71
      75
      58
      69
      63
      71
      70
      69
      68
      71
      87
      66
      64
      56
      76
      70
      79
      76
      66
      67
      72
      60
      59
      64
      69
      75
      64
      62
      73
      64
      66
      80
      71
      80
      61
      79
      62
      74
      67
      69
      68
      76
      73
      57
      68
      61
      85
      58
      83
      73
      71
      70
      60
      91
      57
      87
      63
      87
      76
      69
      65
      61
      66
      78
      64
      73
      84
      79
      69
      78
      57
      76
      74
      62
      77
      75
      55
      74
      72
      58
      75
      75
      73
      72
      73
      66
      56
      70
      69
      60
      69
      83
      67
      61
      60
      78
      64
      93
      82
      76
      74
      67
      57
      72
      61
      63
      73
      61
      72
      77
      63
      63
      62
      70
      67
      65
      71
      84
      82
      76
      66
      80
      79
      77
      71
      71
      64
      67
      73
      69
      65
      78
      59
      77
      76
      64
      71
      68
      63
      75
      72
      71
      76
      75
     101
      68
      97
      76
      70
      76
      83
      81
      72
      74
      68
      88
      72
      72
      66
      65
      70
      73
      77
      78
      75
      58
      73
      67
      79
      57
      60
      63
      78
      60
      90
      76
      71
      64
      64
      73
      80
      72
      77
      91
      76
      69
      72
      55
      78
      60
      73
      63
      62
      65
      67
      82
      76
      81
      64
      60
      59
      77
      61
      64
      67
      65
      72
      76
      79
      65
      62
      69
      73
      61
      71
      78
      80
      82
      73
      69
      68
      67
      78
      50
      73
      74
      77
      68
      57
      71
      74
      72
      66
      80
      69
      64
      66
      85
      75
      64
      64
      61
      71
      77
      59
      76
      84
      53
      87
      72
      60
      74
      71
      64
      67
      71
      78
      60
      81
      61
      70
      65
      72
      84
      58
      84
      77
      76
      78
      77
      77
      64
      61
      58
      70
      71
      66
      72
      58
      51
      75
      69
      75
      66
      77
      75
      81
      66
      63
      62
      59
      69
      61
      64
      60
      70
      76
      61
      58
      59
      70
      76
      67
      67
      81
      71
      78
      58
      71
      51
      77
      82
      87
      75
      84
      71
      77
      61
      74
      76
      72
      89
      59
      68
      54
      76
      67
      69
      76
      80
      75
      75
      72
      56
      68
      67
      69
      74
      70
      73
      68
      60
      77
      59
      65
      73
      73
      78
      87
      74
      64
      70
      68
      61
      73
      74
      77
      67
      66
      78
      73
      68
      67
      85
      57
      69
      72
      79
      66
      57
      54
      80
      54
      82
      63
      60
      78
      80
      61
      63
      65
      70
      78
      66
      65
      82
      60
      66
      60
      67
      69
      71
      75
      68
      82
      72
      80
      64
      61
      86
      47
      74
      65
      78
      72
      65
      85
      69
      56
      79
      72
      74
      70
      82
      57
      72
      81
      66
      77
      58
      83
      75
      65
      76
      74
      81
      71
      70
      87
      67
      84
      79
      64
      61
      55
      60
      80
      76
      66
      84
      78
      62
      82
      85
      74
      77
      78
      62
      63
      63
      61
      75
      70
      90
      65
      74
      71
      75
      64
      76
      77
      60
      71
      65
      70
      77
      67
      80
      67
      68
      69
      70
      91
      78
      79
      66
      66
      79
      72
      69
      80
      85
      81
      71
      70
      72
      81
      69
      71
      82
      66
      84
      79
      75
      71
      70
      60
      75
      72
      66
      76
      68
      68
      76
      66
      80
      64
      71
      60
      78
      78
      71
      74
      60
      65
      80
      71
      73
      79
      60
      77
      80
      89
      94
      61
      68
      75
      76
      78
      60
      79
      71
      63
      82
      63
      63
      63
      85
      66
      78
      72
      66
      75
      65
      68
      77
      76
      80
      73
      69
      73
      65
      80
      87
      84
      72
      80
      74
      82
      88
      77
      71
      76
      68
      52
      88
      64
      69
      74
      59
      89
      69
      72
      79
      52
      69
      71
      72
      86
      81
      81
      72
      67
      67
      75
      72
      51
      96
      74
      76
      70
      58
      75
      72
      69
      80
      75
      78
      78
      70
      59
      67
      71
      79
      72
      85
      65
      60
      73
      70
      57
      70
      69
      84
      72
      61
      70
      73
      61
      68
      56
      79
      83
      94
      65
      77
      69
      69
      78
      75
      81
      83
      80
      80
      71
      75
      87
      68
      76
      76
      72
      72
      69
      60
      64
      86
      76
      63
      75
      76
      70
      81
      88
      75
      70
      73
      86
      68
      72
      81
      77
      62
      60
      75
      57
      67
      78
      86
      73
      62
      56
      71
      70
      98
      78
      68
      73
      84
      68
      78
      73
      93
      58
      62
      71
      74
      62
      78
      88
      72
      77
      82
      78
      63
      74
      63
      67
      76
      67
      80
      77
      74
      59
      62
      77
      77
      70
      76
      67
      57
      80
      75
      72
      73
      70
      61
      84
      76
      90
      60
      64
      75
      75
      55
      71
      66
      67
      77
      82
      66
      80
      63
      79
      71
      64
      81
      75
      68
      61
      72
      70
      80
      71
      79
      83
      83
      83
      63
      84
      77
      79
      78
      82
      83
      83
      65
      79
      86
      87
      80
      78
      82
      75
      74
      75
      90
      80
      86
      56
      77
      91
      77
      55
      74
      90
      77
      64
      89
      89
      77
      82
      72
      66
      86
      70
      79
      72
      63
      92
      79
      95
      72
      85
      84
      76
      74
      68
      64
      84
      71
      76
      71
      77
      69
      71
      72
      95
      85
      77
     100
      75
      77
      75
      74
      66
      60
      83
      76
      77
      69
      72
      78
      77
      92
      69
      58
      75
      73
      78
      78
      69
      78
      62
      73
      69
      64
      75
      79
      70
      67
      63
      80
      85
      64
      67
      73
      72
      69
      67
      77
      73
      80
      79
      67
      62
      84
      60
      71
      78
      71
      70
      83
      74
      77
      88
      89
      67
      69
      92
      82
      79
      84
      75
      76
      53
      86
      79
      75
      70
      61
      87
      74
      70
      78
      64
      91
      66
      70
      60
      60
      77
      69
      69
      75
      69
      69
      80
      88
     101
      63
      72
      71
      81
      71
      64
      77
      72
      86
      71
      84
      79
      71
      72
      70
      65
      81
      73
      80
      82
      81
      84
      74
      81
      74
      66
      73
      72
      72
      70
      69
      51
      68
      78
      62
      87
      92
      63
      61
      81
      65
      80
      84
      70
      71
      78
      74
      81
      68
      68
      65
      68
      61
      77
      70
      89
      84
      79
      81
      76
      71
      79
      77
      88
      71
      85
      66
      83
      68
      63
      79
      78
      73
      78
      81
      74
      72
      75
      59
      83
      69
      71
      71
      59
      94
      87
      68
      93
      79
      73
      75
      75
      87
      74
      62
      80
      95
      71
      81
      77
      70
      64
      88
      67
      76
      81
      73
      84
      81
      88
      74
      92
      67
      92
      60
      69
      85
      91
      86
      85
      76
      85
      77
      75
      83
      80
      72
      79
      83
      82
      77
      76
      91
      79
      81
      73
      83
      72
      63
      82
      80
      99
      74
      84
      68
      68
      90
      83
      72
      79
      64
      72
      84
      73
      74
      74
      80
      73
      79
      75
      88
      74
      72
      76
      65
      72
      93
      71
      77
      77
      73
      90
      65
      63
      82
      73
      71
      70
      75
      76
      75
      70
      74
      70
      95
      72
      70
      58
      86
      87
      92
      73
      65
      72
      85
      80
      78
      68
      69
      74
      91
      83
      66
      71
      78
      74
      84
      85
      77
      82
      80
      87
      76
      83
      61
      81
      70
      76
      67
      77
      90
      68
      81
      70
      74
      80
      74
      67
      93
      70
      98
      82
      60
      73
      70
      66
      85
      81
      67
      76
      93
      65
      70
      81
      96
      72
      73
      79
      72
      81
      84
      69
      59
      75
      81
      86
      77
      73
      80
      77
     101
      90
      76
      65
      81
      68
      66
      76
      68
      81
      81
      82
      60
      77
      81
      63
      63
      77
      79
      58
      62
      90
      74
      91
      73
      77
      65
      75
      61
      79
      68
      71
      70
      69
      69
      64
      72
      75
      72
      77
      73
      74
      63
      84
      73
      63
      75
      62
      71
      63
      70
      73
      72
      63
      62
      74
      69
      74
      52
      65
      64
      55
      82
      74
      69
      78
      59
      69
      59
      67
      71
      68
      70
      63
      60
      82
      68
      61
      79
      62
      76
      77
      73
      57
      76
      69
      75
      76
      75
      55
      56
      74
      58
      55
      63
      74
      63
      66
      79
      77
      63
      71
      64
      66
      65
      69
      73
      70
      55
      63
      73
      63
      78
      80
      75
      61
      76
      58
      64
      67
      70
      52
      62
      56
      63
      70
      62
      57
      62
      68
      73
      51
      68
      73
      65
      52
      66
      55
      48
      72
      46
      66
      67
      76
      61
      59
      72
      56
      73
      67
      52
      57
      70
      67
      51
      70
      55
      64
      61
      57
      64
      56
      47
      59
      58
      66
      56
      64
      57
      61
      67
      64
      52
      56
      53
      62
      71
      53
      57
      60
      54
      65
      55
      57
      54
      59
      66
      46
      41
      60
      51
      61
      49
      51
      58
      50
      58
      57
      51
      51
      48
      61
      67
      67
      61
      50
      69
      56
      57
      55
      59
      54
      52
      53
      53
      43
      63
      51
      58
      57
      54
      46
      51
      59
      53
      44
      54
      56
      54
      41
      61
      59
      65
      55
      50
      44
      42
      51
      58
      70
      67
      50
      44
      54
      37
      50
      62
      58
      46
      48
      60
      47
      65
      51
      51
      50
      53
      46
      51
      58
      56
      48
      45
      44
      35
      44
      40
      42
      48
      44
      53
      48
      40
      34
      46
      41
      46
      39
      50
      49
      39
      35
      50
      42
      52
      45
      37
      53
      45
      44
      37
      34
      50
      36
      40
      40
      41
      35
      38
      38
      47
      46
      40
      42
      50
      34
      48
      48
      44
      45
      49
      38
      43
      45
      47
      44
      51
      44
      50
      43
      48
      51
      39
      47
      39
      50
      53
      47
      40
      50
      48
      31
      39
      46
      47
      40
      40
      33
      39
      34
      48
      53
      50
      45
      38
      43
      54
      33
      38
      31
      44
      34
      40
      37
      37
      58
      39
      35
      28
      41
      52
      49
      34
      46
      37
      38
      39
      35
      25
      50
      38
      37
      30
      33
      44
      28
      32
      26
      39
      45
      29
      31
      39
      39
      41
      26
      30
      31
      33
      38
      27
      36
      30
      36
      25
      35
      35
      45
      36
      34
      34
      26
      31
      25
      46
      36
      31
      29
      41
      36
      37
      31
      35
      35
      30
      38
      28
      36
      44
      42
      30
      35
      35
      30
      31
      27
      40
      39
      35
      42
      46
      33
      31
      36
      49
      24
      31
      25
      44
      27
      40
      33
      32
      25
      33
      33
      33
      30
      34
      32
      39
      34
      27
      30
      23
      39
      25
      35
      31
      16
      32
      41
      32
      31
      26
      35
      40
      33
      29
      35
      35
      23
      38
      31
      30
      30
      33
      33
      28
      31
      26
      38
      25
      42
      32
      35
      32
      28
      30
      25
      27
      27
      31
      22
      33
      35
      35
      36
      37
      32
      30
      39
      39
      34
      32
      31
      42
      35
      31
      17
      23
      18
      28
      22
      28
      20
      22
      27
      26
      34
      31
      31
      28
      26
      28
      31
      25
      21
      26
      33
      31
      30
      37
      27
      16
      34
      30
      38
      28
      27
      22
      33
      29
      29
      21
      31
      25
      18
      32
      29
      26
      28
      22
      30
      25
      23
      27
      25
      27
      28
      31
      28
      40
      29
      24
      34
      27
      23
      24
      20
      36
      26
      24
      21
      26
      26
      19
      25
      30
      29
      26
      38
      28
      21
      20
      26
      21
      25
      19
      23
      22
      28
      23
      23
      27
      29
      23
      26
      22
      25
      37
      23
      24
      21
      29
      26
      24
      24
      34
      33
      21
      31
      22
      16
      17
      30
      25
      44
      17
      23
      31
      30
      21
      30
      21
      22
      28
      23
      23
      18
      26
      29
      31
      21
      16
      30
      24
      33
      25
      23
      19
      30
      18
      28
      19
      19
      19
      20
      25
      28
      28
      30
      26
      23
      13
      22
      26
      18
      22
      14
      20
      24
      21
      28
      19
      33
      24
      22
      15
      23
      21
      16
      23
      18
      29
      23
      23
      27
      25
      15
      23
      32
      19
      31
      27
      13
      21
      19
      23
      26
      12
      13
      23
      23
      26
      26
      22
      20
      19
      24
      26
      33
      22
      31
      19
      18
      19
      15
      23
      22
      21
      30
      28
      18
      27
      16
      21
      29
      18
      18
      30
      20
      20
      22
      19
      28
      26
      20
      26
      25
      21
      21
      25
      24
      15
      11
      18
      15
      18
      34
      21
      19
      22
      17
      25
      23
      20
      13
      11
      27
      19
      21
      19
      30
      16
      12
      24
      14
      21
      18
      20
      14
      25
      16
      23
      25
      18
      16
      11
      22
      20
      17
      24
      16
      20
      20
      28
      22
      17
      16
      20
      15
      23
      14
      15
      15
      19
      10
      22
      17
      14
      15
      14
      21
      20
      15
      24
      21
      24
      33
      24
      18
      12
      20
      21
      16
      18
      15
      14
      22
      17
      17
      23
      21
      18
      18
      14
      21
      28
      25
      15
      12
      14
      23
      18
      17
      15
      14
      21
      21
      19
      23
      21
      16
      18
      12
      12
      24
      17
      21
      27
      22
      12
      19
      24
      11
      16
      25
      18
      14
      21
      16
      17
      16
      11
      20
      10
      13
      17
      14
      17
      13
      10
      19
      24
      18
      18
      18
      18
      18
      12
      17
      17
      19
      18
      12
      18
      15
      13
      16
      22
      12
      19
      16
      10
      19
      21
      16
      16
      14
      16
      22
      15
      18
      13
      17
      16
      18
      20
      21
      26
      21
      22
      20
      19
      17
      12
      26
      16
      13
      20
      18
      11
      10
      14
      17
      25
      17
      18
      11
      22
      11
      15
      14
      12
      14
      10
      14
      11
      15
      16
      21
      17
      12
      20
      15
      15
      21
      17
      21
      15
      13
      11
      20
      18
      17
      17
      17
      21
      15
      13
      17
      24
      13
      17
      18
       8
      14
      14
      11
      14
      10
      23
      13
      16
      18
      17
      17
      21
      12
      15
      18
      15
      12
      11
      15
      21
      23
      15
      13
       7
      19
      19
      17
      15
      18
      16
      16
      11
      14
       7
      13
      13
      10
      11
      16
      17
      10
      13
      18
      13
      14
      22
       9
      14
      21
      16
      20
      12
      15
      15
      10
      13
      16
      15
      13
       8
      14
      14
       8
      10
      13
      12
      14
      11
      11
      16
      15
      18
      14
      20
      11
      13
       9
      16
      15
      19
      24
       9
      21
      19
      17
      18
      15
      13
      22
      16
      10
      16
       9
      16
      14
      14
      12
      17
      23
      14
      12
      16
       8
      11
       8
      16
      20
      21
      11
       8
      19
      10
      16
      13
      13
      13
      19
      12
      15
      18
      15
      16
      10
      13
      14
      17
      16
       9
      12
      13
       9
      15
      15
      16
      15
       6
      17
      12
      15
       7
      17
      15
      11
      12
      13
      27
      14
      17
      14
      15
      11
      13
      14
      12
       7
       9
      10
      11
       7
      16
      14
       8
      16
      11
      18
      15
      17
      12
      14
       7
      20
      16
       9
      12
      11
      15
      11
       5
      16
       9
       9
      14
      15
      12
      12
       9
      13
      12
      14
      13
      17
      14
      11
      12
      16
      13
      10
      13
      12
      17
      16
      17
      13
      15
      13
      19
      15
      14
      14
      17
      16
      14
      13
      11
      16
      19
      14
      12
      21
      10
      12
      15
      17
      12
      16
       9
      14
      11
      13
      10
      17
      14
      11
      12
      13
      11
      20
      10
       7
      11
      12
      11
      15
      20
      15
      11
      15
      13
       8
      10
      15
      13
      12
      13
      10
      12
      13
       8
      10
      11
      16
      14
      10
      10
      16
      11
      15
      18
      16
      16
      17
      12
      12
      19
      20
      14
      15
      11
      13
      15
      15
      14
      12
      18
      12
      14
      19
       9
      17
      11
      10
      20
      12
      20
      12
      13
      16
       9
      11
       9
      11
       9
      19
      10
       9
      12
      11
      10
      15
      11
      13
      16
       8
      11
      14
      16
      18
      12
      11
      15
      18
      22
      11
      25
      18
      11
      10
      10
      10
      15
      22
      15
      14
       9
      20
      20
      12
      14
      15
      18
      11
      18
      17
      12
      17
       8
      17
      11
      18
      13
      15
      11
      15
      13
      21
      17
      13
      16
      12
      15
      21
       8
      14
      10
      15
      11
      16
      17
       9
      14
      13
       9
      18
      13
      21
      16
      19
      12
       9
      15
      17
      22
      10
      22
      14
      18
      15
      15
      13
      18
      20
      18
      14
      10
      18
      14
      19
      16
      11
      14
      14
      23
      14
      17
      18
      14
      11
      15
      17
      25
      17
      14
      17
      13
      24
      15
      18
      15
      19
      10
      22
      26
      19
      19
      15
      13
      18
      21
      14
      15
      19
      18
      18
      25
      11
      22
      13
      16
      20
      13
      14
      21
      19
      18
      23
      16
      16
      24
      16
      21
      21
      21
      17
      20
      12
      21
      20
      17
      22
      22
      19
      22
      18
      19
      24
      10
      22
      24
      18
      22
      23
      20
      21
      19
      21
      21
      25
      21
      22
      20
      17
      26
      28
      21
      23
      19
      21
      16
      19
      21
      18
      20
      29
      25
      24
      20
      19
      21
      28
      27
      39
      27
      27
      28
      28
      16
      31
      22
      21
      28
      31
      21
      34
      25
      27
      26
      42
      28
      28
      25
      23
      32
      32
      28
      29
      30
      27
      25
      34
      23
      26
      23
      25
      38
      28
      22
      29
      36
      36
      27
      28
      38
      34
      28
      37
      30
      35
      32
      40
      24
      34
      37
      28
      41
      27
      40
      33
      33
      33
      25
      36
      28
      31
      35
      48
      39
      34
      35
      35
      38
      39
      30
      38
      46
      31
      36
      32
      41
      32
      32
      34
      50
      41
      46
      24
      42
      50
      46
      48
      39
      47
      39
      43
      35
      34
      56
      55
      47
      59
      42
      43
      43
      53
      39
      41
      44
      51
      57
      55
      55
      55
      56
      52
      47
      47
      43
      43
      46
      51
      49
      62
      47
      44
      50
      52
      48
      57
      69
      60
      70
      60
      63
      56
      56
      66
      56
      46
      63
      61
      44
      64
      56
      59
      51
      49
      66
      61
      62
      77
      62
      71
      56
      49
      56
      62
      66
      68
      54
      58
      50
      68
      61
      72
      66
      64
      68
      70
      78
      72
      76
      57
      58
      72
      66
      71
      82
      76
      71
      84
      68
      66
      57
      65
      73
      56
      84
      92
      81
      75
      76
      80
      72
      84
      85
     100
      75
      87
      69
      90
      74
      87
      71
      91
      86
      86
      87
      68
      85
      73
      83
     101
      83
      81
      82
      97
      83
      82
      92
      96
     101
      96
      95
      80
      84
      95
      98
      92
      83
      91
      83
      89
      82
      84
     104
     109
      92
      93
     102
      88
     105
      93
     100
      99
      96
     110
     102
      82
     106
     105
     108
     104
     109
     108
     110
      93
     101
     114
     103
     112
     117
     115
     120
     110
     116
      96
     121
     117
     109
     125
     113
     123
     112
     116
     108
     138
     102
     159
     118
     118
     124
     101
     128
     127
     128
     116
     138
     141
     144
     153
     131
     121
     143
     135
     148
     131
     133
     128
     147
     138
     150
     140
     143
     153
     142
     134
     142
     124
     130
     142
     154
     144
     140
     112
     143
     153
     150
     149
     129
     125
     148
     155
     160
     147
     137
     142
     152
     137
     164
     134
     152
     153
     178
     166
     151
     157
     140
     159
     139
     124
     158
     160
     165
     150
     158
     155
     144
     159
     159
     195
     170
     150
     161
     162
     157
     166
     184
     146
     169
     178
     167
     164
     152
     169
     180
     167
     171
     154
     172
     182
     169
     173
     162
     183
     178
     184
     169
     161
     201
     171
     146
     177
     203
     197
     161
     179
     185
     181
     189
     188
     183
     183
     186
     219
     184
     183
     194
     191
     204
     202
     193
     192
     198
     187
     189
     188
     196
     203
     209
     189
     199
     204
     188
     180
     233
     223
     205
     169
     199
     231
     214
     202
     180
     208
     186
     221
     193
     220
     207
     203
     197
     222
     228
     223
     196
     253
     198
     222
     202
     192
     208
     222
     219
     198
     223
     219
     232
     225
     201
     201
     233
     226
     232
     196
     209
     236
     196
     208
     210
     212
     231
     224
     202
     217
     219
     235
     217
     209
     256
     230
     216
     241
     213
     229
     253
     195
     248
     243
     236
     222
     227
     206
     231
     241
     260
     243
     253
     234
     229
     227
     236
     227
     253
     242
     241
     248
     234
     246
     231
     269
     245
     220
     247
     243
     245
     251
     248
     252
     247
     252
     244
     221
     223
     242
     253
     262
     238
     241
     280
     251
     246
     232
     263
     258
     252
     250
     251
     235
     263
     246
     257
     271
     257
     240
     255
     270
     267
     255
     243
     231
     215
     236
     239
     256
     265
     269
     241
     296
     222
     258
     276
     262
     253
     270
     239
     274
     262
     250
     247
     210
     264
     242
     245
     266
     272
     261
     261
     247
     261
     248
     265
     279
     258
     245
     260
     264
     274
     250
     270
     290
     270
     253
     264
     254
     246
     260
     262
     253
     264
     264
     242
     283
     268
     278
     261
     263
     252
     257
     275
     280
     248
     267
     245
     238
     285
     276
     270
     252
     279
     267
     261
     269
     265
     258
     264
     240
     258
     235
     265
     277
     251
     256
     289
     240
     265
     254
     237
     281
     260
     246
     233
     249
     214
     264
     259
     248
     269
     288
     282
     240
     256
     274
     246
     263
     262
     257
     264
     262
     274
     263
     221
     234
     251
     248
     226
     254
     251
     242
     233
     252
     272
     258
     267
     242
     235
     234
     246
     231
     274
     244
     227
     270
     265
     245
     245
     213
     218
     262
     234
     264
     256
     246
     229
     219
     243
     248
     243
     225
     214
     231
     245
     247
     235
     255
     249
     234
     217
     263
     227
     211
     219
     239
     223
     237
     233
     215
     212
     247
     228
     234
     257
     227
     247
     201
     222
     229
     202
     220
     245
     194
     204
     235
     233
     216
     211
     234
     217
     217
     236
     240
     239
     222
     216
     224
     242
     243
     225
     236
     227
     241
     196
     200
     228
     227
     240
     205
     191
     234
     214
     220
     217
     208
     220
     193
     183
     202
     225
     204
     208
     216
     190
     214
     190
     226
     224
     192
     199
     198
     185
     206
     194
     211
     206
     234
     168
     199
     218
     190
     214
     194
     196
     194
     197
     192
     205
     188
     169
     187
     181
     160
     172
     203
     166
     212
     172
     186
     181
     181
     194
     170
     178
     186
     175
     203
     177
     172
     169
     163
     176
     171
     142
     176
     169
     171
     157
     161
     169
     148
     161
     158
     167
     147
     164
     160
     167
     169
     146
     170
     173
     146
     175
     158
     158
     157
     151
     155
     166
     162
     145
     156
     139
     163
     136
     147
     153
     154
     162
     170
     161
     127
     158
     166
     159
     148
     156
     161
     148
     148
     147
     141
     129
     146
     137
     130
     129
     139
     129
     166
     143
     139
     130
     143
     146
     162
     134
     109
     142
     128
     118
     128
     125
     126
     105
     133
     142
     122
     123
     126
     111
     115
     141
     122
     107
     124
     119
     123
     108
     101
     128
     104
     111
     108
     110
     112
     119
     107
     124
     102
     117
     112
     101
     103
     112
     122
     102
     125
      99
     122
      90
     100
      94
     103
      98
     107
     104
     114
     111
     108
     108
      93
      87
      91
     104
     109
     112
      97
     103
      93
      96
      97
      96
     106
      90
      89
      91
      91
      87
      88
      77
      86
      77
      84
      91
      84
      89
      84
      95
      87
      71
      72
      77
      77
      65
      69
      58
      85
      81
      89
      64
      84
      69
      73
      83
      68
      62
      67
      77
      67
      66
      79
      79
      79
      63
      81
      63
      65
      67
      82
      63
      76
      69
      59
      55
      49
      54
      58
      66
      79
      61
      59
      69
      51
      68
      69
      58
      62
      55
      57
      41
      51
      63
      56
      54
      52
      58
      53
      61
      46
      61
      42
      53
      49
      61
      50
      55
      53
      51
      54
      42
      50
      48
      36
      43
      43
      54
      43
      42
      47
      49
      46
      43
      47
      34
      28
      52
      50
      36
      40
      47
      29
      48
      49
      43
      50
      42
      40
      46
      35
      33
      39
      34
      44
      42
      48
      36
      37
      36
      38
      38
      40
      37
      39
      41
      23
      31
      36
      26
      37
      37
      43
      29
      31
      30
      40
      36
      24
      31
      37
      24
      28
      26
      27
      20
      34
      27
      33
      24
      23
      27
      25
      29
      21
      29
      38
      29
      33
      26
      22
      25
      20
      36
      26
      23
      21
      26
      27
      31
      15
      24
      21
      30
      17
      31
      19
      21
      15
      26
      16
      26
      20
      24
      16
      25
      19
      23
      29
      25
      23
      21
      23
      16
      16
      19
      13
      19
      13
      24
      19
      31
      22
      18
      25
      15
      21
      10
      13
       9
      16
      11
      17
      16
      11
      16
      27
      15
      19
      12
       8
      10
      16
      19
      20
      17
      11
       8
       9
      13
       8
      15
      15
      15
      14
      14
      18
      17
      11
      17
      12
      12
      13
      15
      15
      14
      11
      10
      11
      13
       9
       8
      15
      13
       3
      11
      21
       6
      13
       9
      12
       7
      15
      10
       9
      10
       6
       6
       7
       7
      11
      12
       7
      12
       7
      12
       5
       7
       9
       4
      12
       8
      12
       6
       5
       9
       4
      11
       9
       3
       9
       6
       6
      12
       7
      10
       9
       7
      10
       9
       3
       5
       7
       6
       6
       9
       7
       5
       7
       7
       5
       9
       6
       5
       3
       8
       4
       3
       7
       8
       5
       7
       5
       3
       8
       3
       5
       3
       4
       1
       5
       9
       3
       6
       3
       3
       3
       3
       4
       4
       5
       3
       6
       6
       2
       5
       3
       4
       4
       7
       7
       5
       5
       3
       4
       5
       2
       1
       4
       6
       0
       4
       4
       5
       3
       2
       2
       4
       3
       4
       5
       3
       2
       5
       3
       1
       3
       2
       2
       2
       3
       3
       2
       2
       3
       2
       5
       2
       1
       3
       1
       1
       2
       0
       3
       5
       2
       1
       3
       8
       2
       1
       2
       2
       0
       1
       1
       3
       0
       2
       0
       1
       1
       2
       2
       2
       2
       4
       2
       1
       1
       4
       2
       1
       3
       0
       2
       0
       0
       1
       1
       2
       3
       2
       3
       3
       1
       1
       1
       0
       1
       1
       1
       1
       1
       1
       3
       1
       1
       3
       1
       0
       1
       2
       1
       1
       2
       2
       4
       2
       2
       2
       2
       2
       1
       2
       2
       3
       2
       1
       3
       2
       1
       1
       0
       0
       2
       1
       1
       1
       1
       0
       0
       0
       1
       3
       0
       2
       2
       0
       1
       0
       3
       3
       1
       1
       0
       1
       1
       1
       1
       0
       2
       1
       1
       3
       0
       0
       0
       1
       0
       2
       2
       0
       0
       2
       0
       0
       1
       1
       0
       0
       1
       5
       0
       3
       0
       0
       0
       1
       2
       0
       0
       0
       2
       2
       0
       1
       1
       0
       0
       0
       1
       2
       0
       2
       0
       1
       2
       1
       0
       1
       0
       0
       1
       1
       2
       3
       0
       2
       1
       3
       2
       1
       2
       1
       1
       1
       1
       1
       0
       1
       0
       2
       0
       0
       0
       0
       0
       3
       1
       1
       0
       0
       1
       0
       0
       0
       1
       0
       1
       3
       0
       1
       0
       2
       0
       0
       0
       0
       0
       0
       0
       0
       0
       1
       0
       1
       0
       1
       0
       1
       0
       0
       1
       1
       1
       0
       1
       1
       1
       0
       0
       0
       0
       0
       0
       0
       0
       0
       1
       0
       1
       1
       0
       0
       0
       0
       1
       0
       1
       2
       1
       0
       0
       0
       0
       0
       0
       0
       0
       0
       0
       0
       0
       1
       0
       1
       0
       1
       2
       2
       0
       1
       1
       1
       0
       0
       0
       1
       0
       1
       3
       0
       0
       1
       0
       0
       0
       1
       0
       0
       0
       0
       1
       1
       1
       0
       0
       0
       0
       1
       1
       1
       1
       2
       0
       1
       0
       0
       0
       0
       0
       0
       0
       0
       0
       1
       0
       2
       0
       0
       0
       1
       0
       1
       0
       0
       0
       0
       0
       0
       0
       0
       0
       0
       0
       0
       0
       0
       0
       0
       1
       1
       0
       0
       2
       0
       0
       0
       0
       0
       0
       1
       0
       0
       0
       0
       0
       0
       0
       0
       0
       1
       1
       0
       1
       1
       1
       0
       0
       0
       1
       0
       1
       0
       0
       0
       0
       0
       0
       1
       1
       0
       1
       1
       0
       1
       1
       0
       0
       0
       0
       0
       0
       1
       0
       1
       0
       0
       1
       0
       0
       0
       0
       0
       0
       1
       0
       0
       0
       1
       0
       0
       1
       0
       1
       0
       0
       0
       0
       2
       2
       2
       0
       1
       0
       1
       1
       0
       1
       1
       0
       0
       0
       0
       3
       0
       0
       0
       2
       0
       0
       0
       1
       0
       1
       2
       0
       1
       1
       1
       0
       0
       0
       1
       0
       1
       1
       0
       0
       1
       0
       0
       0
       1
       0
       0
       0
       0
       0
       0
       1
       1
       0
       0
       0
       0
       0
       1
       0
       0
       2
       0
       0
       0
       0
       0
       1
       1
       0
       0
       0
       1
       0
       1
       0
       0
       1
       0
       0
       2
       0
       0
       0
       1
       0
       0
       0
       0
       0
       0
       0
       0
       0
       0
       2
       0
       0
       0
       0
       0
       1
       0
       0
       1
       0
       0
       0
       0
       0
       0
       0
       0
       0
       0
       2
       0
       0
       0
       0
       1
       1
       1
       0
       0
       0
       0
       0
       0
       0
       0
       1
       0
       0
       0
       1
       0
       0
       2
       0
       0
       0
       0
       2
       0
       1
       1
       0
       0
       0
       2
       1
       0
       0
       0
       0
       0
       0
       1
       0
       1
       0
       0
       0
       0
       0
       0
       0
       0
       0
       0
       1
       0
       2
       1
       0
       0
       0
       0
       2
       1
       0
       0
       0
       0
       0
       1
       2
       1
       0
       0
       2
       0
       0
       0
       0
       0
       1
       0
       0
       0
       2
       0
       0
       1
       1
       1
       0
       0
       0
       1
       1
       0
       0
       1
       0
       0
       0
       1
       0
       0
       0
       0
       2
       0
       1
       0
       0
       2
       0
       0
       1
       0
       0
       1
       0
       0
       0
       0
       0
       0
       0
       0
       0
       0
       0
       2
       0
       1
       3
       0
       0
       0
       1
       0
       0
       0
       0
       0
       1
       0
       0
       1
       0
       0
       0
       0
       2
       0
       0
       0
       0
       2
       2
       0
       0
       0
       1
       1
       0
       0
       1
       2
       1
       0
       1
       2
       1
       1
       0
       1
       0
       0
       0
       0
       0
       0
       0
       1
       0
       0
       0
       0
       1
       0
       1
       0
       2
       0
       2
       1
       0
       0
       0
       0
       0
       0
       1
       0
       0
       0
       0
       0
       0
       0
       0
       0
       0
       0
       0
       0
       0
       0
       0
       0
       2
       0
       0
       0
       0
       0
       2
       1
       0
       0
       0
       2
       0
       0
       0
       1
       0
       0
       1
       0
       0
       1
       0
       2
       0
       1
       1
       0
       0
       1
       1
       0
       0
       0
       2
       0
       1
       0
       0
       0
       1
       0
       0
       0
       0
       1
       1
       0
       1
       0
       0
       0
       0
       0
       0
       1
       0
       0
       0
       0
       0
       1
       0
       0
       0
       0
       1
       0
       1
       1
       1
       0
       0
       0
       0
       0
       0
       0
       0
       0
       0
       0
       0
       0
       0
       1
       0
       1
       1
       0
       0
       0
       0
       0
       1
       0
       1
       0
       0
       1
       0
       0
       0
       0
       0
       0
       0
       1
       0
       0
       0
       0
       0
       0
       0
       1
       2
       0
       0
       0
       0
       0
       2
       0
       1
       0
       0
       0
       0
       0
       0
       0
       0
       0
       0
       0
       1
       0
       0
       0
       1
       1
       1
       0
       1
       0
       0
       0
       0
       1
       0
       2
       0
       0
       0
       1
       0
       2
       0
       0
       1
       0
       0
       0
       1
       1
       1
       0
       1
       0
       1
       0
       1
       1
       1
       0
       0
       1
       2
       0
       1
       0
       0
       0
       0
       1
       0
       0
       0
       0
       0
       0
       0
       1
       1
       0
       1
       0
       1
       0
       2
       0
       1
       0
       0
       1
       0
       0
       0
       1
       0
       0
       0
       0
       1
       0
       0
       0
       2
       0
       0
       0
       0
       0
       0
       2
       0
       0
       0
       0
       0
       1
       0
       0
       1
       0
       0
       0
       0
       1
       0
       0
       0
       0
       0
       1
       0
       0
       0
       2
       0
       0
       0
       1
       0
       0
       0
       0
       0
       1
       0
       0
       2
       1
       0
       0
       1
       0
       0
       0
       1
       1
       0
       1
       0
       0
       0
       0
       0
       1
       0
       1
       0
       1
       1
       0
       0
       0
       0
       0
       1
       0
       0
       0
       1
       0
       0
       0
       0
       0
       0
       1
       1
       2
       1
       1
       1
       0
       0
       0
       0
       0
       0
       0
       1
       0
       0
       0
       0
       0
       0
       0
       0
       0
       0
       0
       0
       0
       1
       0
       0
       0
       1
       0
       0
       1
       0
       0
       0
       0
       0
       0
       0
       0
       0
       0
       0
       0
       0
       0
       0
       0
       0
       0
       0
       0
       0
       0
       0
       0
       0
       0
       0
       0
       0
       0
       0
       0
       0
       0
       0
       0
       0
       0
       0
       0
       0
       0
       0
       0
       0
       0
       0
       0
       0
       1
       0
       0
       0
       0
       0
       0
       0
       0
       0
       0
       0
       0
       0
       0
       0
       0
       0
       0
       0
       0
       0
       0
       0
       0
       0
       0
       0
       0
       0
       0
       0
       0
       0
       0
       0
       0
       0
       0
       0
       0
       0
       0
       0
       0
       0
       0
       0
       0
       0
       0
       0
       0
       0
       0
       0
       0
       0
       0
       0
       0
       0
       0
       0
       0
       0
       0
       0
       0
       0
       0
       0
       0
       0
       0
       0
       0
       0
       0
       0
       0
       0
       0
       0
       0
       0
       0
       0
       0
       0
       0
       0
       0
       0
       0
       0
       0
       0
       0
       0
       0
       0
       0
       0
       0
       0
       0
       0
       0
       0
       0
       0
       0
       0
       0
       0
       0
       0
       0
       0
       0
       0
       0
       0
       0
       0
       0
       0
       0
       0
       0
       0
       0
       0
       0
       0
       0
       0
       0
       0
       0
       0
       0
       0
       0
       0
       0
       0
       0
       0
       0
       0
       0
       0
       0
       0
       0
       0
       0
       0
       0
       0
       0
       0
       0
       0
       0
       0
       0
       0
       0
       0
       0
       0
       0
       0
       0
       0
       0
       0
       0
       0
       0
       0
$ROI:
0
$PRESETS:
Live Time
180
0
$ENER_FIT:
0.000000 0.000000
$MCA_CAL:
3
0.000000E+000 0.000000E+000 0.000000E+000 
$SHAPE_CAL:
3
0.000000E+000 0.000000E+000 0.000000E+000
