0,000000 -0,113160 
0,100000 -0,118156 
0,200000 -0,117600 
0,300000 -0,117137 
0,400000 -0,115968 
0,500000 -0,117202 
0,600000 -0,115297 
0,700000 -0,115750 
0,800000 -0,116028 
0,900000 -0,114053 
1,000000 -0,114130 
1,100000 -0,116816 
1,200000 -0,115723 
1,300000 -0,116136 
1,400000 -0,116557 
1,500000 -0,115312 
1,600000 -0,113526 
1,700000 -0,116293 
1,800000 -0,113333 
1,900000 -0,095061 
2,000000 -0,083780 
2,100000 -0,101287 
2,200000 -0,076589 
2,300000 -0,047479 
2,400000 -0,030391 
2,500000 -0,022884 
2,600000 -0,028700 
2,700000 -0,066177 
2,800000 -0,137956 
2,900000 -0,193317 
3,000000 -0,181982 
3,100000 -0,117208 
3,200000 -0,065979 
3,300000 -0,038670 
3,400000 -0,022162 
3,500000 -0,012441 
3,600000 -0,006554 
3,700000 -0,002896 
3,800000 -0,000426 
3,900000 0,001811 
4,000000 0,002795 
4,100000 0,003008 
4,200000 0,003629 
4,300000 0,003584 
4,400000 0,003515 
4,500000 0,004632 
4,600000 0,004693 
4,700000 0,004438 
4,800000 0,004787 
4,900000 0,004917 
5,000000 0,005054 
5,100000 0,005193 
5,200000 0,004975 
5,300000 0,004935 
5,400000 0,005337 
5,500000 0,004906 
5,600000 0,005424 
5,700000 0,005345 
5,800000 0,005112 
5,900000 0,004785 
6,000000 0,004531 
6,100000 0,004963 
6,200000 0,005529 
6,300000 0,005038 
6,400000 0,004989 
6,500000 0,004797 
6,600000 0,004479 
6,700000 0,004935 
6,800000 0,005042 
6,900000 0,004745 
7,000000 0,004843 
7,100000 0,004839 
7,200000 0,004768 
7,300000 0,004742 
7,400000 0,004632 
7,500000 0,004721 
7,600000 0,004855 
7,700000 0,005053 
7,800000 0,004308 
7,900000 0,004546 
8,000000 0,004221 
8,100000 0,004113 
8,200000 0,003884 
8,300000 0,003894 
8,400000 0,004007 
8,500000 0,003743 
8,600000 0,003433 
8,700000 0,004003 
8,800000 0,004099 
8,900000 0,004590 
9,000000 0,004538 
9,100000 0,004859 
9,200000 0,004466 
9,300000 0,004695 
9,400000 0,005457 
9,500000 0,005333 
9,600000 0,005259 
9,700000 0,004977 
9,800000 0,005166 
9,900000 0,004626 
10,000000 0,004682 
10,100000 0,004576 
10,200000 0,004214 
10,300000 0,004517 
10,400000 0,004692 
10,500000 0,004668 
10,600000 0,004589 
10,700000 0,004656 
10,800000 0,005188 
10,900000 0,005125 
11,000000 0,004774 
11,100000 0,004578 
11,200000 0,005026 
11,300000 0,005249 
11,400000 0,004783 
11,500000 0,004780 
11,600000 0,004652 
11,700000 0,004484 
11,800000 0,004675 
11,900000 0,002782 
12,000000 0,000268 
12,100000 -0,003804 
12,200000 -0,007548 
12,300000 -0,009462 
12,400000 -0,011444 
12,500000 -0,011760 
12,600000 -0,009572 
12,700000 -0,005803 
12,800000 -0,002643 
12,900000 -0,000920 
13,000000 -0,000554 
13,100000 -0,002146 
13,200000 -0,002810 
13,300000 -0,003652 
13,400000 -0,003821 
13,500000 -0,004049 
13,600000 -0,002946 
13,700000 -0,001579 
13,800000 -0,000980 
13,900000 -0,002330 
14,000000 -0,006578 
14,100000 -0,011044 
14,200000 -0,015173 
14,300000 -0,017771 
14,400000 -0,018766 
14,500000 -0,018851 
14,600000 -0,015494 
14,700000 -0,010972 
14,800000 -0,009629 
14,900000 -0,013861 
15,000000 -0,025004 
15,100000 -0,038956 
15,200000 -0,050165 
15,300000 -0,058987 
15,400000 -0,062265 
15,500000 -0,061255 
15,600000 -0,050533 
15,700000 -0,037576 
15,800000 -0,034930 
15,900000 -0,047691 
16,000000 -0,077924 
16,100000 -0,108003 
16,200000 -0,133239 
16,300000 -0,152126 
16,400000 -0,158309 
16,500000 -0,150912 
16,600000 -0,126533 
16,700000 -0,119414 
16,800000 -0,179523 
16,900000 -0,340853 
17,000000 -0,608812 
17,100000 -0,851840 
17,200000 -1,017034 
17,300000 -1,084234 
17,400000 -1,043597 
17,500000 -0,919273 
17,600000 -0,661758 
17,700000 -0,547052 
17,800000 -0,867301 
17,900000 -1,695577 
18,000000 -2,899776 
18,100000 -3,779706 
18,200000 -4,163454 
18,300000 -4,263617 
18,400000 -3,975146 
18,500000 -3,118252 
18,600000 -1,700187 
18,700000 -0,725588 
18,800000 -0,341885 
18,900000 -0,190578 
19,000000 -0,117437 
19,100000 -0,079440 
19,200000 -0,060201 
19,300000 -0,047925 
19,400000 -0,039545 
19,500000 -0,030848 
19,600000 -0,022976 
19,700000 -0,017084 
19,800000 -0,016314 
19,900000 -0,020536 
20,000000 -0,026113 
20,100000 -0,031135 
20,200000 -0,033821 
20,300000 -0,035013 
20,400000 -0,034268 
20,500000 -0,028850 
20,600000 -0,019800 
20,700000 -0,011410 
20,800000 -0,006208 
20,900000 -0,002839 
21,000000 -0,001289 
21,100000 0,000313 
21,200000 0,001859 
21,300000 0,002330 
21,400000 0,002731 
21,500000 0,002636 
21,600000 0,003292 
21,700000 0,003400 
21,800000 0,002929 
21,900000 0,002356 
22,000000 0,001717 
22,100000 0,000718 
22,200000 0,000843 
22,300000 0,000604 
22,400000 0,000262 
22,500000 0,001313 
22,600000 0,002430 
22,700000 0,002938 
22,800000 0,003542 
22,900000 0,003969 
23,000000 0,003789 
23,100000 0,003703 
23,200000 0,004226 
23,300000 0,004109 
23,400000 0,004568 
23,500000 0,004416 
23,600000 0,004199 
23,700000 0,003727 
23,800000 0,002974 
23,900000 0,002833 
24,000000 0,002605 
24,100000 0,001510 
24,200000 0,000900 
24,300000 0,001174 
24,400000 0,000452 
24,500000 0,000057 
24,600000 0,001265 
24,700000 0,000771 
24,800000 -0,001015 
24,900000 -0,002461 
25,000000 -0,005028 
25,100000 -0,006487 
25,200000 -0,007381 
25,300000 -0,007674 
25,400000 -0,006907 
25,500000 -0,006198 
25,600000 -0,005629 
25,700000 -0,009017 
25,800000 -0,016154 
25,900000 -0,027767 
26,000000 -0,038166 
26,100000 -0,045356 
26,200000 -0,051338 
26,300000 -0,052499 
26,400000 -0,050700 
26,500000 -0,044291 
26,600000 -0,032635 
26,700000 -0,028550 
26,800000 -0,034667 
26,900000 -0,049279 
27,000000 -0,060175 
27,100000 -0,074479 
27,200000 -0,083659 
27,300000 -0,085702 
27,400000 -0,084679 
27,500000 -0,081426 
27,600000 -0,094104 
27,700000 -0,139973 
27,800000 -0,245686 
27,900000 -0,386319 
28,000000 -0,490569 
28,100000 -0,565212 
28,200000 -0,598475 
28,300000 -0,580710 
28,400000 -0,526842 
28,500000 -0,415714 
28,600000 -0,251559 
28,700000 -0,153005 
28,800000 -0,115248 
28,900000 -0,105647 
29,000000 -0,107103 
29,100000 -0,109829 
29,200000 -0,112219 
29,300000 -0,109130 
29,400000 -0,101608 
29,500000 -0,085539 
29,600000 -0,059933 
29,700000 -0,038625 
29,800000 -0,027580 
29,900000 -0,025591 
30,000000 -0,022795 
30,100000 -0,022194 
30,200000 -0,021497 
30,300000 -0,020809 
30,400000 -0,018402 
30,500000 -0,015379 
30,600000 -0,011809 
30,700000 -0,012436 
30,800000 -0,018437 
30,900000 -0,026427 
31,000000 -0,034139 
31,100000 -0,039170 
31,200000 -0,041878 
31,300000 -0,042291 
31,400000 -0,039735 
31,500000 -0,033009 
31,600000 -0,022494 
31,700000 -0,014641 
31,800000 -0,011739 
31,900000 -0,010287 
32,000000 -0,010180 
32,100000 -0,010448 
32,200000 -0,010449 
32,300000 -0,009181 
32,400000 -0,008541 
32,500000 -0,006237 
32,600000 -0,003538 
32,700000 -0,000809 
32,800000 0,001479 
32,900000 0,001868 
33,000000 0,002574 
33,100000 0,002632 
33,200000 0,002839 
33,300000 0,003108 
33,400000 0,002970 
33,500000 0,003466 
33,600000 0,003493 
33,700000 0,004019 
33,800000 0,003728 
33,900000 0,003853 
34,000000 0,003799 
34,100000 0,003835 
34,200000 0,003978 
34,300000 0,004000 
34,400000 0,004271 
34,500000 0,004645 
34,600000 0,005059 
34,700000 0,004938 
34,800000 0,004716 
34,900000 0,004508 
35,000000 0,005052 
35,100000 0,005216 
35,200000 0,005075 
35,300000 0,005041 
35,400000 0,005130 
35,500000 0,004838 
35,600000 0,004573 
35,700000 0,004415 
35,800000 0,003985 
35,900000 0,003633 
36,000000 0,003078 
36,100000 0,002893 
36,200000 0,002945 
36,300000 0,003172 
36,400000 0,003143 
36,500000 0,003539 
36,600000 0,003870 
36,700000 0,003545 
36,800000 0,003083 
36,900000 0,002282 
37,000000 0,001667 
37,100000 0,001205 
37,200000 0,001018 
37,300000 0,000975 
37,400000 0,001250 
37,500000 0,001971 
37,600000 0,002635 
37,700000 0,002530 
37,800000 0,002104 
37,900000 0,000823 
38,000000 -0,000655 
38,100000 -0,001508 
38,200000 -0,002140 
38,300000 -0,002219 
38,400000 -0,001958 
38,500000 -0,001554 
38,600000 -0,001490 
38,700000 -0,002941 
38,800000 -0,009197 
38,900000 -0,016408 
39,000000 -0,023088 
39,100000 -0,027279 
39,200000 -0,030380 
39,300000 -0,031176 
39,400000 -0,029683 
39,500000 -0,024307 
39,600000 -0,016290 
39,700000 -0,009962 
39,800000 -0,007860 
39,900000 -0,008011 
40,000000 -0,009002 
40,100000 -0,010052 
40,200000 -0,010915 
40,300000 -0,010587 
40,400000 -0,009795 
40,500000 -0,008733 
40,600000 -0,008068 
40,700000 -0,012255 
40,800000 -0,021296 
40,900000 -0,040826 
41,000000 -0,059344 
41,100000 -0,074070 
41,200000 -0,083808 
41,300000 -0,085973 
41,400000 -0,082516 
41,500000 -0,068316 
41,600000 -0,045844 
41,700000 -0,031550 
41,800000 -0,024396 
41,900000 -0,025438 
42,000000 -0,028485 
42,100000 -0,031065 
42,200000 -0,034846 
42,300000 -0,034349 
42,400000 -0,032835 
42,500000 -0,030183 
42,600000 -0,026434 
42,700000 -0,031017 
42,800000 -0,047188 
42,900000 -0,086286 
43,000000 -0,125564 
43,100000 -0,157389 
43,200000 -0,177659 
43,300000 -0,185304 
43,400000 -0,175759 
43,500000 -0,151454 
43,600000 -0,109540 
43,700000 -0,082268 
43,800000 -0,078245 
43,900000 -0,094200 
44,000000 -0,112393 
44,100000 -0,125474 
44,200000 -0,131842 
44,300000 -0,130201 
44,400000 -0,119737 
44,500000 -0,089797 
44,600000 -0,058791 
44,700000 -0,037058 
44,800000 -0,026024 
44,900000 -0,022726 
45,000000 -0,022179 
45,100000 -0,022580 
45,200000 -0,022805 
45,300000 -0,022526 
45,400000 -0,020526 
45,500000 -0,016171 
45,600000 -0,010023 
45,700000 -0,006683 
45,800000 -0,004501 
45,900000 -0,003887 
46,000000 -0,003968 
46,100000 -0,005280 
46,200000 -0,004827 
46,300000 -0,004810 
46,400000 -0,004197 
46,500000 -0,003248 
46,600000 -0,001348 
46,700000 0,000361 
46,800000 0,001102 
46,900000 0,000951 
47,000000 0,000474 
47,100000 -0,000169 
47,200000 -0,000707 
47,300000 -0,000624 
47,400000 -0,000042 
47,500000 0,001524 
47,600000 0,002357 
47,700000 0,002790 
47,800000 0,003118 
47,900000 0,003597 
48,000000 0,003582 
48,100000 0,003963 
48,200000 0,003643 
48,300000 0,003803 
48,400000 0,003706 
48,500000 0,003903 
48,600000 0,004305 
48,700000 0,005298 
48,800000 0,004545 
48,900000 0,004133 
49,000000 0,004057 
49,100000 0,004126 
49,200000 0,004065 
49,300000 0,004095 
49,400000 0,004019 
49,500000 0,004681 
49,600000 0,004702 
49,700000 0,004013 
49,800000 0,003498 
49,900000 0,003147 
50,000000 0,002474 
50,100000 0,001703 
50,200000 0,000941 
50,300000 0,000791 
50,400000 0,001134 
50,500000 0,001923 
50,600000 0,002691 
50,700000 0,002857 
50,800000 0,002689 
50,900000 0,002355 
51,000000 0,001207 
51,100000 -0,000034 
51,200000 -0,000783 
51,300000 -0,001008 
51,400000 -0,001003 
51,500000 0,000469 
51,600000 0,002267 
51,700000 0,002928 
51,800000 0,003625 
51,900000 0,003679 
52,000000 0,003517 
52,100000 0,003258 
52,200000 0,003020 
52,300000 0,002943 
52,400000 0,003084 
52,500000 0,003278 
52,600000 0,003339 
52,700000 0,003517 
52,800000 0,003568 
52,900000 0,002743 
53,000000 0,001878 
53,100000 0,000849 
53,200000 -0,000453 
53,300000 -0,001041 
53,400000 -0,001012 
53,500000 -0,000167 
53,600000 0,001567 
53,700000 0,002756 
53,800000 0,003152 
53,900000 0,002859 
54,000000 0,002799 
54,100000 0,002357 
54,200000 0,001528 
54,300000 0,001145 
54,400000 0,001247 
54,500000 0,001568 
54,600000 0,001764 
54,700000 0,001770 
54,800000 -0,000853 
54,900000 -0,004919 
55,000000 -0,011030 
55,100000 -0,017586 
55,200000 -0,022744 
55,300000 -0,026443 
55,400000 -0,025724 
55,500000 -0,024271 
55,600000 -0,016669 
55,700000 -0,010841 
55,800000 -0,008034 
55,900000 -0,009036 
56,000000 -0,013235 
56,100000 -0,017598 
56,200000 -0,022153 
56,300000 -0,024935 
56,400000 -0,025262 
56,500000 -0,022955 
56,600000 -0,017841 
56,700000 -0,015082 
56,800000 -0,017544 
56,900000 -0,028207 
57,000000 -0,048121 
57,100000 -0,071979 
57,200000 -0,093850 
57,300000 -0,108381 
57,400000 -0,112626 
57,500000 -0,102754 
57,600000 -0,077245 
57,700000 -0,048979 
57,800000 -0,031531 
57,900000 -0,021490 
58,000000 -0,016853 
58,100000 -0,015514 
58,200000 -0,014914 
58,300000 -0,014345 
58,400000 -0,012741 
58,500000 -0,011378 
58,600000 -0,007244 
58,700000 -0,003719 
58,800000 -0,001469 
58,900000 0,000458 
59,000000 0,001393 
59,100000 0,001899 
59,200000 0,002021 
59,300000 0,001895 
59,400000 0,002292 
59,500000 0,002414 
59,600000 0,002723 
59,700000 0,003363 
59,800000 0,003320 
59,900000 0,003134 
60,000000 0,003033 
60,100000 0,004116 
60,200000 0,003258 
60,300000 0,002898 
60,400000 0,002911 
60,500000 0,003112 
60,600000 0,003725 
60,700000 0,004158 
60,800000 0,004388 
60,900000 0,004674 
61,000000 0,004409 
61,100000 0,004520 
61,200000 0,004664 
61,300000 0,004237 
61,400000 0,004147 
61,500000 0,004184 
61,600000 0,004825 
61,700000 0,004976 
61,800000 0,005012 
61,900000 0,004835 
62,000000 0,005088 
62,100000 0,005009 
62,200000 0,004656 
62,300000 0,004718 
62,400000 0,005216 
62,500000 0,004634 
62,600000 0,004651 
62,700000 0,004969 
62,800000 0,004732 
62,900000 0,004902 
63,000000 0,004614 
63,100000 0,004982 
63,200000 0,004890 
63,300000 0,004410 
63,400000 0,004092 
63,500000 0,004264 
63,600000 0,004835 
63,700000 0,004820 
63,800000 0,004728 
63,900000 0,004624 
64,000000 0,004767 
64,100000 0,004781 
64,200000 0,004585 
64,300000 0,004872 
64,400000 0,004431 
64,500000 0,004623 
64,600000 0,004520 
64,700000 0,004735 
64,800000 0,004809 
64,900000 0,004608 
65,000000 0,004579 
65,100000 0,004219 
65,200000 0,004036 
65,300000 0,004035 
65,400000 0,003675 
65,500000 0,003623 
65,600000 0,003566 
65,700000 0,004005 
65,800000 0,004662 
65,900000 0,004584 
66,000000 0,003897 
66,100000 0,004126 
66,200000 0,003512 
66,300000 0,003303 
66,400000 0,003323 
66,500000 0,003356 
66,600000 0,003857 
66,700000 0,004059 
66,800000 0,004517 
66,900000 0,003921 
67,000000 0,003419 
67,100000 0,003060 
67,200000 0,002369 
67,300000 0,001864 
67,400000 0,001460 
67,500000 0,001786 
67,600000 0,002301 
67,700000 0,003178 
67,800000 0,003635 
67,900000 0,003889 
68,000000 0,003702 
68,100000 0,003428 
68,200000 0,003161 
68,300000 0,002969 
68,400000 0,003045 
68,500000 0,002754 
68,600000 0,002675 
68,700000 0,002782 
68,800000 0,002747 
68,900000 0,000735 
69,000000 -0,002733 
69,100000 -0,007369 
69,200000 -0,012307 
69,300000 -0,016068 
69,400000 -0,016954 
69,500000 -0,015715 
69,600000 -0,011408 
69,700000 -0,006926 
69,800000 -0,003559 
69,900000 -0,001668 
70,000000 -0,002074 
70,100000 -0,003329 
70,200000 -0,006504 
70,300000 -0,009120 
70,400000 -0,011599 
70,500000 -0,011804 
70,600000 -0,010267 
70,700000 -0,006661 
70,800000 -0,003518 
70,900000 -0,003061 
71,000000 -0,006247 
71,100000 -0,011429 
71,200000 -0,020380 
71,300000 -0,028747 
71,400000 -0,035140 
71,500000 -0,036370 
71,600000 -0,032417 
71,700000 -0,022412 
71,800000 -0,013229 
71,900000 -0,007171 
72,000000 -0,003498 
72,100000 -0,001388 
72,200000 -0,000329 
72,300000 -0,000149 
72,400000 0,000728 
72,500000 0,000980 
72,600000 0,001189 
72,700000 0,002216 
72,800000 0,003021 
72,900000 0,003906 
73,000000 0,003786 
73,100000 0,003356 
73,200000 0,003473 
73,300000 0,003695 
73,400000 0,003468 
73,500000 0,003683 
73,600000 0,004022 
73,700000 0,004202 
73,800000 0,004443 
73,900000 0,004595 
74,000000 0,004557 
74,100000 0,004482 
74,200000 0,004716 
74,300000 0,004143 
74,400000 0,004204 
74,500000 0,004544 
74,600000 0,004029 
74,700000 0,004170 
74,800000 0,004691 
74,900000 0,004837 
75,000000 0,004892 
75,100000 0,005739 
75,200000 0,005271 
75,300000 0,004952 
75,400000 0,004524 
75,500000 0,004496 
75,600000 0,004105 
75,700000 0,003989 
75,800000 0,004599 
75,900000 0,004495 
76,000000 0,004623 
76,100000 0,004228 
76,200000 0,004427 
76,300000 0,004632 
76,400000 0,004728 
76,500000 0,004260 
76,600000 0,005504 
76,700000 0,004962 
76,800000 0,004240 
76,900000 0,004141 
77,000000 0,004624 
77,100000 0,004252 
77,200000 0,004175 
77,300000 0,004262 
77,400000 0,004126 
77,500000 0,003787 
77,600000 0,004064 
77,700000 0,004198 
77,800000 0,004395 
77,900000 0,004407 
78,000000 0,004284 
78,100000 0,004375 
78,200000 0,004967 
78,300000 0,004768 
78,400000 0,004185 
78,500000 0,003838 
78,600000 0,004458 
78,700000 0,004596 
78,800000 0,004796 
78,900000 0,004345 
79,000000 0,004668 
79,100000 0,004654 
79,200000 0,004433 
79,300000 0,004014 
79,400000 0,003723 
79,500000 0,003291 
79,600000 0,003281 
79,700000 0,004062 
79,800000 0,004081 
79,900000 0,004721 
80,000000 0,004133 
80,100000 0,005565 
80,200000 0,004311 
80,300000 0,004806 
80,400000 0,004776 
80,500000 0,004598 
80,600000 0,004595 
80,700000 0,004205 
80,800000 0,004406 
80,900000 0,004402 
81,000000 0,004663 
81,100000 0,004661 
81,200000 0,004183 
81,300000 0,003544 
81,400000 0,003414 
81,500000 0,003415 
81,600000 0,003973 
81,700000 0,004051 
81,800000 0,004233 
81,900000 0,004358 
82,000000 0,004431 
82,100000 0,004101 
82,200000 0,003908 
82,300000 0,003383 
82,400000 0,003316 
82,500000 0,003331 
82,600000 0,003401 
82,700000 0,003490 
82,800000 0,003938 
82,900000 0,004204 
83,000000 0,004076 
83,100000 0,003975 
83,200000 0,003361 
83,300000 0,002687 
83,400000 0,001966 
83,500000 0,001255 
83,600000 0,000549 
83,700000 0,001402 
83,800000 0,002877 
83,900000 0,003051 
84,000000 0,003311 
84,100000 0,004116 
84,200000 0,003711 
84,300000 0,001890 
84,400000 0,000536 
84,500000 -0,000671 
84,600000 -0,002078 
84,700000 -0,001066 
84,800000 0,000856 
84,900000 0,002730 
85,000000 0,002572 
85,100000 0,002373 
85,200000 0,001569 
85,300000 -0,001421 
85,400000 -0,005165 
85,500000 -0,008227 
85,600000 -0,010411 
85,700000 -0,008114 
85,800000 -0,004064 
85,900000 -0,001074 
86,000000 0,001293 
86,100000 0,002124 
86,200000 0,002475 
86,300000 0,002874 
86,400000 0,003208 
86,500000 0,003023 
86,600000 0,003094 
86,700000 0,003111 
86,800000 0,004150 
86,900000 0,004338 
87,000000 0,004311 
87,100000 0,003959 
87,200000 0,004300 
87,300000 0,004337 
87,400000 0,004511 
87,500000 0,004501 
87,600000 0,004900 
87,700000 0,004096 
87,800000 0,004080 
87,900000 0,005121 
88,000000 0,004926 
88,100000 0,003899 
88,200000 0,004589 
88,300000 0,004225 
88,400000 0,005059 
88,500000 0,004356 
88,600000 0,003564 
88,700000 0,005059 
88,800000 0,005161 
88,900000 0,004162 
89,000000 0,004240 
89,100000 0,004762 
89,200000 0,004281 
89,300000 0,004261 
89,400000 0,004866 
89,500000 0,004748 
89,600000 0,004504 
89,700000 0,004896 
89,800000 0,005021 
89,900000 0,005100 
90,000000 0,004746 
90,100000 0,004823 
90,200000 0,004134 
90,300000 0,004251 
90,400000 0,005858 
90,500000 0,004919 
90,600000 0,005738 
90,700000 0,005266 
90,800000 0,004733 
90,900000 0,004465 
91,000000 0,004016 
91,100000 0,004376 
91,200000 0,004446 
91,300000 0,004087 
91,400000 0,004355 
91,500000 0,005164 
91,600000 0,004653 
91,700000 0,004293 
91,800000 0,004709 
91,900000 0,004353 
92,000000 0,005243 
92,100000 0,004175 
92,200000 0,004559 
92,300000 0,004688 
92,400000 0,004662 
92,500000 0,004579 
92,600000 0,004500 
92,700000 0,004699 
92,800000 0,004141 
92,900000 0,004536 
93,000000 0,004805 
93,100000 0,004833 
93,200000 0,004721 
93,300000 0,005236 
93,400000 0,004903 
93,500000 0,004684 
93,600000 0,004215 
93,700000 0,004229 
93,800000 0,004637 
93,900000 0,004652 
94,000000 0,004594 
94,100000 0,004451 
94,200000 0,004767 
94,300000 0,004602 
94,400000 0,005062 
94,500000 0,004769 
94,600000 0,004947 
94,700000 0,004340 
94,800000 0,004413 
94,900000 0,004133 
95,000000 0,004441 
95,100000 0,004872 
95,200000 0,005076 
95,300000 0,004527 
95,400000 0,004558 
95,500000 0,003689 
95,600000 0,003984 
95,700000 0,004105 
95,800000 0,004268 
95,900000 0,004234 
96,000000 0,004584 
96,100000 0,004625 
96,200000 0,004462 
96,300000 0,004882 
96,400000 0,004474 
96,500000 0,004189 
96,600000 0,004120 
96,700000 0,004132 
96,800000 0,004240 
96,900000 0,004707 
97,000000 0,004509 
97,100000 0,004370 
97,200000 0,004595 
97,300000 0,004517 
97,400000 0,004051 
97,500000 0,003340 
97,600000 0,003067 
97,700000 0,003055 
97,800000 0,003422 
97,900000 0,003790 
98,000000 0,004020 
98,100000 0,004314 
98,200000 0,004635 
98,300000 0,005228 
98,400000 0,005183 
98,500000 0,005016 
98,600000 0,005014 
98,700000 0,005271 
98,800000 0,005116 
98,900000 0,004907 
99,000000 0,004891 
99,100000 0,004854 
99,200000 0,004853 
99,300000 0,005008 
99,400000 0,005027 
99,500000 0,005118 
99,600000 0,004920 
99,700000 0,005014 
99,800000 0,005029 
99,900000 0,004686 
100,000000 0,004892 
