0,000000 -0,077113 
0,100000 -0,077246 
0,200000 -0,076244 
0,300000 -0,076622 
0,400000 -0,080094 
0,500000 -0,078986 
0,600000 -0,078764 
0,700000 -0,076860 
0,800000 -0,077180 
0,900000 -0,076822 
1,000000 -0,078072 
1,100000 -0,077021 
1,200000 -0,075639 
1,300000 -0,076144 
1,400000 -0,076773 
1,500000 -0,077056 
1,600000 -0,077106 
1,700000 -0,076325 
1,800000 -0,076818 
1,900000 -0,064015 
2,000000 -0,056653 
2,100000 -0,070829 
2,200000 -0,055418 
2,300000 -0,034425 
2,400000 -0,022110 
2,500000 -0,017147 
2,600000 -0,017056 
2,700000 -0,039515 
2,800000 -0,088001 
2,900000 -0,119290 
3,000000 -0,114932 
3,100000 -0,076900 
3,200000 -0,045531 
3,300000 -0,027892 
3,400000 -0,016852 
3,500000 -0,010291 
3,600000 -0,006165 
3,700000 -0,002656 
3,800000 -0,000221 
3,900000 0,002050 
4,000000 0,002698 
4,100000 0,003159 
4,200000 0,003203 
4,300000 0,003624 
4,400000 0,003139 
4,500000 0,003455 
4,600000 0,003665 
4,700000 0,003757 
4,800000 0,003898 
4,900000 0,004102 
5,000000 0,004268 
5,100000 0,004175 
5,200000 0,004272 
5,300000 0,004224 
5,400000 0,003988 
5,500000 0,004200 
5,600000 0,004028 
5,700000 0,004211 
5,800000 0,004264 
5,900000 0,004592 
6,000000 0,004414 
6,100000 0,004556 
6,200000 0,004165 
6,300000 0,004393 
6,400000 0,004632 
6,500000 0,005049 
6,600000 0,003887 
6,700000 0,004279 
6,800000 0,003970 
6,900000 0,003999 
7,000000 0,004122 
7,100000 0,004285 
7,200000 0,004272 
7,300000 0,004419 
7,400000 0,004304 
7,500000 0,004156 
7,600000 0,004269 
7,700000 0,004518 
7,800000 0,004466 
7,900000 0,004783 
8,000000 0,004738 
8,100000 0,004263 
8,200000 0,004482 
8,300000 0,004023 
8,400000 0,003571 
8,500000 0,003844 
8,600000 0,003837 
8,700000 0,003669 
8,800000 0,003802 
8,900000 0,004073 
9,000000 0,004056 
9,100000 0,004603 
9,200000 0,005038 
9,300000 0,004368 
9,400000 0,005583 
9,500000 0,005496 
9,600000 0,004849 
9,700000 0,005038 
9,800000 0,004803 
9,900000 0,004254 
10,000000 0,004731 
10,100000 0,004778 
10,200000 0,005434 
10,300000 0,004348 
10,400000 0,004821 
10,500000 0,005438 
10,600000 0,005511 
10,700000 0,004977 
10,800000 0,004427 
10,900000 0,004001 
11,000000 0,004752 
11,100000 0,004875 
11,200000 0,004706 
11,300000 0,004718 
11,400000 0,004778 
11,500000 0,003931 
11,600000 0,004771 
11,700000 0,004792 
11,800000 0,004490 
11,900000 0,003656 
12,000000 0,002447 
12,100000 -0,000739 
12,200000 -0,003088 
12,300000 -0,004684 
12,400000 -0,005539 
12,500000 -0,005137 
12,600000 -0,003704 
12,700000 -0,001324 
12,800000 0,000752 
12,900000 0,002255 
13,000000 0,002300 
13,100000 0,001630 
13,200000 0,000795 
13,300000 0,000027 
13,400000 0,000113 
13,500000 0,000035 
13,600000 0,000488 
13,700000 0,001555 
13,800000 0,001960 
13,900000 0,000998 
14,000000 -0,001617 
14,100000 -0,004901 
14,200000 -0,007419 
14,300000 -0,009380 
14,400000 -0,010094 
14,500000 -0,009521 
14,600000 -0,007100 
14,700000 -0,003938 
14,800000 -0,002830 
14,900000 -0,005088 
15,000000 -0,010859 
15,100000 -0,018722 
15,200000 -0,025761 
15,300000 -0,031529 
15,400000 -0,033585 
15,500000 -0,032249 
15,600000 -0,026626 
15,700000 -0,019367 
15,800000 -0,017231 
15,900000 -0,025071 
16,000000 -0,041814 
16,100000 -0,062120 
16,200000 -0,079727 
16,300000 -0,092722 
16,400000 -0,095917 
16,500000 -0,091780 
16,600000 -0,078133 
16,700000 -0,071255 
16,800000 -0,105047 
16,900000 -0,189884 
17,000000 -0,352120 
17,100000 -0,524278 
17,200000 -0,643753 
17,300000 -0,709001 
17,400000 -0,690481 
17,500000 -0,604890 
17,600000 -0,433657 
17,700000 -0,355721 
17,800000 -0,513484 
17,900000 -0,963367 
18,000000 -1,729438 
18,100000 -2,386683 
18,200000 -2,749804 
18,300000 -2,898744 
18,400000 -2,726247 
18,500000 -2,152787 
18,600000 -1,178917 
18,700000 -0,526294 
18,800000 -0,259518 
18,900000 -0,147628 
19,000000 -0,092643 
19,100000 -0,063135 
19,200000 -0,046545 
19,300000 -0,036576 
19,400000 -0,029361 
19,500000 -0,023887 
19,600000 -0,017029 
19,700000 -0,012270 
19,800000 -0,011245 
19,900000 -0,012435 
20,000000 -0,016274 
20,100000 -0,019912 
20,200000 -0,021771 
20,300000 -0,022743 
20,400000 -0,022135 
20,500000 -0,017762 
20,600000 -0,012094 
20,700000 -0,006475 
20,800000 -0,003685 
20,900000 -0,001238 
21,000000 0,000152 
21,100000 0,001517 
21,200000 0,002211 
21,300000 0,002815 
21,400000 0,003050 
21,500000 0,002906 
21,600000 0,003102 
21,700000 0,003015 
21,800000 0,003676 
21,900000 0,003223 
22,000000 0,002790 
22,100000 0,002429 
22,200000 0,002284 
22,300000 0,001797 
22,400000 0,001989 
22,500000 0,002443 
22,600000 0,003161 
22,700000 0,003625 
22,800000 0,003266 
22,900000 0,003814 
23,000000 0,004117 
23,100000 0,004139 
23,200000 0,004731 
23,300000 0,004377 
23,400000 0,004394 
23,500000 0,004827 
23,600000 0,004633 
23,700000 0,003964 
23,800000 0,003537 
23,900000 0,002848 
24,000000 0,002496 
24,100000 0,002337 
24,200000 0,002320 
24,300000 0,002226 
24,400000 0,002276 
24,500000 0,002580 
24,600000 0,002887 
24,700000 0,002824 
24,800000 0,002184 
24,900000 0,000761 
25,000000 -0,000579 
25,100000 -0,001705 
25,200000 -0,002409 
25,300000 -0,002565 
25,400000 -0,002613 
25,500000 -0,002167 
25,600000 -0,001822 
25,700000 -0,003336 
25,800000 -0,006964 
25,900000 -0,012834 
26,000000 -0,019312 
26,100000 -0,024373 
26,200000 -0,026682 
26,300000 -0,027366 
26,400000 -0,027539 
26,500000 -0,025645 
26,600000 -0,018383 
26,700000 -0,015648 
26,800000 -0,017652 
26,900000 -0,024854 
27,000000 -0,032777 
27,100000 -0,040226 
27,200000 -0,045083 
27,300000 -0,046968 
27,400000 -0,048304 
27,500000 -0,046429 
27,600000 -0,052174 
27,700000 -0,078562 
27,800000 -0,129206 
27,900000 -0,203953 
28,000000 -0,275972 
28,100000 -0,328183 
28,200000 -0,357599 
28,300000 -0,352928 
28,400000 -0,325337 
28,500000 -0,255095 
28,600000 -0,162130 
28,700000 -0,100012 
28,800000 -0,073498 
28,900000 -0,064483 
29,000000 -0,061297 
29,100000 -0,062598 
29,200000 -0,062276 
29,300000 -0,061112 
29,400000 -0,057307 
29,500000 -0,047512 
29,600000 -0,033479 
29,700000 -0,022408 
29,800000 -0,016147 
29,900000 -0,013336 
30,000000 -0,013028 
30,100000 -0,012541 
30,200000 -0,012434 
30,300000 -0,011707 
30,400000 -0,010441 
30,500000 -0,008157 
30,600000 -0,006393 
30,700000 -0,006067 
30,800000 -0,007748 
30,900000 -0,012063 
31,000000 -0,016168 
31,100000 -0,019788 
31,200000 -0,021841 
31,300000 -0,021791 
31,400000 -0,020556 
31,500000 -0,016994 
31,600000 -0,010914 
31,700000 -0,006901 
31,800000 -0,005121 
31,900000 -0,005259 
32,000000 -0,006071 
32,100000 -0,006097 
32,200000 -0,006492 
32,300000 -0,005795 
32,400000 -0,004974 
32,500000 -0,003023 
32,600000 -0,001038 
32,700000 0,000766 
32,800000 0,002149 
32,900000 0,002531 
33,000000 0,002763 
33,100000 0,002383 
33,200000 0,002971 
33,300000 0,002732 
33,400000 0,003613 
33,500000 0,003470 
33,600000 0,003838 
33,700000 0,003480 
33,800000 0,003701 
33,900000 0,004021 
34,000000 0,003218 
34,100000 0,002814 
34,200000 0,003802 
34,300000 0,003803 
34,400000 0,004305 
34,500000 0,004277 
34,600000 0,004046 
34,700000 0,003747 
34,800000 0,004116 
34,900000 0,003916 
35,000000 0,004249 
35,100000 0,004028 
35,200000 0,003986 
35,300000 0,004248 
35,400000 0,004199 
35,500000 0,003991 
35,600000 0,004125 
35,700000 0,004031 
35,800000 0,003653 
35,900000 0,003258 
36,000000 0,002833 
36,100000 0,002886 
36,200000 0,003037 
36,300000 0,003115 
36,400000 0,003581 
36,500000 0,003279 
36,600000 0,003989 
36,700000 0,003875 
36,800000 0,003249 
36,900000 0,002908 
37,000000 0,002469 
37,100000 0,002463 
37,200000 0,002274 
37,300000 0,002668 
37,400000 0,002493 
37,500000 0,002801 
37,600000 0,002912 
37,700000 0,003067 
37,800000 0,002586 
37,900000 0,002349 
38,000000 0,001527 
38,100000 0,000434 
38,200000 0,000310 
38,300000 0,000517 
38,400000 0,000488 
38,500000 0,001047 
38,600000 0,000884 
38,700000 -0,000180 
38,800000 -0,003560 
38,900000 -0,007367 
39,000000 -0,011042 
39,100000 -0,013636 
39,200000 -0,015543 
39,300000 -0,016347 
39,400000 -0,015610 
39,500000 -0,012210 
39,600000 -0,007758 
39,700000 -0,003972 
39,800000 -0,002615 
39,900000 -0,002905 
40,000000 -0,003514 
40,100000 -0,004140 
40,200000 -0,004682 
40,300000 -0,004774 
40,400000 -0,004407 
40,500000 -0,004366 
40,600000 -0,003860 
40,700000 -0,006191 
40,800000 -0,010701 
40,900000 -0,019975 
41,000000 -0,030094 
41,100000 -0,038502 
41,200000 -0,043828 
41,300000 -0,045528 
41,400000 -0,044084 
41,500000 -0,037493 
41,600000 -0,026032 
41,700000 -0,017837 
41,800000 -0,013616 
41,900000 -0,013643 
42,000000 -0,015311 
42,100000 -0,016490 
42,200000 -0,017004 
42,300000 -0,017639 
42,400000 -0,017110 
42,500000 -0,015738 
42,600000 -0,013586 
42,700000 -0,016180 
42,800000 -0,023838 
42,900000 -0,042911 
43,000000 -0,062490 
43,100000 -0,079764 
43,200000 -0,092363 
43,300000 -0,096579 
43,400000 -0,093296 
43,500000 -0,081337 
43,600000 -0,060245 
43,700000 -0,047034 
43,800000 -0,045600 
43,900000 -0,055451 
44,000000 -0,067686 
44,100000 -0,075404 
44,200000 -0,080882 
44,300000 -0,080395 
44,400000 -0,073084 
44,500000 -0,055226 
44,600000 -0,035929 
44,700000 -0,023445 
44,800000 -0,016600 
44,900000 -0,013905 
45,000000 -0,012948 
45,100000 -0,012393 
45,200000 -0,012407 
45,300000 -0,011904 
45,400000 -0,011038 
45,500000 -0,008403 
45,600000 -0,005257 
45,700000 -0,002834 
45,800000 -0,001554 
45,900000 -0,001375 
46,000000 -0,001362 
46,100000 -0,001715 
46,200000 -0,001916 
46,300000 -0,002293 
46,400000 -0,001676 
46,500000 -0,000846 
46,600000 0,000330 
46,700000 0,001541 
46,800000 0,001740 
46,900000 0,001767 
47,000000 0,001570 
47,100000 0,001164 
47,200000 0,001121 
47,300000 0,001145 
47,400000 0,001104 
47,500000 0,002187 
47,600000 0,002639 
47,700000 0,002930 
47,800000 0,002687 
47,900000 0,002894 
48,000000 0,002875 
48,100000 0,002995 
48,200000 0,003073 
48,300000 0,003155 
48,400000 0,003346 
48,500000 0,003250 
48,600000 0,003488 
48,700000 0,003393 
48,800000 0,003271 
48,900000 0,003672 
49,000000 0,003363 
49,100000 0,003190 
49,200000 0,003496 
49,300000 0,003073 
49,400000 0,003439 
49,500000 0,003258 
49,600000 0,003078 
49,700000 0,003248 
49,800000 0,002850 
49,900000 0,002734 
50,000000 0,002419 
50,100000 0,002146 
50,200000 0,002326 
50,300000 0,002348 
50,400000 0,001905 
50,500000 0,001962 
50,600000 0,002456 
50,700000 0,002434 
50,800000 0,002663 
50,900000 0,002431 
51,000000 0,001761 
51,100000 0,001440 
51,200000 0,000762 
51,300000 0,001206 
51,400000 0,001015 
51,500000 0,001678 
51,600000 0,002230 
51,700000 0,002461 
51,800000 0,002759 
51,900000 0,002802 
52,000000 0,002883 
52,100000 0,002794 
52,200000 0,002859 
52,300000 0,002784 
52,400000 0,002863 
52,500000 0,003150 
52,600000 0,003039 
52,700000 0,003366 
52,800000 0,002899 
52,900000 0,002669 
53,000000 0,002311 
53,100000 0,001745 
53,200000 0,001203 
53,300000 0,000749 
53,400000 0,000590 
53,500000 0,001394 
53,600000 0,001957 
53,700000 0,002841 
53,800000 0,002908 
53,900000 0,002725 
54,000000 0,002798 
54,100000 0,002172 
54,200000 0,002141 
54,300000 0,002125 
54,400000 0,001591 
54,500000 0,001886 
54,600000 0,002247 
54,700000 0,001910 
54,800000 0,000811 
54,900000 -0,001642 
55,000000 -0,004849 
55,100000 -0,008261 
55,200000 -0,011365 
55,300000 -0,012881 
55,400000 -0,012895 
55,500000 -0,011928 
55,600000 -0,007825 
55,700000 -0,005042 
55,800000 -0,003028 
55,900000 -0,003678 
56,000000 -0,006141 
56,100000 -0,008224 
56,200000 -0,010913 
56,300000 -0,012375 
56,400000 -0,013098 
56,500000 -0,012187 
56,600000 -0,009311 
56,700000 -0,007418 
56,800000 -0,009507 
56,900000 -0,015288 
57,000000 -0,025427 
57,100000 -0,038208 
57,200000 -0,050261 
57,300000 -0,059112 
57,400000 -0,061230 
57,500000 -0,056312 
57,600000 -0,042622 
57,700000 -0,027489 
57,800000 -0,017669 
57,900000 -0,011876 
58,000000 -0,008147 
58,100000 -0,007169 
58,200000 -0,007029 
58,300000 -0,006425 
58,400000 -0,006024 
58,500000 -0,004690 
58,600000 -0,002488 
58,700000 -0,000182 
58,800000 0,001519 
58,900000 0,002666 
59,000000 0,002451 
59,100000 0,002702 
59,200000 0,002645 
59,300000 0,002584 
59,400000 0,002590 
59,500000 0,003003 
59,600000 0,003309 
59,700000 0,003532 
59,800000 0,004304 
59,900000 0,004076 
60,000000 0,003197 
60,100000 0,002853 
60,200000 0,002941 
60,300000 0,002764 
60,400000 0,002591 
60,500000 0,002749 
60,600000 0,003292 
60,700000 0,003744 
60,800000 0,003723 
60,900000 0,003261 
61,000000 0,003203 
61,100000 0,003445 
61,200000 0,003301 
61,300000 0,003347 
61,400000 0,003505 
61,500000 0,003550 
61,600000 0,003698 
61,700000 0,003532 
61,800000 0,003767 
61,900000 0,003679 
62,000000 0,003756 
62,100000 0,003246 
62,200000 0,003555 
62,300000 0,003720 
62,400000 0,004206 
62,500000 0,004392 
62,600000 0,003785 
62,700000 0,005104 
62,800000 0,004252 
62,900000 0,004359 
63,000000 0,003804 
63,100000 0,004364 
63,200000 0,003979 
63,300000 0,003874 
63,400000 0,003860 
63,500000 0,003735 
63,600000 0,003754 
63,700000 0,003591 
63,800000 0,003602 
63,900000 0,003827 
64,000000 0,004030 
64,100000 0,003903 
64,200000 0,003508 
64,300000 0,003560 
64,400000 0,003369 
64,500000 0,003550 
64,600000 0,003790 
64,700000 0,003729 
64,800000 0,003812 
64,900000 0,003436 
65,000000 0,003370 
65,100000 0,003291 
65,200000 0,003182 
65,300000 0,003629 
65,400000 0,003791 
65,500000 0,004618 
65,600000 0,004248 
65,700000 0,004308 
65,800000 0,003874 
65,900000 0,003889 
66,000000 0,003784 
66,100000 0,003406 
66,200000 0,003669 
66,300000 0,003451 
66,400000 0,003606 
66,500000 0,003346 
66,600000 0,003637 
66,700000 0,003999 
66,800000 0,003888 
66,900000 0,003823 
67,000000 0,003716 
67,100000 0,003284 
67,200000 0,002409 
67,300000 0,002719 
67,400000 0,002695 
67,500000 0,002827 
67,600000 0,002908 
67,700000 0,003038 
67,800000 0,003138 
67,900000 0,003288 
68,000000 0,003013 
68,100000 0,003150 
68,200000 0,003180 
68,300000 0,003133 
68,400000 0,002942 
68,500000 0,002795 
68,600000 0,002438 
68,700000 0,002743 
68,800000 0,002649 
68,900000 0,001318 
69,000000 -0,000434 
69,100000 -0,002874 
69,200000 -0,006052 
69,300000 -0,008097 
69,400000 -0,009406 
69,500000 -0,009069 
69,600000 -0,006225 
69,700000 -0,002630 
69,800000 -0,000677 
69,900000 0,000326 
70,000000 0,000259 
70,100000 -0,000714 
70,200000 -0,003048 
70,300000 -0,004562 
70,400000 -0,005856 
70,500000 -0,005773 
70,600000 -0,004899 
70,700000 -0,002334 
70,800000 -0,000707 
70,900000 -0,000776 
71,000000 -0,001896 
71,100000 -0,005902 
71,200000 -0,010695 
71,300000 -0,015221 
71,400000 -0,018825 
71,500000 -0,020123 
71,600000 -0,017258 
71,700000 -0,011215 
71,800000 -0,006148 
71,900000 -0,002672 
72,000000 -0,000991 
72,100000 0,000755 
72,200000 0,001870 
72,300000 0,001514 
72,400000 0,002142 
72,500000 0,001654 
72,600000 0,002553 
72,700000 0,002877 
72,800000 0,003252 
72,900000 0,003494 
73,000000 0,003517 
73,100000 0,003961 
73,200000 0,003875 
73,300000 0,003763 
73,400000 0,004051 
73,500000 0,004001 
73,600000 0,003568 
73,700000 0,003567 
73,800000 0,004297 
73,900000 0,004104 
74,000000 0,003956 
74,100000 0,004552 
74,200000 0,004201 
74,300000 0,004276 
74,400000 0,004039 
74,500000 0,003854 
74,600000 0,004055 
74,700000 0,004093 
74,800000 0,003469 
74,900000 0,004451 
75,000000 0,004731 
75,100000 0,004436 
75,200000 0,003917 
75,300000 0,003917 
75,400000 0,004963 
75,500000 0,003781 
75,600000 0,004053 
75,700000 0,004179 
75,800000 0,004066 
75,900000 0,004057 
76,000000 0,004210 
76,100000 0,004317 
76,200000 0,004204 
76,300000 0,003864 
76,400000 0,004012 
76,500000 0,004129 
76,600000 0,004571 
76,700000 0,004366 
76,800000 0,004855 
76,900000 0,005261 
77,000000 0,005279 
77,100000 0,004521 
77,200000 0,004464 
77,300000 0,004629 
77,400000 0,004063 
77,500000 0,003812 
77,600000 0,003449 
77,700000 0,003938 
77,800000 0,003991 
77,900000 0,003988 
78,000000 0,004585 
78,100000 0,004155 
78,200000 0,003992 
78,300000 0,003939 
78,400000 0,004283 
78,500000 0,003922 
78,600000 0,003991 
78,700000 0,004261 
78,800000 0,004300 
78,900000 0,004395 
79,000000 0,004777 
79,100000 0,004430 
79,200000 0,003592 
79,300000 0,004578 
79,400000 0,003978 
79,500000 0,003521 
79,600000 0,003548 
79,700000 0,003452 
79,800000 0,003925 
79,900000 0,003741 
80,000000 0,003974 
80,100000 0,004170 
80,200000 0,003651 
80,300000 0,004213 
80,400000 0,003741 
80,500000 0,004501 
80,600000 0,004469 
80,700000 0,004288 
80,800000 0,004340 
80,900000 0,004114 
81,000000 0,004188 
81,100000 0,003925 
81,200000 0,004210 
81,300000 0,004217 
81,400000 0,003790 
81,500000 0,003678 
81,600000 0,003542 
81,700000 0,003847 
81,800000 0,004034 
81,900000 0,003947 
82,000000 0,004202 
82,100000 0,004188 
82,200000 0,003844 
82,300000 0,003646 
82,400000 0,003487 
82,500000 0,003845 
82,600000 0,003748 
82,700000 0,003844 
82,800000 0,003652 
82,900000 0,004111 
83,000000 0,003711 
83,100000 0,003685 
83,200000 0,003377 
83,300000 0,002836 
83,400000 0,002392 
83,500000 0,001692 
83,600000 0,001537 
83,700000 0,001763 
83,800000 0,003004 
83,900000 0,003344 
84,000000 0,003646 
84,100000 0,003659 
84,200000 0,003396 
84,300000 0,002647 
84,400000 0,001397 
84,500000 0,000923 
84,600000 0,000167 
84,700000 0,000885 
84,800000 0,002381 
84,900000 0,003467 
85,000000 0,002924 
85,100000 0,002581 
85,200000 0,001957 
85,300000 0,000616 
85,400000 -0,001873 
85,500000 -0,003473 
85,600000 -0,004742 
85,700000 -0,003501 
85,800000 -0,001281 
85,900000 0,000779 
86,000000 0,001847 
86,100000 0,002221 
86,200000 0,002624 
86,300000 0,002907 
86,400000 0,003136 
86,500000 0,003005 
86,600000 0,003341 
86,700000 0,003243 
86,800000 0,004070 
86,900000 0,004641 
87,000000 0,004344 
87,100000 0,004662 
87,200000 0,004562 
87,300000 0,004187 
87,400000 0,004244 
87,500000 0,003994 
87,600000 0,004370 
87,700000 0,004488 
87,800000 0,004239 
87,900000 0,004222 
88,000000 0,003970 
88,100000 0,004563 
88,200000 0,004281 
88,300000 0,004499 
88,400000 0,004335 
88,500000 0,004206 
88,600000 0,004202 
88,700000 0,004229 
88,800000 0,004186 
88,900000 0,004278 
89,000000 0,004500 
89,100000 0,004471 
89,200000 0,004844 
89,300000 0,004615 
89,400000 0,004499 
89,500000 0,004227 
89,600000 0,003844 
89,700000 0,004399 
89,800000 0,004636 
89,900000 0,004529 
90,000000 0,004798 
90,100000 0,004437 
90,200000 0,004446 
90,300000 0,003992 
90,400000 0,004023 
90,500000 0,004063 
90,600000 0,003369 
90,700000 0,003467 
90,800000 0,003934 
90,900000 0,004103 
91,000000 0,004026 
91,100000 0,003927 
91,200000 0,003904 
91,300000 0,003878 
91,400000 0,003812 
91,500000 0,004221 
91,600000 0,004680 
91,700000 0,004378 
91,800000 0,003833 
91,900000 0,004398 
92,000000 0,004398 
92,100000 0,004416 
92,200000 0,003885 
92,300000 0,004454 
92,400000 0,004492 
92,500000 0,004563 
92,600000 0,004303 
92,700000 0,003566 
92,800000 0,003910 
92,900000 0,003715 
93,000000 0,004141 
93,100000 0,004275 
93,200000 0,004882 
93,300000 0,004281 
93,400000 0,004286 
93,500000 0,003957 
93,600000 0,004249 
93,700000 0,004139 
93,800000 0,003898 
93,900000 0,004119 
94,000000 0,003897 
94,100000 0,004371 
94,200000 0,004603 
94,300000 0,004497 
94,400000 0,004296 
94,500000 0,004173 
94,600000 0,004343 
94,700000 0,004643 
94,800000 0,003972 
94,900000 0,004242 
95,000000 0,004122 
95,100000 0,004314 
95,200000 0,004078 
95,300000 0,004235 
95,400000 0,004174 
95,500000 0,003932 
95,600000 0,004171 
95,700000 0,004179 
95,800000 0,004316 
95,900000 0,004560 
96,000000 0,005118 
96,100000 0,004848 
96,200000 0,004894 
96,300000 0,004739 
96,400000 0,004698 
96,500000 0,004394 
96,600000 0,004336 
96,700000 0,003926 
96,800000 0,004563 
96,900000 0,004606 
97,000000 0,004611 
97,100000 0,004873 
97,200000 0,004477 
97,300000 0,003980 
97,400000 0,004077 
97,500000 0,003835 
97,600000 0,003590 
97,700000 0,003267 
97,800000 0,003460 
97,900000 0,003883 
98,000000 0,004499 
98,100000 0,004443 
98,200000 0,004429 
98,300000 0,004850 
98,400000 0,004616 
98,500000 0,004384 
98,600000 0,004817 
98,700000 0,004634 
98,800000 0,004141 
98,900000 0,004896 
99,000000 0,004399 
99,100000 0,004387 
99,200000 0,004276 
99,300000 0,004512 
99,400000 0,004632 
99,500000 0,004627 
99,600000 0,004631 
99,700000 0,004641 
99,800000 0,004559 
99,900000 0,004718 
100,000000 0,004853 
