0.000000 -0.038566 
0.100000 -0.064419 
0.200000 -0.073875 
0.300000 -0.077404 
0.400000 -0.078821 
0.500000 -0.079743 
0.600000 -0.079849 
0.700000 -0.079971 
0.800000 -0.081244 
0.900000 -0.079877 
1.000000 -0.080406 
1.100000 -0.080754 
1.200000 -0.080448 
1.300000 -0.080317 
1.400000 -0.080297 
1.500000 -0.080857 
1.600000 -0.079893 
1.700000 -0.080433 
1.800000 -0.080044 
1.900000 -0.056047 
2.000000 -0.036668 
2.100000 -0.026350 
2.200000 -0.016933 
2.300000 -0.010259 
2.400000 -0.005986 
2.500000 -0.003716 
2.600000 -0.001915 
2.700000 -0.000855 
2.800000 -0.001032 
2.900000 -0.002515 
3.000000 -0.002909 
3.100000 -0.000323 
3.200000 0.002455 
3.300000 0.003944 
3.400000 0.004611 
3.500000 0.004970 
3.600000 0.005087 
3.700000 0.005118 
3.800000 0.005035 
3.900000 0.005310 
4.000000 0.005357 
4.100000 0.005555 
4.200000 0.005235 
4.300000 0.005402 
4.400000 0.005537 
4.500000 0.005332 
4.600000 0.005592 
4.700000 0.005547 
4.800000 0.005593 
4.900000 0.005576 
5.000000 0.005603 
5.100000 0.005571 
5.200000 0.005587 
5.300000 0.005592 
5.400000 0.005447 
5.500000 0.005590 
5.600000 0.005437 
5.700000 0.005658 
5.800000 0.005579 
5.900000 0.005630 
6.000000 0.005671 
6.100000 0.005568 
6.200000 0.005710 
6.300000 0.005686 
6.400000 0.005579 
6.500000 0.005718 
6.600000 0.005668 
6.700000 0.005665 
6.800000 0.005549 
6.900000 0.005449 
7.000000 0.005542 
7.100000 0.005624 
7.200000 0.005558 
7.300000 0.005472 
7.400000 0.005499 
7.500000 0.005634 
7.600000 0.005434 
7.700000 0.005777 
7.800000 0.005493 
7.900000 0.005642 
8.000000 0.005616 
8.100000 0.005533 
8.200000 0.005646 
8.300000 0.005519 
8.400000 0.005259 
8.500000 0.005423 
8.600000 0.005467 
8.700000 0.005360 
8.800000 0.005492 
8.900000 0.005492 
9.000000 0.005575 
9.100000 0.005655 
9.200000 0.005590 
9.300000 0.005594 
9.400000 0.005648 
9.500000 0.005582 
9.600000 0.005676 
9.700000 0.005711 
9.800000 0.005577 
9.900000 0.005627 
10.000000 0.005593 
10.100000 0.005589 
10.200000 0.005580 
10.300000 0.005675 
10.400000 0.005896 
10.500000 0.005725 
10.600000 0.005749 
10.700000 0.005747 
10.800000 0.005616 
10.900000 0.005692 
11.000000 0.005811 
11.100000 0.005784 
11.200000 0.005664 
11.300000 0.005785 
11.400000 0.005715 
11.500000 0.005770 
11.600000 0.005769 
11.700000 0.005595 
11.800000 0.005658 
11.900000 0.005514 
12.000000 0.005478 
12.100000 0.004986 
12.200000 0.004608 
12.300000 0.004182 
12.400000 0.003701 
12.500000 0.003688 
12.600000 0.004279 
12.700000 0.004891 
12.800000 0.005203 
12.900000 0.005388 
13.000000 0.005517 
13.100000 0.005363 
13.200000 0.005354 
13.300000 0.005145 
13.400000 0.004690 
13.500000 0.004492 
13.600000 0.004434 
13.700000 0.003786 
13.800000 0.002810 
13.900000 -0.000361 
14.000000 -0.005094 
14.100000 -0.013173 
14.200000 -0.022823 
14.300000 -0.030001 
14.400000 -0.031252 
14.500000 -0.026349 
14.600000 -0.015498 
14.700000 -0.005731 
14.800000 -0.000117 
14.900000 0.002449 
15.000000 0.002616 
15.100000 0.002014 
15.200000 0.000953 
15.300000 0.000066 
15.400000 -0.000035 
15.500000 0.000037 
15.600000 0.001319 
15.700000 0.001259 
15.800000 -0.000047 
15.900000 -0.003787 
16.000000 -0.009862 
16.100000 -0.018329 
16.200000 -0.027142 
16.300000 -0.032436 
16.400000 -0.032507 
16.500000 -0.027017 
16.600000 -0.017099 
16.700000 -0.011510 
16.800000 -0.013390 
16.900000 -0.023889 
17.000000 -0.044052 
17.100000 -0.072170 
17.200000 -0.097088 
17.300000 -0.109572 
17.400000 -0.105269 
17.500000 -0.083365 
17.600000 -0.054751 
17.700000 -0.042036 
17.800000 -0.050977 
17.900000 -0.087751 
18.000000 -0.156693 
18.100000 -0.251303 
18.200000 -0.325408 
18.300000 -0.350436 
18.400000 -0.330155 
18.500000 -0.227308 
18.600000 -0.113506 
18.700000 -0.050103 
18.800000 -0.022137 
18.900000 -0.008940 
19.000000 -0.003078 
19.100000 0.000579 
19.200000 0.002304 
19.300000 0.003253 
19.400000 0.003646 
19.500000 0.004253 
19.600000 0.004540 
19.700000 0.004947 
19.800000 0.004791 
19.900000 0.004079 
20.000000 0.002403 
20.100000 0.001026 
20.200000 0.000323 
20.300000 0.000175 
20.400000 0.000374 
20.500000 0.002544 
20.600000 0.004270 
20.700000 0.005008 
20.800000 0.005387 
20.900000 0.005670 
21.000000 0.005829 
21.100000 0.005762 
21.200000 0.005781 
21.300000 0.006102 
21.400000 0.005791 
21.500000 0.005689 
21.600000 0.005703 
21.700000 0.005866 
21.800000 0.005828 
21.900000 0.005865 
22.000000 0.005614 
22.100000 0.005530 
22.200000 0.005645 
22.300000 0.005677 
22.400000 0.005521 
22.500000 0.005661 
22.600000 0.005913 
22.700000 0.005776 
22.800000 0.006129 
22.900000 0.005976 
23.000000 0.005953 
23.100000 0.005939 
23.200000 0.005879 
23.300000 0.005981 
23.400000 0.006191 
23.500000 0.006017 
23.600000 0.005937 
23.700000 0.006015 
23.800000 0.005944 
23.900000 0.005892 
24.000000 0.005799 
24.100000 0.005708 
24.200000 0.005815 
24.300000 0.005776 
24.400000 0.005840 
24.500000 0.005719 
24.600000 0.005984 
24.700000 0.005956 
24.800000 0.005763 
24.900000 0.005790 
25.000000 0.005477 
25.100000 0.005398 
25.200000 0.005313 
25.300000 0.005254 
25.400000 0.005290 
25.500000 0.005411 
25.600000 0.005379 
25.700000 0.005050 
25.800000 0.004614 
25.900000 0.003602 
26.000000 0.002317 
26.100000 0.001455 
26.200000 0.001378 
26.300000 0.000993 
26.400000 0.000791 
26.500000 0.001552 
26.600000 0.002249 
26.700000 0.001747 
26.800000 -0.000366 
26.900000 -0.003439 
27.000000 -0.006555 
27.100000 -0.009645 
27.200000 -0.012519 
27.300000 -0.015183 
27.400000 -0.019006 
27.500000 -0.024419 
27.600000 -0.044365 
27.700000 -0.084857 
27.800000 -0.153370 
27.900000 -0.263185 
28.000000 -0.378627 
28.100000 -0.449589 
28.200000 -0.464933 
28.300000 -0.438303 
28.400000 -0.368209 
28.500000 -0.229011 
28.600000 -0.103455 
28.700000 -0.044255 
28.800000 -0.020862 
28.900000 -0.012280 
29.000000 -0.009216 
29.100000 -0.008326 
29.200000 -0.007656 
29.300000 -0.006688 
29.400000 -0.005069 
29.500000 -0.003131 
29.600000 -0.000426 
29.700000 -0.001106 
29.800000 -0.003681 
29.900000 -0.007733 
30.000000 -0.011776 
30.100000 -0.014456 
30.200000 -0.015233 
30.300000 -0.013981 
30.400000 -0.011392 
30.500000 -0.005759 
30.600000 -0.000715 
30.700000 0.002055 
30.800000 0.002725 
30.900000 0.002350 
31.000000 0.001739 
31.100000 0.001204 
31.200000 0.000649 
31.300000 -0.000027 
31.400000 -0.000808 
31.500000 -0.001866 
31.600000 -0.004814 
31.700000 -0.013631 
31.800000 -0.027957 
31.900000 -0.046557 
32.000000 -0.062794 
32.100000 -0.070949 
32.200000 -0.073309 
32.300000 -0.068395 
32.400000 -0.054626 
32.500000 -0.031319 
32.600000 -0.012944 
32.700000 -0.003627 
32.800000 0.001281 
32.900000 0.003182 
33.000000 0.004383 
33.100000 0.004854 
33.200000 0.005193 
33.300000 0.005324 
33.400000 0.005480 
33.500000 0.005540 
33.600000 0.005790 
33.700000 0.005722 
33.800000 0.005321 
33.900000 0.005995 
34.000000 0.005762 
34.100000 0.005373 
34.200000 0.005105 
34.300000 0.005364 
34.400000 0.005724 
34.500000 0.005938 
34.600000 0.005961 
34.700000 0.006136 
34.800000 0.006000 
34.900000 0.006107 
35.000000 0.005639 
35.100000 0.005887 
35.200000 0.005721 
35.300000 0.006093 
35.400000 0.006244 
35.500000 0.005973 
35.600000 0.006136 
35.700000 0.006071 
35.800000 0.005706 
35.900000 0.005920 
36.000000 0.005633 
36.100000 0.006106 
36.200000 0.005792 
36.300000 0.005407 
36.400000 0.006155 
36.500000 0.005925 
36.600000 0.005774 
36.700000 0.006005 
36.800000 0.005712 
36.900000 0.005612 
37.000000 0.005646 
37.100000 0.005848 
37.200000 0.005807 
37.300000 0.005688 
37.400000 0.005752 
37.500000 0.005757 
37.600000 0.006082 
37.700000 0.005883 
37.800000 0.005734 
37.900000 0.005502 
38.000000 0.005451 
38.100000 0.005430 
38.200000 0.005172 
38.300000 0.005272 
38.400000 0.005486 
38.500000 0.005375 
38.600000 0.005912 
38.700000 0.005141 
38.800000 0.004664 
38.900000 0.003763 
39.000000 0.003283 
39.100000 0.003139 
39.200000 0.003129 
39.300000 0.002971 
39.400000 0.003042 
39.500000 0.003310 
39.600000 0.003536 
39.700000 0.003381 
39.800000 0.002437 
39.900000 0.000080 
40.000000 -0.001832 
40.100000 -0.002465 
40.200000 -0.002762 
40.300000 -0.002252 
40.400000 0.000075 
40.500000 0.002468 
40.600000 0.004121 
40.700000 0.004409 
40.800000 0.004112 
40.900000 0.002747 
41.000000 0.001220 
41.100000 0.000227 
41.200000 -0.000250 
41.300000 0.000172 
41.400000 0.000838 
41.500000 0.002318 
41.600000 0.003982 
41.700000 0.004826 
41.800000 0.005194 
41.900000 0.004777 
42.000000 0.004215 
42.100000 0.003868 
42.200000 0.003607 
42.300000 0.003505 
42.400000 0.003606 
42.500000 0.004301 
42.600000 0.004597 
42.700000 0.004227 
42.800000 0.003316 
42.900000 0.001036 
43.000000 -0.001648 
43.100000 -0.003261 
43.200000 -0.003845 
43.300000 -0.003804 
43.400000 -0.002906 
43.500000 -0.000290 
43.600000 0.000932 
43.700000 0.001113 
43.800000 -0.000879 
43.900000 -0.004996 
44.000000 -0.008441 
44.100000 -0.009890 
44.200000 -0.009929 
44.300000 -0.009416 
44.400000 -0.006367 
44.500000 -0.001558 
44.600000 0.002390 
44.700000 0.004148 
44.800000 0.004821 
44.900000 0.004925 
45.000000 0.004582 
45.100000 0.004696 
45.200000 0.004446 
45.300000 0.004368 
45.400000 0.004776 
45.500000 0.005241 
45.600000 0.005469 
45.700000 0.005527 
45.800000 0.005570 
45.900000 0.005332 
46.000000 0.005314 
46.100000 0.005338 
46.200000 0.005410 
46.300000 0.005280 
46.400000 0.005309 
46.500000 0.005669 
46.600000 0.005777 
46.700000 0.005797 
46.800000 0.005562 
46.900000 0.005377 
47.000000 0.005469 
47.100000 0.005182 
47.200000 0.005112 
47.300000 0.005385 
47.400000 0.005312 
47.500000 0.005533 
47.600000 0.005756 
47.700000 0.005751 
47.800000 0.005724 
47.900000 0.005708 
48.000000 0.005628 
48.100000 0.005834 
48.200000 0.005702 
48.300000 0.005603 
48.400000 0.005862 
48.500000 0.005724 
48.600000 0.005833 
48.700000 0.005630 
48.800000 0.005728 
48.900000 0.005804 
49.000000 0.005958 
49.100000 0.005739 
49.200000 0.005772 
49.300000 0.005795 
49.400000 0.005786 
49.500000 0.005732 
49.600000 0.005727 
49.700000 0.005756 
49.800000 0.005872 
49.900000 0.005633 
