0.000000 -0.217682 
0.100000 -0.354783 
0.200000 -0.394465 
0.300000 -0.407426 
0.400000 -0.407913 
0.500000 -0.410177 
0.600000 -0.409903 
0.700000 -0.411029 
0.800000 -0.411622 
0.900000 -0.412742 
1.000000 -0.410418 
1.100000 -0.412135 
1.200000 -0.410996 
1.300000 -0.410020 
1.400000 -0.412210 
1.500000 -0.412108 
1.600000 -0.412641 
1.700000 -0.412062 
1.800000 -0.411068 
1.900000 -0.416460 
2.000000 -0.420129 
2.100000 -0.416027 
2.200000 -0.397061 
2.300000 -0.379684 
2.400000 -0.360342 
2.500000 -0.341865 
2.600000 -0.322187 
2.700000 -0.302176 
2.800000 -0.284246 
2.900000 -0.266814 
3.000000 -0.249772 
3.100000 -0.233726 
3.200000 -0.217168 
3.300000 -0.201107 
3.400000 -0.189961 
3.500000 -0.178335 
3.600000 -0.170286 
3.700000 -0.162799 
3.800000 -0.155030 
3.900000 -0.148286 
4.000000 -0.142772 
4.100000 -0.138193 
4.200000 -0.131388 
4.300000 -0.127278 
4.400000 -0.121818 
4.500000 -0.118109 
4.600000 -0.114328 
4.700000 -0.111865 
4.800000 -0.107725 
4.900000 -0.103490 
5.000000 -0.100767 
5.100000 -0.097184 
5.200000 -0.093033 
5.300000 -0.089616 
5.400000 -0.086796 
5.500000 -0.083044 
5.600000 -0.080440 
5.700000 -0.077610 
5.800000 -0.075119 
5.900000 -0.072776 
6.000000 -0.070070 
6.100000 -0.067124 
6.200000 -0.064899 
6.300000 -0.062539 
6.400000 -0.060763 
6.500000 -0.058376 
6.600000 -0.056807 
6.700000 -0.055035 
6.800000 -0.053285 
6.900000 -0.052347 
7.000000 -0.051432 
7.100000 -0.049836 
7.200000 -0.048627 
7.300000 -0.047738 
7.400000 -0.046680 
7.500000 -0.045642 
7.600000 -0.044607 
7.700000 -0.044370 
7.800000 -0.043206 
7.900000 -0.042805 
8.000000 -0.042094 
8.100000 -0.041580 
8.200000 -0.041126 
8.300000 -0.039994 
8.400000 -0.039322 
8.500000 -0.038955 
8.600000 -0.038612 
8.700000 -0.038106 
8.800000 -0.037952 
8.900000 -0.037503 
9.000000 -0.037017 
9.100000 -0.036639 
9.200000 -0.036236 
9.300000 -0.035087 
9.400000 -0.034690 
9.500000 -0.034199 
9.600000 -0.033983 
9.700000 -0.033671 
9.800000 -0.033957 
9.900000 -0.033355 
10.000000 -0.033206 
10.100000 -0.033212 
10.200000 -0.032844 
10.300000 -0.032862 
10.400000 -0.032634 
10.500000 -0.033003 
10.600000 -0.032806 
10.700000 -0.033082 
10.800000 -0.033048 
10.900000 -0.033260 
11.000000 -0.033329 
11.100000 -0.033331 
11.200000 -0.033857 
11.300000 -0.034113 
11.400000 -0.034308 
11.500000 -0.034600 
11.600000 -0.034708 
11.700000 -0.035416 
11.800000 -0.036113 
11.900000 -0.037322 
12.000000 -0.037078 
12.100000 -0.037816 
12.200000 -0.038035 
12.300000 -0.038529 
12.400000 -0.038992 
12.500000 -0.039638 
12.600000 -0.041190 
12.700000 -0.041870 
12.800000 -0.042554 
12.900000 -0.043070 
13.000000 -0.044152 
13.100000 -0.045091 
13.200000 -0.046598 
13.300000 -0.047581 
13.400000 -0.049182 
13.500000 -0.051085 
13.600000 -0.052839 
13.700000 -0.054579 
13.800000 -0.057466 
13.900000 -0.058491 
14.000000 -0.061317 
14.100000 -0.063302 
14.200000 -0.065727 
14.300000 -0.067320 
14.400000 -0.069656 
14.500000 -0.070894 
14.600000 -0.071517 
14.700000 -0.071854 
14.800000 -0.072301 
14.900000 -0.073171 
15.000000 -0.073909 
15.100000 -0.075797 
15.200000 -0.077053 
15.300000 -0.078491 
15.400000 -0.081557 
15.500000 -0.084799 
15.600000 -0.088024 
15.700000 -0.090883 
15.800000 -0.094947 
15.900000 -0.098693 
16.000000 -0.102984 
16.100000 -0.107690 
16.200000 -0.112369 
16.300000 -0.117657 
16.400000 -0.124357 
16.500000 -0.129411 
16.600000 -0.134753 
16.700000 -0.139717 
16.800000 -0.145744 
16.900000 -0.153099 
17.000000 -0.160242 
17.100000 -0.168014 
17.200000 -0.177153 
17.300000 -0.184511 
17.400000 -0.192385 
17.500000 -0.197378 
17.600000 -0.200571 
17.700000 -0.204726 
17.800000 -0.209637 
17.900000 -0.216693 
18.000000 -0.222736 
18.100000 -0.229163 
18.200000 -0.233912 
18.300000 -0.235310 
18.400000 -0.229876 
18.500000 -0.211923 
18.600000 -0.189953 
18.700000 -0.168856 
18.800000 -0.148887 
18.900000 -0.131541 
19.000000 -0.116939 
19.100000 -0.104113 
19.200000 -0.093594 
19.300000 -0.083971 
19.400000 -0.076102 
19.500000 -0.066330 
19.600000 -0.060505 
19.700000 -0.055016 
19.800000 -0.049990 
19.900000 -0.046417 
20.000000 -0.043015 
20.100000 -0.040176 
20.200000 -0.036555 
20.300000 -0.034688 
20.400000 -0.032612 
20.500000 -0.030229 
20.600000 -0.028573 
20.700000 -0.027008 
20.800000 -0.025124 
20.900000 -0.023764 
21.000000 -0.023048 
21.100000 -0.022514 
21.200000 -0.021801 
21.300000 -0.020789 
21.400000 -0.020226 
21.500000 -0.019050 
21.600000 -0.018938 
21.700000 -0.018865 
21.800000 -0.018541 
21.900000 -0.018379 
22.000000 -0.018637 
22.100000 -0.018438 
22.200000 -0.018522 
22.300000 -0.018279 
22.400000 -0.018588 
22.500000 -0.018648 
22.600000 -0.019019 
22.700000 -0.019353 
22.800000 -0.019639 
22.900000 -0.020161 
23.000000 -0.020552 
23.100000 -0.021368 
23.200000 -0.022069 
23.300000 -0.022264 
23.400000 -0.023106 
23.500000 -0.023672 
23.600000 -0.024322 
23.700000 -0.025037 
23.800000 -0.026479 
23.900000 -0.027310 
24.000000 -0.028335 
24.100000 -0.029396 
24.200000 -0.030371 
24.300000 -0.031788 
24.400000 -0.032967 
24.500000 -0.034483 
24.600000 -0.036610 
24.700000 -0.038409 
24.800000 -0.040569 
24.900000 -0.042417 
25.000000 -0.044691 
25.100000 -0.046811 
25.200000 -0.048849 
25.300000 -0.051109 
25.400000 -0.054093 
25.500000 -0.057435 
25.600000 -0.061435 
25.700000 -0.065067 
25.800000 -0.069590 
25.900000 -0.073163 
26.000000 -0.077259 
26.100000 -0.082665 
26.200000 -0.086642 
26.300000 -0.092325 
26.400000 -0.098130 
26.500000 -0.104716 
26.600000 -0.112672 
26.700000 -0.120414 
26.800000 -0.128941 
26.900000 -0.138507 
27.000000 -0.147337 
27.100000 -0.158245 
27.200000 -0.170651 
27.300000 -0.184575 
27.400000 -0.198113 
27.500000 -0.212483 
27.600000 -0.233034 
27.700000 -0.250763 
27.800000 -0.266355 
27.900000 -0.282071 
28.000000 -0.298675 
28.100000 -0.308587 
28.200000 -0.313425 
28.300000 -0.306710 
28.400000 -0.289796 
28.500000 -0.262626 
28.600000 -0.226293 
28.700000 -0.194962 
28.800000 -0.170663 
28.900000 -0.151755 
29.000000 -0.135312 
29.100000 -0.122267 
29.200000 -0.111666 
29.300000 -0.100273 
29.400000 -0.092292 
29.500000 -0.085795 
29.600000 -0.078770 
29.700000 -0.072611 
29.800000 -0.067237 
29.900000 -0.063465 
30.000000 -0.060618 
30.100000 -0.058314 
30.200000 -0.055678 
30.300000 -0.053275 
30.400000 -0.050806 
30.500000 -0.048554 
30.600000 -0.046695 
30.700000 -0.044420 
30.800000 -0.042982 
30.900000 -0.042200 
31.000000 -0.042002 
31.100000 -0.042069 
31.200000 -0.043117 
31.300000 -0.043338 
31.400000 -0.044143 
31.500000 -0.045868 
31.600000 -0.047354 
31.700000 -0.049923 
31.800000 -0.051992 
31.900000 -0.053866 
32.000000 -0.055045 
32.100000 -0.055536 
32.200000 -0.055201 
32.300000 -0.054267 
32.400000 -0.049874 
32.500000 -0.044596 
32.600000 -0.039333 
32.700000 -0.032696 
32.800000 -0.026942 
32.900000 -0.023361 
33.000000 -0.019736 
33.100000 -0.017141 
33.200000 -0.014752 
33.300000 -0.012845 
33.400000 -0.011044 
33.500000 -0.009356 
33.600000 -0.008339 
33.700000 -0.007147 
33.800000 -0.005413 
33.900000 -0.004766 
34.000000 -0.004422 
34.100000 -0.004381 
34.200000 -0.003779 
34.300000 -0.002928 
34.400000 -0.002118 
34.500000 -0.001407 
34.600000 -0.001263 
34.700000 -0.000637 
34.800000 0.000116 
34.900000 -0.000010 
35.000000 0.000539 
35.100000 0.000873 
35.200000 0.001065 
35.300000 0.001333 
35.400000 0.001374 
35.500000 0.001490 
35.600000 0.001478 
35.700000 0.001628 
35.800000 0.001869 
35.900000 0.002110 
36.000000 0.001864 
36.100000 0.001928 
36.200000 0.001903 
36.300000 0.001742 
36.400000 0.001914 
36.500000 0.001934 
36.600000 0.002049 
36.700000 0.002218 
36.800000 0.001906 
36.900000 0.001655 
37.000000 0.001890 
37.100000 0.001697 
37.200000 0.001361 
37.300000 0.001199 
37.400000 0.001755 
37.500000 0.001280 
37.600000 0.001237 
37.700000 0.001513 
37.800000 0.001001 
37.900000 0.000854 
38.000000 0.000583 
38.100000 0.000613 
38.200000 0.000237 
38.300000 -0.000115 
38.400000 -0.000442 
38.500000 -0.000629 
38.600000 -0.001343 
38.700000 -0.001326 
38.800000 -0.001918 
38.900000 -0.002276 
39.000000 -0.002508 
39.100000 -0.002941 
39.200000 -0.003339 
39.300000 -0.003509 
39.400000 -0.004190 
39.500000 -0.004344 
39.600000 -0.004537 
39.700000 -0.004784 
39.800000 -0.005184 
39.900000 -0.005403 
40.000000 -0.005955 
40.100000 -0.006340 
40.200000 -0.006350 
40.300000 -0.006284 
40.400000 -0.006319 
40.500000 -0.005839 
40.600000 -0.005626 
40.700000 -0.005596 
40.800000 -0.005090 
40.900000 -0.005478 
41.000000 -0.005451 
41.100000 -0.005527 
41.200000 -0.005496 
41.300000 -0.005796 
41.400000 -0.005877 
41.500000 -0.005812 
41.600000 -0.005565 
41.700000 -0.005015 
41.800000 -0.004939 
41.900000 -0.005149 
42.000000 -0.005613 
42.100000 -0.005776 
42.200000 -0.006066 
42.300000 -0.005948 
42.400000 -0.006809 
42.500000 -0.007903 
42.600000 -0.007686 
42.700000 -0.007758 
42.800000 -0.008033 
42.900000 -0.008930 
43.000000 -0.008910 
43.100000 -0.009757 
43.200000 -0.010014 
43.300000 -0.010333 
43.400000 -0.010613 
43.500000 -0.010455 
43.600000 -0.010400 
43.700000 -0.010360 
43.800000 -0.010361 
43.900000 -0.010444 
44.000000 -0.010316 
44.100000 -0.010404 
44.200000 -0.010060 
44.300000 -0.009389 
44.400000 -0.008255 
44.500000 -0.007341 
44.600000 -0.006119 
44.700000 -0.005103 
44.800000 -0.004387 
44.900000 -0.003554 
45.000000 -0.002867 
45.100000 -0.001921 
45.200000 -0.001366 
45.300000 -0.000669 
45.400000 -0.000111 
45.500000 0.000371 
45.600000 0.001063 
45.700000 0.001082 
45.800000 0.001558 
45.900000 0.001802 
46.000000 0.001900 
46.100000 0.002266 
46.200000 0.002250 
46.300000 0.002641 
46.400000 0.002526 
46.500000 0.002872 
46.600000 0.003344 
46.700000 0.003147 
46.800000 0.003260 
46.900000 0.003143 
47.000000 0.003361 
47.100000 0.003487 
47.200000 0.003635 
47.300000 0.003781 
47.400000 0.003581 
47.500000 0.004045 
47.600000 0.004116 
47.700000 0.003950 
47.800000 0.004249 
47.900000 0.004397 
48.000000 0.004291 
48.100000 0.004145 
48.200000 0.004253 
48.300000 0.004450 
48.400000 0.004372 
48.500000 0.004378 
48.600000 0.004210 
48.700000 0.004230 
48.800000 0.004323 
48.900000 0.004381 
49.000000 0.004360 
49.100000 0.004233 
49.200000 0.004409 
49.300000 0.004516 
49.400000 0.004359 
49.500000 0.004323 
49.600000 0.004092 
49.700000 0.004265 
49.800000 0.004270 
49.900000 0.004289 
