0.000000 -0.209566 
0.100000 -0.347281 
0.200000 -0.384038 
0.300000 -0.396073 
0.400000 -0.399163 
0.500000 -0.401251 
0.600000 -0.400237 
0.700000 -0.402500 
0.800000 -0.399622 
0.900000 -0.398936 
1.000000 -0.398980 
1.100000 -0.404135 
1.200000 -0.402573 
1.300000 -0.403017 
1.400000 -0.401659 
1.500000 -0.403324 
1.600000 -0.405384 
1.700000 -0.397885 
1.800000 -0.399911 
1.900000 -0.399093 
2.000000 -0.389214 
2.100000 -0.372992 
2.200000 -0.345437 
2.300000 -0.318319 
2.400000 -0.292883 
2.500000 -0.273487 
2.600000 -0.253568 
2.700000 -0.233068 
2.800000 -0.217408 
2.900000 -0.200276 
3.000000 -0.184359 
3.100000 -0.170672 
3.200000 -0.158424 
3.300000 -0.147145 
3.400000 -0.137896 
3.500000 -0.131765 
3.600000 -0.124445 
3.700000 -0.119475 
3.800000 -0.114905 
3.900000 -0.110009 
4.000000 -0.105347 
4.100000 -0.100228 
4.200000 -0.095024 
4.300000 -0.089718 
4.400000 -0.086442 
4.500000 -0.082511 
4.600000 -0.078558 
4.700000 -0.076115 
4.800000 -0.071342 
4.900000 -0.067746 
5.000000 -0.064591 
5.100000 -0.062256 
5.200000 -0.058412 
5.300000 -0.054957 
5.400000 -0.052922 
5.500000 -0.050050 
5.600000 -0.048006 
5.700000 -0.046159 
5.800000 -0.044038 
5.900000 -0.042349 
6.000000 -0.040855 
6.100000 -0.038729 
6.200000 -0.037552 
6.300000 -0.036580 
6.400000 -0.035178 
6.500000 -0.033805 
6.600000 -0.032896 
6.700000 -0.032334 
6.800000 -0.030865 
6.900000 -0.030266 
7.000000 -0.029546 
7.100000 -0.028500 
7.200000 -0.028413 
7.300000 -0.027582 
7.400000 -0.027033 
7.500000 -0.026222 
7.600000 -0.025985 
7.700000 -0.025182 
7.800000 -0.024645 
7.900000 -0.023896 
8.000000 -0.023536 
8.100000 -0.022852 
8.200000 -0.022596 
8.300000 -0.021681 
8.400000 -0.021405 
8.500000 -0.020260 
8.600000 -0.019905 
8.700000 -0.019717 
8.800000 -0.019087 
8.900000 -0.019343 
9.000000 -0.019041 
9.100000 -0.018421 
9.200000 -0.018440 
9.300000 -0.018436 
9.400000 -0.018106 
9.500000 -0.017537 
9.600000 -0.017720 
9.700000 -0.017943 
9.800000 -0.017346 
9.900000 -0.017366 
10.000000 -0.017698 
10.100000 -0.017858 
10.200000 -0.017818 
10.300000 -0.017431 
10.400000 -0.017419 
10.500000 -0.017567 
10.600000 -0.017111 
10.700000 -0.018081 
10.800000 -0.017714 
10.900000 -0.017538 
11.000000 -0.017936 
11.100000 -0.017895 
11.200000 -0.017973 
11.300000 -0.018325 
11.400000 -0.018741 
11.500000 -0.018905 
11.600000 -0.019075 
11.700000 -0.019667 
11.800000 -0.019604 
11.900000 -0.019971 
12.000000 -0.020167 
12.100000 -0.020877 
12.200000 -0.021533 
12.300000 -0.022137 
12.400000 -0.022961 
12.500000 -0.023846 
12.600000 -0.023894 
12.700000 -0.024501 
12.800000 -0.025014 
12.900000 -0.026002 
13.000000 -0.026628 
13.100000 -0.027643 
13.200000 -0.028008 
13.300000 -0.029477 
13.400000 -0.031482 
13.500000 -0.032971 
13.600000 -0.034055 
13.700000 -0.036385 
13.800000 -0.037023 
13.900000 -0.039183 
14.000000 -0.041472 
14.100000 -0.044047 
14.200000 -0.046481 
14.300000 -0.048725 
14.400000 -0.051142 
14.500000 -0.052170 
14.600000 -0.051581 
14.700000 -0.050886 
14.800000 -0.050040 
14.900000 -0.051158 
15.000000 -0.051394 
15.100000 -0.052066 
15.200000 -0.053215 
15.300000 -0.054255 
15.400000 -0.056912 
15.500000 -0.059639 
15.600000 -0.062784 
15.700000 -0.066020 
15.800000 -0.069128 
15.900000 -0.073037 
16.000000 -0.078069 
16.100000 -0.082427 
16.200000 -0.087180 
16.300000 -0.093493 
16.400000 -0.099684 
16.500000 -0.105248 
16.600000 -0.109673 
16.700000 -0.114126 
16.800000 -0.120343 
16.900000 -0.127554 
17.000000 -0.135815 
17.100000 -0.144828 
17.200000 -0.153123 
17.300000 -0.163084 
17.400000 -0.170964 
17.500000 -0.176916 
17.600000 -0.180643 
17.700000 -0.184147 
17.800000 -0.189446 
17.900000 -0.198306 
18.000000 -0.208348 
18.100000 -0.219706 
18.200000 -0.227362 
18.300000 -0.234893 
18.400000 -0.231421 
18.500000 -0.209470 
18.600000 -0.179204 
18.700000 -0.150857 
18.800000 -0.127364 
18.900000 -0.106789 
19.000000 -0.092511 
19.100000 -0.080728 
19.200000 -0.069061 
19.300000 -0.058924 
19.400000 -0.049913 
19.500000 -0.043361 
19.600000 -0.037421 
19.700000 -0.032798 
19.800000 -0.028965 
19.900000 -0.026542 
20.000000 -0.024150 
20.100000 -0.022274 
20.200000 -0.020643 
20.300000 -0.018945 
20.400000 -0.017521 
20.500000 -0.015584 
20.600000 -0.013856 
20.700000 -0.012958 
20.800000 -0.011614 
20.900000 -0.010461 
21.000000 -0.009868 
21.100000 -0.009270 
21.200000 -0.008814 
21.300000 -0.008488 
21.400000 -0.008187 
21.500000 -0.007745 
21.600000 -0.007930 
21.700000 -0.007915 
21.800000 -0.007232 
21.900000 -0.007527 
22.000000 -0.007684 
22.100000 -0.007587 
22.200000 -0.007919 
22.300000 -0.007901 
22.400000 -0.007903 
22.500000 -0.008107 
22.600000 -0.008473 
22.700000 -0.008637 
22.800000 -0.009323 
22.900000 -0.009631 
23.000000 -0.009656 
23.100000 -0.009911 
23.200000 -0.010703 
23.300000 -0.010892 
23.400000 -0.011613 
23.500000 -0.012278 
23.600000 -0.012939 
23.700000 -0.013417 
23.800000 -0.014045 
23.900000 -0.014545 
24.000000 -0.015400 
24.100000 -0.016291 
24.200000 -0.017010 
24.300000 -0.018134 
24.400000 -0.018925 
24.500000 -0.019804 
24.600000 -0.021407 
24.700000 -0.023175 
24.800000 -0.023932 
24.900000 -0.025641 
25.000000 -0.027633 
25.100000 -0.029106 
25.200000 -0.030718 
25.300000 -0.032589 
25.400000 -0.034712 
25.500000 -0.037539 
25.600000 -0.040670 
25.700000 -0.043463 
25.800000 -0.047112 
25.900000 -0.050883 
26.000000 -0.054105 
26.100000 -0.057765 
26.200000 -0.062510 
26.300000 -0.067123 
26.400000 -0.072646 
26.500000 -0.077441 
26.600000 -0.084364 
26.700000 -0.092649 
26.800000 -0.099455 
26.900000 -0.108023 
27.000000 -0.118285 
27.100000 -0.128228 
27.200000 -0.140726 
27.300000 -0.154069 
27.400000 -0.168551 
27.500000 -0.185274 
27.600000 -0.209238 
27.700000 -0.230780 
27.800000 -0.252281 
27.900000 -0.274953 
28.000000 -0.295851 
28.100000 -0.315008 
28.200000 -0.324024 
28.300000 -0.323306 
28.400000 -0.301652 
28.500000 -0.265852 
28.600000 -0.215897 
28.700000 -0.176207 
28.800000 -0.147667 
28.900000 -0.126607 
29.000000 -0.109133 
29.100000 -0.095858 
29.200000 -0.085559 
29.300000 -0.076232 
29.400000 -0.068316 
29.500000 -0.061936 
29.600000 -0.056374 
29.700000 -0.051498 
29.800000 -0.048160 
29.900000 -0.045997 
30.000000 -0.043530 
30.100000 -0.042653 
30.200000 -0.040685 
30.300000 -0.039930 
30.400000 -0.037783 
30.500000 -0.035881 
30.600000 -0.033522 
30.700000 -0.031583 
30.800000 -0.030692 
30.900000 -0.030002 
31.000000 -0.029860 
31.100000 -0.031046 
31.200000 -0.031972 
31.300000 -0.033120 
31.400000 -0.034773 
31.500000 -0.037196 
31.600000 -0.039507 
31.700000 -0.042621 
31.800000 -0.046106 
31.900000 -0.049262 
32.000000 -0.052125 
32.100000 -0.054494 
32.200000 -0.055835 
32.300000 -0.054198 
32.400000 -0.049604 
32.500000 -0.042833 
32.600000 -0.035731 
32.700000 -0.028369 
32.800000 -0.022159 
32.900000 -0.018404 
33.000000 -0.015198 
33.100000 -0.012375 
33.200000 -0.009834 
33.300000 -0.008076 
33.400000 -0.006870 
33.500000 -0.005342 
33.600000 -0.004377 
33.700000 -0.003106 
33.800000 -0.002333 
33.900000 -0.001491 
34.000000 -0.000548 
34.100000 -0.000257 
34.200000 0.000023 
34.300000 0.000738 
34.400000 0.001120 
34.500000 0.001538 
34.600000 0.001918 
34.700000 0.001913 
34.800000 0.002214 
34.900000 0.002611 
35.000000 0.002725 
35.100000 0.002988 
35.200000 0.002987 
35.300000 0.002961 
35.400000 0.003092 
35.500000 0.003266 
35.600000 0.003254 
35.700000 0.003256 
35.800000 0.003663 
35.900000 0.003704 
36.000000 0.003372 
36.100000 0.003409 
36.200000 0.003306 
36.300000 0.003694 
36.400000 0.003682 
36.500000 0.003203 
36.600000 0.003021 
36.700000 0.002809 
36.800000 0.003138 
36.900000 0.002934 
37.000000 0.002942 
37.100000 0.002934 
37.200000 0.002957 
37.300000 0.002624 
37.400000 0.002525 
37.500000 0.002559 
37.600000 0.002590 
37.700000 0.002353 
37.800000 0.001910 
37.900000 0.001949 
38.000000 0.001306 
38.100000 0.001450 
38.200000 0.001101 
38.300000 0.000878 
38.400000 0.000893 
38.500000 0.000534 
38.600000 0.000223 
38.700000 0.000211 
38.800000 -0.000072 
38.900000 -0.000848 
39.000000 -0.001270 
39.100000 -0.001939 
39.200000 -0.002398 
39.300000 -0.002698 
39.400000 -0.001626 
39.500000 -0.003515 
39.600000 -0.003522 
39.700000 -0.003739 
39.800000 -0.003940 
39.900000 -0.004603 
40.000000 -0.005054 
40.100000 -0.004887 
40.200000 -0.005405 
40.300000 -0.005444 
40.400000 -0.004952 
40.500000 -0.004491 
40.600000 -0.004167 
40.700000 -0.004039 
40.800000 -0.004040 
40.900000 -0.003989 
41.000000 -0.004256 
41.100000 -0.004223 
41.200000 -0.004861 
41.300000 -0.004489 
41.400000 -0.004280 
41.500000 -0.004243 
41.600000 -0.004037 
41.700000 -0.003908 
41.800000 -0.003908 
41.900000 -0.003989 
42.000000 -0.003949 
42.100000 -0.004117 
42.200000 -0.004311 
42.300000 -0.004660 
42.400000 -0.005243 
42.500000 -0.005531 
42.600000 -0.005637 
42.700000 -0.005793 
42.800000 -0.006432 
42.900000 -0.006964 
43.000000 -0.008122 
43.100000 -0.008650 
43.200000 -0.009212 
43.300000 -0.009442 
43.400000 -0.009503 
43.500000 -0.009396 
43.600000 -0.009437 
43.700000 -0.009405 
43.800000 -0.009417 
43.900000 -0.009731 
44.000000 -0.009946 
44.100000 -0.010346 
44.200000 -0.010115 
44.300000 -0.009427 
44.400000 -0.008472 
44.500000 -0.006903 
44.600000 -0.005391 
44.700000 -0.004149 
44.800000 -0.003399 
44.900000 -0.002394 
45.000000 -0.001085 
45.100000 -0.000482 
45.200000 0.000242 
45.300000 0.000350 
45.400000 0.000854 
45.500000 0.001161 
45.600000 0.001536 
45.700000 0.001674 
45.800000 0.002129 
45.900000 0.002373 
46.000000 0.002518 
46.100000 0.002745 
46.200000 0.002719 
46.300000 0.002922 
46.400000 0.002889 
46.500000 0.003474 
46.600000 0.003535 
46.700000 0.003723 
46.800000 0.003768 
46.900000 0.003652 
47.000000 0.003869 
47.100000 0.003562 
47.200000 0.003716 
47.300000 0.004233 
47.400000 0.004134 
47.500000 0.004003 
47.600000 0.004418 
47.700000 0.004301 
47.800000 0.004756 
47.900000 0.004824 
48.000000 0.004947 
48.100000 0.004850 
48.200000 0.004478 
48.300000 0.004243 
48.400000 0.004512 
48.500000 0.004761 
48.600000 0.004771 
48.700000 0.004696 
48.800000 0.004727 
48.900000 0.004654 
49.000000 0.004587 
49.100000 0.004989 
49.200000 0.004703 
49.300000 0.004602 
49.400000 0.004618 
49.500000 0.004686 
49.600000 0.004721 
49.700000 0.004616 
49.800000 0.004554 
49.900000 0.004383 
