0.000000 -0.183803 
0.100000 -0.310527 
0.200000 -0.347262 
0.300000 -0.358323 
0.400000 -0.361404 
0.500000 -0.360491 
0.600000 -0.362902 
0.700000 -0.363603 
0.800000 -0.363788 
0.900000 -0.363644 
1.000000 -0.364023 
1.100000 -0.365065 
1.200000 -0.364534 
1.300000 -0.364428 
1.400000 -0.365002 
1.500000 -0.363907 
1.600000 -0.365544 
1.700000 -0.364506 
1.800000 -0.363572 
1.900000 -0.321865 
2.000000 -0.280872 
2.100000 -0.248035 
2.200000 -0.213209 
2.300000 -0.184885 
2.400000 -0.162676 
2.500000 -0.146406 
2.600000 -0.131175 
2.700000 -0.119731 
2.800000 -0.109962 
2.900000 -0.101733 
3.000000 -0.093988 
3.100000 -0.087659 
3.200000 -0.078946 
3.300000 -0.072363 
3.400000 -0.066030 
3.500000 -0.060880 
3.600000 -0.055984 
3.700000 -0.051134 
3.800000 -0.046538 
3.900000 -0.042778 
4.000000 -0.039116 
4.100000 -0.036472 
4.200000 -0.032699 
4.300000 -0.029610 
4.400000 -0.027657 
4.500000 -0.024949 
4.600000 -0.023669 
4.700000 -0.022196 
4.800000 -0.020698 
4.900000 -0.019330 
5.000000 -0.018245 
5.100000 -0.016795 
5.200000 -0.015475 
5.300000 -0.014517 
5.400000 -0.013775 
5.500000 -0.013135 
5.600000 -0.012535 
5.700000 -0.011585 
5.800000 -0.010795 
5.900000 -0.009812 
6.000000 -0.009214 
6.100000 -0.008753 
6.200000 -0.007987 
6.300000 -0.007409 
6.400000 -0.006267 
6.500000 -0.006447 
6.600000 -0.006026 
6.700000 -0.005936 
6.800000 -0.005258 
6.900000 -0.004908 
7.000000 -0.004477 
7.100000 -0.004238 
7.200000 -0.003862 
7.300000 -0.003410 
7.400000 -0.003499 
7.500000 -0.003344 
7.600000 -0.003182 
7.700000 -0.002921 
7.800000 -0.002838 
7.900000 -0.002234 
8.000000 -0.002332 
8.100000 -0.002101 
8.200000 -0.001738 
8.300000 -0.001649 
8.400000 -0.001164 
8.500000 -0.000782 
8.600000 -0.001145 
8.700000 -0.000553 
8.800000 -0.000984 
8.900000 -0.000843 
9.000000 -0.000332 
9.100000 -0.000037 
9.200000 -0.000612 
9.300000 -0.000061 
9.400000 0.000115 
9.500000 -0.000078 
9.600000 0.000347 
9.700000 0.000179 
9.800000 0.000140 
9.900000 0.000129 
10.000000 0.000363 
10.100000 0.000395 
10.200000 0.000278 
10.300000 0.000205 
10.400000 -0.000003 
10.500000 0.000180 
10.600000 -0.000033 
10.700000 -0.000204 
10.800000 -0.000341 
10.900000 -0.000274 
11.000000 -0.000248 
11.100000 -0.000542 
11.200000 -0.000238 
11.300000 -0.000721 
11.400000 -0.001052 
11.500000 -0.001213 
11.600000 -0.001827 
11.700000 -0.001985 
11.800000 -0.002478 
11.900000 -0.002100 
12.000000 -0.002684 
12.100000 -0.003145 
12.200000 -0.003510 
12.300000 -0.003679 
12.400000 -0.004079 
12.500000 -0.004577 
12.600000 -0.004660 
12.700000 -0.004782 
12.800000 -0.005457 
12.900000 -0.006019 
13.000000 -0.006240 
13.100000 -0.006777 
13.200000 -0.007347 
13.300000 -0.008243 
13.400000 -0.009253 
13.500000 -0.010445 
13.600000 -0.012034 
13.700000 -0.013262 
13.800000 -0.014759 
13.900000 -0.017033 
14.000000 -0.019587 
14.100000 -0.022588 
14.200000 -0.025506 
14.300000 -0.028819 
14.400000 -0.031339 
14.500000 -0.031263 
14.600000 -0.028580 
14.700000 -0.025578 
14.800000 -0.023276 
14.900000 -0.022164 
15.000000 -0.021571 
15.100000 -0.021563 
15.200000 -0.022568 
15.300000 -0.023428 
15.400000 -0.024647 
15.500000 -0.026550 
15.600000 -0.028203 
15.700000 -0.030618 
15.800000 -0.033325 
15.900000 -0.037450 
16.000000 -0.041874 
16.100000 -0.047224 
16.200000 -0.052363 
16.300000 -0.058394 
16.400000 -0.063854 
16.500000 -0.067251 
16.600000 -0.069558 
16.700000 -0.072338 
16.800000 -0.078174 
16.900000 -0.086082 
17.000000 -0.096797 
17.100000 -0.109075 
17.200000 -0.124169 
17.300000 -0.137097 
17.400000 -0.146490 
17.500000 -0.147502 
17.600000 -0.145288 
17.700000 -0.145959 
17.800000 -0.154765 
17.900000 -0.170993 
18.000000 -0.192504 
18.100000 -0.220953 
18.200000 -0.247573 
18.300000 -0.265412 
18.400000 -0.269018 
18.500000 -0.228499 
18.600000 -0.172317 
18.700000 -0.127469 
18.800000 -0.094192 
18.900000 -0.070948 
19.000000 -0.053315 
19.100000 -0.041057 
19.200000 -0.031252 
19.300000 -0.024874 
19.400000 -0.019570 
19.500000 -0.014610 
19.600000 -0.011270 
19.700000 -0.008850 
19.800000 -0.007325 
19.900000 -0.006140 
20.000000 -0.005185 
20.100000 -0.004711 
20.200000 -0.004247 
20.300000 -0.003945 
20.400000 -0.003636 
20.500000 -0.002644 
20.600000 -0.000809 
20.700000 0.000599 
20.800000 0.001474 
20.900000 0.002150 
21.000000 0.002675 
21.100000 0.003131 
21.200000 0.003299 
21.300000 0.003416 
21.400000 0.003646 
21.500000 0.003756 
21.600000 0.003530 
21.700000 0.003828 
21.800000 0.003578 
21.900000 0.003664 
22.000000 0.003747 
22.100000 0.003391 
22.200000 0.003493 
22.300000 0.003504 
22.400000 0.003367 
22.500000 0.003206 
22.600000 0.003004 
22.700000 0.003569 
22.800000 0.003009 
22.900000 0.002988 
23.000000 0.002783 
23.100000 0.002666 
23.200000 0.002670 
23.300000 0.001960 
23.400000 0.001806 
23.500000 0.001637 
23.600000 0.001335 
23.700000 0.000895 
23.800000 0.000497 
23.900000 0.000149 
24.000000 -0.000188 
24.100000 -0.000673 
24.200000 -0.001222 
24.300000 -0.001789 
24.400000 -0.002208 
24.500000 -0.003153 
24.600000 -0.003241 
24.700000 -0.003862 
24.800000 -0.004686 
24.900000 -0.005438 
25.000000 -0.005839 
25.100000 -0.006854 
25.200000 -0.008229 
25.300000 -0.008915 
25.400000 -0.009793 
25.500000 -0.011377 
25.600000 -0.013281 
25.700000 -0.014743 
25.800000 -0.016621 
25.900000 -0.018422 
26.000000 -0.021100 
26.100000 -0.023679 
26.200000 -0.026711 
26.300000 -0.029813 
26.400000 -0.032815 
26.500000 -0.036079 
26.600000 -0.040979 
26.700000 -0.047066 
26.800000 -0.053363 
26.900000 -0.060854 
27.000000 -0.068998 
27.100000 -0.078722 
27.200000 -0.090611 
27.300000 -0.102377 
27.400000 -0.116265 
27.500000 -0.133596 
27.600000 -0.162854 
27.700000 -0.198163 
27.800000 -0.237112 
27.900000 -0.278341 
28.000000 -0.320989 
28.100000 -0.362339 
28.200000 -0.383110 
28.300000 -0.380834 
28.400000 -0.342730 
28.500000 -0.275078 
28.600000 -0.192298 
28.700000 -0.135691 
28.800000 -0.102858 
28.900000 -0.080257 
29.000000 -0.064544 
29.100000 -0.053155 
29.200000 -0.045259 
29.300000 -0.039383 
29.400000 -0.033311 
29.500000 -0.028846 
29.600000 -0.025377 
29.700000 -0.023200 
29.800000 -0.022126 
29.900000 -0.021707 
30.000000 -0.022145 
30.100000 -0.022911 
30.200000 -0.023309 
30.300000 -0.022873 
30.400000 -0.021129 
30.500000 -0.018204 
30.600000 -0.015348 
30.700000 -0.013534 
30.800000 -0.012814 
30.900000 -0.012957 
31.000000 -0.013780 
31.100000 -0.014591 
31.200000 -0.015858 
31.300000 -0.017664 
31.400000 -0.019616 
31.500000 -0.022500 
31.600000 -0.026054 
31.700000 -0.032012 
31.800000 -0.039338 
31.900000 -0.046431 
32.000000 -0.052725 
32.100000 -0.058351 
32.200000 -0.061348 
32.300000 -0.060137 
32.400000 -0.053294 
32.500000 -0.041530 
32.600000 -0.029569 
32.700000 -0.019625 
32.800000 -0.012496 
32.900000 -0.007934 
33.000000 -0.004566 
33.100000 -0.002894 
33.200000 -0.000799 
33.300000 0.000766 
33.400000 0.002088 
33.500000 0.003072 
33.600000 0.003689 
33.700000 0.004267 
33.800000 0.004574 
33.900000 0.004843 
34.000000 0.005210 
34.100000 0.005190 
34.200000 0.005265 
34.300000 0.005826 
34.400000 0.005849 
34.500000 0.005870 
34.600000 0.005682 
34.700000 0.005895 
34.800000 0.005788 
34.900000 0.005981 
35.000000 0.006068 
35.100000 0.006428 
35.200000 0.006237 
35.300000 0.006101 
35.400000 0.005866 
35.500000 0.006437 
35.600000 0.006318 
35.700000 0.006275 
35.800000 0.006180 
35.900000 0.006090 
36.000000 0.006228 
36.100000 0.006127 
36.200000 0.006222 
36.300000 0.006241 
36.400000 0.006126 
36.500000 0.006059 
36.600000 0.006028 
36.700000 0.006128 
36.800000 0.006117 
36.900000 0.005894 
37.000000 0.005884 
37.100000 0.005853 
37.200000 0.005889 
37.300000 0.005740 
37.400000 0.005792 
37.500000 0.005808 
37.600000 0.005995 
37.700000 0.005655 
37.800000 0.005497 
37.900000 0.005454 
38.000000 0.005330 
38.100000 0.005592 
38.200000 0.005155 
38.300000 0.005043 
38.400000 0.005062 
38.500000 0.004404 
38.600000 0.004293 
38.700000 0.004331 
38.800000 0.003540 
38.900000 0.002431 
39.000000 0.003425 
39.100000 0.002371 
39.200000 0.002290 
39.300000 0.001985 
39.400000 0.001670 
39.500000 0.001410 
39.600000 0.001240 
39.700000 0.000329 
39.800000 0.000272 
39.900000 -0.000939 
40.000000 -0.001957 
40.100000 -0.002724 
40.200000 -0.003044 
40.300000 -0.002672 
40.400000 -0.001916 
40.500000 -0.000960 
40.600000 0.000198 
40.700000 0.000981 
40.800000 0.001215 
40.900000 0.000481 
41.000000 0.000060 
41.100000 -0.000630 
41.200000 -0.000966 
41.300000 -0.000850 
41.400000 -0.000650 
41.500000 0.000229 
41.600000 0.001050 
41.700000 0.001522 
41.800000 0.001163 
41.900000 0.000180 
42.000000 0.001081 
42.100000 0.000264 
42.200000 0.000309 
42.300000 0.000312 
42.400000 -0.000028 
42.500000 -0.000459 
42.600000 -0.000847 
42.700000 -0.001042 
42.800000 0.000075 
42.900000 -0.002225 
43.000000 -0.004174 
43.100000 -0.004922 
43.200000 -0.005461 
43.300000 -0.006096 
43.400000 -0.006275 
43.500000 -0.005495 
43.600000 -0.005029 
43.700000 -0.005198 
43.800000 -0.005742 
43.900000 -0.006864 
44.000000 -0.008051 
44.100000 -0.008657 
44.200000 -0.008851 
44.300000 -0.008434 
44.400000 -0.006408 
44.500000 -0.004145 
44.600000 -0.001064 
44.700000 0.001056 
44.800000 0.001407 
44.900000 0.002795 
45.000000 0.003519 
45.100000 0.003970 
45.200000 0.004025 
45.300000 0.004567 
45.400000 0.004711 
45.500000 0.005040 
45.600000 0.005451 
45.700000 0.005763 
45.800000 0.005658 
45.900000 0.004857 
46.000000 0.005206 
46.100000 0.005439 
46.200000 0.005283 
46.300000 0.005594 
46.400000 0.006467 
46.500000 0.006229 
46.600000 0.006264 
46.700000 0.006094 
46.800000 0.006017 
46.900000 0.006143 
47.000000 0.005977 
47.100000 0.006293 
47.200000 0.006273 
47.300000 0.006194 
47.400000 0.005859 
47.500000 0.006165 
47.600000 0.006310 
47.700000 0.006551 
47.800000 0.006614 
47.900000 0.006531 
48.000000 0.006516 
48.100000 0.006727 
48.200000 0.006575 
48.300000 0.006335 
48.400000 0.006275 
48.500000 0.006623 
48.600000 0.006509 
48.700000 0.006610 
48.800000 0.006451 
48.900000 0.006478 
49.000000 0.006568 
49.100000 0.006808 
49.200000 0.006388 
49.300000 0.006213 
49.400000 0.006409 
49.500000 0.006413 
49.600000 0.006328 
49.700000 0.006389 
49.800000 0.006346 
49.900000 0.006380 
