0.000000 -0.160277 
0.100000 -0.272529 
0.200000 -0.307562 
0.300000 -0.316740 
0.400000 -0.322813 
0.500000 -0.322523 
0.600000 -0.322054 
0.700000 -0.323529 
0.800000 -0.323466 
0.900000 -0.324279 
1.000000 -0.323923 
1.100000 -0.323699 
1.200000 -0.325163 
1.300000 -0.324177 
1.400000 -0.323776 
1.500000 -0.323897 
1.600000 -0.324936 
1.700000 -0.322778 
1.800000 -0.323274 
1.900000 -0.269877 
2.000000 -0.225634 
2.100000 -0.193562 
2.200000 -0.160291 
2.300000 -0.137014 
2.400000 -0.119399 
2.500000 -0.105867 
2.600000 -0.095058 
2.700000 -0.086693 
2.800000 -0.078811 
2.900000 -0.071935 
3.000000 -0.064722 
3.100000 -0.057978 
3.200000 -0.050951 
3.300000 -0.044634 
3.400000 -0.040002 
3.500000 -0.035243 
3.600000 -0.031549 
3.700000 -0.028505 
3.800000 -0.025234 
3.900000 -0.023108 
4.000000 -0.020651 
4.100000 -0.018287 
4.200000 -0.016259 
4.300000 -0.014392 
4.400000 -0.013321 
4.500000 -0.012188 
4.600000 -0.010877 
4.700000 -0.009931 
4.800000 -0.008936 
4.900000 -0.008430 
5.000000 -0.007747 
5.100000 -0.007097 
5.200000 -0.005496 
5.300000 -0.005262 
5.400000 -0.004294 
5.500000 -0.003958 
5.600000 -0.003571 
5.700000 -0.003023 
5.800000 -0.002709 
5.900000 -0.002089 
6.000000 -0.001643 
6.100000 -0.001214 
6.200000 -0.000561 
6.300000 -0.000275 
6.400000 0.000047 
6.500000 0.000594 
6.600000 0.000147 
6.700000 0.000609 
6.800000 0.000689 
6.900000 0.000953 
7.000000 0.001344 
7.100000 0.001733 
7.200000 0.002051 
7.300000 0.001993 
7.400000 0.002123 
7.500000 0.001835 
7.600000 0.002307 
7.700000 0.002506 
7.800000 0.002445 
7.900000 0.003114 
8.000000 0.002955 
8.100000 0.003031 
8.200000 0.003275 
8.300000 0.003140 
8.400000 0.003054 
8.500000 0.003144 
8.600000 0.003464 
8.700000 0.003675 
8.800000 0.003786 
8.900000 0.004141 
9.000000 0.003801 
9.100000 0.004028 
9.200000 0.003904 
9.300000 0.004117 
9.400000 0.003983 
9.500000 0.004374 
9.600000 0.004214 
9.700000 0.004279 
9.800000 0.004275 
9.900000 0.004624 
10.000000 0.004161 
10.100000 0.004093 
10.200000 0.004391 
10.300000 0.004003 
10.400000 0.004303 
10.500000 0.004187 
10.600000 0.004137 
10.700000 0.003975 
10.800000 0.003938 
10.900000 0.003904 
11.000000 0.004053 
11.100000 0.003711 
11.200000 0.003805 
11.300000 0.003917 
11.400000 0.003445 
11.500000 0.003443 
11.600000 0.002984 
11.700000 0.002762 
11.800000 0.002813 
11.900000 0.002759 
12.000000 0.002078 
12.100000 0.001797 
12.200000 0.001425 
12.300000 0.001025 
12.400000 0.000682 
12.500000 0.000308 
12.600000 0.000096 
12.700000 -0.000253 
12.800000 -0.000355 
12.900000 -0.000521 
13.000000 -0.001194 
13.100000 -0.001296 
13.200000 -0.002304 
13.300000 -0.002927 
13.400000 -0.003666 
13.500000 -0.005248 
13.600000 -0.006392 
13.700000 -0.007701 
13.800000 -0.009418 
13.900000 -0.011568 
14.000000 -0.014707 
14.100000 -0.018626 
14.200000 -0.022998 
14.300000 -0.025529 
14.400000 -0.028421 
14.500000 -0.027718 
14.600000 -0.023696 
14.700000 -0.019159 
14.800000 -0.015781 
14.900000 -0.013662 
15.000000 -0.013306 
15.100000 -0.013599 
15.200000 -0.013295 
15.300000 -0.014393 
15.400000 -0.016063 
15.500000 -0.017738 
15.600000 -0.019270 
15.700000 -0.020423 
15.800000 -0.023052 
15.900000 -0.026877 
16.000000 -0.031677 
16.100000 -0.038045 
16.200000 -0.044208 
16.300000 -0.049476 
16.400000 -0.053947 
16.500000 -0.056581 
16.600000 -0.057045 
16.700000 -0.058376 
16.800000 -0.063118 
16.900000 -0.072370 
17.000000 -0.084548 
17.100000 -0.100249 
17.200000 -0.116378 
17.300000 -0.131816 
17.400000 -0.140802 
17.500000 -0.138332 
17.600000 -0.132025 
17.700000 -0.131957 
17.800000 -0.140017 
17.900000 -0.160332 
18.000000 -0.189909 
18.100000 -0.225764 
18.200000 -0.262061 
18.300000 -0.289518 
18.400000 -0.291003 
18.500000 -0.238604 
18.600000 -0.168202 
18.700000 -0.114359 
18.800000 -0.078906 
18.900000 -0.054866 
19.000000 -0.039269 
19.100000 -0.027925 
19.200000 -0.020134 
19.300000 -0.014560 
19.400000 -0.010579 
19.500000 -0.007495 
19.600000 -0.004721 
19.700000 -0.003289 
19.800000 -0.002201 
19.900000 -0.001414 
20.000000 -0.001431 
20.100000 -0.001512 
20.200000 -0.001374 
20.300000 -0.001603 
20.400000 -0.000889 
20.500000 0.000483 
20.600000 0.002312 
20.700000 0.003318 
20.800000 0.003839 
20.900000 0.004093 
21.000000 0.004883 
21.100000 0.005175 
21.200000 0.005104 
21.300000 0.005359 
21.400000 0.005083 
21.500000 0.005209 
21.600000 0.005330 
21.700000 0.005337 
21.800000 0.005267 
21.900000 0.005311 
22.000000 0.005349 
22.100000 0.005342 
22.200000 0.005182 
22.300000 0.004876 
22.400000 0.005060 
22.500000 0.005088 
22.600000 0.004833 
22.700000 0.005130 
22.800000 0.005167 
22.900000 0.004952 
23.000000 0.004589 
23.100000 0.005060 
23.200000 0.004569 
23.300000 0.004707 
23.400000 0.004545 
23.500000 0.003682 
23.600000 0.003629 
23.700000 0.003982 
23.800000 0.003404 
23.900000 0.003360 
24.000000 0.003257 
24.100000 0.003002 
24.200000 0.002625 
24.300000 0.002081 
24.400000 0.001698 
24.500000 0.001730 
24.600000 0.001409 
24.700000 0.000760 
24.800000 0.000551 
24.900000 -0.000257 
25.000000 -0.001136 
25.100000 -0.002210 
25.200000 -0.002987 
25.300000 -0.003367 
25.400000 -0.004134 
25.500000 -0.004865 
25.600000 -0.006303 
25.700000 -0.007745 
25.800000 -0.009293 
25.900000 -0.011042 
26.000000 -0.013271 
26.100000 -0.014859 
26.200000 -0.017295 
26.300000 -0.019725 
26.400000 -0.022529 
26.500000 -0.024651 
26.600000 -0.028077 
26.700000 -0.032681 
26.800000 -0.038320 
26.900000 -0.044782 
27.000000 -0.052484 
27.100000 -0.062082 
27.200000 -0.071578 
27.300000 -0.083886 
27.400000 -0.096003 
27.500000 -0.111628 
27.600000 -0.141040 
27.700000 -0.177808 
27.800000 -0.224465 
27.900000 -0.278838 
28.000000 -0.334099 
28.100000 -0.382417 
28.200000 -0.411495 
28.300000 -0.408789 
28.400000 -0.363338 
28.500000 -0.279191 
28.600000 -0.181102 
28.700000 -0.117243 
28.800000 -0.083061 
28.900000 -0.060896 
29.000000 -0.047127 
29.100000 -0.037788 
29.200000 -0.031657 
29.300000 -0.026667 
29.400000 -0.022768 
29.500000 -0.019237 
29.600000 -0.015953 
29.700000 -0.014431 
29.800000 -0.014463 
29.900000 -0.015533 
30.000000 -0.016993 
30.100000 -0.018373 
30.200000 -0.019584 
30.300000 -0.019543 
30.400000 -0.017422 
30.500000 -0.014259 
30.600000 -0.011179 
30.700000 -0.008696 
30.800000 -0.007568 
30.900000 -0.007999 
31.000000 -0.009069 
31.100000 -0.010079 
31.200000 -0.011761 
31.300000 -0.013167 
31.400000 -0.015516 
31.500000 -0.017599 
31.600000 -0.021991 
31.700000 -0.028872 
31.800000 -0.037661 
31.900000 -0.046791 
32.000000 -0.055347 
32.100000 -0.062440 
32.200000 -0.065589 
32.300000 -0.064676 
32.400000 -0.055558 
32.500000 -0.041325 
32.600000 -0.027364 
32.700000 -0.016357 
32.800000 -0.009226 
32.900000 -0.004744 
33.000000 -0.001854 
33.100000 0.000926 
33.200000 0.002269 
33.300000 0.003053 
33.400000 0.003704 
33.500000 0.004399 
33.600000 0.005167 
33.700000 0.005432 
33.800000 0.005500 
33.900000 0.005724 
34.000000 0.005662 
34.100000 0.005930 
34.200000 0.006026 
34.300000 0.005921 
34.400000 0.006004 
34.500000 0.006130 
34.600000 0.006107 
34.700000 0.006177 
34.800000 0.006484 
34.900000 0.006402 
35.000000 0.006451 
35.100000 0.006739 
35.200000 0.006342 
35.300000 0.006325 
35.400000 0.006398 
35.500000 0.006359 
35.600000 0.006166 
35.700000 0.006299 
35.800000 0.006179 
35.900000 0.006140 
36.000000 0.006242 
36.100000 0.006377 
36.200000 0.006339 
36.300000 0.006259 
36.400000 0.006229 
36.500000 0.006473 
36.600000 0.006174 
36.700000 0.006245 
36.800000 0.006183 
36.900000 0.006338 
37.000000 0.006036 
37.100000 0.006008 
37.200000 0.006032 
37.300000 0.006093 
37.400000 0.006078 
37.500000 0.006012 
37.600000 0.005744 
37.700000 0.005748 
37.800000 0.005859 
37.900000 0.005855 
38.000000 0.005736 
38.100000 0.005640 
38.200000 0.005715 
38.300000 0.005457 
38.400000 0.005486 
38.500000 0.005490 
38.600000 0.005214 
38.700000 0.004935 
38.800000 0.004649 
38.900000 0.003942 
39.000000 0.003478 
39.100000 0.003075 
39.200000 0.002458 
39.300000 0.002243 
39.400000 0.002042 
39.500000 0.001831 
39.600000 0.002128 
39.700000 0.001701 
39.800000 0.000788 
39.900000 -0.000496 
40.000000 -0.002180 
40.100000 -0.002843 
40.200000 -0.003034 
40.300000 -0.002769 
40.400000 -0.001780 
40.500000 0.000030 
40.600000 0.001120 
40.700000 0.001476 
40.800000 0.001410 
40.900000 0.001353 
41.000000 0.000423 
41.100000 -0.000439 
41.200000 -0.000738 
41.300000 -0.000574 
41.400000 0.000005 
41.500000 0.000659 
41.600000 0.001839 
41.700000 0.002420 
41.800000 0.002738 
41.900000 0.002867 
42.000000 0.002414 
42.100000 0.001861 
42.200000 0.001945 
42.300000 0.001561 
42.400000 0.001661 
42.500000 0.001410 
42.600000 0.001165 
42.700000 0.000440 
42.800000 -0.000661 
42.900000 -0.002302 
43.000000 -0.003616 
43.100000 -0.004465 
43.200000 -0.005900 
43.300000 -0.006136 
43.400000 -0.006293 
43.500000 -0.004867 
43.600000 -0.004289 
43.700000 -0.004337 
43.800000 -0.005135 
43.900000 -0.006417 
44.000000 -0.008233 
44.100000 -0.009281 
44.200000 -0.009646 
44.300000 -0.008934 
44.400000 -0.007063 
44.500000 -0.004202 
44.600000 -0.001434 
44.700000 0.001194 
44.800000 0.002708 
44.900000 0.003496 
45.000000 0.003926 
45.100000 0.004040 
45.200000 0.004416 
45.300000 0.004576 
45.400000 0.004676 
45.500000 0.005052 
45.600000 0.005558 
45.700000 0.005590 
45.800000 0.005527 
45.900000 0.005735 
46.000000 0.005632 
46.100000 0.005600 
46.200000 0.005903 
46.300000 0.005723 
46.400000 0.005832 
46.500000 0.005836 
46.600000 0.005671 
46.700000 0.005759 
46.800000 0.005733 
46.900000 0.005709 
47.000000 0.005537 
47.100000 0.005691 
47.200000 0.005674 
47.300000 0.005412 
47.400000 0.005707 
47.500000 0.005767 
47.600000 0.005921 
47.700000 0.006051 
47.800000 0.006233 
47.900000 0.005932 
48.000000 0.006136 
48.100000 0.006238 
48.200000 0.006012 
48.300000 0.006560 
48.400000 0.006377 
48.500000 0.006509 
48.600000 0.006174 
48.700000 0.006274 
48.800000 0.006192 
48.900000 0.006303 
49.000000 0.005979 
49.100000 0.006026 
49.200000 0.006235 
49.300000 0.006375 
49.400000 0.006181 
49.500000 0.005965 
49.600000 0.005929 
49.700000 0.005764 
49.800000 0.005713 
49.900000 0.005816 
