0.000000 -0.126786 
0.100000 -0.213957 
0.200000 -0.243572 
0.300000 -0.251652 
0.400000 -0.256002 
0.500000 -0.256785 
0.600000 -0.258449 
0.700000 -0.257957 
0.800000 -0.259146 
0.900000 -0.258472 
1.000000 -0.256696 
1.100000 -0.258694 
1.200000 -0.258932 
1.300000 -0.257663 
1.400000 -0.256869 
1.500000 -0.259171 
1.600000 -0.258422 
1.700000 -0.259192 
1.800000 -0.257078 
1.900000 -0.208646 
2.000000 -0.164502 
2.100000 -0.135218 
2.200000 -0.111466 
2.300000 -0.092341 
2.400000 -0.080370 
2.500000 -0.069783 
2.600000 -0.060873 
2.700000 -0.053233 
2.800000 -0.046817 
2.900000 -0.041120 
3.000000 -0.035805 
3.100000 -0.030501 
3.200000 -0.026073 
3.300000 -0.022042 
3.400000 -0.018501 
3.500000 -0.015298 
3.600000 -0.013536 
3.700000 -0.011871 
3.800000 -0.010261 
3.900000 -0.008740 
4.000000 -0.007574 
4.100000 -0.006699 
4.200000 -0.005075 
4.300000 -0.004415 
4.400000 -0.003690 
4.500000 -0.002975 
4.600000 -0.002362 
4.700000 -0.001682 
4.800000 -0.000901 
4.900000 -0.000441 
5.000000 -0.000093 
5.100000 -0.000042 
5.200000 0.000662 
5.300000 0.001275 
5.400000 0.001704 
5.500000 0.001907 
5.600000 0.001995 
5.700000 0.002456 
5.800000 0.002807 
5.900000 0.002955 
6.000000 0.003276 
6.100000 0.003242 
6.200000 0.003776 
6.300000 0.004136 
6.400000 0.004091 
6.500000 0.003982 
6.600000 0.004129 
6.700000 0.004078 
6.800000 0.004005 
6.900000 0.004185 
7.000000 0.004315 
7.100000 0.004295 
7.200000 0.004922 
7.300000 0.004702 
7.400000 0.004413 
7.500000 0.004306 
7.600000 0.004414 
7.700000 0.005594 
7.800000 0.005452 
7.900000 0.005252 
8.000000 0.005356 
8.100000 0.005202 
8.200000 0.005069 
8.300000 0.005409 
8.400000 0.005413 
8.500000 0.005505 
8.600000 0.005510 
8.700000 0.005386 
8.800000 0.005354 
8.900000 0.005350 
9.000000 0.005469 
9.100000 0.005277 
9.200000 0.005489 
9.300000 0.005393 
9.400000 0.005405 
9.500000 0.005358 
9.600000 0.005544 
9.700000 0.005521 
9.800000 0.005588 
9.900000 0.005547 
10.000000 0.005324 
10.100000 0.005485 
10.200000 0.005441 
10.300000 0.005450 
10.400000 0.005171 
10.500000 0.005385 
10.600000 0.005388 
10.700000 0.005493 
10.800000 0.005377 
10.900000 0.005133 
11.000000 0.004997 
11.100000 0.005176 
11.200000 0.005043 
11.300000 0.004941 
11.400000 0.005016 
11.500000 0.004660 
11.600000 0.004659 
11.700000 0.004799 
11.800000 0.004625 
11.900000 0.004393 
12.000000 0.004064 
12.100000 0.003492 
12.200000 0.002925 
12.300000 0.002624 
12.400000 0.002185 
12.500000 0.002073 
12.600000 0.002094 
12.700000 0.002554 
12.800000 0.002408 
12.900000 0.002319 
13.000000 0.002285 
13.100000 0.002239 
13.200000 0.001820 
13.300000 0.000975 
13.400000 -0.000110 
13.500000 -0.001142 
13.600000 -0.002836 
13.700000 -0.003754 
13.800000 -0.005282 
13.900000 -0.007617 
14.000000 -0.010949 
14.100000 -0.015487 
14.200000 -0.021006 
14.300000 -0.025816 
14.400000 -0.028609 
14.500000 -0.026739 
14.600000 -0.020977 
14.700000 -0.014383 
14.800000 -0.010122 
14.900000 -0.007721 
15.000000 -0.006824 
15.100000 -0.006514 
15.200000 -0.007178 
15.300000 -0.007933 
15.400000 -0.009269 
15.500000 -0.010320 
15.600000 -0.011252 
15.700000 -0.012553 
15.800000 -0.014365 
15.900000 -0.017266 
16.000000 -0.022631 
16.100000 -0.028701 
16.200000 -0.036158 
16.300000 -0.042291 
16.400000 -0.047138 
16.500000 -0.047643 
16.600000 -0.044195 
16.700000 -0.043894 
16.800000 -0.048169 
16.900000 -0.056183 
17.000000 -0.070398 
17.100000 -0.088789 
17.200000 -0.109805 
17.300000 -0.126387 
17.400000 -0.133461 
17.500000 -0.126423 
17.600000 -0.112636 
17.700000 -0.107499 
17.800000 -0.115861 
17.900000 -0.139982 
18.000000 -0.180987 
18.100000 -0.233862 
18.200000 -0.285735 
18.300000 -0.319468 
18.400000 -0.320106 
18.500000 -0.248393 
18.600000 -0.161424 
18.700000 -0.100798 
18.800000 -0.063218 
18.900000 -0.040782 
19.000000 -0.026124 
19.100000 -0.017100 
19.200000 -0.011018 
19.300000 -0.006830 
19.400000 -0.004482 
19.500000 -0.001977 
19.600000 -0.000029 
19.700000 0.001266 
19.800000 0.001689 
19.900000 0.001713 
20.000000 0.001452 
20.100000 0.000810 
20.200000 0.000404 
20.300000 0.000046 
20.400000 0.000675 
20.500000 0.002014 
20.600000 0.003532 
20.700000 0.004631 
20.800000 0.005151 
20.900000 0.005437 
21.000000 0.005559 
21.100000 0.006059 
21.200000 0.005980 
21.300000 0.006136 
21.400000 0.005911 
21.500000 0.005925 
21.600000 0.006203 
21.700000 0.006123 
21.800000 0.006181 
21.900000 0.006206 
22.000000 0.006146 
22.100000 0.006012 
22.200000 0.005773 
22.300000 0.005907 
22.400000 0.005836 
22.500000 0.005956 
22.600000 0.006123 
22.700000 0.005875 
22.800000 0.006001 
22.900000 0.005848 
23.000000 0.005863 
23.100000 0.005771 
23.200000 0.005782 
23.300000 0.005804 
23.400000 0.005748 
23.500000 0.005886 
23.600000 0.005119 
23.700000 0.005071 
23.800000 0.005293 
23.900000 0.005166 
24.000000 0.004963 
24.100000 0.004772 
24.200000 0.004513 
24.300000 0.004500 
24.400000 0.004373 
24.500000 0.004156 
24.600000 0.004215 
24.700000 0.003827 
24.800000 0.003415 
24.900000 0.002975 
25.000000 0.002328 
25.100000 0.002186 
25.200000 0.001604 
25.300000 0.001227 
25.400000 0.000510 
25.500000 -0.000167 
25.600000 -0.000527 
25.700000 -0.002102 
25.800000 -0.003049 
25.900000 -0.004127 
26.000000 -0.005577 
26.100000 -0.007373 
26.200000 -0.008963 
26.300000 -0.010715 
26.400000 -0.012226 
26.500000 -0.013852 
26.600000 -0.016304 
26.700000 -0.019485 
26.800000 -0.023730 
26.900000 -0.028247 
27.000000 -0.035366 
27.100000 -0.042878 
27.200000 -0.051667 
27.300000 -0.061456 
27.400000 -0.073340 
27.500000 -0.087228 
27.600000 -0.116155 
27.700000 -0.155660 
27.800000 -0.209674 
27.900000 -0.283197 
28.000000 -0.360301 
28.100000 -0.422705 
28.200000 -0.458523 
28.300000 -0.452534 
28.400000 -0.389734 
28.500000 -0.279774 
28.600000 -0.162629 
28.700000 -0.095380 
28.800000 -0.061787 
28.900000 -0.043050 
29.000000 -0.031828 
29.100000 -0.025365 
29.200000 -0.020974 
29.300000 -0.017710 
29.400000 -0.014878 
29.500000 -0.012304 
29.600000 -0.009443 
29.700000 -0.008598 
29.800000 -0.009473 
29.900000 -0.011765 
30.000000 -0.014504 
30.100000 -0.016717 
30.200000 -0.017998 
30.300000 -0.017842 
30.400000 -0.015601 
30.500000 -0.011493 
30.600000 -0.007389 
30.700000 -0.004845 
30.800000 -0.003769 
30.900000 -0.004162 
31.000000 -0.004704 
31.100000 -0.005799 
31.200000 -0.007551 
31.300000 -0.009143 
31.400000 -0.010991 
31.500000 -0.013322 
31.600000 -0.017305 
31.700000 -0.024935 
31.800000 -0.035320 
31.900000 -0.047384 
32.000000 -0.059301 
32.100000 -0.069088 
32.200000 -0.073112 
32.300000 -0.070708 
32.400000 -0.059573 
32.500000 -0.040973 
32.600000 -0.024469 
32.700000 -0.012613 
32.800000 -0.005154 
32.900000 -0.001630 
33.000000 0.001429 
33.100000 0.003191 
33.200000 0.004049 
33.300000 0.004819 
33.400000 0.005287 
33.500000 0.005393 
33.600000 0.005704 
33.700000 0.005981 
33.800000 0.005769 
33.900000 0.005904 
34.000000 0.006063 
34.100000 0.005867 
34.200000 0.005881 
34.300000 0.005991 
34.400000 0.005503 
34.500000 0.006278 
34.600000 0.006435 
34.700000 0.006272 
34.800000 0.006366 
34.900000 0.006193 
35.000000 0.006356 
35.100000 0.006422 
35.200000 0.006458 
35.300000 0.006509 
35.400000 0.006335 
35.500000 0.006323 
35.600000 0.006166 
35.700000 0.005986 
35.800000 0.006264 
35.900000 0.006177 
36.000000 0.006089 
36.100000 0.006193 
36.200000 0.006380 
36.300000 0.006410 
36.400000 0.006147 
36.500000 0.006088 
36.600000 0.006259 
36.700000 0.006300 
36.800000 0.006212 
36.900000 0.006242 
37.000000 0.006083 
37.100000 0.005999 
37.200000 0.006118 
37.300000 0.006265 
37.400000 0.006281 
37.500000 0.006188 
37.600000 0.006197 
37.700000 0.006227 
37.800000 0.006004 
37.900000 0.005957 
38.000000 0.005780 
38.100000 0.005731 
38.200000 0.005712 
38.300000 0.005761 
38.400000 0.005656 
38.500000 0.005645 
38.600000 0.005385 
38.700000 0.005423 
38.800000 0.005076 
38.900000 0.004554 
39.000000 0.003581 
39.100000 0.003438 
39.200000 0.003025 
39.300000 0.002606 
39.400000 0.002426 
39.500000 0.002693 
39.600000 0.002693 
39.700000 0.002205 
39.800000 0.001324 
39.900000 -0.000100 
40.000000 -0.001775 
40.100000 -0.002782 
40.200000 -0.003025 
40.300000 -0.002575 
40.400000 -0.001313 
40.500000 0.000834 
40.600000 0.002001 
40.700000 0.002457 
40.800000 0.002709 
40.900000 0.001880 
41.000000 0.000983 
41.100000 -0.000036 
41.200000 -0.000333 
41.300000 -0.000501 
41.400000 0.000238 
41.500000 0.001673 
41.600000 0.002700 
41.700000 0.003770 
41.800000 0.004033 
41.900000 0.003964 
42.000000 0.003563 
42.100000 0.002978 
42.200000 0.002460 
42.300000 0.002619 
42.400000 0.002527 
42.500000 0.002150 
42.600000 0.002357 
42.700000 0.001562 
42.800000 0.000828 
42.900000 -0.000894 
43.000000 -0.002937 
43.100000 -0.004128 
43.200000 -0.005334 
43.300000 -0.005808 
43.400000 -0.005519 
43.500000 -0.004428 
43.600000 -0.003383 
43.700000 -0.003260 
43.800000 -0.004057 
43.900000 -0.006145 
44.000000 -0.008365 
44.100000 -0.009770 
44.200000 -0.010625 
44.300000 -0.010278 
44.400000 -0.007563 
44.500000 -0.003760 
44.600000 0.000006 
44.700000 0.002211 
44.800000 0.003466 
44.900000 0.003941 
45.000000 0.004270 
45.100000 0.004358 
45.200000 0.004373 
45.300000 0.004732 
45.400000 0.005273 
45.500000 0.005466 
45.600000 0.005707 
45.700000 0.005607 
45.800000 0.005992 
45.900000 0.006032 
46.000000 0.005920 
46.100000 0.005904 
46.200000 0.005760 
46.300000 0.005795 
46.400000 0.005768 
46.500000 0.005935 
46.600000 0.006134 
46.700000 0.006038 
46.800000 0.005868 
46.900000 0.005824 
47.000000 0.005624 
47.100000 0.005580 
47.200000 0.005616 
47.300000 0.005722 
47.400000 0.005891 
47.500000 0.006015 
47.600000 0.006107 
47.700000 0.006226 
47.800000 0.006285 
47.900000 0.006506 
48.000000 0.006636 
48.100000 0.006392 
48.200000 0.006393 
48.300000 0.006368 
48.400000 0.006465 
48.500000 0.006558 
48.600000 0.006380 
48.700000 0.006414 
48.800000 0.006339 
48.900000 0.006327 
49.000000 0.006374 
49.100000 0.006317 
49.200000 0.006458 
49.300000 0.006458 
49.400000 0.006045 
49.500000 0.006181 
49.600000 0.006397 
49.700000 0.006153 
49.800000 0.006160 
49.900000 0.006179 
