0.000000 -0.088707 
0.100000 -0.147336 
0.200000 -0.167390 
0.300000 -0.175042 
0.400000 -0.178209 
0.500000 -0.179073 
0.600000 -0.179922 
0.700000 -0.179394 
0.800000 -0.180241 
0.900000 -0.180651 
1.000000 -0.179900 
1.100000 -0.178557 
1.200000 -0.179740 
1.300000 -0.180229 
1.400000 -0.180542 
1.500000 -0.180190 
1.600000 -0.179101 
1.700000 -0.179693 
1.800000 -0.180775 
1.900000 -0.135343 
2.000000 -0.100739 
2.100000 -0.079848 
2.200000 -0.062194 
2.300000 -0.047360 
2.400000 -0.038101 
2.500000 -0.030323 
2.600000 -0.024972 
2.700000 -0.021061 
2.800000 -0.017866 
2.900000 -0.015264 
3.000000 -0.013429 
3.100000 -0.010598 
3.200000 -0.007930 
3.300000 -0.005230 
3.400000 -0.003779 
3.500000 -0.002985 
3.600000 -0.001385 
3.700000 -0.000619 
3.800000 0.000402 
3.900000 0.001205 
4.000000 0.001809 
4.100000 0.002193 
4.200000 0.002341 
4.300000 0.002926 
4.400000 0.003288 
4.500000 0.003644 
4.600000 0.003770 
4.700000 0.004216 
4.800000 0.004248 
4.900000 0.004472 
5.000000 0.004698 
5.100000 0.004656 
5.200000 0.004834 
5.300000 0.004742 
5.400000 0.004981 
5.500000 0.004886 
5.600000 0.004975 
5.700000 0.005152 
5.800000 0.004963 
5.900000 0.005158 
6.000000 0.005141 
6.100000 0.005262 
6.200000 0.005103 
6.300000 0.004904 
6.400000 0.005212 
6.500000 0.005130 
6.600000 0.005273 
6.700000 0.005235 
6.800000 0.005554 
6.900000 0.005328 
7.000000 0.005312 
7.100000 0.005252 
7.200000 0.005420 
7.300000 0.005199 
7.400000 0.005077 
7.500000 0.005155 
7.600000 0.005151 
7.700000 0.005155 
7.800000 0.005309 
7.900000 0.005375 
8.000000 0.005465 
8.100000 0.005438 
8.200000 0.005391 
8.300000 0.005147 
8.400000 0.005493 
8.500000 0.005301 
8.600000 0.005269 
8.700000 0.005215 
8.800000 0.005859 
8.900000 0.005958 
9.000000 0.005963 
9.100000 0.005845 
9.200000 0.005598 
9.300000 0.005754 
9.400000 0.005768 
9.500000 0.005565 
9.600000 0.005669 
9.700000 0.005693 
9.800000 0.005514 
9.900000 0.005476 
10.000000 0.005690 
10.100000 0.005601 
10.200000 0.005499 
10.300000 0.005813 
10.400000 0.005646 
10.500000 0.005929 
10.600000 0.005644 
10.700000 0.005508 
10.800000 0.005376 
10.900000 0.005601 
11.000000 0.005535 
11.100000 0.005490 
11.200000 0.005808 
11.300000 0.005585 
11.400000 0.005580 
11.500000 0.005548 
11.600000 0.005329 
11.700000 0.005343 
11.800000 0.005227 
11.900000 0.005174 
12.000000 0.004907 
12.100000 0.004609 
12.200000 0.004125 
12.300000 0.003256 
12.400000 0.002947 
12.500000 0.003365 
12.600000 0.003859 
12.700000 0.004680 
12.800000 0.004640 
12.900000 0.004621 
13.000000 0.004548 
13.100000 0.004517 
13.200000 0.004332 
13.300000 0.003646 
13.400000 0.003038 
13.500000 0.002006 
13.600000 0.001174 
13.700000 0.000563 
13.800000 -0.001044 
13.900000 -0.004210 
14.000000 -0.007866 
14.100000 -0.013987 
14.200000 -0.021637 
14.300000 -0.027839 
14.400000 -0.030809 
14.500000 -0.027574 
14.600000 -0.018411 
14.700000 -0.010193 
14.800000 -0.004583 
14.900000 -0.002370 
15.000000 -0.001026 
15.100000 -0.001377 
15.200000 -0.002468 
15.300000 -0.003365 
15.400000 -0.004246 
15.500000 -0.004261 
15.600000 -0.004652 
15.700000 -0.004888 
15.800000 -0.006808 
15.900000 -0.009910 
16.000000 -0.015235 
16.100000 -0.022896 
16.200000 -0.030887 
16.300000 -0.038318 
16.400000 -0.040656 
16.500000 -0.037301 
16.600000 -0.030865 
16.700000 -0.027840 
16.800000 -0.030375 
16.900000 -0.039855 
17.000000 -0.056581 
17.100000 -0.080071 
17.200000 -0.105613 
17.300000 -0.123724 
17.400000 -0.124983 
17.500000 -0.110803 
17.600000 -0.088244 
17.700000 -0.079000 
17.800000 -0.087600 
17.900000 -0.117499 
18.000000 -0.169795 
18.100000 -0.244295 
18.200000 -0.316322 
18.300000 -0.353254 
18.400000 -0.349783 
18.500000 -0.255736 
18.600000 -0.147041 
18.700000 -0.078707 
18.800000 -0.042248 
18.900000 -0.023662 
19.000000 -0.012601 
19.100000 -0.006556 
19.200000 -0.003137 
19.300000 -0.000488 
19.400000 0.001066 
19.500000 0.002308 
19.600000 0.003388 
19.700000 0.004020 
19.800000 0.003580 
19.900000 0.002884 
20.000000 0.002187 
20.100000 0.001218 
20.200000 0.000292 
20.300000 -0.000049 
20.400000 0.000150 
20.500000 0.001558 
20.600000 0.003653 
20.700000 0.004519 
20.800000 0.005003 
20.900000 0.005314 
21.000000 0.005437 
21.100000 0.005646 
21.200000 0.005579 
21.300000 0.005641 
21.400000 0.005594 
21.500000 0.005620 
21.600000 0.005569 
21.700000 0.005664 
21.800000 0.005840 
21.900000 0.005692 
22.000000 0.005625 
22.100000 0.005511 
22.200000 0.005373 
22.300000 0.005522 
22.400000 0.005689 
22.500000 0.005392 
22.600000 0.005497 
22.700000 0.005518 
22.800000 0.005628 
22.900000 0.005655 
23.000000 0.005676 
23.100000 0.005663 
23.200000 0.005788 
23.300000 0.005975 
23.400000 0.005839 
23.500000 0.005742 
23.600000 0.005695 
23.700000 0.005664 
23.800000 0.005610 
23.900000 0.005774 
24.000000 0.005551 
24.100000 0.005460 
24.200000 0.005285 
24.300000 0.005162 
24.400000 0.005357 
24.500000 0.005291 
24.600000 0.005285 
24.700000 0.005417 
24.800000 0.005032 
24.900000 0.005079 
25.000000 0.004906 
25.100000 0.004773 
25.200000 0.004532 
25.300000 0.004235 
25.400000 0.004126 
25.500000 0.003715 
25.600000 0.003810 
25.700000 0.003053 
25.800000 0.002014 
25.900000 0.000887 
26.000000 -0.000275 
26.100000 -0.002138 
26.200000 -0.003348 
26.300000 -0.004164 
26.400000 -0.004563 
26.500000 -0.004476 
26.600000 -0.005129 
26.700000 -0.007183 
26.800000 -0.010008 
26.900000 -0.013840 
27.000000 -0.018765 
27.100000 -0.024299 
27.200000 -0.030803 
27.300000 -0.037659 
27.400000 -0.046581 
27.500000 -0.058939 
27.600000 -0.085514 
27.700000 -0.128502 
27.800000 -0.190870 
27.900000 -0.281795 
28.000000 -0.384252 
28.100000 -0.463817 
28.200000 -0.496548 
28.300000 -0.482318 
28.400000 -0.405257 
28.500000 -0.268812 
28.600000 -0.138337 
28.700000 -0.070989 
28.800000 -0.040700 
28.900000 -0.026087 
29.000000 -0.018710 
29.100000 -0.014879 
29.200000 -0.013185 
29.300000 -0.011493 
29.400000 -0.009230 
29.500000 -0.006560 
29.600000 -0.004520 
29.700000 -0.004778 
29.800000 -0.006144 
29.900000 -0.009799 
30.000000 -0.013331 
30.100000 -0.015866 
30.200000 -0.017748 
30.300000 -0.017072 
30.400000 -0.014406 
30.500000 -0.008591 
30.600000 -0.003830 
30.700000 -0.000754 
30.800000 0.000034 
30.900000 -0.000276 
31.000000 -0.001300 
31.100000 -0.002703 
31.200000 -0.003783 
31.300000 -0.004996 
31.400000 -0.006172 
31.500000 -0.008571 
31.600000 -0.012059 
31.700000 -0.020678 
31.800000 -0.032956 
31.900000 -0.048323 
32.000000 -0.063927 
32.100000 -0.075477 
32.200000 -0.079935 
32.300000 -0.076810 
32.400000 -0.062361 
32.500000 -0.039132 
32.600000 -0.020796 
32.700000 -0.008980 
32.800000 -0.002723 
32.900000 0.001375 
33.000000 0.003292 
33.100000 0.003967 
33.200000 0.004512 
33.300000 0.004813 
33.400000 0.005167 
33.500000 0.005392 
33.600000 0.005484 
33.700000 0.005187 
33.800000 0.005313 
33.900000 0.005599 
34.000000 0.005607 
34.100000 0.005280 
34.200000 0.005185 
34.300000 0.005395 
34.400000 0.005534 
34.500000 0.005768 
34.600000 0.005899 
34.700000 0.005806 
34.800000 0.005852 
34.900000 0.006120 
35.000000 0.006083 
35.100000 0.005796 
35.200000 0.005698 
35.300000 0.006059 
35.400000 0.006045 
35.500000 0.006142 
35.600000 0.005525 
35.700000 0.005839 
35.800000 0.005865 
35.900000 0.005608 
36.000000 0.005990 
36.100000 0.005827 
36.200000 0.005637 
36.300000 0.005632 
36.400000 0.005895 
36.500000 0.006135 
36.600000 0.006103 
36.700000 0.005892 
36.800000 0.005954 
36.900000 0.005700 
37.000000 0.005790 
37.100000 0.005644 
37.200000 0.005714 
37.300000 0.006251 
37.400000 0.005858 
37.500000 0.005827 
37.600000 0.006250 
37.700000 0.005966 
37.800000 0.005606 
37.900000 0.005463 
38.000000 0.005578 
38.100000 0.005857 
38.200000 0.005340 
38.300000 0.005551 
38.400000 0.005359 
38.500000 0.005665 
38.600000 0.005641 
38.700000 0.005570 
38.800000 0.004854 
38.900000 0.004451 
39.000000 0.003595 
39.100000 0.003090 
39.200000 0.002908 
39.300000 0.002664 
39.400000 0.002805 
39.500000 0.003166 
39.600000 0.003199 
39.700000 0.002505 
39.800000 0.001565 
39.900000 -0.000360 
40.000000 -0.002446 
40.100000 -0.003151 
40.200000 -0.003453 
40.300000 -0.003313 
40.400000 -0.000959 
40.500000 0.001443 
40.600000 0.002561 
40.700000 0.002901 
40.800000 0.003250 
40.900000 0.002025 
41.000000 0.000986 
41.100000 -0.000549 
41.200000 -0.001040 
41.300000 -0.000783 
41.400000 -0.000299 
41.500000 0.001881 
41.600000 0.003094 
41.700000 0.004198 
41.800000 0.004163 
41.900000 0.004020 
42.000000 0.003515 
42.100000 0.003373 
42.200000 0.002723 
42.300000 0.002488 
42.400000 0.002610 
42.500000 0.003396 
42.600000 0.003043 
42.700000 0.002927 
42.800000 0.001767 
42.900000 -0.000602 
43.000000 -0.002668 
43.100000 -0.004187 
43.200000 -0.005186 
43.300000 -0.005441 
43.400000 -0.004992 
43.500000 -0.003569 
43.600000 -0.001711 
43.700000 -0.001739 
43.800000 -0.003156 
43.900000 -0.005859 
44.000000 -0.009042 
44.100000 -0.010860 
44.200000 -0.011856 
44.300000 -0.010712 
44.400000 -0.007978 
44.500000 -0.003126 
44.600000 0.000587 
44.700000 0.003120 
44.800000 0.003856 
44.900000 0.004505 
45.000000 0.004665 
45.100000 0.004570 
45.200000 0.004383 
45.300000 0.004363 
45.400000 0.004671 
45.500000 0.005195 
45.600000 0.005301 
45.700000 0.005728 
45.800000 0.005765 
45.900000 0.005717 
46.000000 0.005598 
46.100000 0.005114 
46.200000 0.005739 
46.300000 0.005513 
46.400000 0.005617 
46.500000 0.005215 
46.600000 0.005478 
46.700000 0.005469 
46.800000 0.005594 
46.900000 0.005412 
47.000000 0.005310 
47.100000 0.005363 
47.200000 0.005226 
47.300000 0.005208 
47.400000 0.005274 
47.500000 0.005687 
47.600000 0.005781 
47.700000 0.005647 
47.800000 0.005608 
47.900000 0.005856 
48.000000 0.005850 
48.100000 0.005855 
48.200000 0.005733 
48.300000 0.005932 
48.400000 0.005952 
48.500000 0.005770 
48.600000 0.005783 
48.700000 0.005900 
48.800000 0.005919 
48.900000 0.005931 
49.000000 0.005778 
49.100000 0.005732 
49.200000 0.005766 
49.300000 0.005658 
49.400000 0.005860 
49.500000 0.005805 
49.600000 0.005884 
49.700000 0.005903 
49.800000 0.005838 
49.900000 0.005739 
