0.000000 -0.100668 
0.100000 -0.045333 
0.200000 -0.027386 
0.300000 -0.020935 
0.400000 -0.018218 
0.500000 -0.016289 
0.600000 -0.015856 
0.700000 -0.015334 
0.800000 -0.015196 
0.900000 -0.015076 
1.000000 -0.014878 
1.100000 -0.014905 
1.200000 -0.014866 
1.300000 -0.014951 
1.400000 -0.014870 
1.500000 -0.014850 
1.600000 -0.014917 
1.700000 -0.014784 
1.800000 -0.014802 
1.900000 -0.008325 
2.000000 -0.004613 
2.100000 -0.003725 
2.200000 0.000131 
2.300000 0.003576 
2.400000 0.004640 
2.500000 0.005001 
2.600000 0.005047 
2.700000 0.004168 
2.800000 0.000503 
2.900000 -0.004213 
3.000000 -0.004693 
3.100000 0.000441 
3.200000 0.004332 
3.300000 0.005143 
3.400000 0.005413 
3.500000 0.005579 
3.600000 0.005737 
3.700000 0.005767 
3.800000 0.005793 
3.900000 0.005798 
4.000000 0.005758 
4.100000 0.005828 
4.200000 0.005784 
4.300000 0.005879 
4.400000 0.006166 
4.500000 0.006262 
4.600000 0.006266 
4.700000 0.006526 
4.800000 0.006199 
4.900000 0.006322 
5.000000 0.006374 
5.100000 0.006281 
5.200000 0.006304 
5.300000 0.006311 
5.400000 0.006471 
5.500000 0.006507 
5.600000 0.006347 
5.700000 0.006279 
5.800000 0.006341 
5.900000 0.006281 
6.000000 0.006381 
6.100000 0.006301 
6.200000 0.006384 
6.300000 0.006316 
6.400000 0.006320 
6.500000 0.006323 
6.600000 0.006281 
6.700000 0.006098 
6.800000 0.006150 
6.900000 0.006151 
7.000000 0.006110 
7.100000 0.006183 
7.200000 0.005964 
7.300000 0.005856 
7.400000 0.005955 
7.500000 0.005864 
7.600000 0.006007 
7.700000 0.006039 
7.800000 0.006057 
7.900000 0.006124 
8.000000 0.006067 
8.100000 0.006086 
8.200000 0.005976 
8.300000 0.006059 
8.400000 0.006039 
8.500000 0.006128 
8.600000 0.006184 
8.700000 0.006093 
8.800000 0.006138 
8.900000 0.006348 
9.000000 0.006376 
9.100000 0.006213 
9.200000 0.006374 
9.300000 0.006367 
9.400000 0.006300 
9.500000 0.006354 
9.600000 0.006179 
9.700000 0.006296 
9.800000 0.006146 
9.900000 0.006537 
10.000000 0.006124 
10.100000 0.006269 
10.200000 0.006347 
10.300000 0.006338 
10.400000 0.006390 
10.500000 0.006184 
10.600000 0.006336 
10.700000 0.006336 
10.800000 0.006503 
10.900000 0.006323 
11.000000 0.006435 
11.100000 0.006282 
11.200000 0.006360 
11.300000 0.006433 
11.400000 0.006362 
11.500000 0.006184 
11.600000 0.005743 
11.700000 0.004938 
11.800000 0.004055 
11.900000 0.003229 
12.000000 0.002588 
12.100000 0.002373 
12.200000 0.002339 
12.300000 0.002398 
12.400000 0.002655 
12.500000 0.002980 
12.600000 0.003483 
12.700000 0.004421 
12.800000 0.005039 
12.900000 0.005064 
13.000000 0.005097 
13.100000 0.005016 
13.200000 0.004729 
13.300000 0.004005 
13.400000 -0.000656 
13.500000 -0.009982 
13.600000 -0.024798 
13.700000 -0.038302 
13.800000 -0.046778 
13.900000 -0.051842 
14.000000 -0.054264 
14.100000 -0.055287 
14.200000 -0.054852 
14.300000 -0.052021 
14.400000 -0.048597 
14.500000 -0.044191 
14.600000 -0.037417 
14.700000 -0.023341 
14.800000 -0.011574 
14.900000 -0.006274 
15.000000 -0.004217 
15.100000 -0.003671 
15.200000 -0.003947 
15.300000 -0.006249 
15.400000 -0.017239 
15.500000 -0.033587 
15.600000 -0.045949 
15.700000 -0.052538 
15.800000 -0.055970 
15.900000 -0.058658 
16.000000 -0.059808 
16.100000 -0.061639 
16.200000 -0.065545 
16.300000 -0.078456 
16.400000 -0.124271 
16.500000 -0.167193 
16.600000 -0.187782 
16.700000 -0.188807 
16.800000 -0.187023 
16.900000 -0.187507 
17.000000 -0.190106 
17.100000 -0.197968 
17.200000 -0.228778 
17.300000 -0.303202 
17.400000 -0.471606 
17.500000 -0.585864 
17.600000 -0.613670 
17.700000 -0.592473 
17.800000 -0.575301 
17.900000 -0.570219 
18.000000 -0.565239 
18.100000 -0.549806 
18.200000 -0.525537 
18.300000 -0.492210 
18.400000 -0.455955 
18.500000 -0.387093 
18.600000 -0.293136 
18.700000 -0.155043 
18.800000 -0.062893 
18.900000 -0.025060 
19.000000 -0.010564 
19.100000 -0.004649 
19.200000 -0.003026 
19.300000 -0.003426 
19.400000 -0.003976 
19.500000 -0.004428 
19.600000 -0.004642 
19.700000 -0.004313 
19.800000 -0.004172 
19.900000 -0.003961 
20.000000 -0.003667 
20.100000 -0.003484 
20.200000 -0.002954 
20.300000 -0.002628 
20.400000 -0.001617 
20.500000 -0.000381 
20.600000 0.001458 
20.700000 0.004012 
20.800000 0.005151 
20.900000 0.005666 
21.000000 0.005700 
21.100000 0.005948 
21.200000 0.005738 
21.300000 0.005477 
21.400000 0.005471 
21.500000 0.005344 
21.600000 0.005590 
21.700000 0.005369 
21.800000 0.005365 
21.900000 0.005420 
22.000000 0.005319 
22.100000 0.005319 
22.200000 0.005554 
22.300000 0.005725 
22.400000 0.005518 
22.500000 0.005626 
22.600000 0.005903 
22.700000 0.005986 
22.800000 0.005921 
22.900000 0.006024 
23.000000 0.006102 
23.100000 0.005832 
23.200000 0.005649 
23.300000 0.005851 
23.400000 0.005732 
23.500000 0.005755 
23.600000 0.005702 
23.700000 0.005693 
23.800000 0.005895 
23.900000 0.005615 
24.000000 0.005341 
24.100000 0.005322 
24.200000 0.005075 
24.300000 0.005169 
24.400000 0.005092 
24.500000 0.005040 
24.600000 0.004931 
24.700000 0.004930 
24.800000 0.004591 
24.900000 0.003450 
25.000000 0.000575 
25.100000 -0.000432 
25.200000 -0.001877 
25.300000 -0.002877 
25.400000 -0.003177 
25.500000 -0.003976 
25.600000 -0.004025 
25.700000 -0.004865 
25.800000 -0.006655 
25.900000 -0.010906 
26.000000 -0.015185 
26.100000 -0.019002 
26.200000 -0.021460 
26.300000 -0.024145 
26.400000 -0.027749 
26.500000 -0.032893 
26.600000 -0.065959 
26.700000 -0.140742 
26.800000 -0.305944 
26.900000 -0.554325 
27.000000 -0.737365 
27.100000 -0.845769 
27.200000 -0.916373 
27.300000 -0.954399 
27.400000 -0.978903 
27.500000 -0.994710 
27.600000 -0.998749 
27.700000 -0.990286 
27.800000 -0.971990 
27.900000 -0.948109 
28.000000 -0.906934 
28.100000 -0.855311 
28.200000 -0.810431 
28.300000 -0.759073 
28.400000 -0.693981 
28.500000 -0.609281 
28.600000 -0.445591 
28.700000 -0.233397 
28.800000 -0.113231 
28.900000 -0.069370 
29.000000 -0.054567 
29.100000 -0.049226 
29.200000 -0.047383 
29.300000 -0.046088 
29.400000 -0.045060 
29.500000 -0.043652 
29.600000 -0.042369 
29.700000 -0.038940 
29.800000 -0.036084 
29.900000 -0.034525 
30.000000 -0.033525 
30.100000 -0.031988 
30.200000 -0.030966 
30.300000 -0.029885 
30.400000 -0.030726 
30.500000 -0.037259 
30.600000 -0.050862 
30.700000 -0.086518 
30.800000 -0.118396 
30.900000 -0.140663 
31.000000 -0.155972 
31.100000 -0.166262 
31.200000 -0.172351 
31.300000 -0.175968 
31.400000 -0.178028 
31.500000 -0.179102 
31.600000 -0.177367 
31.700000 -0.174126 
31.800000 -0.168270 
31.900000 -0.161982 
32.000000 -0.153140 
32.100000 -0.144934 
32.200000 -0.135858 
32.300000 -0.127691 
32.400000 -0.116274 
32.500000 -0.101301 
32.600000 -0.083640 
32.700000 -0.046078 
32.800000 -0.017430 
32.900000 -0.005233 
33.000000 -0.000023 
33.100000 0.002895 
33.200000 0.004068 
33.300000 0.004701 
33.400000 0.004839 
33.500000 0.004932 
33.600000 0.005068 
33.700000 0.005186 
33.800000 0.005108 
33.900000 0.005375 
34.000000 0.005538 
34.100000 0.005263 
34.200000 0.005531 
34.300000 0.005759 
34.400000 0.005823 
34.500000 0.005553 
34.600000 0.005735 
34.700000 0.005856 
34.800000 0.006006 
34.900000 0.005892 
35.000000 0.005975 
35.100000 0.005875 
35.200000 0.005885 
35.300000 0.005820 
35.400000 0.005899 
35.500000 0.005686 
35.600000 0.005724 
35.700000 0.005694 
35.800000 0.005604 
35.900000 0.005692 
36.000000 0.005560 
36.100000 0.005479 
36.200000 0.005517 
36.300000 0.005583 
36.400000 0.005557 
36.500000 0.005266 
36.600000 0.005252 
36.700000 0.005194 
36.800000 0.005211 
36.900000 0.005100 
37.000000 0.005041 
37.100000 0.005111 
37.200000 0.004890 
37.300000 0.004389 
37.400000 0.004044 
37.500000 0.002782 
37.600000 0.001702 
37.700000 0.001112 
37.800000 0.000807 
37.900000 0.000196 
38.000000 -0.000028 
38.100000 -0.001102 
38.200000 -0.002774 
38.300000 -0.005379 
38.400000 -0.009395 
38.500000 -0.013205 
38.600000 -0.014716 
38.700000 -0.016405 
38.800000 -0.017820 
38.900000 -0.018398 
39.000000 -0.018824 
39.100000 -0.018873 
39.200000 -0.019739 
39.300000 -0.021012 
39.400000 -0.023140 
39.500000 -0.024608 
39.600000 -0.025454 
39.700000 -0.026091 
39.800000 -0.024768 
39.900000 -0.024227 
40.000000 -0.023838 
40.100000 -0.023414 
40.200000 -0.023348 
40.300000 -0.021769 
40.400000 -0.021790 
40.500000 -0.021114 
40.600000 -0.019393 
40.700000 -0.016777 
40.800000 -0.014006 
40.900000 -0.011623 
41.000000 -0.010410 
41.100000 -0.010248 
41.200000 -0.010895 
41.300000 -0.013369 
41.400000 -0.015972 
41.500000 -0.017637 
41.600000 -0.018717 
41.700000 -0.018719 
41.800000 -0.018446 
41.900000 -0.017622 
42.000000 -0.018553 
42.100000 -0.021224 
42.200000 -0.028008 
42.300000 -0.035349 
42.400000 -0.041409 
42.500000 -0.047141 
42.600000 -0.049342 
42.700000 -0.051156 
42.800000 -0.052401 
42.900000 -0.052311 
43.000000 -0.052524 
43.100000 -0.051943 
43.200000 -0.052013 
43.300000 -0.051952 
43.400000 -0.051031 
43.500000 -0.049987 
43.600000 -0.048698 
43.700000 -0.046761 
43.800000 -0.043091 
43.900000 -0.038340 
44.000000 -0.035470 
44.100000 -0.033241 
44.200000 -0.030901 
44.300000 -0.028804 
44.400000 -0.026427 
44.500000 -0.024016 
44.600000 -0.020445 
44.700000 -0.016284 
44.800000 -0.010166 
44.900000 -0.004630 
45.000000 -0.001926 
45.100000 -0.000169 
45.200000 0.000130 
45.300000 0.000180 
45.400000 0.000169 
45.500000 0.000181 
45.600000 0.000681 
45.700000 0.000801 
45.800000 0.001510 
45.900000 0.002252 
46.000000 0.002395 
46.100000 0.002725 
46.200000 0.003018 
46.300000 0.003038 
46.400000 0.002771 
46.500000 0.003124 
46.600000 0.003378 
46.700000 0.003749 
46.800000 0.003745 
46.900000 0.004408 
47.000000 0.004667 
47.100000 0.004816 
47.200000 0.004907 
47.300000 0.004879 
47.400000 0.004862 
47.500000 0.005212 
47.600000 0.005347 
47.700000 0.005566 
47.800000 0.005572 
47.900000 0.005925 
48.000000 0.005703 
48.100000 0.005625 
48.200000 0.005361 
48.300000 0.005309 
48.400000 0.005169 
48.500000 0.005088 
48.600000 0.005010 
48.700000 0.005114 
48.800000 0.005208 
48.900000 0.005005 
49.000000 0.004708 
49.100000 0.004365 
49.200000 0.004049 
49.300000 0.003753 
49.400000 0.003438 
49.500000 0.003320 
49.600000 0.003331 
49.700000 0.003070 
49.800000 0.003373 
49.900000 0.003436 
