0.000000 -0.004406 
0.100000 -0.011595 
0.200000 -0.014391 
0.300000 -0.014698 
0.400000 -0.015019 
0.500000 -0.015062 
0.600000 -0.014926 
0.700000 -0.015414 
0.800000 -0.015299 
0.900000 -0.015302 
1.000000 -0.015363 
1.100000 -0.015398 
1.200000 -0.015067 
1.300000 -0.015638 
1.400000 -0.015342 
1.500000 -0.015214 
1.600000 -0.015414 
1.700000 -0.015454 
1.800000 -0.014955 
1.900000 -0.008296 
2.000000 -0.004123 
2.100000 -0.003110 
2.200000 0.000452 
2.300000 0.003893 
2.400000 0.004904 
2.500000 0.005092 
2.600000 0.005203 
2.700000 0.005019 
2.800000 0.004330 
2.900000 0.000829 
3.000000 0.000176 
3.100000 0.003503 
3.200000 0.005046 
3.300000 0.005431 
3.400000 0.005571 
3.500000 0.005834 
3.600000 0.005935 
3.700000 0.006187 
3.800000 0.006123 
3.900000 0.005935 
4.000000 0.006140 
4.100000 0.006054 
4.200000 0.006135 
4.300000 0.006233 
4.400000 0.006252 
4.500000 0.006138 
4.600000 0.006048 
4.700000 0.006691 
4.800000 0.005764 
4.900000 0.005831 
5.000000 0.005829 
5.100000 0.005910 
5.200000 0.006184 
5.300000 0.005875 
5.400000 0.005969 
5.500000 0.006082 
5.600000 0.005816 
5.700000 0.005935 
5.800000 0.005757 
5.900000 0.005893 
6.000000 0.005863 
6.100000 0.005790 
6.200000 0.005955 
6.300000 0.006367 
6.400000 0.006083 
6.500000 0.005918 
6.600000 0.005987 
6.700000 0.005913 
6.800000 0.006029 
6.900000 0.005888 
7.000000 0.006066 
7.100000 0.006208 
7.200000 0.005990 
7.300000 0.005977 
7.400000 0.006211 
7.500000 0.005939 
7.600000 0.005727 
7.700000 0.006024 
7.800000 0.006080 
7.900000 0.006065 
8.000000 0.005920 
8.100000 0.006110 
8.200000 0.005998 
8.300000 0.005622 
8.400000 0.005811 
8.500000 0.005863 
8.600000 0.005850 
8.700000 0.006168 
8.800000 0.005862 
8.900000 0.005674 
9.000000 0.005926 
9.100000 0.006057 
9.200000 0.006011 
9.300000 0.005981 
9.400000 0.005917 
9.500000 0.005918 
9.600000 0.006004 
9.700000 0.005983 
9.800000 0.005984 
9.900000 0.005808 
10.000000 0.006036 
10.100000 0.006121 
10.200000 0.006037 
10.300000 0.006004 
10.400000 0.005969 
10.500000 0.005953 
10.600000 0.005974 
10.700000 0.005649 
10.800000 0.005800 
10.900000 0.005989 
11.000000 0.006040 
11.100000 0.006385 
11.200000 0.006209 
11.300000 0.006109 
11.400000 0.006203 
11.500000 0.006149 
11.600000 0.006230 
11.700000 0.006246 
11.800000 0.006275 
11.900000 0.005820 
12.000000 0.005910 
12.100000 0.006055 
12.200000 0.005512 
12.300000 0.005342 
12.400000 0.005103 
12.500000 0.005143 
12.600000 0.005177 
12.700000 0.005850 
12.800000 0.005978 
12.900000 0.005777 
13.000000 0.005814 
13.100000 0.005986 
13.200000 0.006021 
13.300000 0.006010 
13.400000 0.005708 
13.500000 0.005754 
13.600000 0.005713 
13.700000 0.005655 
13.800000 0.005536 
13.900000 0.005259 
14.000000 0.004907 
14.100000 0.002406 
14.200000 -0.003208 
14.300000 -0.010516 
14.400000 -0.014502 
14.500000 -0.012816 
14.600000 -0.005053 
14.700000 0.001569 
14.800000 0.004501 
14.900000 0.005118 
15.000000 0.005420 
15.100000 0.005349 
15.200000 0.005065 
15.300000 0.004534 
15.400000 0.004398 
15.500000 0.004632 
15.600000 0.005114 
15.700000 0.005266 
15.800000 0.005398 
15.900000 0.005249 
16.000000 0.004544 
16.100000 0.001349 
16.200000 -0.004333 
16.300000 -0.010800 
16.400000 -0.013510 
16.500000 -0.009492 
16.600000 -0.002605 
16.700000 0.002114 
16.800000 0.003901 
16.900000 0.003446 
17.000000 -0.000512 
17.100000 -0.008750 
17.200000 -0.024369 
17.300000 -0.042702 
17.400000 -0.048403 
17.500000 -0.033234 
17.600000 -0.014377 
17.700000 -0.005096 
17.800000 -0.001854 
17.900000 -0.003903 
18.000000 -0.013722 
18.100000 -0.038164 
18.200000 -0.086645 
18.300000 -0.142135 
18.400000 -0.167014 
18.500000 -0.109561 
18.600000 -0.047065 
18.700000 -0.016768 
18.800000 -0.004792 
18.900000 0.000900 
19.000000 0.003736 
19.100000 0.005021 
19.200000 0.005283 
19.300000 0.005131 
19.400000 0.005619 
19.500000 0.005908 
19.600000 0.005990 
19.700000 0.005905 
19.800000 0.006022 
19.900000 0.005990 
20.000000 0.005781 
20.100000 0.005633 
20.200000 0.005016 
20.300000 0.004161 
20.400000 0.004160 
20.500000 0.004954 
20.600000 0.005545 
20.700000 0.006030 
20.800000 0.006122 
20.900000 0.006109 
21.000000 0.006255 
21.100000 0.006291 
21.200000 0.006369 
21.300000 0.006283 
21.400000 0.006318 
21.500000 0.006362 
21.600000 0.006241 
21.700000 0.006133 
21.800000 0.006257 
21.900000 0.006157 
22.000000 0.006338 
22.100000 0.006362 
22.200000 0.006092 
22.300000 0.006095 
22.400000 0.006057 
22.500000 0.006343 
22.600000 0.006212 
22.700000 0.006064 
22.800000 0.006202 
22.900000 0.006370 
23.000000 0.006164 
23.100000 0.006312 
23.200000 0.006208 
23.300000 0.006121 
23.400000 0.006159 
23.500000 0.006318 
23.600000 0.006201 
23.700000 0.006285 
23.800000 0.006362 
23.900000 0.006407 
24.000000 0.006079 
24.100000 0.006152 
24.200000 0.006158 
24.300000 0.006191 
24.400000 0.006187 
24.500000 0.006068 
24.600000 0.006084 
24.700000 0.006385 
24.800000 0.006389 
24.900000 0.006348 
25.000000 0.006352 
25.100000 0.006217 
25.200000 0.006167 
25.300000 0.006011 
25.400000 0.006058 
25.500000 0.006120 
25.600000 0.006082 
25.700000 0.006191 
25.800000 0.006286 
25.900000 0.006219 
26.000000 0.006091 
26.100000 0.005910 
26.200000 0.005482 
26.300000 0.005259 
26.400000 0.005289 
26.500000 0.005558 
26.600000 0.005859 
26.700000 0.006061 
26.800000 0.006114 
26.900000 0.005850 
27.000000 0.005479 
27.100000 0.004911 
27.200000 0.003557 
27.300000 0.002099 
27.400000 0.001756 
27.500000 0.003243 
27.600000 0.003674 
27.700000 0.001909 
27.800000 -0.001504 
27.900000 -0.008676 
28.000000 -0.027350 
28.100000 -0.058640 
28.200000 -0.111525 
28.300000 -0.154266 
28.400000 -0.140111 
28.500000 -0.073968 
28.600000 -0.027304 
28.700000 -0.008836 
28.800000 -0.001078 
28.900000 0.002892 
29.000000 0.004219 
29.100000 0.004473 
29.200000 0.003856 
29.300000 0.003137 
29.400000 0.003388 
29.500000 0.004733 
29.600000 0.005665 
29.700000 0.005902 
29.800000 0.005776 
29.900000 0.005719 
30.000000 0.005302 
30.100000 0.004058 
30.200000 0.001545 
30.300000 0.000036 
30.400000 0.000972 
30.500000 0.003760 
30.600000 0.005128 
30.700000 0.005686 
30.800000 0.005896 
30.900000 0.005978 
31.000000 0.006187 
31.100000 0.006022 
31.200000 0.005504 
31.300000 0.005380 
31.400000 0.005264 
31.500000 0.005236 
31.600000 0.005780 
31.700000 0.005858 
31.800000 0.005511 
31.900000 0.004440 
32.000000 0.000789 
32.100000 -0.004386 
32.200000 -0.012018 
32.300000 -0.016393 
32.400000 -0.011983 
32.500000 -0.003370 
32.600000 0.002830 
32.700000 0.005158 
32.800000 0.005997 
32.900000 0.006279 
33.000000 0.006250 
33.100000 0.006412 
33.200000 0.006391 
33.300000 0.006440 
33.400000 0.006472 
33.500000 0.006257 
33.600000 0.006366 
33.700000 0.006252 
33.800000 0.006460 
33.900000 0.006502 
34.000000 0.006456 
34.100000 0.006224 
34.200000 0.006227 
34.300000 0.006012 
34.400000 0.006258 
34.500000 0.006451 
34.600000 0.006273 
34.700000 0.006365 
34.800000 0.006293 
34.900000 0.006317 
35.000000 0.006617 
35.100000 0.006526 
35.200000 0.006374 
35.300000 0.006481 
35.400000 0.006513 
35.500000 0.006259 
35.600000 0.006109 
35.700000 0.006401 
35.800000 0.006307 
35.900000 0.006550 
36.000000 0.006493 
36.100000 0.006540 
36.200000 0.006424 
36.300000 0.006318 
36.400000 0.006265 
36.500000 0.006325 
36.600000 0.006378 
36.700000 0.006580 
36.800000 0.006577 
36.900000 0.006453 
37.000000 0.006416 
37.100000 0.006469 
37.200000 0.006423 
37.300000 0.006505 
37.400000 0.006442 
37.500000 0.006293 
37.600000 0.006299 
37.700000 0.006253 
37.800000 0.006269 
37.900000 0.006734 
38.000000 0.006568 
38.100000 0.006531 
38.200000 0.006321 
38.300000 0.006198 
38.400000 0.006105 
38.500000 0.006114 
38.600000 0.006479 
38.700000 0.006662 
38.800000 0.006590 
38.900000 0.006446 
39.000000 0.006494 
39.100000 0.006359 
39.200000 0.006438 
39.300000 0.006379 
39.400000 0.006176 
39.500000 0.006425 
39.600000 0.006470 
39.700000 0.006500 
39.800000 0.006313 
39.900000 0.006138 
40.000000 0.006171 
40.100000 0.005952 
40.200000 0.005561 
40.300000 0.005431 
40.400000 0.005788 
40.500000 0.006144 
40.600000 0.006288 
40.700000 0.006501 
40.800000 0.006428 
40.900000 0.006359 
41.000000 0.006399 
41.100000 0.006291 
41.200000 0.006120 
41.300000 0.006003 
41.400000 0.005751 
41.500000 0.006029 
41.600000 0.006181 
41.700000 0.006304 
41.800000 0.006420 
41.900000 0.006271 
42.000000 0.006472 
42.100000 0.006637 
42.200000 0.006422 
42.300000 0.006095 
42.400000 0.006196 
42.500000 0.006319 
42.600000 0.006258 
42.700000 0.006311 
42.800000 0.006360 
42.900000 0.006325 
43.000000 0.006232 
43.100000 0.006248 
43.200000 0.006088 
43.300000 0.005621 
43.400000 0.005546 
43.500000 0.005792 
43.600000 0.006110 
43.700000 0.006319 
43.800000 0.006307 
43.900000 0.006063 
44.000000 0.005985 
44.100000 0.005652 
44.200000 0.005436 
44.300000 0.004710 
44.400000 0.005416 
44.500000 0.005908 
44.600000 0.006063 
44.700000 0.006168 
44.800000 0.006310 
44.900000 0.006269 
45.000000 0.006073 
45.100000 0.006013 
45.200000 0.006230 
45.300000 0.006014 
45.400000 0.005989 
45.500000 0.006178 
45.600000 0.006038 
45.700000 0.005863 
45.800000 0.005831 
45.900000 0.006021 
46.000000 0.005717 
46.100000 0.005910 
46.200000 0.005832 
46.300000 0.006065 
46.400000 0.006159 
46.500000 0.006045 
46.600000 0.005951 
46.700000 0.005891 
46.800000 0.005948 
46.900000 0.005950 
47.000000 0.006098 
47.100000 0.006320 
47.200000 0.006116 
47.300000 0.006066 
47.400000 0.006025 
47.500000 0.006183 
47.600000 0.006141 
47.700000 0.006090 
47.800000 0.006019 
47.900000 0.006046 
48.000000 0.006157 
48.100000 0.006293 
48.200000 0.006008 
48.300000 0.006201 
48.400000 0.006091 
48.500000 0.006151 
48.600000 0.006215 
48.700000 0.006069 
48.800000 0.005782 
48.900000 0.005963 
49.000000 0.005980 
49.100000 0.006111 
49.200000 0.006219 
49.300000 0.006197 
49.400000 0.006091 
49.500000 0.006093 
49.600000 0.006099 
49.700000 0.006119 
49.800000 0.006027 
49.900000 0.006025 
