$SPEC_ID:
No sample description was entered.
$SPEC_REM:
DET# 3
DETDESC# FP-GAMMA2 MCB 129
AP# Maestro Version 7.01
$DATE_MEA:
12/04/2013 12:19:58
$MEAS_TIM:
159 180
$DATA:
0 8191
       0
       0
       0
       0
       0
       0
       0
       0
       3
       5
       7
       4
       2
       6
       9
       8
       5
       3
       4
       5
       6
       5
      10
      11
       7
      12
      12
      11
      11
      10
      11
      10
       7
      11
      15
      12
      14
      12
      18
      21
      17
      18
      18
      22
      12
      22
      22
      26
      19
      26
      34
      35
      36
      48
     126
     226
     156
     113
     113
     120
     189
     790
    1813
    1882
    1748
    1647
    1423
    1303
    1149
    1065
     941
     923
     853
     796
     803
     768
     719
     677
     629
     685
     626
     630
     621
     549
     589
     606
     576
     588
     552
     543
     536
     516
     538
     557
     581
     539
     536
     541
     506
     523
     521
     509
     533
     521
     536
     536
     517
     569
     512
     511
     576
     475
     532
     547
     517
     555
     533
     565
     529
     548
     534
     546
     547
     560
     548
     531
     527
     582
     543
     529
     588
     540
     547
     547
     577
     554
     590
     550
     543
     593
     559
     547
     552
     554
     636
     525
     534
     555
     580
     542
     600
     564
     536
     580
     564
     550
     531
     608
     560
     534
     530
     548
     552
     555
     612
     558
     566
     587
     622
     598
     572
     602
     547
     575
     603
     538
     592
     570
     536
     580
     528
     555
     573
     556
     599
     601
     555
     609
     589
     600
     574
     571
     608
     590
     628
     574
     605
     596
     626
     599
     569
     603
     588
     620
     633
     607
     592
     594
     603
     564
     604
     631
     639
     643
     628
     615
     624
     624
     583
     614
     647
     592
     631
     584
     636
     597
     606
     607
     627
     593
     622
     611
     619
     611
     684
     609
     632
     620
     590
     609
     626
     619
     603
     615
     656
     596
     633
     635
     578
     614
     606
     602
     625
     599
     606
     625
     601
     583
     614
     649
     597
     594
     620
     647
     585
     620
     574
     636
     590
     645
     631
     646
     641
     609
     610
     574
     621
     598
     645
     612
     633
     640
     682
     660
     660
     605
     633
     689
     628
     618
     654
     600
     665
     602
     643
     635
     634
     634
     658
     636
     654
     662
     640
     651
     644
     619
     670
     696
     653
     645
     656
     675
     611
     594
     655
     623
     651
     649
     739
     647
     722
     723
     664
     718
     672
     684
     704
     662
     687
     728
     730
     708
     726
     728
     732
     718
     737
     769
     702
     706
     708
     750
     754
     753
     758
     783
     822
     835
     798
     829
     816
     789
     829
     826
     865
     876
     863
     933
     940
     891
     946
     980
     941
     942
     867
     897
     898
     934
     930
     885
     964
     940
     900
     984
     905
     935
    1001
     965
     984
    1018
    1020
     972
     993
     989
     989
     977
     993
     945
     949
    1002
    1011
     989
     924
     950
     946
     969
     965
     960
     991
     933
     984
     917
     982
     946
     933
     942
     912
     893
     945
     992
     936
     900
     920
     912
     915
     888
     932
     939
     843
     885
     862
     882
     838
     847
     828
     865
     870
     862
     878
     847
     813
     835
     771
     817
     798
     775
     821
     842
     838
     794
     819
     763
     792
     788
     806
     789
     802
     797
     733
     729
     754
     797
     760
     779
     765
     699
     767
     765
     698
     772
     705
     755
     733
     686
     704
     707
     705
     679
     727
     685
     716
     712
     645
     675
     656
     698
     697
     672
     705
     671
     651
     632
     600
     686
     647
     669
     660
     683
     743
     666
     638
     690
     604
     712
     669
     679
     653
     658
     634
     691
     643
     664
     626
     640
     571
     642
     647
     646
     670
     692
     602
     634
     648
     673
     622
     632
     655
     606
     673
     685
     682
     623
     635
     634
     643
     635
     652
     663
     643
     650
     676
     612
     636
     658
     671
     629
     630
     638
     602
     646
     630
     632
     647
     626
     661
     631
     623
     684
     659
     627
     685
     684
     641
     649
     626
     611
     664
     656
     640
     658
     684
     648
     653
     637
     678
     678
     655
     668
     717
     689
     728
     685
     643
     682
     659
     679
     669
     666
     653
     679
     666
     713
     640
     688
     672
     659
     669
     732
     697
     649
     686
     687
     693
     692
     679
     728
     661
     725
     662
     714
     648
     679
     715
     641
     714
     671
     739
     659
     669
     688
     707
     687
     677
     690
     702
     674
     683
     704
     722
     687
     718
     676
     687
     713
     747
     671
     706
     668
     721
     708
     661
     656
     688
     690
     715
     663
     667
     674
     650
     716
     725
     730
     722
     709
     655
     683
     723
     675
     730
     692
     720
     675
     705
     710
     681
     692
     662
     672
     709
     705
     741
     677
     674
     673
     679
     690
     718
     708
     693
     751
     713
     721
     681
     691
     679
     680
     727
     661
     653
     755
     755
     679
     685
     673
     727
     745
     710
     698
     678
     757
     660
     723
     691
     702
     713
     708
     735
     721
     727
     711
     713
     687
     768
     711
     719
     727
     734
     697
     701
     686
     733
     692
     741
     674
     689
     695
     686
     674
     686
     681
     699
     704
     720
     718
     714
     669
     721
     709
     760
     730
     704
     714
     722
     719
     721
     661
     661
     668
     697
     728
     684
     701
     745
     698
     707
     693
     661
     708
     714
     696
     727
     710
     700
     696
     709
     775
     725
     727
     683
     697
     738
     708
     718
     758
     664
     712
     685
     758
     742
     673
     712
     730
     731
     717
     739
     731
     716
     728
     748
     748
     709
     715
     716
     723
     729
     722
     668
     720
     768
     734
     688
     700
     715
     715
     758
     750
     748
     737
     739
     720
     722
     693
     721
     756
     747
     703
     683
     664
     725
     732
     710
     733
     757
     709
     692
     701
     698
     766
     746
     778
     751
     741
     739
     727
     767
     691
     749
     694
     718
     746
     739
     687
     743
     709
     731
     707
     744
     757
     744
     736
     691
     698
     697
     739
     756
     738
     690
     760
     709
     770
     741
     753
     718
     671
     732
     707
     751
     734
     707
     687
     788
     747
     740
     763
     683
     723
     728
     743
     726
     769
     678
     752
     730
     694
     806
     755
     738
     735
     739
     720
     774
     804
     772
     754
     763
     755
     769
     751
     805
     717
     758
     740
     754
     767
     745
     751
     804
     756
     795
     728
     786
     728
     717
     761
     762
     733
     710
     796
     724
     747
     752
     741
     711
     795
     757
     725
     848
     796
     763
     753
     700
     771
     795
     769
     763
     776
     793
     742
     812
     769
     813
     751
     821
     766
     797
     782
     814
     806
     780
     792
     791
     831
     823
     826
     781
     801
     805
     819
     778
     802
     797
     855
     783
     784
     786
     823
     825
     828
     837
     765
     821
     782
     816
     845
     805
     798
     847
     829
     801
     888
     782
     834
     853
     830
     778
     781
     783
     894
     861
     862
     847
     844
     867
     783
     820
     891
     853
     835
     838
     870
     839
     851
     833
     842
     891
     834
     897
     895
     876
     899
     861
     829
     872
     825
     898
     847
     904
     884
     834
     884
     847
     887
     823
     859
     835
     845
     867
     886
     882
     913
     837
     878
     858
     887
     868
     881
     890
     936
     913
     860
     892
     820
     907
     890
     953
     877
     881
     885
     923
     889
     959
     920
     871
     917
     884
     904
     887
     932
     936
     906
     877
     896
     905
     911
     906
     869
     920
     860
     943
     904
     878
     890
     901
     900
     897
     924
     866
     875
     886
     990
     907
     898
     926
     925
     946
     943
     864
     899
     971
     913
     881
     902
     885
     879
     909
     887
     913
     879
     889
     863
     906
     917
     930
     885
     892
     897
     896
     871
     892
     893
     878
     921
     900
     876
     849
     918
     862
     894
     888
     913
     879
     869
     912
     930
     868
     867
     928
     830
     912
     915
     868
     879
     800
     843
     866
     903
     906
     919
     873
     854
     858
     826
     869
     854
     874
     920
     836
     883
     854
     866
     827
     860
     895
     820
     851
     811
     872
     900
     873
     895
     803
     809
     862
     835
     881
     855
     865
     900
     841
     836
     891
     869
     841
     832
     805
     839
     823
     819
     822
     798
     811
     805
     837
     873
     847
     826
     814
     783
     880
     828
     797
     841
     875
     812
     842
     797
     847
     862
     838
     824
     837
     827
     795
     823
     844
     798
     811
     817
     811
     820
     819
     846
     812
     766
     840
     839
     809
     801
     790
     864
     803
     862
     789
     807
     775
     835
     821
     811
     776
     787
     828
     794
     782
     834
     854
     770
     824
     848
     756
     761
     769
     777
     779
     763
     756
     772
     802
     805
     806
     793
     791
     747
     795
     843
     779
     745
     790
     806
     764
     784
     780
     788
     761
     790
     796
     795
     760
     771
     740
     739
     796
     763
     764
     771
     771
     779
     793
     795
     723
     765
     761
     785
     713
     765
     748
     764
     755
     755
     771
     761
     779
     741
     764
     745
     751
     792
     810
     747
     761
     794
     755
     712
     753
     790
     766
     757
     748
     732
     801
     746
     758
     788
     748
     725
     720
     773
     732
     743
     733
     749
     771
     746
     771
     756
     740
     716
     731
     725
     744
     748
     707
     714
     743
     748
     704
     740
     730
     773
     762
     713
     722
     744
     775
     780
     727
     716
     771
     702
     745
     645
     690
     683
     724
     730
     746
     729
     769
     778
     747
     678
     720
     723
     719
     707
     714
     741
     730
     724
     712
     690
     732
     748
     718
     713
     727
     722
     767
     721
     670
     729
     765
     735
     737
     707
     704
     683
     737
     765
     732
     701
     710
     735
     727
     710
     708
     696
     702
     712
     747
     706
     705
     745
     764
     718
     749
     725
     704
     738
     702
     741
     688
     714
     691
     706
     685
     691
     721
     705
     702
     638
     768
     671
     700
     698
     736
     758
     695
     684
     659
     700
     710
     705
     735
     659
     688
     674
     752
     661
     719
     710
     712
     661
     693
     701
     644
     701
     725
     660
     716
     777
     742
     690
     672
     669
     709
     754
     681
     715
     637
     676
     715
     681
     663
     730
     693
     673
     687
     706
     691
     668
     671
     697
     679
     701
     720
     665
     670
     638
     657
     654
     676
     707
     670
     673
     650
     687
     649
     662
     683
     717
     725
     646
     683
     653
     714
     656
     641
     666
     709
     645
     696
     634
     658
     680
     667
     659
     612
     669
     635
     669
     684
     670
     714
     666
     671
     646
     687
     607
     643
     679
     652
     661
     648
     642
     637
     653
     680
     689
     675
     609
     667
     676
     648
     713
     641
     651
     698
     692
     663
     578
     686
     650
     678
     693
     594
     653
     661
     689
     610
     684
     614
     637
     667
     682
     624
     641
     604
     648
     626
     625
     681
     655
     639
     664
     673
     619
     619
     624
     639
     641
     652
     665
     667
     658
     617
     635
     636
     635
     608
     664
     681
     636
     596
     639
     643
     646
     622
     648
     591
     627
     668
     622
     658
     651
     648
     663
     643
     605
     645
     631
     662
     624
     637
     653
     602
     654
     669
     613
     633
     631
     652
     659
     633
     675
     622
     645
     619
     636
     647
     640
     643
     581
     623
     586
     610
     642
     607
     638
     615
     640
     627
     600
     671
     597
     600
     639
     638
     632
     620
     625
     658
     627
     570
     626
     629
     654
     588
     608
     609
     657
     689
     651
     619
     626
     639
     592
     622
     600
     675
     649
     650
     569
     657
     612
     632
     645
     646
     628
     601
     605
     616
     640
     605
     624
     605
     634
     592
     641
     590
     646
     597
     593
     564
     625
     582
     613
     591
     657
     586
     614
     636
     595
     602
     586
     618
     649
     636
     650
     634
     650
     553
     557
     638
     612
     629
     607
     628
     603
     605
     615
     553
     621
     625
     646
     593
     613
     625
     623
     609
     602
     589
     609
     560
     655
     663
     633
     607
     586
     608
     568
     616
     585
     599
     546
     618
     617
     586
     619
     593
     579
     596
     591
     633
     584
     614
     590
     607
     621
     611
     665
     613
     615
     644
     563
     614
     594
     612
     624
     555
     636
     590
     667
     546
     612
     551
     607
     645
     599
     594
     601
     574
     567
     599
     598
     589
     590
     645
     610
     625
     604
     582
     621
     565
     593
     580
     622
     580
     593
     579
     598
     586
     609
     574
     585
     618
     608
     592
     600
     572
     620
     604
     598
     619
     544
     619
     547
     630
     616
     612
     616
     569
     575
     607
     577
     626
     628
     638
     585
     587
     572
     591
     576
     562
     644
     594
     580
     586
     647
     603
     614
     576
     580
     567
     616
     555
     643
     600
     552
     588
     584
     553
     630
     578
     590
     577
     554
     568
     637
     565
     590
     598
     544
     572
     568
     602
     597
     609
     571
     571
     603
     584
     557
     564
     636
     563
     594
     573
     586
     605
     538
     597
     593
     598
     613
     593
     609
     545
     535
     594
     571
     587
     593
     569
     604
     604
     584
     580
     539
     566
     580
     585
     555
     596
     587
     557
     595
     571
     603
     558
     523
     598
     561
     534
     580
     602
     577
     593
     590
     608
     555
     593
     537
     609
     556
     603
     597
     574
     608
     568
     561
     513
     563
     597
     565
     552
     557
     555
     505
     624
     529
     591
     569
     574
     547
     543
     540
     549
     550
     616
     555
     593
     585
     597
     592
     575
     571
     580
     564
     562
     569
     541
     601
     588
     569
     586
     574
     541
     576
     592
     542
     588
     578
     573
     604
     559
     612
     564
     549
     592
     549
     563
     539
     552
     550
     595
     593
     577
     582
     553
     573
     579
     553
     569
     578
     607
     558
     635
     516
     534
     575
     553
     550
     589
     604
     554
     545
     560
     563
     589
     551
     572
     582
     548
     532
     579
     576
     528
     555
     620
     573
     565
     554
     598
     560
     593
     562
     532
     566
     550
     556
     584
     548
     556
     567
     568
     543
     536
     594
     551
     568
     588
     537
     565
     565
     564
     542
     588
     562
     572
     577
     554
     571
     581
     592
     540
     562
     577
     539
     538
     554
     586
     577
     555
     614
     588
     601
     569
     577
     587
     518
     573
     543
     572
     594
     588
     568
     596
     561
     586
     623
     581
     643
     560
     552
     569
     528
     602
     564
     510
     579
     556
     570
     573
     585
     590
     574
     567
     570
     565
     617
     595
     528
     599
     598
     602
     525
     563
     544
     538
     561
     535
     572
     518
     546
     554
     552
     598
     583
     552
     554
     512
     561
     583
     530
     583
     559
     594
     547
     541
     563
     563
     586
     513
     547
     529
     548
     593
     569
     539
     580
     552
     530
     592
     614
     573
     580
     523
     588
     571
     520
     589
     528
     542
     558
     589
     549
     578
     601
     542
     519
     532
     556
     596
     540
     594
     556
     571
     568
     580
     536
     530
     554
     596
     583
     567
     570
     539
     548
     531
     556
     535
     552
     578
     556
     585
     508
     589
     527
     588
     551
     554
     577
     567
     555
     554
     554
     580
     554
     566
     557
     592
     569
     594
     543
     575
     547
     554
     573
     550
     555
     608
     519
     526
     599
     536
     577
     583
     554
     607
     573
     525
     544
     549
     558
     561
     598
     571
     536
     574
     533
     580
     548
     557
     542
     607
     562
     528
     564
     565
     531
     588
     560
     547
     565
     543
     583
     595
     565
     509
     540
     552
     581
     593
     546
     581
     544
     564
     579
     577
     574
     602
     576
     579
     577
     611
     603
     533
     568
     587
     520
     581
     576
     552
     557
     593
     561
     562
     553
     539
     527
     554
     581
     577
     564
     558
     570
     585
     568
     520
     537
     534
     542
     527
     590
     565
     560
     588
     565
     563
     573
     541
     583
     561
     546
     526
     600
     568
     576
     539
     543
     548
     568
     581
     513
     535
     527
     590
     546
     571
     556
     523
     594
     547
     572
     551
     560
     542
     586
     518
     594
     538
     595
     584
     562
     516
     555
     555
     508
     543
     558
     555
     541
     535
     564
     551
     570
     595
     573
     559
     574
     543
     545
     533
     557
     515
     572
     604
     545
     571
     546
     534
     584
     550
     570
     562
     586
     571
     601
     594
     578
     527
     557
     598
     612
     566
     559
     554
     561
     515
     536
     573
     548
     532
     528
     528
     608
     537
     559
     529
     580
     552
     584
     550
     583
     529
     600
     577
     559
     528
     525
     587
     493
     596
     563
     547
     567
     547
     591
     541
     522
     549
     543
     506
     564
     531
     532
     541
     563
     561
     522
     553
     553
     531
     530
     519
     500
     562
     568
     523
     579
     560
     599
     588
     578
     616
     543
     539
     549
     545
     525
     563
     540
     552
     535
     559
     513
     571
     532
     570
     534
     572
     547
     543
     529
     518
     540
     543
     571
     561
     550
     547
     531
     554
     543
     561
     548
     548
     565
     537
     518
     573
     528
     565
     549
     500
     544
     558
     601
     601
     569
     523
     589
     537
     509
     577
     535
     549
     568
     552
     528
     530
     530
     549
     512
     519
     564
     534
     528
     536
     536
     523
     552
     544
     565
     512
     538
     562
     539
     553
     515
     540
     537
     549
     539
     563
     577
     550
     519
     562
     549
     532
     535
     529
     554
     566
     531
     546
     547
     554
     547
     591
     520
     524
     539
     545
     572
     558
     549
     554
     529
     505
     522
     510
     551
     586
     563
     508
     546
     542
     515
     562
     573
     549
     509
     570
     517
     594
     559
     548
     566
     537
     519
     545
     526
     565
     533
     534
     568
     511
     543
     539
     551
     523
     596
     545
     546
     574
     559
     562
     529
     538
     535
     557
     556
     554
     535
     520
     549
     515
     581
     517
     545
     513
     557
     538
     556
     537
     541
     575
     543
     518
     492
     587
     564
     523
     552
     528
     516
     520
     528
     533
     592
     562
     572
     516
     583
     577
     561
     576
     537
     543
     542
     502
     567
     549
     529
     504
     540
     605
     583
     544
     549
     514
     568
     526
     513
     530
     541
     507
     540
     533
     514
     527
     528
     556
     529
     544
     519
     554
     531
     535
     554
     543
     519
     509
     569
     528
     565
     545
     537
     545
     558
     530
     538
     498
     544
     538
     526
     539
     579
     519
     516
     529
     499
     502
     542
     553
     532
     522
     516
     563
     516
     521
     515
     521
     529
     512
     532
     567
     509
     555
     544
     544
     550
     565
     506
     520
     502
     541
     585
     521
     542
     536
     583
     517
     500
     556
     490
     506
     557
     504
     573
     558
     563
     552
     543
     513
     582
     546
     521
     556
     519
     492
     540
     523
     553
     519
     589
     512
     527
     539
     548
     516
     546
     557
     543
     552
     529
     516
     475
     539
     540
     547
     496
     571
     587
     518
     545
     554
     573
     518
     537
     542
     553
     517
     539
     533
     528
     518
     527
     553
     523
     553
     512
     537
     553
     495
     553
     526
     520
     541
     474
     523
     518
     542
     508
     536
     544
     537
     552
     526
     521
     535
     501
     483
     534
     518
     548
     542
     578
     528
     561
     552
     511
     580
     509
     563
     584
     601
     501
     570
     565
     512
     524
     552
     519
     548
     527
     536
     575
     553
     568
     559
     526
     556
     535
     556
     518
     519
     553
     473
     579
     518
     556
     529
     562
     558
     513
     539
     560
     524
     511
     556
     574
     553
     510
     518
     500
     564
     573
     521
     543
     549
     622
     541
     516
     546
     568
     597
     512
     542
     514
     490
     546
     541
     554
     556
     582
     527
     478
     491
     535
     484
     534
     529
     547
     563
     557
     553
     521
     570
     514
     561
     565
     517
     535
     585
     531
     505
     554
     502
     554
     536
     528
     570
     588
     541
     549
     555
     551
     540
     556
     574
     499
     503
     548
     529
     550
     526
     502
     497
     571
     546
     545
     563
     502
     506
     510
     537
     530
     537
     560
     555
     514
     547
     530
     553
     531
     541
     513
     483
     577
     582
     537
     537
     532
     554
     567
     530
     559
     525
     514
     535
     516
     488
     552
     540
     506
     527
     567
     519
     493
     559
     597
     527
     510
     555
     552
     543
     524
     493
     525
     516
     543
     549
     550
     522
     525
     525
     559
     576
     558
     558
     506
     539
     582
     546
     515
     522
     549
     515
     492
     516
     555
     511
     529
     522
     546
     579
     530
     506
     523
     547
     497
     522
     544
     558
     523
     559
     530
     544
     491
     546
     541
     524
     522
     506
     540
     540
     540
     537
     573
     522
     526
     571
     536
     569
     509
     537
     548
     534
     552
     504
     512
     541
     548
     522
     534
     538
     579
     516
     557
     494
     547
     528
     552
     520
     531
     534
     549
     554
     565
     551
     492
     546
     545
     533
     509
     528
     507
     569
     555
     547
     547
     529
     551
     554
     547
     577
     503
     555
     540
     589
     550
     524
     574
     552
     527
     542
     520
     517
     499
     539
     561
     521
     555
     558
     534
     531
     520
     533
     511
     582
     529
     541
     562
     546
     533
     530
     545
     503
     518
     550
     533
     531
     541
     545
     507
     557
     510
     543
     478
     544
     507
     542
     546
     537
     524
     558
     535
     527
     560
     527
     514
     510
     608
     513
     521
     510
     510
     537
     484
     565
     509
     580
     501
     554
     505
     545
     572
     530
     589
     544
     541
     564
     547
     533
     542
     545
     532
     545
     553
     566
     492
     591
     501
     541
     573
     553
     558
     581
     548
     529
     532
     516
     542
     520
     557
     534
     548
     562
     550
     569
     513
     550
     512
     535
     528
     507
     539
     521
     541
     539
     536
     587
     516
     495
     530
     500
     536
     521
     543
     504
     538
     575
     563
     532
     546
     563
     561
     535
     512
     530
     519
     524
     533
     536
     529
     535
     551
     546
     523
     525
     566
     559
     554
     531
     543
     538
     548
     546
     520
     512
     543
     595
     565
     549
     530
     532
     552
     504
     531
     549
     569
     530
     539
     544
     498
     524
     607
     600
     505
     502
     502
     536
     557
     560
     532
     530
     532
     546
     529
     584
     573
     547
     592
     502
     543
     521
     538
     531
     502
     535
     589
     542
     554
     529
     569
     519
     543
     533
     557
     567
     549
     583
     521
     563
     530
     528
     522
     549
     532
     513
     542
     497
     518
     508
     575
     542
     517
     550
     562
     581
     541
     493
     559
     550
     556
     569
     537
     502
     483
     558
     546
     549
     565
     567
     572
     548
     547
     513
     500
     549
     565
     535
     516
     584
     514
     566
     523
     565
     551
     521
     499
     547
     574
     559
     549
     559
     535
     543
     566
     534
     522
     566
     533
     582
     566
     565
     561
     553
     524
     525
     537
     521
     531
     564
     548
     558
     554
     554
     514
     541
     565
     568
     537
     583
     551
     530
     534
     585
     547
     521
     543
     592
     552
     534
     509
     563
     548
     514
     540
     539
     526
     520
     562
     560
     525
     515
     564
     541
     553
     583
     586
     528
     582
     558
     559
     548
     581
     552
     561
     548
     540
     538
     510
     527
     601
     540
     557
     540
     534
     538
     551
     540
     544
     509
     550
     510
     557
     527
     559
     547
     539
     583
     538
     534
     559
     558
     540
     575
     501
     559
     505
     530
     535
     534
     529
     557
     534
     542
     526
     546
     553
     571
     564
     565
     546
     518
     572
     536
     581
     543
     545
     538
     559
     564
     570
     554
     521
     546
     499
     530
     564
     528
     535
     539
     552
     530
     560
     539
     582
     521
     542
     545
     526
     575
     512
     583
     561
     506
     545
     610
     556
     551
     560
     554
     526
     544
     593
     536
     529
     587
     564
     550
     519
     551
     551
     563
     559
     544
     557
     525
     568
     559
     546
     516
     546
     544
     543
     558
     573
     537
     521
     532
     546
     515
     546
     534
     568
     566
     553
     535
     576
     580
     602
     593
     478
     571
     550
     554
     586
     572
     526
     536
     575
     543
     518
     563
     609
     590
     531
     528
     582
     576
     595
     511
     547
     575
     580
     544
     509
     536
     562
     524
     585
     565
     527
     537
     559
     549
     575
     570
     532
     555
     573
     594
     566
     537
     556
     556
     542
     557
     551
     554
     562
     549
     577
     558
     547
     593
     558
     570
     580
     577
     566
     581
     595
     566
     531
     554
     554
     552
     589
     554
     586
     561
     568
     577
     537
     531
     548
     614
     574
     577
     566
     554
     505
     596
     531
     571
     574
     551
     562
     595
     564
     552
     565
     596
     590
     583
     590
     587
     616
     606
     544
     566
     530
     610
     539
     565
     554
     540
     576
     618
     571
     623
     553
     605
     577
     568
     583
     578
     552
     563
     528
     532
     549
     580
     578
     570
     580
     575
     548
     545
     564
     586
     535
     585
     589
     562
     560
     591
     545
     593
     579
     543
     612
     585
     549
     551
     578
     607
     580
     573
     554
     555
     599
     593
     578
     574
     539
     551
     582
     560
     574
     580
     538
     545
     566
     539
     570
     571
     573
     572
     592
     584
     582
     564
     586
     593
     589
     587
     584
     549
     549
     579
     564
     603
     563
     581
     580
     575
     612
     567
     619
     612
     592
     618
     523
     569
     584
     568
     563
     579
     577
     544
     592
     577
     575
     579
     572
     559
     597
     617
     563
     573
     571
     555
     629
     567
     550
     564
     600
     601
     567
     592
     545
     573
     641
     580
     639
     654
     576
     620
     538
     602
     584
     593
     550
     572
     560
     550
     589
     571
     585
     601
     621
     552
     536
     580
     568
     579
     570
     578
     585
     551
     585
     545
     620
     568
     626
     600
     585
     550
     610
     575
     607
     588
     524
     607
     628
     569
     546
     571
     629
     547
     593
     554
     553
     534
     605
     614
     639
     584
     577
     570
     532
     601
     598
     590
     538
     623
     571
     570
     638
     587
     548
     567
     565
     583
     643
     567
     598
     594
     597
     563
     601
     614
     571
     567
     590
     564
     626
     605
     587
     594
     570
     575
     622
     633
     617
     573
     600
     590
     610
     613
     608
     571
     620
     632
     588
     603
     571
     584
     560
     593
     614
     546
     575
     602
     575
     564
     564
     625
     594
     594
     609
     585
     594
     624
     568
     597
     608
     603
     591
     583
     608
     598
     627
     603
     581
     586
     641
     609
     532
     607
     586
     559
     569
     637
     586
     569
     591
     581
     629
     620
     554
     607
     605
     589
     639
     596
     601
     561
     604
     624
     594
     581
     565
     591
     613
     578
     590
     598
     569
     589
     566
     590
     591
     572
     591
     577
     551
     581
     579
     623
     602
     593
     581
     598
     600
     568
     572
     567
     610
     590
     551
     604
     601
     611
     575
     568
     605
     603
     582
     606
     586
     559
     561
     643
     595
     587
     549
     593
     610
     594
     605
     619
     629
     618
     571
     592
     542
     611
     606
     569
     646
     602
     569
     603
     609
     610
     589
     561
     636
     605
     575
     614
     539
     557
     597
     593
     581
     593
     599
     554
     593
     535
     548
     531
     567
     564
     581
     573
     579
     562
     548
     570
     592
     581
     543
     570
     575
     623
     540
     573
     590
     559
     596
     567
     573
     573
     568
     525
     571
     604
     578
     596
     537
     583
     547
     558
     548
     557
     538
     528
     570
     589
     578
     546
     579
     571
     604
     562
     546
     541
     539
     543
     563
     553
     548
     584
     565
     590
     557
     551
     542
     514
     616
     560
     579
     507
     548
     571
     563
     575
     543
     528
     563
     555
     553
     572
     576
     541
     506
     558
     522
     526
     534
     544
     554
     575
     561
     540
     500
     516
     527
     569
     545
     543
     570
     550
     528
     535
     564
     571
     552
     559
     525
     587
     556
     517
     517
     524
     565
     563
     575
     546
     525
     511
     538
     530
     507
     546
     535
     535
     519
     570
     544
     471
     533
     558
     508
     492
     542
     564
     492
     521
     511
     523
     537
     508
     523
     528
     509
     536
     541
     545
     509
     521
     529
     527
     551
     504
     541
     547
     515
     495
     534
     505
     538
     519
     510
     524
     531
     507
     489
     522
     497
     511
     491
     521
     511
     509
     517
     490
     478
     465
     495
     513
     515
     530
     497
     482
     527
     487
     467
     467
     510
     479
     489
     468
     516
     507
     486
     495
     459
     505
     444
     487
     509
     496
     455
     459
     443
     473
     486
     474
     476
     473
     478
     510
     484
     487
     447
     491
     505
     482
     496
     439
     482
     471
     439
     476
     478
     490
     488
     460
     432
     455
     505
     475
     453
     504
     502
     484
     460
     428
     481
     488
     494
     457
     491
     456
     472
     451
     475
     473
     482
     479
     476
     455
     464
     467
     460
     419
     471
     497
     421
     449
     468
     469
     435
     475
     461
     471
     446
     460
     485
     475
     471
     446
     474
     449
     471
     454
     444
     452
     478
     441
     456
     463
     437
     422
     439
     449
     481
     500
     458
     443
     390
     426
     445
     432
     441
     445
     444
     410
     455
     413
     472
     431
     423
     428
     482
     477
     454
     394
     463
     447
     406
     452
     459
     446
     434
     434
     396
     442
     430
     438
     453
     426
     434
     450
     401
     439
     434
     449
     451
     405
     437
     449
     446
     430
     427
     441
     418
     447
     437
     424
     437
     397
     431
     398
     400
     386
     408
     400
     427
     452
     432
     459
     393
     438
     418
     443
     397
     441
     417
     387
     413
     430
     406
     403
     392
     419
     406
     456
     436
     441
     407
     415
     407
     423
     424
     378
     437
     424
     411
     423
     431
     403
     432
     409
     428
     436
     419
     391
     408
     407
     376
     409
     454
     362
     400
     450
     403
     422
     435
     440
     418
     403
     428
     400
     451
     435
     422
     392
     406
     365
     421
     423
     408
     406
     420
     389
     421
     422
     400
     407
     403
     412
     423
     403
     401
     402
     401
     411
     396
     407
     398
     405
     359
     418
     429
     414
     373
     398
     435
     369
     389
     411
     411
     403
     406
     400
     419
     395
     409
     397
     429
     409
     388
     434
     409
     411
     413
     397
     423
     411
     369
     417
     413
     408
     388
     401
     388
     414
     382
     415
     375
     393
     393
     408
     392
     414
     390
     422
     416
     378
     399
     398
     390
     392
     381
     391
     372
     406
     345
     389
     398
     369
     418
     388
     410
     402
     391
     367
     388
     404
     396
     436
     403
     403
     373
     365
     387
     389
     377
     393
     373
     409
     363
     409
     404
     392
     413
     370
     389
     395
     380
     376
     384
     384
     394
     400
     397
     397
     376
     379
     367
     407
     369
     387
     378
     389
     392
     369
     373
     362
     375
     385
     379
     399
     372
     404
     376
     403
     405
     350
     400
     377
     404
     396
     359
     344
     373
     411
     362
     368
     404
     405
     347
     398
     402
     389
     373
     401
     404
     403
     386
     380
     381
     389
     363
     372
     376
     396
     363
     373
     378
     366
     330
     389
     379
     378
     391
     373
     406
     365
     369
     337
     395
     363
     389
     355
     374
     379
     343
     391
     372
     330
     376
     381
     351
     396
     332
     361
     374
     349
     385
     335
     364
     374
     371
     395
     368
     389
     380
     333
     365
     368
     372
     353
     363
     379
     365
     357
     363
     375
     367
     376
     345
     329
     341
     344
     383
     360
     359
     367
     331
     377
     347
     359
     349
     368
     381
     360
     370
     330
     345
     361
     356
     330
     389
     327
     323
     337
     372
     367
     355
     318
     365
     376
     348
     360
     333
     352
     360
     359
     337
     384
     327
     350
     366
     331
     319
     319
     333
     382
     311
     323
     349
     325
     339
     322
     317
     320
     301
     344
     335
     349
     341
     369
     358
     334
     365
     353
     326
     334
     328
     345
     317
     337
     374
     320
     357
     351
     357
     342
     331
     326
     341
     314
     337
     347
     288
     297
     319
     356
     339
     338
     350
     337
     341
     326
     324
     342
     326
     294
     340
     362
     338
     326
     333
     331
     308
     350
     322
     302
     326
     317
     329
     321
     351
     354
     310
     345
     333
     346
     311
     333
     321
     316
     343
     330
     327
     333
     334
     339
     337
     329
     349
     354
     318
     299
     310
     317
     282
     340
     314
     302
     341
     339
     315
     307
     297
     307
     309
     340
     353
     303
     321
     302
     316
     315
     330
     308
     330
     306
     338
     316
     301
     299
     319
     331
     304
     326
     313
     280
     310
     308
     275
     304
     323
     327
     302
     320
     341
     313
     302
     324
     303
     320
     310
     314
     308
     305
     309
     338
     311
     326
     291
     327
     341
     320
     327
     304
     305
     324
     338
     306
     307
     329
     292
     276
     303
     316
     307
     299
     297
     319
     297
     325
     297
     293
     314
     323
     326
     303
     329
     306
     327
     315
     303
     303
     334
     317
     304
     298
     321
     309
     309
     321
     275
     325
     303
     313
     283
     318
     319
     298
     290
     301
     335
     322
     316
     329
     315
     311
     310
     339
     339
     315
     338
     336
     314
     322
     323
     316
     317
     356
     361
     322
     333
     313
     342
     305
     307
     349
     309
     352
     382
     351
     363
     353
     337
     337
     360
     330
     326
     332
     311
     370
     328
     348
     368
     342
     346
     382
     357
     353
     326
     348
     342
     341
     362
     345
     365
     348
     372
     338
     342
     356
     405
     341
     354
     350
     396
     423
     390
     364
     396
     376
     383
     359
     416
     389
     352
     373
     363
     414
     408
     397
     368
     393
     414
     414
     379
     412
     415
     362
     378
     407
     403
     407
     407
     390
     425
     386
     409
     404
     379
     382
     385
     391
     447
     406
     422
     400
     433
     384
     432
     393
     435
     380
     398
     435
     416
     420
     466
     426
     429
     414
     441
     453
     450
     473
     464
     492
     475
     421
     467
     444
     493
     472
     453
     479
     432
     478
     453
     468
     453
     451
     476
     495
     484
     486
     498
     521
     511
     494
     539
     502
     470
     512
     514
     495
     494
     512
     549
     491
     530
     518
     535
     500
     519
     520
     594
     536
     518
     526
     544
     544
     496
     541
     567
     571
     514
     578
     587
     554
     575
     590
     542
     607
     547
     547
     569
     618
     563
     547
     550
     531
     562
     557
     602
     581
     638
     611
     612
     581
     589
     583
     627
     613
     584
     600
     603
     586
     599
     630
     638
     611
     599
     628
     623
     637
     607
     639
     640
     638
     679
     634
     623
     641
     592
     614
     624
     720
     630
     647
     613
     671
     614
     632
     638
     645
     677
     638
     671
     644
     652
     706
     647
     663
     651
     690
     654
     695
     665
     678
     695
     649
     679
     673
     672
     666
     684
     699
     665
     706
     688
     695
     711
     736
     640
     678
     709
     680
     683
     722
     714
     699
     705
     678
     657
     720
     724
     710
     712
     693
     772
     721
     749
     745
     736
     705
     705
     771
     737
     786
     731
     753
     707
     715
     763
     721
     734
     696
     666
     735
     715
     714
     723
     729
     687
     748
     721
     734
     750
     673
     755
     731
     732
     708
     686
     698
     706
     734
     703
     756
     728
     703
     723
     715
     757
     725
     736
     755
     689
     765
     777
     719
     720
     765
     680
     746
     699
     687
     749
     688
     721
     691
     742
     701
     738
     716
     734
     729
     726
     782
     710
     703
     688
     735
     725
     725
     684
     671
     685
     683
     705
     738
     705
     669
     728
     745
     676
     755
     716
     689
     718
     705
     695
     670
     702
     682
     670
     708
     701
     684
     673
     653
     671
     715
     684
     706
     660
     722
     694
     666
     702
     656
     673
     641
     659
     694
     689
     686
     653
     649
     648
     669
     638
     620
     599
     660
     637
     607
     641
     643
     649
     620
     684
     624
     655
     631
     599
     634
     594
     620
     617
     628
     648
     576
     598
     623
     616
     640
     608
     565
     586
     605
     559
     583
     559
     549
     560
     579
     561
     549
     554
     548
     574
     526
     542
     554
     579
     577
     517
     510
     552
     556
     566
     570
     574
     583
     522
     544
     537
     519
     506
     544
     558
     517
     526
     508
     533
     556
     492
     499
     508
     514
     505
     536
     491
     464
     455
     502
     478
     532
     509
     502
     472
     458
     499
     495
     472
     472
     469
     455
     474
     463
     440
     462
     436
     456
     445
     466
     417
     461
     487
     425
     423
     390
     419
     443
     374
     459
     413
     416
     423
     433
     436
     430
     399
     427
     401
     429
     371
     417
     395
     379
     395
     384
     382
     428
     341
     389
     354
     355
     365
     347
     372
     396
     363
     357
     382
     342
     367
     368
     355
     347
     368
     351
     312
     341
     330
     343
     377
     339
     379
     349
     346
     355
     306
     330
     336
     310
     314
     302
     331
     311
     300
     341
     300
     316
     303
     289
     326
     298
     297
     285
     317
     313
     307
     275
     286
     292
     324
     280
     287
     280
     282
     306
     275
     253
     276
     270
     293
     252
     278
     283
     259
     274
     259
     264
     215
     280
     251
     252
     271
     240
     250
     255
     266
     249
     238
     250
     250
     262
     223
     243
     268
     231
     255
     234
     252
     234
     245
     213
     239
     256
     227
     241
     232
     257
     207
     252
     243
     215
     219
     243
     229
     254
     227
     238
     210
     252
     227
     220
     218
     220
     231
     227
     213
     224
     209
     211
     218
     223
     239
     228
     230
     220
     238
     206
     217
     186
     209
     219
     223
     207
     228
     202
     224
     193
     206
     217
     228
     213
     204
     223
     207
     196
     222
     197
     186
     215
     209
     219
     224
     216
     205
     211
     192
     204
     224
     203
     230
     196
     229
     200
     212
     225
     226
     231
     211
     234
     227
     200
     249
     207
     236
     229
     202
     219
     220
     237
     235
     226
     235
     239
     238
     241
     222
     229
     265
     237
     207
     225
     252
     218
     246
     217
     256
     237
     238
     232
     256
     229
     216
     214
     229
     255
     265
     258
     261
     241
     253
     234
     276
     279
     249
     262
     234
     242
     227
     245
     275
     256
     223
     266
     280
     241
     238
     242
     305
     245
     248
     249
     276
     287
     300
     275
     270
     277
     276
     269
     269
     338
     282
     290
     264
     280
     297
     262
     300
     284
     307
     286
     256
     317
     293
     294
     289
     301
     301
     279
     270
     324
     316
     266
     313
     327
     306
     313
     311
     361
     316
     327
     308
     318
     320
     345
     330
     335
     338
     314
     344
     337
     331
     357
     320
     336
     360
     344
     373
     352
     323
     353
     358
     352
     379
     346
     323
     365
     368
     378
     388
     374
     383
     367
     396
     407
     359
     392
     381
     365
     393
     394
     399
     405
     383
     445
     356
     411
     398
     397
     392
     410
     442
     424
     369
     410
     406
     401
     410
     415
     399
     423
     450
     459
     463
     417
     420
     402
     427
     441
     442
     422
     425
     461
     467
     445
     411
     442
     432
     476
     454
     430
     433
     440
     456
     464
     436
     473
     438
     481
     482
     423
     491
     429
     465
     476
     457
     468
     518
     494
     500
     485
     509
     488
     472
     460
     496
     462
     447
     492
     501
     502
     490
     501
     486
     518
     513
     470
     506
     482
     513
     519
     526
     512
     543
     504
     510
     526
     488
     463
     466
     562
     534
     518
     545
     492
     546
     493
     535
     532
     559
     519
     499
     460
     507
     545
     520
     533
     509
     524
     487
     548
     565
     481
     511
     490
     521
     477
     544
     501
     581
     535
     511
     540
     523
     503
     522
     542
     599
     541
     557
     561
     560
     586
     525
     546
     557
     514
     523
     562
     529
     548
     586
     533
     517
     559
     515
     545
     564
     529
     548
     524
     554
     563
     534
     536
     550
     556
     555
     499
     564
     549
     531
     530
     561
     529
     574
     553
     550
     560
     547
     563
     537
     528
     541
     531
     543
     558
     532
     559
     533
     549
     538
     548
     562
     501
     579
     521
     548
     557
     546
     532
     517
     534
     502
     510
     543
     530
     489
     568
     523
     559
     526
     506
     549
     490
     530
     505
     543
     521
     506
     503
     505
     522
     492
     551
     517
     520
     526
     494
     522
     549
     501
     536
     474
     495
     500
     506
     525
     499
     553
     497
     539
     470
     494
     517
     497
     475
     528
     506
     500
     495
     515
     490
     509
     460
     493
     439
     445
     510
     509
     495
     479
     466
     473
     473
     515
     464
     449
     518
     499
     440
     450
     418
     442
     455
     441
     449
     450
     462
     432
     431
     464
     474
     426
     407
     418
     461
     459
     459
     430
     423
     411
     414
     433
     387
     418
     424
     435
     409
     428
     406
     392
     404
     391
     417
     407
     404
     371
     421
     378
     401
     365
     378
     374
     397
     361
     355
     391
     398
     352
     337
     389
     409
     410
     366
     347
     352
     394
     341
     364
     358
     373
     364
     378
     356
     335
     363
     363
     387
     346
     336
     360
     331
     316
     331
     308
     338
     293
     277
     332
     297
     315
     302
     317
     313
     312
     344
     293
     335
     292
     307
     282
     311
     314
     323
     290
     295
     275
     285
     282
     291
     300
     302
     279
     254
     268
     278
     308
     274
     270
     265
     261
     266
     255
     279
     257
     239
     283
     312
     257
     257
     265
     240
     231
     228
     237
     232
     239
     238
     241
     239
     226
     208
     225
     245
     214
     219
     211
     209
     241
     227
     232
     244
     205
     219
     206
     207
     231
     209
     209
     228
     221
     188
     215
     202
     211
     188
     187
     196
     184
     199
     181
     192
     212
     175
     184
     188
     204
     170
     172
     192
     181
     175
     166
     175
     183
     182
     169
     163
     158
     168
     160
     172
     152
     182
     165
     154
     166
     137
     141
     158
     132
     156
     139
     132
     153
     165
     143
     144
     141
     164
     144
     146
     141
     134
     120
     136
     131
     169
     130
     115
     151
     131
     123
     106
     132
     115
     105
     116
     130
     135
     127
     140
      99
     121
     122
     112
     112
     108
     119
     105
      91
     107
     112
     119
     128
     101
      88
     104
      74
     106
      89
      89
     106
      98
      93
      93
     116
      95
     101
      85
     104
      97
      94
     105
      78
      94
      91
      75
      78
      89
      80
      89
      87
      78
      77
      78
      78
      72
      80
      74
      77
      82
      84
      75
      79
      64
      79
      80
      52
      81
      72
      77
      64
      61
      73
      65
      58
      52
      80
      56
      62
      52
      66
      72
      78
      53
      59
      60
      52
      71
      62
      60
      70
      56
      61
      45
      66
      54
      53
      54
      54
      73
      56
      61
      46
      41
      48
      48
      69
      42
      42
      50
      50
      45
      49
      50
      52
      45
      38
      60
      35
      52
      50
      42
      48
      36
      51
      38
      41
      34
      36
      38
      36
      39
      36
      40
      38
      47
      34
      36
      35
      49
      26
      46
      41
      40
      34
      33
      36
      26
      42
      35
      33
      40
      27
      34
      38
      40
      42
      22
      35
      38
      29
      33
      37
      32
      36
      37
      29
      36
      35
      24
      36
      32
      36
      30
      42
      27
      28
      35
      31
      33
      28
      21
      35
      35
      32
      31
      25
      23
      22
      24
      27
      32
      35
      21
      28
      25
      24
      27
      23
      30
      18
      29
      34
      24
      16
      21
      18
      24
      25
      36
      25
      22
      15
      19
      20
      20
      25
      22
      23
      28
      22
      19
      18
      30
      19
      24
      31
      18
      18
      15
      19
      21
      26
      17
      23
      15
      17
      25
      27
      20
      14
      27
      23
      17
      20
      19
      21
      19
      24
      21
      17
      22
      22
      18
      18
      13
      16
      22
      18
      19
      24
      10
      30
      22
      21
      17
      15
      18
       8
      24
      22
      24
      24
      14
      13
      24
      16
      17
      16
      28
      19
      16
      15
      21
      19
      18
      14
      15
      25
      10
      25
      22
      18
      17
      19
      21
      19
      19
      18
      22
      27
      17
      23
      18
      16
      20
      24
      21
      16
      25
      17
      23
      20
      22
      18
      10
      17
      14
      16
      19
      23
      14
      17
      15
      15
      16
      15
      14
      19
       9
      15
      15
       9
      17
      19
      14
      25
      16
      18
      17
      16
      22
      15
      17
      19
      12
      23
      17
      13
      20
      15
      14
      14
      16
      16
      18
      19
      13
      10
      10
      13
      12
      12
      16
      14
      15
      19
      14
      22
      12
      19
      16
      16
      18
      13
      27
      15
      15
      13
      19
      13
      14
      14
      16
      11
      11
      18
      16
      12
      11
      16
      11
      15
      10
      13
      20
      15
       9
      13
      17
      18
      16
      15
      10
      18
      13
      18
      12
      12
      11
       8
      17
      10
       8
      10
      11
      18
      13
      15
      15
      17
      18
      18
      15
      14
      18
      19
      13
      17
      12
      14
      15
       9
      20
      12
      16
      10
      17
      10
      13
      10
      13
      18
      13
      12
      10
       8
      16
      25
      12
      18
      12
      15
      11
      14
       9
      11
      16
      16
      12
      12
      21
      15
      14
      19
      13
      12
       9
      16
      13
      13
      20
      15
      11
      14
      15
       6
      12
      20
      15
       8
      13
      14
       8
      23
      13
      13
      20
       9
      17
      10
      10
      19
       8
      11
       8
      12
      11
      19
      11
      14
      23
      11
      10
      17
       9
       7
      24
      18
      18
      19
      12
      17
      13
      16
      16
      12
      14
      13
      12
      14
      14
      17
      13
      22
      16
      17
      16
      17
      16
      14
      14
      17
      12
      22
      13
      13
      14
      14
       6
       9
      10
      15
      12
      12
      15
      11
       9
      13
      12
      12
      16
      15
      12
      15
      15
      10
      13
      17
      12
      13
      15
      14
      10
      14
      24
      16
       8
      11
      18
      10
      15
      15
      12
      20
      11
      18
       8
      16
      14
      19
      16
       8
      17
      21
      20
       9
      14
      15
      15
      15
      10
       9
      17
      19
      17
      14
      13
       8
      16
      22
      13
      14
      16
      12
      14
      14
      13
      13
      16
      14
      10
      11
      15
      13
      19
      13
      18
      11
      22
      12
      11
      11
      11
      11
      19
      15
      12
      12
      14
      13
      18
      13
      15
      19
      16
      11
      15
      10
      15
      11
      12
      12
      13
       9
      16
      15
      16
      17
      19
      15
      10
      13
      13
      10
      13
      10
      11
      11
      11
      20
      11
      11
      15
      13
      11
      16
      15
      14
      12
      13
      17
      14
      11
      11
      13
      13
      13
      10
      12
      16
      13
      11
      11
      14
      13
      16
      12
      13
       8
      18
      11
      10
       9
      13
      13
      16
       9
      17
       8
      15
      16
      10
      13
      11
      16
      13
       9
      14
      14
      19
      16
      12
       7
      10
       7
      15
      12
      17
      13
      21
      17
       6
      14
       7
      15
       6
      16
      10
      13
      16
      12
      13
       8
      10
       6
      20
      10
      12
      20
       5
      19
       7
      14
      15
      10
      13
      14
      11
      17
       8
      13
      15
      13
      15
      10
      10
      14
      18
      12
      10
      13
      14
       7
       9
      10
      13
      11
      16
       6
      11
      10
      17
      10
      10
      11
      16
       9
      13
      13
      12
      10
      13
       9
       8
       9
      16
       9
      12
      17
      18
      14
       9
      15
       9
       7
      12
      16
       9
       7
      12
      11
      15
      17
      18
      14
       9
      11
      10
      11
       9
       7
      11
      11
      10
      19
      10
      10
      16
      11
      12
      17
       9
      13
      15
      14
       7
      12
      13
       6
      14
      10
      17
       9
      11
      11
      13
       8
      12
       6
       9
      10
       9
      17
       8
      11
      14
      11
      13
      13
       9
       9
      14
      14
      12
      15
      11
      13
      17
       6
      12
      12
       9
       8
       8
      11
      11
       7
      11
      11
      10
       8
      13
      17
      19
      13
      17
       9
       9
      10
       7
       9
       9
      10
      13
      15
       7
      10
       6
      11
      10
       8
       9
      16
       8
       8
      13
      10
      14
      10
       6
      15
      18
       8
      13
       6
      15
      12
      12
      18
       9
      12
      17
       7
       8
      12
       9
      14
      11
       8
       6
      13
      11
       6
      13
       7
      10
      11
       8
       8
      14
      10
      10
      14
       7
      14
       8
       7
      10
      15
      11
       8
       9
      11
       9
       6
      11
      11
       9
      11
      11
       6
      11
      15
       9
       7
      11
       7
      13
      10
      11
       9
      12
       8
      12
       7
      12
       8
       9
      12
      11
       6
      12
      11
      11
      13
      16
       8
      12
      12
       8
      12
       8
      10
      10
      10
       4
       7
      11
      11
      17
      14
      12
       9
      15
      10
       6
       9
      11
       7
      12
       8
      10
       8
       8
      13
      14
       8
      13
      13
      15
       3
       7
       9
      14
      12
       7
      13
      10
      11
      13
      10
      11
      13
      19
      13
      13
      11
       8
      10
      13
       8
      13
      16
      13
      14
      18
       8
      21
      12
       8
       6
      10
      19
      10
       8
      12
       8
      12
      11
      10
      10
       7
       7
      11
      18
       7
      11
       6
       8
       8
      10
       7
      12
       3
       7
      16
      10
      13
      11
      14
      11
      10
      10
      16
       5
      12
       7
      11
      14
      13
       8
       9
       6
      10
       9
      10
      12
      11
       6
      14
      13
       7
      10
      10
      14
       6
      12
      11
      13
       6
      10
      14
      10
       6
       7
       6
       8
       9
       4
      20
      12
       5
       8
       8
      10
      18
       8
       7
       6
       8
       6
       7
       8
       5
       7
       9
       9
       8
      12
       8
      12
       7
       8
      11
       5
      15
       8
      13
      11
      10
      13
       8
       8
      12
      14
      11
       7
       9
      13
      10
       9
      11
      10
      12
       8
      10
      11
       6
      13
      11
       8
       6
      11
       5
       8
       9
       6
      12
      11
       9
      19
      14
      13
       6
       9
      14
       6
      15
      12
       9
       5
      11
       8
      11
       7
       8
       8
      10
      11
       4
      17
       9
      12
       5
       5
      14
      13
      10
       8
       7
       5
       5
       4
       7
      10
       8
       5
       7
      10
       8
      11
      12
      13
       8
      12
      12
      11
      10
       6
      15
      12
       4
      11
       8
      13
      14
      10
       6
       9
       9
       8
       8
      13
       9
      11
       4
      13
      12
       8
       9
      10
       7
       8
      12
       7
      15
       5
       5
       8
       6
      13
      12
      14
      12
       9
       6
       6
      16
      12
       8
      12
       8
       6
       9
      10
       6
      12
       7
       5
      13
       6
       5
       9
      10
       7
       7
       3
      11
       8
       6
       2
       8
      17
      11
       7
       8
       8
       9
      14
       8
       9
      13
       7
      10
      12
      13
       9
      14
       9
       7
      10
      11
      12
      11
       7
      10
      13
       6
      13
      11
      12
      10
       8
       9
       6
       5
       7
       7
       8
       6
       5
       5
      12
      11
       8
      11
      11
       7
       9
      10
       7
       9
       4
       5
       6
       8
       2
       7
       8
       9
      12
       6
       6
       8
       8
       6
      11
      10
       5
       6
       7
      11
       8
      13
      10
       5
       8
       6
       7
       5
       4
       9
       8
      12
      11
       7
       9
       6
       6
       7
       4
       9
       7
      15
       8
      11
       5
       3
      17
      15
      10
       9
       6
       9
      17
      12
       9
      10
      10
      12
       5
       5
       8
       6
      11
      12
       9
       8
      13
       9
      12
      13
       5
      14
      13
      11
       8
       7
       6
       4
       7
       8
       7
       6
       7
       9
      11
      11
      10
      11
       9
      10
       7
      10
       8
      15
       7
      16
       9
      10
      12
       7
       8
       7
       8
       5
       6
      10
       6
      12
       6
       8
      14
       8
       4
      11
      10
       4
       9
       6
       9
      10
       8
       9
      12
       5
       8
       6
       3
       3
       5
       7
      14
       5
       2
       9
      14
       7
      10
      17
      13
       7
       8
       8
      12
      11
       9
       7
      15
      11
       8
      15
       8
       4
       5
       6
       6
      11
       9
       9
      14
      10
       9
      10
       9
       9
       9
       9
       8
       8
      10
      11
      16
       6
      10
      11
      10
      13
       8
       7
      10
       9
       6
       9
      15
       7
      10
      10
      11
      10
       8
       9
       8
       7
      10
       7
       5
       8
       6
      10
       6
       7
      11
       6
      10
       9
       8
      12
       7
       8
       8
       8
      10
       8
      16
       9
       6
       6
       7
       6
       7
      11
       8
       6
      11
      12
       4
       8
       5
       9
      11
       8
      16
       7
       6
       7
       5
      12
       6
      12
       4
      10
       7
      10
       8
       6
      10
      12
      10
      11
       3
       8
       7
       6
       6
       7
       5
       6
       6
       8
       5
       4
       9
       6
      11
       8
       8
       6
       9
       3
       9
       7
      12
       7
       7
       9
      13
       9
       7
       5
       6
       7
       8
       3
       9
       7
       7
       6
      14
      13
       8
      13
       6
       5
       7
      11
      10
      13
       2
       7
       9
       6
       5
       8
       9
       4
       8
       8
      10
       3
       9
       9
       5
      11
       9
       3
      10
       4
       5
      10
       7
       7
       5
       5
       4
       8
       3
       6
       7
       9
       9
       5
       4
      12
       4
       8
      13
      13
       6
       5
       6
      12
       5
       9
       4
       5
       8
       6
       7
       4
       6
       4
       7
       9
       9
      12
       8
       6
      11
      15
       9
      12
       5
       7
       6
       7
       6
       5
       4
      11
       9
       8
       7
       7
       5
       9
      11
       8
       8
       6
       9
      14
      13
       5
       8
       9
      13
       9
       6
       9
      10
       4
       7
       7
       5
       5
       5
       6
       6
       4
       8
       8
       5
       6
      10
      10
       6
       7
       6
       7
       5
      12
       3
       8
      12
       7
       6
       7
       8
      10
       4
       5
       8
       3
       8
      12
       7
       3
       4
       3
       7
      14
      10
      10
       7
       6
       6
      11
       6
       7
       3
       6
       7
       2
       9
       5
       8
       7
       8
       8
       4
      12
      11
       6
       7
       9
       6
       9
       8
       7
       4
       7
       4
       9
      11
       3
       7
       7
       5
       5
       6
       3
       5
       5
       5
       5
       6
       5
       1
       5
       2
       4
       4
       5
       5
       4
       5
       4
       1
       4
       0
       3
       2
       2
       2
       2
       3
       0
       2
       2
       1
       3
       3
       1
       1
       1
       2
       1
       2
       4
       2
       3
       0
       3
       0
       1
       2
       0
       1
       1
       0
       2
       2
       0
       1
       0
       0
       2
       0
       2
       0
       1
       4
       2
       0
       0
       0
       0
       1
       1
       0
       0
       0
       1
       0
       0
       0
       0
       0
       1
       0
       1
       0
       0
       0
       0
       0
       0
       0
       0
       0
       0
       0
       1
       0
       1
       0
       0
       0
       0
       0
       0
       0
       0
       0
       0
       0
       0
       0
       0
       0
       1
       0
       0
       0
       0
       0
       0
       0
       0
       0
       0
       0
       0
       0
       0
       0
       0
       0
       0
       0
       0
       0
       0
       0
       0
       0
       0
       0
       0
       0
       0
       0
       0
       0
       0
       0
       0
       0
       0
       0
       0
       0
       0
       0
       0
       0
       0
       0
       0
       0
       0
       0
       0
       0
       0
       0
       0
       0
       0
       0
       0
       0
       0
       0
       0
       0
       0
       0
       0
       0
       0
       0
       0
       0
       0
       0
       0
       0
       0
       0
       0
       0
       0
       0
       0
       0
       0
       0
       0
       0
       0
       0
       0
       0
       0
       0
       0
       0
       0
       0
       0
       0
       0
       0
       0
       0
       0
       0
       0
       0
       0
       0
       0
       0
       0
       0
       0
       0
       0
       0
       0
       0
       0
       0
       0
       0
       0
       0
       0
       0
       0
       0
       0
       0
       0
       0
       0
       0
       0
       0
       0
       0
       0
       0
       0
       0
       0
       0
       0
       0
       0
       0
       0
       0
       0
       0
       0
       0
       0
       0
       0
       0
       0
       0
       0
$ROI:
1
5540 6134
$PRESETS:
Live Time
180
0
$ENER_FIT:
0.000000 0.227554
$MCA_CAL:
3
0.000000E+000 2.275539E-001 0.000000E+000 keV
$SHAPE_CAL:
3
3.368824E+002 0.000000E+000 0.000000E+000
