$SPEC_ID:
No sample description was entered.
$SPEC_REM:
DET# 3
DETDESC# FP-GAMMA2 MCB 129
AP# Maestro Version 7.01
$DATE_MEA:
12/04/2013 12:12:30
$MEAS_TIM:
160 180
$DATA:
0 8191
       0
       0
       0
       0
       0
       0
       0
       0
       4
       3
       6
       5
       5
       6
       4
       4
       2
       3
       3
       6
       9
       6
       6
       9
       6
       9
       6
       8
       9
       8
       8
      12
       9
       9
      16
      14
      13
      14
      22
      23
      14
      18
      23
      23
      19
      16
      19
      26
      23
      17
      28
      27
      23
      48
      86
     198
     127
     101
     106
      99
     135
     747
    1584
    1644
    1500
    1368
    1271
    1146
    1055
     896
     810
     809
     798
     719
     751
     735
     663
     620
     570
     626
     586
     568
     555
     575
     538
     541
     551
     541
     504
     536
     534
     545
     518
     563
     526
     451
     554
     551
     481
     549
     501
     479
     480
     487
     505
     566
     505
     494
     514
     526
     491
     515
     505
     488
     527
     534
     500
     507
     532
     482
     538
     521
     530
     510
     523
     518
     519
     550
     543
     521
     524
     514
     594
     527
     547
     520
     577
     558
     608
     541
     493
     544
     527
     505
     527
     514
     561
     556
     556
     577
     523
     541
     550
     576
     564
     596
     566
     498
     555
     526
     583
     574
     543
     573
     492
     531
     580
     530
     552
     541
     557
     545
     555
     577
     553
     570
     557
     548
     591
     553
     580
     570
     543
     585
     605
     543
     546
     585
     559
     622
     545
     588
     558
     582
     560
     582
     577
     615
     589
     516
     590
     575
     550
     587
     605
     558
     597
     603
     568
     577
     633
     592
     576
     634
     584
     608
     615
     569
     593
     628
     605
     600
     590
     572
     608
     598
     579
     594
     617
     592
     603
     596
     602
     638
     610
     603
     572
     575
     617
     628
     580
     655
     671
     545
     599
     601
     598
     644
     647
     586
     643
     590
     633
     574
     614
     613
     641
     598
     636
     611
     645
     573
     543
     614
     601
     587
     602
     576
     591
     621
     671
     588
     592
     608
     627
     613
     667
     607
     642
     599
     626
     613
     629
     622
     617
     572
     614
     646
     600
     611
     615
     586
     618
     585
     591
     649
     613
     645
     595
     605
     560
     597
     640
     611
     666
     638
     647
     625
     665
     619
     645
     630
     629
     633
     641
     651
     692
     635
     673
     652
     682
     640
     674
     634
     681
     723
     652
     687
     685
     641
     731
     689
     708
     727
     715
     719
     693
     717
     745
     754
     755
     780
     759
     720
     701
     810
     786
     781
     802
     809
     800
     797
     798
     799
     810
     846
     853
     840
     810
     906
     905
     818
     860
     842
     836
     900
     879
     894
     907
     870
     891
     923
     873
     873
     904
     968
     939
     887
     861
     960
     890
     917
     950
     980
     968
     917
     970
     917
     971
     929
     955
     948
     900
     930
     980
     944
     938
     884
     919
     877
     954
     953
     924
     891
     945
     946
     892
     919
     924
     892
     883
     870
     876
     822
     839
     859
     904
     910
     827
     838
     915
     889
     835
     831
     874
     781
     815
     821
     827
     838
     775
     793
     826
     789
     735
     779
     820
     774
     781
     830
     764
     821
     800
     766
     695
     706
     768
     720
     756
     795
     705
     711
     704
     732
     739
     720
     787
     728
     736
     722
     691
     728
     709
     698
     700
     734
     697
     681
     699
     702
     610
     692
     655
     662
     666
     678
     682
     683
     654
     626
     666
     682
     640
     663
     684
     629
     639
     640
     715
     667
     657
     666
     696
     728
     690
     678
     679
     663
     677
     648
     652
     646
     644
     686
     655
     643
     651
     697
     701
     653
     625
     622
     644
     679
     659
     623
     662
     683
     629
     661
     707
     647
     662
     682
     671
     637
     614
     680
     704
     666
     652
     649
     644
     665
     634
     614
     639
     708
     653
     662
     652
     660
     647
     682
     685
     702
     641
     678
     672
     666
     627
     687
     666
     674
     633
     701
     679
     664
     657
     672
     675
     666
     665
     668
     665
     618
     698
     662
     646
     699
     679
     664
     687
     662
     644
     684
     681
     715
     655
     701
     694
     668
     656
     693
     714
     660
     665
     721
     720
     727
     656
     736
     653
     649
     664
     730
     679
     678
     671
     696
     733
     644
     710
     693
     693
     621
     649
     719
     683
     693
     706
     666
     722
     697
     703
     733
     693
     668
     699
     726
     704
     736
     659
     696
     695
     670
     643
     748
     725
     722
     663
     722
     713
     730
     701
     693
     692
     728
     697
     729
     698
     732
     745
     699
     721
     703
     685
     698
     706
     730
     698
     707
     686
     727
     692
     698
     738
     765
     689
     694
     674
     703
     722
     719
     699
     708
     701
     733
     731
     680
     714
     699
     669
     728
     694
     686
     737
     719
     680
     675
     714
     691
     723
     698
     682
     719
     742
     661
     716
     715
     734
     676
     739
     687
     689
     717
     696
     672
     684
     643
     732
     747
     740
     718
     684
     671
     651
     733
     695
     681
     711
     735
     755
     717
     704
     696
     693
     707
     727
     677
     730
     683
     698
     686
     694
     705
     723
     690
     726
     684
     703
     722
     713
     652
     728
     696
     725
     720
     683
     717
     723
     714
     744
     731
     676
     735
     686
     731
     705
     697
     694
     719
     732
     749
     701
     702
     695
     684
     719
     707
     732
     674
     712
     712
     697
     726
     755
     675
     696
     760
     703
     716
     686
     763
     608
     717
     698
     672
     714
     686
     680
     709
     720
     699
     726
     743
     693
     724
     768
     741
     729
     678
     721
     706
     697
     682
     698
     675
     692
     707
     684
     687
     679
     729
     713
     693
     757
     723
     688
     716
     694
     705
     702
     683
     736
     708
     692
     730
     740
     678
     681
     753
     740
     703
     700
     706
     721
     708
     724
     722
     695
     713
     715
     736
     705
     695
     698
     746
     708
     742
     748
     730
     734
     691
     720
     767
     732
     716
     711
     700
     726
     694
     710
     732
     736
     743
     753
     727
     717
     655
     798
     746
     653
     705
     716
     765
     723
     717
     721
     749
     758
     731
     754
     793
     772
     742
     724
     738
     740
     719
     712
     766
     737
     741
     758
     733
     759
     774
     736
     744
     739
     727
     745
     754
     704
     733
     729
     745
     774
     753
     728
     720
     736
     797
     724
     756
     732
     726
     737
     732
     805
     752
     769
     749
     800
     786
     801
     781
     742
     765
     769
     720
     786
     735
     727
     755
     815
     736
     815
     748
     794
     795
     771
     774
     782
     768
     780
     785
     763
     796
     756
     780
     796
     780
     759
     745
     801
     787
     828
     798
     817
     785
     827
     773
     764
     792
     769
     776
     766
     836
     791
     828
     822
     773
     793
     790
     753
     796
     792
     801
     776
     770
     833
     787
     851
     827
     809
     835
     840
     842
     832
     827
     845
     787
     830
     889
     853
     848
     799
     815
     825
     847
     910
     833
     822
     893
     903
     772
     895
     862
     928
     844
     830
     796
     856
     874
     873
     814
     813
     874
     879
     839
     841
     861
     850
     866
     865
     854
     847
     862
     836
     801
     882
     853
     879
     825
     874
     855
     849
     857
     895
     900
     885
     869
     872
     954
     863
     864
     944
     879
     813
     866
     872
     880
     862
     870
     848
     913
     857
     875
     884
     855
     848
     866
     913
     904
     833
     943
     918
     904
     835
     841
     888
     852
     841
     829
     861
     849
     858
     831
     949
     889
     907
     932
     858
     866
     858
     850
     843
     872
     889
     843
     924
     836
     868
     874
     872
     849
     894
     846
     843
     872
     868
     872
     878
     881
     846
     845
     878
     844
     855
     836
     847
     879
     920
     836
     900
     846
     877
     886
     845
     799
     828
     892
     846
     888
     818
     835
     837
     886
     797
     813
     815
     833
     852
     836
     889
     854
     846
     844
     820
     814
     856
     880
     795
     830
     797
     809
     760
     831
     823
     847
     855
     824
     890
     817
     893
     809
     825
     841
     841
     813
     826
     767
     823
     761
     840
     851
     775
     828
     870
     791
     811
     809
     837
     783
     789
     834
     790
     781
     820
     828
     765
     786
     830
     821
     800
     806
     796
     824
     808
     817
     827
     796
     877
     772
     790
     757
     812
     794
     817
     792
     826
     802
     793
     807
     798
     764
     790
     793
     819
     796
     784
     823
     787
     783
     812
     772
     742
     752
     769
     725
     778
     788
     740
     716
     759
     743
     829
     824
     765
     731
     808
     809
     740
     825
     786
     793
     775
     748
     747
     745
     805
     738
     741
     786
     769
     765
     735
     725
     728
     773
     760
     801
     737
     776
     716
     794
     823
     751
     757
     718
     766
     735
     751
     789
     772
     790
     709
     774
     781
     747
     680
     783
     791
     754
     740
     726
     780
     753
     711
     748
     737
     722
     711
     786
     729
     718
     743
     771
     746
     731
     731
     733
     745
     680
     742
     689
     733
     710
     704
     687
     731
     722
     699
     759
     711
     754
     697
     714
     727
     742
     719
     708
     686
     694
     728
     693
     741
     704
     733
     730
     726
     730
     751
     694
     716
     717
     714
     700
     706
     773
     693
     683
     692
     689
     730
     708
     698
     675
     691
     716
     664
     751
     720
     707
     683
     706
     744
     715
     730
     773
     721
     677
     705
     658
     703
     684
     712
     692
     713
     720
     686
     683
     728
     714
     665
     696
     703
     643
     724
     677
     748
     733
     723
     755
     653
     725
     702
     729
     692
     679
     683
     691
     687
     712
     684
     733
     712
     707
     693
     701
     708
     668
     712
     684
     669
     724
     677
     721
     680
     668
     700
     678
     680
     697
     655
     684
     708
     701
     686
     676
     687
     661
     652
     675
     686
     691
     673
     684
     695
     695
     644
     705
     712
     696
     651
     729
     696
     670
     690
     717
     625
     707
     734
     671
     672
     701
     691
     640
     669
     686
     669
     697
     668
     672
     641
     705
     612
     687
     703
     665
     665
     727
     642
     672
     668
     674
     703
     707
     697
     644
     651
     659
     663
     669
     689
     661
     645
     617
     697
     654
     681
     662
     661
     679
     641
     655
     687
     672
     668
     674
     661
     660
     669
     664
     669
     670
     648
     698
     676
     671
     637
     623
     663
     695
     664
     655
     651
     688
     653
     663
     652
     641
     654
     652
     620
     657
     661
     641
     624
     639
     673
     647
     641
     633
     664
     624
     668
     614
     642
     652
     623
     646
     659
     652
     673
     591
     626
     656
     654
     626
     604
     595
     580
     688
     593
     631
     630
     636
     645
     662
     609
     669
     617
     632
     679
     662
     654
     579
     643
     616
     599
     635
     644
     628
     632
     622
     604
     613
     670
     672
     680
     654
     644
     609
     607
     629
     586
     627
     625
     643
     649
     631
     612
     607
     664
     656
     599
     604
     622
     622
     685
     629
     640
     625
     638
     582
     610
     639
     607
     601
     606
     600
     638
     584
     616
     614
     588
     585
     628
     617
     646
     614
     639
     612
     635
     622
     657
     587
     674
     624
     644
     610
     608
     622
     608
     677
     612
     579
     629
     597
     577
     617
     597
     594
     630
     617
     594
     558
     667
     592
     594
     562
     627
     598
     633
     649
     602
     649
     595
     582
     544
     596
     608
     605
     591
     623
     608
     620
     650
     627
     623
     614
     623
     612
     599
     623
     601
     565
     600
     619
     622
     585
     594
     586
     644
     632
     605
     600
     627
     581
     615
     583
     587
     583
     590
     568
     626
     607
     585
     578
     593
     585
     622
     600
     617
     604
     618
     617
     620
     613
     609
     571
     644
     612
     544
     603
     600
     592
     605
     591
     581
     558
     567
     586
     556
     557
     593
     632
     606
     536
     606
     635
     614
     595
     602
     611
     593
     603
     600
     585
     604
     595
     567
     580
     623
     614
     579
     574
     562
     577
     601
     609
     603
     583
     585
     567
     575
     568
     586
     586
     554
     572
     612
     613
     588
     573
     572
     576
     605
     586
     571
     554
     558
     597
     563
     580
     554
     577
     598
     605
     544
     560
     589
     596
     569
     600
     591
     602
     625
     611
     607
     550
     557
     585
     610
     612
     607
     523
     567
     585
     612
     582
     563
     627
     557
     571
     565
     563
     663
     582
     564
     545
     539
     623
     598
     581
     535
     585
     574
     572
     590
     573
     589
     547
     586
     567
     562
     613
     578
     576
     594
     586
     585
     552
     580
     531
     568
     556
     591
     582
     559
     554
     587
     640
     605
     560
     572
     583
     552
     549
     556
     586
     536
     566
     600
     539
     583
     590
     540
     588
     532
     581
     526
     559
     586
     545
     570
     590
     588
     591
     584
     532
     549
     564
     591
     565
     591
     545
     547
     595
     582
     575
     548
     590
     561
     515
     550
     553
     567
     574
     537
     569
     585
     522
     566
     604
     551
     543
     527
     541
     527
     568
     533
     587
     583
     534
     549
     577
     627
     523
     574
     593
     569
     586
     611
     556
     592
     587
     552
     561
     531
     597
     550
     601
     552
     531
     532
     580
     563
     579
     515
     529
     574
     600
     575
     542
     580
     564
     527
     561
     559
     533
     515
     583
     547
     557
     545
     545
     594
     556
     560
     518
     594
     521
     542
     572
     560
     526
     561
     534
     561
     531
     572
     575
     567
     592
     534
     558
     509
     559
     556
     560
     533
     550
     595
     579
     531
     535
     555
     573
     531
     535
     573
     557
     528
     548
     587
     529
     572
     557
     571
     578
     569
     591
     538
     573
     550
     554
     524
     545
     547
     560
     536
     562
     574
     557
     564
     572
     549
     542
     562
     553
     522
     541
     523
     522
     544
     554
     554
     560
     577
     548
     514
     536
     576
     535
     548
     519
     562
     570
     543
     503
     554
     573
     589
     560
     545
     561
     541
     563
     563
     590
     514
     564
     529
     588
     544
     496
     585
     543
     534
     583
     542
     540
     544
     559
     553
     573
     574
     553
     597
     513
     553
     562
     523
     571
     544
     517
     521
     603
     511
     538
     542
     552
     524
     490
     560
     546
     543
     570
     507
     540
     517
     571
     560
     566
     582
     543
     545
     550
     544
     555
     538
     566
     555
     591
     577
     530
     526
     563
     553
     557
     541
     585
     522
     512
     569
     561
     592
     541
     547
     561
     541
     571
     512
     560
     527
     533
     559
     564
     520
     553
     538
     563
     556
     545
     534
     559
     573
     505
     541
     500
     501
     516
     544
     569
     584
     563
     546
     564
     527
     547
     558
     568
     558
     493
     536
     525
     548
     556
     552
     544
     532
     576
     553
     533
     526
     563
     532
     524
     554
     545
     534
     514
     534
     573
     572
     565
     514
     533
     522
     540
     529
     542
     563
     572
     521
     546
     533
     534
     512
     524
     560
     560
     572
     579
     530
     548
     536
     527
     522
     584
     536
     536
     614
     511
     568
     506
     537
     551
     589
     542
     507
     560
     564
     580
     547
     544
     553
     551
     616
     518
     539
     575
     557
     515
     521
     509
     527
     529
     552
     569
     588
     564
     559
     560
     514
     562
     558
     553
     536
     505
     530
     535
     552
     588
     538
     528
     539
     538
     543
     521
     562
     534
     529
     557
     548
     524
     527
     516
     518
     552
     528
     525
     542
     527
     538
     549
     553
     518
     525
     573
     546
     546
     558
     530
     541
     531
     489
     586
     537
     569
     511
     550
     564
     558
     531
     581
     502
     499
     487
     507
     524
     543
     581
     565
     561
     575
     565
     531
     534
     573
     559
     578
     545
     557
     512
     552
     535
     526
     534
     513
     540
     519
     532
     487
     558
     546
     517
     541
     538
     513
     525
     555
     558
     528
     537
     543
     534
     527
     545
     524
     551
     546
     560
     523
     508
     531
     522
     566
     565
     540
     554
     527
     580
     546
     523
     599
     507
     536
     508
     515
     555
     526
     536
     509
     545
     539
     572
     514
     528
     533
     550
     551
     542
     547
     489
     540
     538
     578
     531
     535
     509
     515
     520
     559
     506
     523
     506
     502
     540
     588
     526
     549
     521
     576
     535
     502
     537
     557
     574
     496
     518
     547
     529
     527
     540
     488
     524
     541
     527
     537
     517
     562
     532
     536
     575
     521
     532
     519
     558
     537
     499
     526
     513
     517
     570
     534
     508
     537
     574
     502
     489
     521
     513
     508
     541
     505
     531
     577
     562
     535
     538
     542
     571
     527
     536
     537
     512
     516
     562
     531
     522
     513
     523
     527
     509
     561
     496
     556
     515
     544
     567
     564
     532
     528
     466
     522
     532
     536
     498
     520
     531
     522
     542
     500
     545
     504
     537
     505
     545
     519
     536
     561
     539
     545
     525
     539
     542
     509
     495
     497
     534
     508
     571
     544
     546
     526
     485
     515
     502
     514
     526
     560
     525
     543
     503
     513
     523
     534
     505
     508
     535
     531
     534
     549
     529
     547
     492
     524
     538
     530
     508
     523
     545
     506
     539
     517
     544
     548
     554
     507
     556
     544
     523
     509
     492
     478
     534
     540
     517
     555
     484
     512
     515
     497
     534
     521
     539
     501
     505
     489
     530
     507
     512
     512
     517
     518
     486
     525
     527
     515
     512
     557
     535
     507
     535
     514
     533
     480
     534
     521
     562
     500
     536
     500
     496
     538
     514
     492
     550
     524
     507
     516
     553
     494
     551
     493
     514
     510
     534
     507
     537
     557
     555
     525
     516
     491
     542
     498
     526
     523
     522
     541
     482
     560
     530
     512
     532
     519
     497
     515
     533
     513
     504
     522
     526
     524
     545
     501
     488
     505
     508
     512
     478
     498
     522
     472
     509
     554
     528
     563
     494
     526
     477
     496
     544
     520
     518
     537
     548
     513
     538
     525
     558
     516
     570
     531
     515
     509
     484
     588
     517
     556
     534
     533
     530
     507
     548
     529
     499
     526
     514
     491
     556
     488
     516
     514
     507
     517
     498
     522
     498
     498
     546
     541
     526
     501
     530
     533
     521
     529
     520
     541
     533
     517
     522
     526
     512
     525
     550
     525
     547
     515
     500
     502
     544
     499
     510
     494
     502
     534
     487
     505
     552
     538
     530
     540
     492
     503
     536
     509
     567
     585
     554
     471
     504
     520
     505
     482
     508
     529
     510
     532
     511
     523
     506
     503
     519
     528
     479
     482
     505
     484
     507
     528
     525
     559
     506
     520
     527
     488
     530
     524
     557
     510
     520
     499
     513
     530
     521
     499
     481
     536
     528
     500
     493
     477
     479
     519
     495
     514
     530
     523
     557
     520
     516
     556
     507
     494
     533
     489
     498
     545
     513
     512
     522
     499
     526
     507
     524
     545
     496
     512
     515
     495
     534
     492
     481
     553
     530
     486
     550
     512
     520
     535
     495
     522
     486
     527
     524
     494
     498
     545
     522
     499
     484
     518
     486
     511
     538
     521
     478
     506
     553
     520
     505
     501
     521
     494
     572
     552
     468
     542
     497
     512
     536
     520
     523
     512
     538
     538
     533
     515
     535
     512
     503
     511
     532
     508
     534
     534
     487
     500
     525
     471
     478
     525
     530
     486
     500
     547
     547
     498
     530
     511
     483
     509
     547
     517
     526
     506
     507
     531
     476
     541
     488
     506
     490
     550
     533
     524
     509
     496
     530
     547
     545
     511
     560
     490
     582
     462
     515
     491
     507
     521
     502
     529
     532
     535
     500
     501
     481
     500
     566
     448
     506
     483
     533
     507
     500
     530
     485
     505
     541
     542
     497
     520
     517
     507
     503
     513
     496
     522
     495
     500
     477
     529
     502
     517
     505
     479
     509
     531
     463
     492
     490
     523
     495
     540
     541
     526
     525
     483
     475
     561
     512
     483
     505
     474
     522
     514
     505
     478
     510
     496
     511
     519
     494
     481
     525
     539
     493
     508
     545
     528
     532
     565
     538
     501
     519
     517
     511
     522
     511
     476
     490
     495
     526
     524
     537
     546
     508
     514
     486
     551
     528
     495
     497
     504
     460
     513
     510
     502
     520
     543
     493
     507
     526
     531
     500
     559
     533
     500
     541
     524
     504
     484
     486
     492
     512
     532
     527
     531
     544
     523
     486
     522
     471
     503
     513
     513
     481
     458
     450
     562
     472
     476
     525
     508
     532
     517
     508
     473
     470
     549
     511
     490
     516
     491
     522
     494
     550
     522
     527
     537
     521
     528
     519
     486
     507
     527
     568
     498
     507
     494
     503
     540
     508
     515
     496
     545
     543
     487
     509
     502
     517
     506
     492
     492
     510
     540
     510
     544
     516
     510
     549
     473
     514
     501
     539
     525
     503
     519
     518
     531
     528
     491
     521
     536
     531
     516
     576
     545
     539
     500
     520
     499
     534
     473
     537
     538
     522
     514
     478
     494
     509
     529
     540
     510
     556
     549
     513
     559
     520
     509
     535
     519
     522
     496
     479
     471
     486
     514
     533
     507
     516
     546
     497
     539
     493
     463
     498
     502
     495
     524
     524
     548
     511
     508
     451
     512
     532
     497
     547
     512
     513
     491
     479
     521
     491
     520
     508
     534
     524
     525
     567
     481
     544
     510
     465
     506
     517
     522
     530
     506
     528
     527
     518
     487
     502
     508
     505
     506
     514
     523
     493
     539
     516
     480
     507
     483
     499
     493
     493
     496
     498
     532
     507
     506
     508
     501
     513
     502
     547
     514
     477
     537
     530
     521
     510
     489
     538
     518
     446
     507
     521
     490
     508
     490
     498
     509
     524
     528
     519
     473
     507
     531
     527
     519
     484
     488
     509
     539
     535
     467
     489
     526
     518
     502
     484
     487
     525
     477
     497
     469
     482
     496
     459
     491
     531
     526
     558
     511
     485
     532
     501
     540
     505
     513
     469
     510
     531
     535
     505
     509
     549
     532
     477
     487
     529
     513
     495
     496
     491
     523
     467
     566
     486
     524
     508
     470
     505
     494
     491
     532
     485
     527
     501
     499
     543
     529
     531
     518
     504
     490
     502
     526
     500
     505
     529
     490
     560
     519
     564
     497
     501
     494
     491
     516
     490
     537
     538
     533
     496
     508
     549
     516
     533
     546
     515
     494
     464
     491
     526
     523
     500
     595
     504
     501
     520
     478
     503
     531
     513
     529
     520
     447
     509
     498
     471
     499
     482
     533
     505
     554
     517
     534
     508
     561
     500
     505
     514
     537
     572
     530
     517
     509
     483
     492
     533
     555
     530
     520
     501
     509
     489
     523
     506
     531
     548
     500
     519
     543
     460
     489
     541
     531
     513
     542
     492
     498
     487
     544
     529
     524
     517
     485
     496
     533
     484
     556
     503
     499
     535
     484
     551
     517
     509
     514
     511
     510
     508
     508
     512
     515
     499
     516
     554
     495
     498
     508
     476
     499
     486
     503
     572
     487
     503
     526
     534
     503
     511
     524
     522
     540
     495
     517
     543
     544
     521
     532
     533
     519
     518
     532
     525
     464
     441
     503
     523
     530
     519
     484
     505
     525
     552
     503
     531
     548
     515
     522
     573
     512
     571
     518
     500
     546
     509
     517
     528
     486
     538
     544
     519
     519
     542
     521
     552
     533
     490
     523
     568
     482
     517
     494
     495
     462
     562
     528
     534
     516
     516
     547
     537
     501
     453
     537
     513
     516
     525
     546
     522
     533
     522
     534
     539
     542
     519
     532
     532
     555
     535
     501
     529
     519
     513
     533
     512
     488
     526
     521
     551
     488
     584
     564
     530
     522
     536
     553
     500
     527
     497
     474
     555
     538
     540
     539
     567
     512
     541
     513
     560
     522
     528
     536
     554
     477
     511
     506
     531
     529
     546
     567
     493
     532
     506
     496
     517
     502
     536
     526
     512
     531
     536
     492
     556
     541
     485
     531
     548
     522
     538
     545
     504
     571
     520
     535
     508
     593
     551
     490
     520
     539
     521
     508
     531
     521
     504
     547
     554
     536
     539
     521
     549
     491
     501
     561
     559
     535
     568
     540
     518
     529
     538
     523
     518
     520
     557
     503
     535
     525
     543
     537
     520
     528
     523
     522
     531
     543
     563
     504
     528
     548
     520
     551
     567
     510
     557
     547
     528
     561
     566
     522
     515
     542
     583
     516
     557
     548
     507
     508
     511
     481
     506
     520
     546
     552
     475
     525
     496
     501
     546
     561
     554
     490
     519
     526
     531
     524
     566
     508
     524
     542
     543
     532
     557
     521
     509
     567
     534
     566
     547
     511
     539
     507
     496
     555
     551
     528
     544
     537
     561
     509
     546
     506
     552
     538
     506
     522
     518
     508
     495
     558
     494
     540
     531
     597
     524
     547
     528
     560
     523
     541
     550
     528
     547
     517
     533
     529
     569
     559
     583
     566
     539
     546
     522
     542
     543
     486
     550
     519
     514
     534
     550
     601
     583
     549
     562
     531
     549
     577
     527
     558
     578
     545
     530
     527
     549
     539
     510
     555
     549
     540
     537
     529
     546
     533
     528
     567
     558
     557
     554
     537
     550
     546
     502
     539
     547
     520
     525
     555
     569
     555
     529
     546
     546
     566
     546
     512
     534
     519
     530
     568
     526
     571
     542
     531
     554
     571
     538
     528
     552
     552
     564
     548
     546
     586
     526
     541
     528
     556
     581
     552
     568
     551
     562
     550
     568
     553
     564
     588
     513
     573
     581
     537
     507
     553
     583
     540
     590
     566
     554
     510
     557
     538
     529
     545
     506
     553
     594
     545
     560
     562
     547
     535
     531
     567
     548
     586
     551
     557
     540
     547
     534
     535
     529
     518
     582
     538
     534
     553
     578
     540
     533
     551
     566
     587
     553
     552
     541
     558
     568
     529
     535
     543
     573
     571
     583
     575
     552
     536
     532
     535
     530
     567
     551
     539
     528
     562
     556
     571
     563
     542
     566
     578
     558
     553
     540
     578
     553
     556
     548
     542
     585
     557
     598
     539
     539
     514
     541
     585
     531
     598
     566
     584
     543
     604
     550
     544
     580
     507
     534
     513
     533
     548
     600
     550
     535
     532
     542
     559
     583
     561
     576
     515
     578
     565
     543
     525
     538
     566
     561
     579
     543
     553
     536
     557
     576
     548
     561
     595
     524
     523
     579
     523
     585
     569
     570
     558
     557
     552
     577
     581
     543
     554
     549
     558
     578
     550
     527
     539
     544
     547
     586
     555
     533
     521
     561
     544
     571
     509
     539
     540
     549
     519
     508
     550
     545
     523
     582
     560
     548
     544
     543
     535
     561
     553
     560
     557
     544
     537
     539
     606
     524
     597
     548
     567
     559
     558
     539
     607
     546
     587
     550
     567
     511
     514
     561
     537
     544
     517
     580
     497
     569
     546
     542
     549
     553
     532
     565
     511
     580
     557
     513
     528
     567
     537
     547
     538
     567
     529
     532
     526
     564
     530
     553
     543
     555
     536
     547
     568
     555
     518
     528
     536
     576
     518
     537
     538
     554
     554
     525
     575
     516
     576
     521
     528
     537
     503
     542
     487
     507
     547
     573
     503
     549
     493
     518
     546
     553
     509
     516
     547
     510
     543
     545
     523
     550
     522
     559
     534
     477
     530
     532
     511
     529
     544
     538
     560
     562
     510
     532
     546
     494
     506
     536
     513
     515
     528
     483
     527
     508
     511
     508
     465
     491
     493
     476
     515
     559
     515
     497
     516
     482
     504
     531
     509
     492
     510
     519
     564
     485
     483
     535
     500
     476
     505
     505
     512
     512
     492
     524
     519
     494
     528
     486
     541
     512
     486
     511
     501
     502
     480
     476
     487
     536
     487
     475
     473
     515
     484
     512
     486
     519
     488
     525
     531
     515
     488
     510
     494
     477
     465
     463
     499
     454
     497
     483
     448
     505
     486
     465
     483
     483
     470
     468
     472
     473
     457
     487
     470
     494
     487
     434
     472
     464
     459
     500
     461
     455
     472
     481
     474
     474
     504
     490
     441
     485
     461
     467
     477
     447
     492
     494
     479
     455
     485
     496
     471
     483
     450
     452
     444
     504
     442
     465
     481
     470
     485
     447
     450
     412
     459
     479
     431
     440
     481
     462
     472
     462
     412
     445
     453
     478
     432
     446
     489
     443
     465
     454
     435
     422
     469
     454
     449
     460
     445
     449
     424
     401
     462
     428
     437
     459
     421
     450
     452
     465
     439
     467
     485
     417
     426
     466
     422
     472
     424
     440
     404
     431
     451
     438
     431
     411
     412
     426
     396
     422
     400
     441
     415
     433
     433
     421
     434
     438
     399
     409
     436
     429
     398
     437
     450
     433
     440
     418
     470
     434
     437
     395
     416
     416
     417
     444
     464
     436
     424
     422
     416
     410
     432
     396
     445
     404
     445
     389
     449
     435
     398
     423
     383
     409
     418
     426
     405
     439
     375
     409
     461
     360
     395
     430
     387
     415
     422
     381
     370
     416
     438
     425
     390
     449
     429
     410
     400
     428
     415
     405
     429
     394
     422
     362
     407
     411
     386
     450
     441
     413
     450
     399
     412
     432
     429
     389
     377
     409
     380
     403
     378
     405
     420
     378
     372
     382
     400
     431
     400
     433
     371
     418
     399
     421
     362
     401
     384
     399
     397
     418
     392
     418
     430
     401
     352
     393
     430
     380
     392
     385
     417
     402
     420
     394
     382
     370
     418
     402
     423
     356
     428
     373
     390
     409
     371
     355
     387
     385
     367
     396
     375
     395
     380
     390
     372
     375
     393
     371
     386
     355
     386
     361
     364
     392
     384
     322
     428
     394
     405
     386
     365
     355
     386
     380
     373
     376
     408
     358
     360
     408
     367
     335
     375
     368
     396
     374
     384
     388
     385
     388
     392
     370
     368
     352
     388
     389
     390
     363
     384
     440
     393
     390
     372
     403
     357
     402
     384
     390
     406
     390
     372
     374
     347
     336
     375
     364
     405
     370
     368
     358
     346
     363
     401
     395
     368
     385
     383
     361
     362
     359
     366
     389
     386
     380
     395
     361
     375
     377
     376
     360
     370
     378
     342
     383
     351
     348
     395
     375
     409
     381
     405
     362
     358
     360
     378
     389
     354
     382
     327
     378
     354
     338
     363
     344
     371
     382
     365
     342
     354
     368
     378
     343
     403
     354
     353
     354
     330
     324
     371
     358
     342
     332
     364
     352
     365
     326
     344
     361
     321
     337
     354
     384
     365
     339
     354
     360
     370
     360
     362
     383
     359
     325
     345
     362
     334
     345
     390
     351
     382
     341
     361
     361
     371
     338
     363
     347
     353
     353
     363
     375
     348
     338
     358
     350
     338
     323
     339
     382
     362
     393
     350
     354
     384
     360
     346
     332
     337
     302
     346
     346
     369
     348
     325
     346
     345
     355
     350
     356
     386
     343
     327
     352
     347
     339
     340
     360
     366
     356
     336
     359
     329
     344
     333
     316
     311
     319
     322
     334
     371
     358
     320
     380
     374
     337
     346
     346
     310
     313
     339
     356
     326
     363
     357
     346
     312
     326
     345
     351
     344
     348
     341
     325
     312
     338
     310
     349
     330
     357
     323
     330
     336
     353
     328
     360
     299
     352
     362
     333
     348
     336
     297
     369
     334
     332
     343
     335
     347
     327
     335
     348
     348
     350
     322
     305
     347
     323
     327
     295
     308
     309
     319
     335
     321
     329
     326
     337
     302
     325
     321
     337
     339
     333
     301
     319
     303
     328
     344
     327
     312
     312
     331
     325
     324
     308
     313
     316
     305
     335
     318
     313
     330
     323
     295
     312
     309
     304
     275
     327
     297
     326
     339
     324
     316
     326
     309
     283
     273
     302
     337
     321
     322
     331
     305
     316
     283
     292
     325
     311
     297
     310
     296
     317
     327
     319
     310
     303
     312
     329
     312
     283
     278
     292
     302
     302
     308
     317
     300
     292
     308
     307
     291
     316
     338
     274
     249
     300
     292
     310
     319
     304
     315
     301
     336
     287
     259
     306
     298
     274
     311
     324
     298
     310
     307
     287
     318
     324
     297
     322
     287
     300
     348
     290
     281
     293
     322
     277
     290
     304
     296
     296
     283
     304
     283
     296
     277
     327
     280
     295
     275
     283
     296
     314
     299
     298
     301
     285
     265
     296
     266
     295
     303
     310
     304
     286
     268
     279
     304
     288
     274
     293
     284
     280
     267
     307
     280
     285
     295
     308
     303
     282
     298
     301
     288
     295
     271
     297
     282
     284
     309
     303
     277
     286
     283
     274
     281
     292
     279
     331
     297
     265
     293
     293
     316
     297
     267
     277
     341
     338
     256
     290
     262
     262
     291
     293
     300
     306
     309
     332
     302
     302
     291
     286
     286
     310
     274
     301
     294
     301
     327
     308
     335
     344
     320
     299
     302
     293
     299
     301
     309
     311
     308
     327
     296
     328
     338
     319
     325
     331
     344
     380
     337
     312
     336
     323
     327
     323
     370
     290
     315
     326
     331
     306
     338
     331
     331
     353
     333
     338
     347
     340
     332
     341
     348
     370
     355
     310
     352
     337
     349
     367
     320
     355
     330
     333
     334
     382
     359
     376
     333
     385
     340
     345
     357
     402
     359
     376
     375
     348
     411
     362
     397
     391
     359
     380
     374
     386
     382
     392
     428
     405
     376
     346
     386
     390
     392
     413
     382
     376
     404
     404
     360
     393
     349
     391
     405
     409
     436
     393
     383
     385
     405
     435
     406
     379
     447
     453
     418
     417
     418
     429
     424
     436
     416
     421
     427
     410
     442
     415
     419
     452
     458
     436
     463
     432
     442
     502
     431
     440
     479
     476
     475
     422
     454
     492
     447
     496
     480
     449
     508
     468
     482
     457
     484
     492
     521
     518
     480
     504
     460
     516
     486
     522
     516
     486
     500
     485
     524
     494
     536
     517
     540
     495
     525
     518
     540
     531
     513
     548
     514
     556
     494
     540
     536
     547
     498
     568
     521
     531
     549
     520
     577
     551
     568
     550
     585
     579
     531
     557
     564
     549
     537
     606
     564
     564
     552
     564
     582
     539
     566
     544
     589
     576
     558
     575
     581
     605
     565
     571
     632
     580
     585
     593
     620
     595
     613
     578
     613
     605
     588
     599
     638
     615
     573
     580
     594
     643
     633
     587
     615
     626
     635
     639
     637
     631
     633
     641
     640
     650
     662
     612
     669
     622
     644
     633
     662
     668
     676
     633
     670
     622
     672
     663
     642
     628
     667
     645
     645
     618
     642
     701
     709
     606
     676
     654
     634
     650
     637
     676
     650
     660
     676
     657
     634
     701
     673
     645
     682
     640
     667
     672
     648
     664
     689
     724
     646
     654
     603
     700
     654
     678
     665
     650
     681
     661
     633
     694
     697
     654
     710
     665
     711
     695
     644
     686
     680
     620
     713
     692
     676
     648
     703
     652
     651
     664
     667
     691
     676
     698
     664
     689
     694
     638
     668
     701
     669
     689
     627
     655
     677
     645
     652
     667
     711
     647
     730
     648
     662
     624
     699
     638
     628
     624
     632
     624
     661
     661
     684
     677
     652
     672
     683
     692
     675
     631
     661
     676
     637
     650
     641
     583
     637
     684
     646
     666
     664
     582
     663
     591
     646
     638
     627
     647
     615
     608
     614
     598
     618
     655
     599
     610
     656
     575
     598
     615
     603
     590
     589
     560
     623
     606
     640
     589
     628
     572
     617
     565
     595
     602
     619
     612
     561
     578
     570
     548
     591
     551
     539
     572
     516
     546
     569
     551
     530
     558
     555
     530
     532
     563
     542
     596
     554
     512
     523
     536
     503
     521
     556
     496
     521
     500
     501
     539
     538
     488
     523
     486
     496
     445
     499
     491
     462
     519
     492
     464
     467
     468
     449
     456
     476
     458
     449
     447
     446
     431
     462
     459
     449
     440
     510
     427
     465
     446
     420
     474
     409
     428
     457
     391
     446
     502
     440
     423
     469
     421
     422
     414
     429
     419
     428
     409
     422
     410
     382
     427
     421
     422
     411
     372
     427
     393
     394
     393
     384
     398
     392
     420
     399
     389
     394
     367
     366
     344
     333
     370
     364
     328
     360
     337
     341
     334
     348
     332
     312
     371
     305
     309
     356
     339
     343
     305
     342
     338
     337
     306
     322
     353
     356
     329
     342
     294
     310
     309
     301
     344
     335
     316
     297
     295
     325
     292
     323
     286
     267
     301
     309
     304
     324
     297
     278
     293
     281
     311
     257
     299
     303
     258
     270
     270
     255
     280
     267
     261
     255
     252
     250
     258
     245
     276
     284
     235
     273
     252
     269
     250
     265
     249
     263
     262
     239
     256
     247
     253
     235
     241
     247
     232
     240
     231
     242
     231
     242
     258
     214
     236
     206
     216
     250
     224
     219
     215
     229
     238
     231
     202
     229
     235
     240
     235
     207
     199
     191
     230
     215
     187
     211
     216
     210
     224
     189
     203
     227
     223
     208
     221
     217
     204
     200
     189
     211
     201
     191
     211
     224
     194
     206
     217
     204
     222
     211
     209
     205
     208
     223
     228
     188
     203
     188
     178
     213
     195
     175
     187
     198
     197
     204
     225
     232
     211
     216
     175
     211
     221
     218
     178
     186
     216
     212
     202
     188
     196
     202
     192
     193
     195
     206
     208
     195
     208
     215
     201
     203
     188
     208
     212
     211
     226
     197
     237
     217
     208
     236
     222
     229
     225
     230
     209
     186
     256
     200
     222
     215
     187
     205
     216
     224
     219
     212
     237
     196
     202
     212
     250
     203
     233
     217
     208
     215
     213
     200
     212
     214
     236
     218
     213
     213
     246
     242
     242
     223
     224
     226
     235
     251
     252
     242
     238
     240
     225
     277
     268
     262
     253
     236
     238
     273
     260
     273
     242
     271
     257
     272
     261
     263
     260
     272
     255
     271
     258
     299
     294
     234
     258
     268
     288
     270
     280
     258
     261
     257
     260
     279
     302
     260
     293
     274
     293
     283
     280
     275
     270
     325
     298
     290
     301
     308
     303
     307
     283
     305
     287
     296
     304
     316
     312
     328
     335
     299
     316
     348
     315
     317
     331
     326
     293
     361
     339
     337
     320
     349
     345
     304
     331
     353
     338
     350
     369
     373
     350
     332
     351
     339
     340
     317
     368
     343
     393
     373
     333
     362
     366
     369
     412
     360
     388
     381
     373
     375
     392
     388
     369
     386
     366
     397
     366
     362
     389
     391
     410
     403
     372
     412
     390
     405
     417
     387
     414
     398
     384
     386
     410
     411
     395
     434
     408
     412
     401
     340
     425
     403
     440
     412
     419
     420
     474
     423
     452
     463
     433
     484
     402
     456
     464
     447
     437
     449
     476
     413
     461
     444
     422
     455
     443
     460
     471
     420
     459
     436
     446
     441
     468
     462
     483
     451
     472
     479
     470
     439
     466
     440
     477
     457
     482
     514
     476
     487
     476
     458
     450
     434
     502
     510
     480
     466
     517
     455
     470
     498
     437
     512
     496
     483
     470
     479
     435
     485
     523
     516
     477
     493
     499
     512
     482
     516
     467
     523
     519
     509
     477
     484
     481
     530
     506
     514
     563
     503
     507
     496
     547
     491
     475
     535
     452
     480
     514
     540
     521
     536
     512
     533
     504
     491
     472
     502
     481
     489
     497
     490
     482
     470
     520
     466
     491
     493
     552
     485
     511
     446
     512
     517
     469
     471
     469
     498
     481
     485
     481
     484
     526
     504
     493
     517
     523
     439
     556
     473
     492
     475
     469
     492
     484
     515
     512
     515
     496
     473
     495
     493
     477
     527
     470
     469
     519
     469
     453
     491
     506
     460
     499
     506
     517
     477
     481
     497
     466
     436
     454
     483
     495
     492
     502
     455
     480
     473
     466
     475
     449
     515
     470
     482
     479
     475
     482
     491
     500
     450
     478
     428
     472
     486
     503
     452
     405
     444
     410
     472
     446
     459
     440
     420
     486
     441
     444
     432
     461
     416
     449
     437
     435
     419
     437
     461
     450
     442
     423
     416
     451
     425
     430
     442
     439
     423
     412
     417
     388
     393
     394
     416
     345
     401
     432
     409
     396
     398
     416
     379
     365
     371
     382
     354
     384
     363
     367
     401
     333
     399
     387
     392
     389
     363
     360
     370
     389
     381
     380
     337
     373
     364
     319
     382
     395
     366
     342
     362
     363
     352
     345
     380
     354
     331
     315
     322
     343
     349
     310
     336
     337
     350
     340
     317
     289
     311
     300
     332
     322
     306
     335
     331
     281
     301
     300
     281
     317
     296
     296
     277
     298
     286
     328
     294
     271
     303
     309
     280
     268
     264
     295
     289
     276
     278
     261
     254
     301
     280
     265
     255
     249
     265
     263
     223
     262
     260
     255
     255
     265
     247
     217
     250
     235
     249
     235
     217
     240
     244
     228
     237
     230
     243
     214
     202
     210
     210
     220
     229
     215
     204
     194
     206
     212
     189
     213
     216
     236
     207
     225
     206
     218
     217
     190
     207
     194
     185
     189
     192
     186
     195
     201
     205
     171
     206
     174
     171
     188
     174
     185
     201
     185
     188
     167
     169
     160
     172
     174
     159
     157
     138
     152
     157
     154
     142
     151
     136
     173
     161
     159
     142
     141
     165
     162
     135
     152
     147
     147
     161
     137
     137
     137
     144
     126
     136
     118
     124
     143
     130
     137
     133
     137
     113
     123
     116
     110
     134
     127
     138
     114
     116
     111
     104
     116
     116
     103
     123
     104
      94
     145
     119
     111
      97
      98
     118
      80
      96
      89
      94
     102
      85
     106
     104
      99
      97
      92
      94
      86
      82
      86
      86
     103
     100
      73
      90
      82
      98
     100
      83
      74
      81
      86
      87
      96
      83
      72
      73
      81
      70
      90
      87
      82
      75
      77
      77
      67
      79
      56
      77
      69
      76
      77
      64
      58
      64
      68
      75
      69
      64
      62
      69
      71
      61
      57
      56
      70
      65
      64
      60
      54
      57
      62
      61
      47
      74
      52
      47
      71
      38
      51
      63
      51
      61
      45
      61
      44
      46
      52
      56
      43
      52
      52
      44
      37
      57
      53
      44
      45
      48
      55
      34
      42
      60
      30
      45
      50
      46
      43
      51
      37
      37
      43
      37
      32
      38
      36
      42
      46
      46
      48
      49
      36
      36
      41
      39
      41
      35
      27
      41
      39
      33
      34
      45
      38
      31
      42
      35
      39
      27
      27
      26
      26
      34
      35
      29
      32
      20
      42
      27
      25
      23
      33
      28
      25
      32
      28
      24
      23
      31
      27
      40
      37
      35
      37
      29
      37
      32
      23
      40
      21
      26
      36
      27
      25
      29
      27
      26
      22
      21
      26
      31
      31
      28
      27
      30
      24
      18
      26
      23
      29
      18
      15
      12
      27
      23
      23
      24
      32
      22
      26
      14
      18
      23
      18
      18
      31
      25
      21
      17
      23
      15
      13
      22
      24
      16
      14
      18
      25
      18
      22
      14
      30
      23
      11
      27
      20
      18
      19
      20
      21
      23
      23
      19
      18
      24
      20
      25
      21
      19
      20
      21
      17
      27
      19
      14
      23
      26
      22
      19
      26
      20
      19
      16
      10
      21
      20
      13
      20
      13
      15
      11
      20
      22
      17
      18
      13
      15
      21
      18
      21
      26
      15
      13
      14
      14
      16
      17
      12
      11
      17
      14
       9
      17
      15
      17
      12
      14
       7
      10
      18
      16
      14
      19
      19
      12
      12
      13
      15
      21
      19
      18
      23
       7
      16
      12
      16
      10
      13
      17
      11
      27
      16
      15
      11
      14
      10
      14
      11
       8
      13
      14
      19
      13
      22
      12
      15
      10
      19
      13
      24
      13
      14
      18
      10
      17
      14
      10
      15
       8
      10
      15
      14
       8
      13
      12
      13
      24
      15
      14
      14
      15
       8
       9
      13
      18
      16
      13
      14
       7
       7
      20
      20
       7
      21
      16
      11
      18
      23
      22
      19
      13
      14
      19
      18
      16
      14
      22
      15
      13
      12
      12
      17
      11
      13
      13
      13
      12
      12
      11
      12
      13
      17
      16
      16
      10
      16
      19
      10
      19
      11
      16
       8
      13
       7
      18
      12
      15
      17
      13
      12
       7
      13
      11
      15
      11
      13
      11
      16
      11
      19
      15
      13
       7
       9
      10
      11
      14
       8
      16
      11
      13
      24
      18
      16
      11
      18
      10
       9
      12
      10
      19
      14
      10
      15
       7
       9
      11
      12
      11
      12
      11
      14
      17
       6
      14
       7
      10
      10
      11
      10
      10
      14
      11
      16
      13
      13
      12
       8
       6
      17
      14
      10
      15
      14
      10
      16
      11
      21
      17
      12
      11
      10
      14
      11
      15
      11
      13
      14
      14
      10
      12
      11
      12
      16
       9
      10
       7
      12
      12
      12
      11
      16
      16
      15
      15
       8
      12
      10
      10
       6
      15
      10
      10
      14
      11
       9
      14
      14
      12
      13
      11
      19
      26
      14
      16
      12
      16
      16
      11
      17
      13
      12
      18
      17
      13
       9
      16
       9
       8
      11
      12
       7
      15
      14
       7
      12
       8
      12
       8
      19
      14
       7
      10
       8
       6
       8
      10
       6
      10
      13
      15
       9
      13
      12
      10
      10
      12
       6
      16
      13
      12
      10
      16
      15
      15
      11
      15
      10
      18
      15
       6
      14
      11
      12
       9
       9
      14
      14
      16
      11
       9
       6
      11
      17
      11
      11
      12
      13
       7
       7
       6
      11
      16
      14
      12
      13
      11
      12
      11
       9
      15
      11
       9
      17
      10
      11
      10
       9
      11
      11
      11
      13
       7
      12
       7
      12
      12
      21
       9
       9
      12
       6
      10
      11
      18
      10
       7
      11
       7
       4
       5
      14
      15
      14
       7
      13
       6
       8
      13
      16
      17
      14
       8
      10
      11
      15
      10
      16
       8
       8
      15
      10
      12
      13
      11
      13
       9
      10
      13
      10
       6
      14
       7
      10
      13
      13
      12
      16
      10
      10
      10
       7
      17
      14
      12
       9
       9
      18
       5
       9
      12
      10
      15
      10
       9
       7
      11
      11
      14
      13
      18
       5
       8
      15
      13
      14
      13
      14
      12
       9
      13
      15
      15
      13
       7
      11
       6
      10
      10
       9
      17
      14
      15
      10
      13
       7
      14
      13
       7
       8
      18
       6
      10
       7
      16
      12
      11
       9
      15
      14
      11
       8
       7
       8
       3
       9
      10
      11
      19
      15
       8
      13
      11
      11
       7
       9
      11
       9
      11
      20
       6
      12
      12
      13
      12
       7
      15
       6
       6
      10
      11
       5
      10
      11
      18
      13
       7
      14
       6
      10
      11
      14
      11
      16
       7
       6
       7
      13
      10
       6
      10
      17
      14
      12
      10
      10
      10
       7
       7
       5
      11
      13
       9
      13
      11
       6
      10
       9
      12
      13
      10
       7
      17
      13
       7
       9
      14
       9
      10
      13
      12
      17
       8
       9
      11
       6
       9
       7
      12
      14
      10
      10
       7
      12
       9
      13
      13
      12
       9
       9
      10
      14
      13
       9
       5
      16
      12
      19
      11
       9
       9
       9
       6
       8
       9
       7
       6
      17
       7
       8
       6
       6
      10
      10
      11
      11
      14
       6
      17
      10
       8
      11
      11
       8
      12
       9
      11
      11
       4
      11
      10
      10
      10
       8
       8
      10
      12
      11
       5
      13
       7
       9
      14
      13
      10
       9
      10
       6
      10
      11
       9
      15
      13
       7
      10
      14
      10
      14
       6
       6
       9
      12
       7
      10
      10
      10
      16
      11
      10
      12
       8
      11
      11
       7
       6
      12
       8
      11
       8
      10
       7
      16
       5
       7
       8
      10
       9
       7
       8
      12
      15
       4
      12
       7
       4
       8
      15
       9
      11
      14
       9
       6
       9
       9
      10
      13
       7
       8
       7
       7
      12
      12
      16
      11
      10
      17
      12
       9
       8
      12
      16
      17
       8
      14
      10
      12
      11
      12
       5
      10
      13
       9
      13
       7
       6
       8
      12
      10
      17
      13
       7
      14
       5
       6
       7
       7
       9
      13
      10
      10
      10
      11
       8
       9
       6
       6
       9
       8
      15
       7
       7
       6
      12
       7
      10
       9
      17
      11
       8
       3
      15
       8
      14
      11
       7
       9
       7
       6
      10
       8
       8
       6
       8
       7
       7
      10
       6
       8
      13
       8
      11
       9
       5
      15
       1
      10
      11
       3
       9
      12
       9
      15
       7
      10
      12
       8
       5
       4
       8
      14
       9
       6
       8
      12
      11
       6
      16
       5
       6
       6
      10
       9
       9
       6
       7
       6
      15
       6
       4
       7
       8
      10
       9
       7
       9
       4
      10
      11
      11
       7
       9
       7
      12
       9
       9
      10
       6
       8
      10
       8
      10
       7
      14
       9
      14
      14
       7
       8
      10
       9
       7
       4
      11
      10
      12
       9
      11
       7
       9
       6
       5
       8
      10
       9
       5
       6
       4
      10
      13
       9
      12
       9
      10
      10
       8
      13
      10
       8
      12
      12
      12
       9
       7
      13
       5
      10
      11
      15
       9
      14
       9
       8
       6
       8
       5
       7
       8
       9
      10
       7
      19
       4
      10
      16
      15
      10
       6
      10
       9
      11
      12
       8
       5
       5
       9
      10
       6
       9
       8
       6
       9
       7
       9
      16
      13
      10
       4
       6
      14
       7
       4
      10
      12
      11
      12
       8
       9
       9
       9
      10
      11
       3
      11
       8
       8
       8
       8
       8
       5
       5
       6
       8
       6
      13
       8
       7
      13
       8
       9
      10
       9
       9
       8
      10
       6
       9
      10
       6
      10
       9
       4
       7
       7
       9
       4
      11
       6
       7
       7
       7
       9
       9
       6
       9
      10
      10
       9
      13
      11
      17
       4
       9
       6
       5
       7
       8
       6
       7
       9
      10
       9
      12
       9
       8
       8
       6
       6
      10
      10
       7
      11
      11
       8
       7
       8
      12
       5
      11
       8
       8
       9
       7
      11
       9
       8
       2
       7
       4
      11
      10
       9
       9
       9
      12
       9
       7
       7
       8
       4
       7
       7
       7
       7
       9
       8
      10
       7
       6
       8
      19
       6
       7
      10
       6
      15
       6
       7
       9
       5
       9
      12
       8
       7
      10
       7
       7
       6
       8
      13
      12
       3
       9
      11
       6
       3
       7
       7
       7
       5
       8
       8
      12
       6
      10
      16
      11
       6
      11
      12
       9
      10
       9
      10
       2
       8
       4
       7
       6
       6
       3
       5
       7
       8
       6
      12
       8
       6
       6
       4
      10
       6
      12
       4
       5
      10
       5
       5
       7
       8
       5
       8
       8
       8
      10
       4
       6
       8
       7
       9
       6
       9
      10
       6
      12
      13
       8
      11
       7
       8
       8
       5
       7
      12
       8
       5
       3
       6
       8
       7
       3
       6
       5
       5
       6
       8
       7
       8
       7
      11
      12
      11
       4
       4
       8
       7
       5
       9
       8
      12
       9
       9
       6
       5
       5
       5
       7
       5
      11
      11
       7
      11
       7
       5
      11
       8
       9
       5
       8
       3
       3
       7
       1
       6
      12
      10
       7
       7
       8
       6
       7
       6
       2
      10
       5
       7
      11
       8
       8
       4
       6
       7
       7
       2
       8
       9
       7
      14
       6
       3
       8
      10
       4
       5
       8
       6
      10
       5
       8
       8
       7
       7
       1
       8
       2
       7
       6
       9
       8
       8
      10
       7
       5
       5
       6
      13
      10
       9
      11
       7
      14
       7
       7
       8
      10
       6
       8
      10
       7
      14
       7
       6
       5
       8
      11
       7
       7
      12
       6
       8
       4
       7
      11
       7
       3
       6
       3
      10
      12
      11
       7
       7
       6
       4
       5
       3
       7
      11
       9
       4
       4
      10
       9
       6
       6
       4
       5
      10
       3
       7
       6
      10
      10
      10
       3
       4
       8
      16
       9
       8
       5
       5
       6
       7
       7
       9
       4
      10
       9
       9
       5
      13
       3
       7
       4
       7
       7
       7
       6
      12
       8
       5
       5
      11
       7
       7
       7
      13
       8
       4
      12
       3
       6
       6
       1
       5
      10
      10
       8
      10
       4
       5
       5
       9
      11
       2
       6
      10
       7
       4
       4
       9
       7
       6
       7
       6
      11
       6
       8
       7
      14
       3
       2
       5
       4
       5
       5
       6
       5
      11
       2
       7
       6
       6
       4
      13
       7
       8
       5
       9
       9
       6
       2
       3
       3
       5
       9
       7
       9
       7
      12
       7
       9
       3
       6
       2
      10
       6
       7
       4
       7
       9
       7
       8
       4
       8
       7
       3
       6
       3
       6
      10
       8
      11
       7
      10
       6
       6
       5
       8
       4
       5
       9
       6
      10
       6
       9
      14
       8
       5
       6
       5
       5
       4
       8
       7
      10
       8
       4
       7
       9
       9
       8
       4
       7
       9
       5
       7
       5
       9
       4
       7
       8
      12
      12
       8
       8
      10
       6
       3
      11
       3
       4
      13
       4
       6
       4
       3
       6
       4
       2
       4
       6
       9
       5
       3
       4
       2
       3
       4
      13
       8
       3
      14
       7
       7
       5
       3
      14
      11
       8
       2
       7
       5
       4
       3
       4
       4
       9
       5
       8
       8
       6
       9
       7
      12
      14
       3
       3
       5
      12
       9
       3
       4
       5
       7
       7
       7
       7
       5
      12
       2
       5
       3
       3
       3
       4
       0
       3
       4
       2
       1
       1
       4
       2
       9
       4
       2
       1
       3
       0
       1
       2
       3
       0
       1
       3
       4
       1
       3
       4
       2
       3
       2
       4
       0
       4
       1
       0
       1
       2
       0
       1
       1
       1
       0
       1
       1
       0
       1
       0
       0
       1
       0
       2
       0
       3
       2
       1
       2
       3
       0
       0
       0
       1
       0
       1
       0
       0
       0
       0
       1
       1
       0
       1
       0
       0
       0
       0
       1
       0
       0
       0
       0
       0
       0
       0
       1
       1
       0
       0
       0
       0
       0
       1
       0
       0
       1
       0
       0
       0
       0
       0
       1
       0
       0
       0
       0
       1
       0
       0
       1
       0
       0
       0
       0
       0
       0
       0
       0
       0
       0
       0
       0
       0
       0
       0
       0
       0
       0
       0
       0
       0
       0
       0
       0
       0
       0
       0
       0
       0
       0
       0
       0
       0
       0
       0
       0
       0
       0
       0
       0
       0
       0
       0
       0
       0
       0
       0
       0
       0
       0
       0
       0
       0
       0
       0
       0
       0
       0
       0
       0
       0
       0
       0
       0
       0
       0
       0
       0
       0
       0
       0
       0
       0
       0
       0
       0
       0
       0
       0
       0
       0
       0
       0
       0
       0
       0
       0
       0
       0
       0
       0
       0
       0
       0
       0
       0
       0
       0
       0
       0
       0
       0
       0
       0
       0
       0
       0
       0
       0
       0
       0
       0
       0
       0
       0
       0
       0
       0
       0
       0
       0
       0
       0
       0
       0
       0
       0
       0
       0
       0
       0
       0
       0
       0
       0
       0
       0
       0
       0
       0
       0
       0
       0
       0
       0
       0
       0
       0
       0
       0
       0
       0
       0
       0
       0
       0
       0
       0
       0
       0
       0
       0
       0
       0
       0
       0
$ROI:
1
5540 6134
$PRESETS:
Live Time
180
0
$ENER_FIT:
0.000000 0.227554
$MCA_CAL:
3
0.000000E+000 2.275539E-001 0.000000E+000 keV
$SHAPE_CAL:
3
3.368824E+002 0.000000E+000 0.000000E+000
