$SPEC_ID:
No sample description was entered.
$SPEC_REM:
DET# 3
DETDESC# FP-GAMMA2 MCB 129
AP# Maestro Version 7.01
$DATE_MEA:
12/04/2013 12:30:45
$MEAS_TIM:
157 180
$DATA:
0 8191
       0
       0
       0
       0
       0
       0
       0
       0
       2
       3
       6
       8
       3
       9
       5
       3
       3
      10
       6
       4
       8
       7
      10
      10
      21
       9
       6
       8
       9
      19
      10
       8
      18
      17
      15
      19
      20
      18
      21
      20
      12
      17
      23
      21
      36
      32
      31
      22
      30
      33
      30
      33
      51
      62
     128
     335
     158
     146
     140
     168
     237
    1070
    2320
    2421
    2243
    1990
    1776
    1570
    1430
    1276
    1267
    1068
    1031
     968
     927
     941
     839
     803
     772
     743
     748
     671
     713
     635
     664
     641
     646
     602
     588
     610
     585
     601
     590
     642
     579
     557
     588
     568
     582
     595
     545
     557
     578
     548
     596
     562
     564
     527
     583
     566
     565
     529
     613
     578
     601
     581
     579
     548
     609
     585
     573
     595
     551
     554
     595
     586
     579
     592
     574
     632
     605
     592
     576
     601
     607
     603
     627
     565
     608
     587
     582
     569
     600
     634
     579
     617
     589
     633
     650
     601
     617
     601
     629
     590
     560
     582
     589
     610
     653
     578
     608
     650
     593
     608
     604
     588
     631
     616
     600
     595
     585
     667
     597
     605
     619
     629
     618
     582
     610
     571
     589
     629
     649
     617
     635
     638
     666
     630
     586
     629
     593
     621
     662
     665
     628
     648
     670
     621
     600
     627
     663
     625
     634
     599
     653
     602
     662
     634
     646
     657
     656
     653
     653
     670
     675
     657
     677
     635
     647
     687
     694
     680
     709
     625
     679
     650
     636
     673
     677
     647
     684
     672
     705
     656
     652
     669
     626
     698
     659
     634
     671
     658
     650
     656
     653
     677
     657
     685
     695
     721
     676
     700
     665
     690
     677
     642
     627
     654
     697
     679
     689
     613
     694
     650
     650
     657
     656
     698
     663
     703
     640
     690
     640
     661
     646
     666
     685
     672
     630
     693
     699
     691
     630
     665
     631
     683
     681
     623
     701
     681
     684
     694
     632
     654
     636
     703
     655
     680
     661
     689
     715
     698
     683
     701
     650
     702
     664
     718
     695
     748
     681
     723
     758
     681
     773
     729
     672
     726
     695
     727
     736
     761
     661
     777
     744
     738
     758
     760
     795
     821
     774
     769
     798
     750
     803
     764
     797
     808
     821
     805
     801
     832
     803
     794
     883
     852
     827
     838
     893
     887
     797
     935
     921
     978
     983
     932
     914
     948
     959
     940
    1018
    1002
    1012
     992
    1008
     978
     991
     988
     981
    1042
     959
    1010
     995
    1041
    1043
    1093
    1021
    1040
    1033
    1103
     992
    1020
    1023
    1088
    1090
    1062
    1057
    1054
    1034
    1082
    1114
    1058
    1012
    1106
    1056
    1081
     965
    1078
    1023
    1053
    1082
    1019
    1094
     957
     949
    1000
    1039
     943
     924
    1028
     990
     962
     982
    1015
    1024
     954
    1029
     992
     891
     904
     950
     980
     944
     907
     845
     915
     928
     934
     893
     939
     888
     894
     835
     866
     868
     907
     889
     869
     844
     843
     842
     845
     859
     838
     843
     833
     810
     806
     808
     816
     833
     795
     770
     807
     807
     784
     721
     789
     825
     765
     804
     764
     719
     717
     741
     763
     753
     697
     740
     723
     700
     731
     749
     728
     690
     694
     757
     685
     659
     741
     719
     710
     701
     716
     679
     703
     692
     671
     679
     681
     660
     692
     678
     667
     685
     717
     652
     690
     678
     691
     605
     689
     699
     644
     684
     684
     689
     661
     643
     671
     668
     615
     652
     635
     643
     620
     687
     624
     679
     660
     616
     677
     650
     667
     698
     646
     682
     702
     686
     618
     641
     642
     607
     653
     660
     730
     626
     676
     650
     645
     689
     651
     647
     693
     629
     685
     662
     649
     656
     645
     659
     662
     683
     648
     680
     677
     709
     646
     701
     635
     671
     624
     654
     625
     684
     642
     686
     692
     698
     688
     675
     640
     654
     677
     670
     641
     661
     666
     656
     689
     664
     679
     678
     650
     680
     598
     652
     711
     656
     647
     706
     677
     701
     693
     631
     695
     681
     643
     678
     658
     700
     674
     672
     674
     709
     643
     718
     742
     662
     685
     679
     678
     718
     699
     688
     675
     765
     734
     658
     705
     696
     681
     683
     707
     672
     701
     690
     697
     705
     738
     680
     692
     673
     685
     696
     686
     679
     735
     697
     676
     707
     723
     659
     714
     696
     668
     683
     722
     677
     703
     703
     695
     722
     695
     727
     696
     694
     749
     707
     701
     675
     721
     708
     671
     668
     705
     689
     700
     767
     678
     703
     707
     699
     718
     681
     671
     707
     706
     685
     745
     711
     734
     733
     686
     739
     682
     667
     698
     716
     733
     740
     709
     726
     743
     744
     684
     730
     704
     687
     683
     694
     713
     717
     715
     719
     684
     728
     729
     694
     681
     719
     704
     726
     742
     680
     675
     720
     757
     697
     764
     760
     754
     675
     720
     764
     748
     686
     750
     739
     687
     693
     736
     769
     738
     668
     752
     700
     747
     697
     791
     723
     650
     756
     694
     730
     737
     749
     673
     734
     725
     750
     741
     713
     712
     730
     745
     733
     750
     702
     705
     708
     798
     724
     702
     795
     735
     765
     743
     728
     726
     745
     740
     721
     746
     708
     717
     742
     784
     718
     719
     706
     693
     789
     727
     726
     744
     757
     689
     724
     660
     743
     779
     741
     718
     743
     738
     690
     782
     719
     729
     739
     744
     762
     725
     749
     777
     726
     701
     800
     755
     728
     698
     786
     737
     787
     753
     783
     761
     733
     730
     740
     776
     758
     781
     788
     775
     798
     761
     743
     743
     729
     777
     743
     770
     744
     749
     800
     757
     736
     758
     718
     711
     782
     774
     771
     756
     736
     736
     769
     738
     773
     784
     756
     713
     758
     772
     752
     750
     776
     796
     749
     734
     718
     815
     772
     774
     777
     741
     769
     764
     772
     747
     814
     813
     742
     804
     789
     751
     768
     783
     792
     778
     759
     748
     799
     744
     784
     749
     715
     795
     802
     818
     806
     761
     783
     729
     726
     774
     780
     788
     798
     820
     772
     776
     792
     772
     769
     793
     825
     838
     815
     802
     792
     864
     792
     803
     826
     845
     817
     809
     812
     797
     805
     792
     842
     791
     832
     838
     820
     812
     832
     824
     849
     832
     849
     846
     826
     797
     858
     819
     847
     831
     845
     894
     857
     850
     810
     865
     846
     902
     877
     901
     856
     895
     818
     852
     875
     871
     876
     856
     884
     872
     908
     826
     900
     931
     826
     870
     892
     859
     938
     846
     916
     890
     911
     857
     847
     869
     875
     906
     965
     985
     880
     928
     924
     891
     909
     905
     889
     821
     875
     936
     969
     944
     903
     898
     955
     922
     920
     870
     915
     924
     982
     936
     933
     899
     913
     944
     918
     974
     995
     984
     921
     934
     942
     920
     943
     927
     957
     946
     901
     968
     915
     957
     953
     906
     963
     957
     946
     962
     991
     995
     998
     987
     957
    1032
     990
     922
     989
     979
     985
     988
    1030
     942
     974
     992
     930
     963
    1046
     999
     934
     946
     977
    1036
     979
     986
    1022
     955
     996
     955
     978
     972
     917
     955
     979
    1028
     874
     985
     921
     920
     950
     955
     951
     956
     937
    1024
    1004
     952
     968
     965
     981
     992
     976
     998
     998
     952
     892
     991
     974
     952
     984
     961
     981
     937
     915
     916
     961
     964
     985
     989
     913
     984
     929
     934
     968
     959
     966
     957
     977
     935
     952
     922
     935
     939
     946
     953
     953
     989
    1005
     907
     971
     952
     898
     982
     945
     957
     960
     882
     925
     958
     935
     931
     960
     972
     875
     973
     962
     926
     990
     972
     854
     887
     929
     940
     940
     923
     896
     879
     903
     956
     954
     881
     887
     911
     989
     944
     884
     869
     901
     906
     926
     872
     886
     921
     912
     968
     872
     914
     968
     904
     871
     934
     945
     895
     893
     892
     860
     944
     880
     942
     898
     919
     901
     919
     892
     877
     889
     937
     950
     887
     902
     860
     900
     907
     890
     836
     924
     895
     911
     851
     858
     903
     902
     894
     885
     897
     850
     882
     828
     823
     909
     859
     872
     853
     884
     840
     842
     908
     847
     848
     846
     831
     847
     822
     862
     870
     842
     869
     827
     860
     835
     842
     867
     873
     858
     888
     855
     872
     832
     844
     849
     819
     856
     895
     824
     826
     846
     871
     849
     855
     799
     812
     848
     842
     896
     834
     865
     911
     843
     897
     844
     820
     895
     848
     792
     883
     766
     813
     824
     834
     854
     818
     817
     764
     853
     853
     817
     830
     784
     756
     802
     841
     859
     804
     789
     856
     810
     828
     812
     805
     844
     813
     851
     829
     796
     781
     795
     827
     790
     810
     825
     863
     858
     832
     831
     776
     789
     815
     792
     834
     830
     820
     806
     813
     820
     799
     802
     800
     811
     788
     743
     781
     790
     805
     755
     781
     775
     796
     830
     799
     786
     820
     741
     806
     758
     805
     843
     769
     760
     817
     769
     755
     775
     863
     814
     823
     827
     794
     807
     816
     798
     776
     795
     767
     791
     779
     813
     739
     809
     763
     775
     776
     783
     758
     770
     801
     804
     812
     780
     749
     784
     788
     810
     812
     784
     798
     748
     845
     785
     785
     778
     797
     792
     784
     811
     823
     808
     819
     790
     770
     797
     792
     778
     776
     812
     775
     759
     771
     740
     781
     720
     757
     804
     805
     760
     777
     763
     767
     762
     748
     759
     739
     763
     762
     723
     780
     800
     731
     775
     738
     755
     758
     757
     713
     775
     737
     753
     804
     762
     809
     754
     731
     773
     776
     774
     720
     785
     748
     800
     772
     676
     757
     778
     752
     741
     683
     783
     734
     768
     769
     754
     718
     726
     745
     774
     733
     759
     740
     736
     695
     737
     760
     774
     747
     756
     757
     771
     738
     769
     755
     743
     762
     720
     755
     766
     721
     723
     705
     751
     742
     745
     725
     707
     708
     694
     766
     723
     765
     729
     710
     758
     724
     704
     693
     787
     788
     762
     707
     702
     699
     764
     672
     685
     724
     719
     718
     714
     758
     727
     709
     715
     681
     713
     704
     662
     691
     688
     708
     729
     746
     712
     740
     755
     673
     685
     678
     721
     731
     714
     700
     696
     661
     775
     721
     705
     710
     753
     721
     753
     727
     694
     645
     686
     714
     705
     689
     708
     697
     730
     674
     701
     688
     666
     653
     690
     702
     690
     685
     702
     691
     710
     718
     670
     663
     670
     701
     709
     673
     692
     650
     703
     662
     703
     690
     712
     655
     682
     681
     635
     710
     637
     731
     696
     702
     715
     731
     646
     698
     645
     685
     702
     698
     623
     705
     691
     704
     671
     666
     672
     673
     675
     720
     646
     687
     708
     685
     703
     642
     664
     680
     655
     668
     669
     693
     629
     646
     710
     669
     718
     653
     670
     673
     667
     663
     678
     653
     678
     723
     651
     680
     701
     646
     650
     682
     709
     663
     647
     669
     661
     615
     656
     656
     664
     658
     641
     638
     658
     646
     652
     697
     676
     703
     674
     646
     660
     695
     641
     657
     648
     666
     652
     664
     677
     583
     675
     677
     647
     676
     659
     667
     609
     634
     675
     630
     682
     674
     687
     692
     649
     652
     670
     661
     624
     658
     667
     675
     713
     689
     672
     665
     623
     643
     621
     662
     647
     637
     675
     648
     658
     680
     639
     657
     650
     630
     670
     642
     619
     654
     669
     649
     651
     673
     646
     618
     647
     614
     665
     708
     633
     690
     676
     661
     628
     627
     632
     640
     719
     650
     615
     711
     647
     641
     647
     614
     655
     676
     667
     663
     654
     627
     577
     614
     662
     605
     636
     637
     652
     659
     650
     660
     630
     630
     674
     653
     683
     649
     611
     655
     645
     620
     659
     635
     651
     631
     617
     636
     650
     642
     631
     664
     685
     632
     636
     644
     636
     677
     646
     603
     623
     695
     645
     627
     610
     632
     669
     669
     640
     644
     694
     633
     639
     635
     612
     657
     624
     623
     650
     606
     662
     623
     646
     608
     648
     652
     613
     620
     673
     639
     619
     621
     613
     642
     594
     619
     641
     661
     670
     652
     573
     637
     656
     698
     629
     672
     629
     628
     650
     627
     604
     642
     642
     644
     631
     646
     648
     641
     619
     654
     618
     651
     639
     624
     652
     623
     598
     597
     596
     634
     592
     557
     612
     613
     610
     646
     603
     640
     600
     635
     668
     630
     606
     642
     591
     593
     652
     656
     643
     616
     660
     638
     620
     601
     575
     619
     627
     660
     625
     591
     598
     665
     658
     628
     578
     641
     617
     633
     659
     616
     614
     650
     659
     603
     597
     586
     624
     614
     582
     610
     628
     635
     622
     583
     592
     665
     623
     636
     610
     605
     569
     580
     649
     651
     643
     564
     623
     619
     590
     646
     625
     651
     585
     612
     593
     593
     604
     629
     632
     616
     654
     646
     629
     624
     634
     619
     666
     621
     656
     618
     631
     619
     633
     616
     643
     625
     610
     607
     574
     647
     673
     604
     604
     555
     658
     595
     618
     616
     633
     642
     604
     640
     619
     616
     623
     604
     588
     597
     632
     634
     564
     641
     589
     600
     662
     658
     632
     683
     609
     606
     613
     626
     596
     580
     620
     612
     613
     605
     570
     628
     603
     601
     569
     668
     593
     630
     573
     624
     607
     597
     638
     631
     620
     610
     575
     626
     577
     612
     607
     596
     637
     590
     625
     577
     598
     653
     645
     667
     614
     634
     599
     615
     642
     571
     650
     650
     574
     631
     596
     630
     606
     630
     600
     618
     646
     624
     620
     641
     578
     599
     635
     609
     627
     618
     620
     601
     605
     672
     633
     592
     594
     586
     647
     635
     607
     607
     629
     617
     539
     573
     622
     600
     605
     627
     605
     618
     595
     558
     623
     619
     633
     548
     601
     582
     581
     597
     628
     650
     585
     633
     559
     609
     590
     610
     601
     559
     602
     611
     612
     599
     633
     620
     652
     592
     643
     626
     612
     664
     628
     608
     575
     616
     612
     611
     565
     607
     599
     595
     604
     598
     639
     578
     584
     574
     598
     612
     590
     614
     583
     604
     608
     598
     613
     571
     638
     561
     616
     598
     635
     588
     607
     541
     602
     589
     583
     648
     594
     629
     613
     615
     574
     594
     611
     590
     593
     600
     607
     633
     638
     610
     613
     549
     641
     587
     568
     615
     602
     596
     604
     600
     637
     629
     625
     634
     592
     589
     603
     576
     621
     664
     602
     641
     588
     604
     620
     573
     594
     604
     584
     588
     626
     637
     575
     581
     617
     643
     610
     595
     613
     584
     629
     615
     580
     596
     588
     609
     599
     624
     659
     618
     633
     572
     562
     603
     611
     612
     569
     578
     584
     535
     651
     615
     591
     577
     595
     590
     654
     571
     603
     598
     563
     619
     595
     598
     653
     588
     620
     580
     639
     612
     659
     574
     566
     589
     611
     610
     623
     602
     617
     619
     642
     580
     581
     599
     588
     631
     595
     619
     558
     609
     588
     595
     626
     632
     597
     617
     573
     603
     602
     588
     588
     636
     594
     602
     641
     575
     671
     591
     570
     609
     583
     600
     587
     610
     571
     585
     617
     596
     595
     643
     650
     669
     610
     591
     634
     596
     609
     604
     631
     631
     571
     635
     572
     634
     566
     649
     591
     632
     598
     630
     558
     666
     587
     601
     605
     648
     654
     601
     620
     571
     613
     595
     604
     628
     645
     566
     642
     582
     574
     602
     593
     611
     572
     597
     598
     581
     591
     645
     618
     558
     628
     587
     619
     613
     620
     625
     584
     583
     608
     581
     591
     610
     606
     615
     597
     620
     591
     628
     575
     609
     620
     638
     608
     621
     572
     563
     632
     608
     579
     604
     579
     636
     575
     600
     584
     601
     622
     546
     613
     638
     596
     608
     635
     586
     632
     596
     558
     620
     578
     609
     587
     611
     579
     606
     615
     637
     571
     597
     611
     626
     612
     594
     568
     616
     637
     628
     591
     611
     612
     564
     593
     573
     581
     601
     564
     587
     566
     544
     599
     604
     596
     604
     589
     602
     589
     571
     594
     620
     635
     592
     597
     620
     597
     597
     584
     582
     606
     602
     648
     567
     610
     585
     610
     627
     641
     601
     578
     611
     581
     618
     612
     604
     596
     605
     586
     599
     549
     643
     581
     609
     638
     605
     628
     590
     638
     590
     568
     575
     589
     623
     587
     645
     603
     596
     599
     600
     574
     569
     610
     551
     605
     551
     583
     582
     622
     570
     623
     604
     611
     589
     602
     594
     580
     601
     571
     564
     598
     582
     570
     601
     548
     616
     571
     671
     568
     598
     588
     596
     559
     613
     599
     605
     581
     590
     567
     568
     580
     611
     596
     623
     580
     614
     589
     574
     580
     611
     638
     546
     577
     553
     573
     584
     587
     604
     588
     589
     598
     584
     548
     644
     636
     617
     576
     609
     585
     557
     608
     613
     591
     585
     666
     564
     599
     598
     605
     581
     604
     627
     596
     569
     592
     587
     578
     579
     574
     600
     567
     616
     606
     604
     607
     557
     575
     611
     586
     593
     595
     589
     583
     593
     547
     585
     543
     577
     595
     629
     597
     599
     625
     606
     607
     556
     599
     596
     564
     565
     545
     570
     628
     566
     586
     586
     582
     562
     603
     630
     576
     598
     602
     617
     565
     572
     568
     614
     568
     589
     637
     559
     612
     574
     610
     584
     560
     585
     555
     542
     601
     588
     591
     599
     629
     594
     587
     619
     584
     558
     648
     573
     578
     536
     596
     625
     612
     586
     616
     531
     566
     558
     569
     640
     575
     588
     556
     604
     620
     520
     565
     586
     581
     595
     603
     554
     589
     560
     592
     541
     606
     552
     567
     590
     607
     580
     590
     584
     577
     640
     583
     554
     634
     611
     556
     607
     621
     572
     582
     563
     560
     586
     549
     586
     558
     632
     620
     594
     570
     538
     574
     568
     611
     561
     593
     585
     604
     575
     577
     581
     560
     553
     589
     608
     566
     575
     578
     552
     586
     612
     603
     527
     621
     614
     564
     546
     592
     578
     550
     611
     589
     615
     615
     560
     578
     591
     558
     616
     575
     575
     593
     551
     581
     555
     538
     574
     575
     590
     612
     549
     554
     569
     595
     575
     591
     596
     577
     543
     624
     599
     594
     576
     571
     557
     572
     583
     574
     598
     573
     590
     595
     636
     566
     581
     560
     547
     613
     568
     570
     562
     595
     621
     621
     553
     589
     581
     593
     573
     565
     651
     555
     622
     564
     617
     613
     596
     640
     581
     594
     589
     565
     575
     572
     637
     599
     617
     576
     581
     595
     552
     557
     548
     608
     602
     589
     628
     564
     613
     586
     600
     624
     569
     601
     587
     588
     617
     591
     573
     593
     605
     585
     564
     593
     606
     563
     629
     587
     571
     616
     581
     589
     620
     574
     536
     592
     542
     585
     568
     596
     552
     579
     575
     615
     575
     573
     571
     594
     581
     569
     581
     596
     580
     604
     581
     587
     571
     566
     628
     586
     613
     576
     622
     571
     608
     579
     589
     581
     599
     551
     589
     627
     565
     580
     575
     580
     572
     589
     580
     581
     607
     590
     593
     580
     584
     577
     540
     609
     521
     608
     590
     596
     535
     605
     555
     598
     604
     563
     580
     570
     650
     620
     612
     610
     612
     596
     569
     557
     602
     550
     570
     561
     569
     574
     632
     574
     579
     591
     554
     550
     567
     623
     567
     643
     635
     595
     621
     573
     548
     578
     556
     600
     603
     593
     562
     546
     565
     652
     558
     551
     621
     570
     580
     561
     605
     599
     608
     589
     603
     559
     589
     587
     619
     572
     590
     575
     587
     538
     577
     567
     550
     614
     607
     585
     572
     558
     637
     563
     560
     613
     564
     585
     589
     601
     603
     621
     547
     590
     588
     613
     532
     611
     581
     601
     602
     567
     617
     598
     633
     596
     605
     575
     590
     611
     593
     568
     592
     548
     596
     593
     610
     588
     580
     575
     589
     545
     587
     569
     573
     598
     611
     562
     539
     596
     604
     630
     576
     623
     618
     584
     584
     615
     601
     565
     622
     597
     613
     564
     572
     564
     605
     608
     571
     566
     604
     579
     581
     587
     616
     600
     573
     579
     589
     587
     617
     613
     612
     606
     527
     586
     609
     635
     530
     586
     552
     602
     561
     591
     589
     537
     585
     555
     541
     561
     611
     541
     584
     587
     567
     601
     585
     625
     619
     600
     565
     620
     590
     556
     608
     578
     600
     580
     602
     581
     618
     546
     618
     561
     594
     598
     642
     614
     601
     613
     570
     555
     587
     598
     576
     577
     598
     579
     544
     624
     585
     573
     555
     597
     605
     577
     540
     581
     614
     589
     612
     620
     593
     544
     598
     562
     567
     582
     567
     608
     573
     603
     597
     635
     614
     578
     586
     647
     592
     608
     592
     566
     583
     600
     629
     598
     590
     589
     614
     564
     628
     600
     605
     558
     561
     637
     578
     640
     615
     596
     581
     627
     595
     594
     554
     583
     607
     600
     601
     639
     590
     588
     600
     603
     576
     596
     584
     610
     577
     601
     583
     571
     610
     594
     569
     587
     566
     594
     591
     577
     600
     612
     640
     630
     615
     608
     603
     554
     570
     553
     590
     580
     630
     620
     575
     596
     607
     576
     622
     630
     590
     605
     583
     555
     576
     550
     528
     597
     545
     623
     571
     566
     610
     585
     572
     570
     585
     610
     578
     543
     633
     629
     581
     576
     576
     589
     567
     582
     608
     595
     563
     585
     600
     590
     564
     581
     557
     579
     595
     618
     598
     620
     595
     583
     583
     595
     594
     633
     599
     562
     602
     639
     559
     611
     593
     585
     622
     602
     577
     605
     634
     569
     610
     624
     548
     612
     664
     596
     637
     568
     641
     606
     642
     626
     597
     604
     605
     622
     652
     574
     592
     594
     594
     610
     663
     618
     626
     580
     645
     588
     588
     622
     625
     615
     608
     581
     652
     601
     565
     605
     612
     588
     571
     559
     604
     594
     598
     540
     589
     601
     593
     611
     587
     541
     626
     585
     632
     614
     625
     635
     602
     612
     619
     611
     586
     578
     567
     592
     634
     555
     632
     593
     582
     602
     591
     590
     621
     599
     578
     619
     574
     568
     615
     624
     634
     612
     636
     573
     606
     613
     637
     594
     604
     605
     572
     550
     591
     584
     640
     622
     608
     568
     608
     574
     603
     628
     612
     570
     587
     565
     596
     598
     634
     631
     621
     649
     594
     571
     542
     601
     573
     610
     596
     575
     579
     559
     551
     569
     605
     563
     599
     555
     613
     622
     584
     618
     620
     616
     635
     629
     616
     619
     614
     636
     575
     603
     592
     642
     637
     595
     619
     591
     594
     652
     650
     593
     611
     570
     563
     634
     668
     587
     629
     633
     604
     621
     597
     631
     631
     612
     601
     639
     579
     618
     593
     597
     590
     581
     611
     595
     584
     626
     579
     597
     606
     583
     609
     595
     558
     651
     598
     608
     613
     612
     611
     629
     567
     615
     622
     628
     633
     618
     600
     573
     571
     592
     594
     615
     592
     666
     609
     605
     556
     596
     600
     637
     641
     578
     566
     603
     563
     622
     582
     577
     643
     624
     619
     584
     608
     601
     640
     655
     589
     626
     603
     615
     583
     602
     607
     605
     567
     618
     635
     615
     614
     596
     571
     623
     643
     622
     585
     626
     581
     637
     594
     573
     583
     663
     606
     621
     586
     620
     635
     561
     595
     611
     620
     598
     599
     615
     632
     585
     604
     593
     613
     621
     636
     681
     585
     625
     613
     615
     584
     644
     619
     641
     622
     618
     605
     630
     618
     614
     651
     619
     606
     622
     619
     595
     629
     630
     608
     646
     630
     638
     588
     613
     639
     616
     616
     630
     651
     655
     640
     632
     632
     623
     645
     583
     612
     610
     603
     621
     596
     630
     631
     581
     589
     619
     696
     626
     615
     591
     598
     610
     609
     611
     623
     619
     593
     643
     608
     674
     685
     616
     640
     627
     653
     623
     604
     628
     626
     618
     639
     630
     652
     598
     608
     657
     651
     610
     611
     614
     609
     630
     652
     653
     615
     568
     649
     629
     639
     598
     581
     646
     669
     617
     594
     642
     679
     627
     618
     600
     630
     608
     665
     677
     631
     611
     635
     627
     651
     619
     667
     652
     651
     689
     628
     638
     663
     662
     594
     620
     639
     690
     634
     680
     668
     600
     619
     630
     650
     627
     634
     648
     661
     665
     650
     635
     641
     641
     580
     578
     656
     615
     632
     609
     622
     717
     625
     665
     668
     685
     621
     615
     633
     652
     644
     626
     635
     627
     659
     632
     670
     625
     637
     626
     644
     639
     613
     659
     634
     625
     629
     624
     654
     609
     654
     624
     703
     605
     678
     671
     620
     647
     616
     651
     641
     625
     666
     627
     659
     601
     643
     683
     686
     659
     662
     612
     672
     626
     619
     641
     672
     615
     654
     633
     652
     657
     681
     603
     651
     628
     639
     655
     689
     660
     668
     699
     682
     663
     715
     694
     693
     641
     695
     609
     644
     675
     641
     703
     666
     608
     641
     618
     659
     650
     695
     661
     645
     681
     682
     621
     660
     659
     673
     702
     631
     669
     621
     658
     639
     666
     653
     659
     652
     639
     649
     632
     661
     635
     695
     655
     606
     668
     633
     666
     680
     651
     651
     668
     591
     658
     641
     670
     663
     674
     687
     629
     625
     701
     638
     651
     666
     657
     637
     634
     646
     639
     653
     679
     653
     638
     596
     639
     610
     657
     693
     633
     652
     632
     632
     652
     675
     633
     687
     618
     624
     687
     619
     635
     642
     663
     564
     648
     661
     683
     673
     621
     629
     664
     684
     647
     619
     633
     635
     633
     676
     643
     677
     690
     684
     672
     628
     624
     650
     681
     669
     670
     658
     673
     659
     671
     674
     674
     628
     667
     618
     604
     585
     667
     611
     660
     669
     654
     674
     632
     669
     683
     646
     654
     614
     654
     666
     629
     617
     628
     648
     642
     651
     646
     660
     672
     662
     665
     618
     642
     711
     700
     683
     681
     628
     669
     635
     622
     633
     644
     648
     645
     669
     607
     683
     675
     652
     616
     601
     647
     636
     651
     589
     653
     664
     657
     635
     641
     655
     670
     605
     639
     611
     627
     615
     585
     630
     644
     596
     666
     619
     655
     638
     616
     628
     594
     646
     615
     606
     636
     638
     647
     665
     641
     667
     624
     644
     597
     616
     581
     625
     622
     611
     681
     616
     617
     613
     602
     599
     636
     647
     632
     636
     616
     636
     657
     614
     632
     659
     626
     615
     633
     602
     662
     633
     624
     613
     621
     547
     630
     588
     605
     586
     606
     628
     665
     627
     562
     655
     591
     653
     582
     623
     576
     626
     544
     580
     562
     635
     562
     580
     578
     589
     567
     592
     635
     642
     626
     577
     593
     557
     600
     586
     582
     646
     620
     580
     591
     603
     611
     637
     577
     558
     567
     571
     571
     616
     559
     594
     579
     619
     601
     577
     550
     596
     599
     558
     611
     621
     585
     558
     588
     593
     587
     559
     563
     549
     562
     570
     549
     550
     542
     565
     573
     575
     550
     585
     576
     571
     552
     502
     574
     562
     581
     555
     591
     575
     521
     622
     538
     524
     591
     537
     557
     524
     554
     589
     526
     536
     538
     570
     565
     534
     586
     552
     557
     548
     560
     533
     562
     530
     525
     516
     518
     559
     570
     558
     548
     540
     553
     545
     543
     527
     504
     520
     539
     521
     509
     557
     582
     539
     556
     537
     547
     518
     539
     535
     529
     508
     525
     561
     554
     505
     488
     527
     576
     511
     532
     537
     521
     537
     490
     541
     545
     498
     520
     541
     553
     514
     509
     522
     532
     543
     563
     521
     483
     541
     532
     497
     518
     523
     488
     510
     491
     496
     510
     533
     523
     496
     527
     500
     569
     506
     517
     475
     483
     485
     496
     491
     479
     501
     484
     512
     516
     542
     513
     519
     485
     531
     511
     483
     516
     507
     481
     505
     505
     493
     502
     494
     530
     507
     472
     502
     435
     471
     549
     497
     489
     489
     475
     504
     475
     463
     517
     497
     484
     487
     473
     463
     485
     501
     520
     504
     469
     518
     429
     494
     550
     499
     478
     507
     467
     484
     474
     468
     472
     494
     490
     442
     453
     470
     473
     472
     457
     480
     520
     453
     458
     457
     490
     496
     463
     495
     477
     474
     508
     492
     457
     469
     442
     421
     466
     455
     447
     449
     475
     469
     489
     475
     429
     465
     496
     449
     440
     427
     490
     442
     459
     477
     475
     449
     409
     447
     462
     505
     448
     447
     431
     461
     458
     462
     437
     407
     497
     469
     451
     443
     475
     453
     449
     447
     445
     454
     434
     403
     406
     393
     442
     463
     442
     457
     465
     456
     444
     468
     446
     442
     448
     454
     442
     423
     426
     457
     424
     457
     441
     482
     461
     441
     449
     453
     439
     457
     440
     402
     433
     463
     456
     454
     425
     458
     440
     463
     465
     433
     430
     436
     424
     514
     450
     448
     460
     449
     445
     489
     416
     462
     443
     460
     446
     489
     473
     455
     454
     435
     430
     457
     501
     450
     436
     444
     416
     423
     436
     429
     427
     458
     423
     431
     397
     379
     400
     425
     453
     458
     439
     452
     444
     444
     461
     462
     407
     426
     451
     438
     402
     413
     399
     415
     383
     409
     400
     397
     408
     415
     407
     410
     422
     433
     420
     430
     431
     417
     417
     415
     420
     409
     435
     426
     441
     393
     430
     414
     393
     429
     387
     412
     426
     432
     453
     427
     437
     425
     415
     435
     444
     415
     435
     431
     424
     430
     434
     441
     385
     422
     429
     464
     433
     401
     441
     424
     442
     465
     444
     453
     423
     398
     416
     376
     410
     404
     414
     396
     403
     413
     404
     397
     430
     447
     418
     394
     425
     387
     379
     449
     417
     406
     378
     429
     425
     427
     444
     437
     419
     409
     462
     423
     397
     425
     421
     423
     405
     404
     438
     423
     428
     409
     428
     410
     424
     420
     429
     385
     431
     420
     384
     421
     397
     420
     409
     408
     431
     442
     437
     417
     405
     372
     402
     402
     419
     436
     363
     421
     390
     401
     400
     420
     366
     411
     385
     382
     407
     407
     401
     421
     427
     395
     380
     395
     429
     399
     390
     404
     392
     391
     399
     383
     433
     381
     384
     367
     374
     402
     399
     395
     382
     399
     367
     385
     379
     399
     364
     397
     388
     388
     365
     391
     366
     395
     428
     394
     392
     399
     361
     386
     415
     405
     395
     433
     393
     364
     370
     373
     394
     381
     381
     391
     397
     401
     380
     366
     387
     387
     385
     389
     394
     403
     385
     380
     359
     395
     387
     343
     356
     366
     368
     376
     389
     413
     371
     342
     367
     357
     383
     368
     366
     345
     367
     358
     340
     339
     331
     353
     364
     355
     355
     376
     352
     359
     383
     358
     371
     398
     357
     377
     342
     367
     377
     362
     356
     350
     358
     369
     337
     357
     369
     337
     359
     331
     370
     372
     325
     376
     317
     328
     343
     367
     348
     347
     354
     362
     315
     364
     344
     334
     360
     338
     312
     323
     372
     344
     314
     339
     318
     409
     357
     355
     345
     325
     362
     325
     335
     349
     345
     340
     349
     337
     358
     368
     316
     322
     344
     350
     354
     357
     347
     342
     367
     335
     318
     352
     351
     372
     328
     340
     347
     339
     329
     344
     338
     336
     373
     358
     323
     319
     334
     331
     344
     347
     370
     317
     337
     346
     369
     326
     310
     335
     324
     357
     365
     333
     331
     346
     312
     368
     350
     330
     354
     346
     338
     320
     356
     325
     307
     341
     342
     336
     356
     350
     326
     352
     320
     346
     352
     348
     368
     336
     359
     336
     355
     327
     354
     374
     320
     364
     360
     341
     363
     338
     371
     350
     322
     349
     334
     357
     344
     379
     345
     373
     354
     334
     356
     342
     331
     341
     393
     331
     386
     325
     334
     354
     351
     347
     366
     330
     357
     350
     351
     370
     378
     330
     346
     377
     361
     338
     352
     410
     357
     328
     349
     364
     389
     353
     389
     356
     372
     387
     372
     360
     369
     374
     348
     377
     388
     332
     374
     382
     406
     373
     432
     393
     377
     405
     388
     386
     425
     393
     433
     394
     392
     400
     409
     343
     368
     356
     416
     427
     386
     392
     409
     423
     432
     396
     372
     381
     411
     406
     406
     432
     442
     400
     446
     448
     445
     437
     456
     405
     434
     437
     447
     459
     448
     454
     428
     435
     450
     487
     440
     463
     454
     451
     485
     450
     479
     451
     486
     465
     458
     407
     451
     458
     463
     456
     455
     429
     444
     484
     463
     524
     477
     525
     470
     478
     458
     475
     498
     485
     505
     461
     533
     497
     505
     500
     509
     552
     511
     479
     514
     497
     512
     508
     566
     554
     558
     549
     540
     553
     576
     517
     540
     548
     593
     518
     523
     578
     559
     548
     575
     566
     621
     561
     572
     614
     550
     589
     601
     579
     602
     578
     574
     589
     603
     628
     608
     606
     599
     588
     591
     580
     643
     609
     624
     634
     641
     628
     612
     662
     629
     621
     623
     670
     664
     652
     623
     640
     649
     714
     657
     675
     702
     660
     628
     652
     636
     677
     649
     654
     686
     663
     678
     668
     660
     642
     684
     711
     741
     662
     694
     692
     680
     740
     712
     748
     725
     722
     745
     689
     714
     695
     699
     757
     784
     688
     705
     714
     769
     677
     746
     729
     728
     669
     722
     707
     727
     722
     742
     763
     725
     808
     765
     756
     750
     744
     696
     767
     754
     784
     740
     757
     803
     787
     793
     797
     763
     788
     774
     780
     800
     753
     787
     804
     759
     783
     723
     754
     801
     798
     751
     792
     752
     808
     799
     780
     813
     813
     804
     821
     782
     817
     797
     817
     800
     779
     888
     798
     784
     794
     806
     793
     865
     756
     791
     801
     854
     770
     813
     731
     827
     744
     783
     848
     837
     804
     800
     782
     807
     804
     833
     858
     846
     775
     861
     815
     824
     789
     807
     764
     852
     810
     767
     814
     843
     835
     804
     816
     799
     821
     808
     811
     803
     817
     793
     841
     782
     842
     822
     804
     788
     856
     778
     817
     786
     775
     798
     807
     820
     792
     780
     822
     825
     794
     813
     828
     786
     862
     774
     779
     831
     830
     783
     781
     810
     805
     741
     799
     789
     774
     817
     722
     775
     844
     811
     754
     784
     722
     739
     789
     762
     769
     779
     748
     764
     749
     709
     778
     768
     789
     741
     781
     740
     764
     780
     727
     783
     740
     753
     778
     708
     714
     701
     731
     712
     725
     705
     737
     693
     718
     692
     717
     702
     748
     730
     682
     685
     732
     668
     701
     671
     686
     677
     666
     700
     698
     657
     678
     698
     731
     642
     657
     609
     636
     667
     651
     652
     685
     663
     594
     623
     733
     642
     602
     639
     591
     623
     593
     636
     629
     599
     620
     638
     617
     586
     586
     613
     568
     573
     560
     612
     596
     573
     600
     586
     586
     566
     569
     581
     608
     514
     579
     587
     580
     582
     602
     540
     577
     570
     570
     501
     565
     519
     529
     559
     572
     535
     515
     542
     523
     508
     496
     530
     540
     511
     534
     483
     467
     439
     494
     485
     506
     473
     478
     481
     474
     438
     455
     438
     477
     429
     476
     456
     471
     433
     440
     463
     427
     407
     434
     419
     438
     484
     469
     473
     422
     400
     415
     412
     445
     411
     381
     428
     432
     441
     397
     388
     405
     417
     411
     414
     402
     376
     390
     356
     378
     387
     383
     368
     367
     359
     382
     349
     414
     330
     370
     305
     355
     339
     343
     317
     315
     348
     361
     330
     363
     327
     342
     339
     333
     353
     311
     323
     346
     327
     347
     310
     295
     318
     302
     334
     346
     357
     298
     364
     316
     286
     304
     286
     309
     326
     314
     284
     291
     308
     306
     306
     286
     315
     305
     298
     260
     278
     271
     288
     273
     275
     297
     260
     247
     282
     265
     269
     274
     282
     277
     283
     278
     261
     260
     244
     289
     279
     238
     267
     254
     256
     272
     267
     268
     284
     203
     221
     255
     256
     235
     241
     252
     244
     198
     242
     236
     210
     223
     231
     231
     225
     244
     248
     255
     240
     249
     243
     264
     248
     239
     239
     244
     220
     270
     255
     232
     258
     240
     230
     245
     253
     257
     238
     263
     235
     270
     241
     224
     243
     235
     219
     224
     246
     239
     251
     259
     225
     254
     247
     230
     239
     254
     249
     242
     238
     236
     247
     230
     247
     229
     259
     244
     230
     255
     290
     258
     245
     246
     240
     258
     235
     255
     237
     269
     256
     262
     261
     234
     248
     248
     250
     247
     277
     260
     292
     279
     264
     297
     298
     285
     235
     293
     291
     274
     288
     264
     246
     271
     229
     285
     233
     301
     243
     312
     286
     314
     277
     253
     285
     277
     274
     305
     259
     278
     300
     276
     297
     316
     272
     305
     282
     305
     282
     283
     306
     264
     304
     301
     314
     298
     298
     319
     318
     296
     310
     317
     316
     313
     299
     334
     302
     354
     286
     343
     317
     370
     354
     311
     350
     305
     343
     322
     339
     317
     340
     376
     365
     381
     359
     362
     362
     337
     341
     381
     358
     350
     384
     382
     367
     376
     364
     385
     396
     360
     427
     390
     394
     399
     404
     429
     383
     397
     410
     387
     394
     431
     409
     384
     423
     402
     387
     417
     405
     408
     412
     425
     429
     402
     438
     433
     432
     433
     435
     429
     473
     446
     469
     422
     458
     437
     431
     448
     484
     475
     476
     472
     498
     426
     433
     474
     519
     474
     497
     503
     434
     489
     473
     463
     473
     473
     466
     470
     505
     475
     474
     480
     502
     472
     508
     511
     499
     508
     526
     555
     528
     545
     521
     460
     490
     505
     468
     510
     522
     569
     534
     539
     513
     562
     510
     540
     527
     544
     507
     529
     514
     577
     495
     556
     532
     521
     566
     569
     567
     562
     514
     565
     547
     548
     558
     513
     579
     586
     543
     550
     535
     556
     561
     523
     566
     549
     592
     598
     590
     534
     599
     597
     539
     560
     570
     568
     585
     558
     583
     577
     575
     576
     587
     586
     654
     561
     588
     592
     564
     611
     597
     637
     606
     613
     636
     613
     563
     595
     611
     582
     621
     624
     673
     598
     583
     621
     620
     657
     612
     615
     612
     618
     609
     651
     637
     609
     610
     616
     588
     590
     630
     626
     621
     614
     605
     576
     631
     630
     622
     613
     568
     641
     626
     582
     620
     617
     627
     646
     612
     556
     612
     631
     638
     582
     576
     599
     580
     620
     594
     617
     602
     618
     573
     619
     574
     601
     625
     607
     603
     636
     563
     562
     598
     646
     598
     631
     601
     609
     595
     581
     607
     614
     585
     578
     604
     642
     585
     564
     625
     554
     613
     597
     590
     573
     564
     607
     587
     613
     608
     550
     541
     608
     570
     608
     584
     589
     551
     593
     604
     602
     531
     600
     581
     610
     597
     560
     580
     555
     592
     556
     520
     536
     578
     543
     606
     553
     590
     519
     542
     579
     523
     541
     550
     524
     592
     545
     544
     518
     572
     537
     478
     572
     554
     529
     525
     520
     543
     521
     508
     501
     503
     527
     526
     548
     466
     504
     552
     538
     476
     489
     527
     501
     501
     460
     470
     469
     487
     483
     491
     491
     471
     454
     455
     488
     501
     436
     483
     433
     498
     438
     455
     469
     473
     438
     480
     450
     429
     463
     456
     436
     408
     411
     430
     426
     429
     447
     441
     408
     402
     429
     438
     406
     418
     425
     408
     406
     403
     406
     431
     390
     408
     392
     418
     383
     404
     380
     402
     346
     400
     416
     362
     383
     385
     383
     392
     359
     400
     385
     341
     375
     352
     367
     359
     379
     336
     354
     353
     325
     345
     356
     325
     370
     359
     325
     292
     345
     304
     327
     315
     325
     347
     352
     322
     288
     300
     298
     314
     319
     300
     297
     292
     332
     284
     289
     298
     293
     289
     293
     280
     320
     274
     288
     254
     273
     269
     274
     277
     258
     273
     253
     286
     268
     253
     260
     272
     247
     241
     247
     248
     244
     236
     248
     213
     245
     222
     225
     235
     216
     229
     231
     227
     243
     251
     205
     229
     197
     211
     233
     230
     214
     209
     215
     225
     200
     225
     195
     197
     193
     194
     221
     231
     203
     186
     173
     191
     186
     166
     199
     205
     153
     164
     170
     186
     182
     182
     171
     145
     180
     168
     172
     178
     174
     154
     154
     156
     156
     159
     166
     155
     177
     164
     142
     166
     151
     151
     155
     156
     124
     162
     142
     165
     143
     135
     136
     146
     140
     124
     156
     134
     138
     128
     118
     132
     133
     143
     160
     131
     124
     113
     120
     136
     124
     127
     107
     124
     106
     118
     107
     114
     104
     110
     105
     107
     118
     106
     109
     114
     110
     108
      92
     110
      90
     104
     104
      83
      89
     113
      87
     109
      84
     102
      84
      83
      69
      94
      84
      80
      75
      98
      81
      82
      74
      94
      86
     105
      82
      78
      89
      92
      97
      91
      76
      69
      72
      71
      67
      65
      77
      80
      67
      72
      72
      57
      78
      64
      73
      63
      75
      68
      62
      71
      49
      61
      72
      52
      70
      70
      60
      62
      55
      51
      68
      63
      56
      66
      64
      53
      66
      57
      50
      61
      51
      54
      57
      49
      64
      56
      47
      54
      49
      44
      48
      62
      62
      52
      48
      49
      44
      46
      45
      35
      54
      54
      56
      46
      44
      51
      36
      47
      46
      42
      45
      38
      38
      46
      45
      39
      41
      42
      35
      36
      34
      49
      42
      30
      19
      41
      33
      39
      41
      39
      36
      44
      31
      47
      42
      40
      34
      34
      31
      44
      37
      30
      31
      28
      37
      32
      33
      41
      42
      30
      30
      26
      35
      36
      40
      28
      34
      42
      36
      38
      26
      30
      31
      33
      36
      32
      30
      33
      41
      31
      26
      30
      25
      34
      23
      26
      21
      38
      28
      22
      29
      36
      36
      27
      19
      26
      20
      34
      29
      28
      35
      30
      26
      29
      28
      26
      29
      26
      31
      23
      21
      30
      23
      30
      28
      24
      26
      24
      34
      23
      29
      21
      32
      21
      31
      28
      30
      26
      23
      17
      27
      28
      30
      31
      20
      25
      25
      27
      24
      19
      18
      26
      19
      19
      33
      27
      21
      23
      19
      17
      20
      16
      25
      25
      24
      11
      31
      16
      32
      15
      22
      22
      30
      27
      20
      19
      23
      22
      13
      24
      22
      18
      24
      15
      25
      24
      21
      28
      26
      26
      17
      25
      22
      18
      17
      28
      37
      19
      22
      13
      16
      25
      25
      30
      19
      21
      17
      18
      16
      21
      21
      18
      23
      21
      15
      20
      21
      16
      16
      23
      14
      14
      30
      17
      17
      20
      15
      14
      15
      20
      24
      20
      20
      22
      22
      19
      15
      20
      17
      23
      32
      17
      20
      19
      13
      20
      19
      19
      17
      11
      22
      23
      23
      10
      24
      20
      15
      13
      19
      27
      15
      17
      18
      16
      19
      13
      20
      19
      21
      17
      17
      11
      14
      14
      22
      20
      16
      21
      23
      18
      25
      18
      23
      19
      21
      14
      19
      22
       8
      16
      18
      16
      13
      20
      19
      24
      16
       9
      15
      13
      17
      16
      25
      19
      17
      17
      16
      11
      13
      14
      15
      21
      16
      17
      18
      16
      18
      14
      19
      24
      21
      18
      11
      20
      14
      21
      17
      19
      18
      15
      25
      21
      16
       9
      27
      20
      19
      22
      19
      19
      14
      17
      17
      20
      16
      21
      36
      16
      17
      11
      10
      14
      16
      12
      19
      14
      24
      17
      17
      18
      20
      21
      20
      15
      19
      18
      13
      14
      10
      15
      11
      13
      10
      23
      10
      16
      17
      23
      17
      23
      23
       8
      22
      16
      18
      13
      14
      20
      21
      11
      25
      14
      20
      12
      10
      17
      16
      15
      10
      13
      19
      14
       8
      16
      22
      16
      18
      14
      16
      13
      17
      19
      21
      13
      18
      21
      23
      23
      17
      16
      18
      19
      15
      16
       8
      21
      21
       9
      22
      16
      15
      15
      14
      15
      21
      14
      17
      12
      13
       7
      12
      13
      25
      12
      14
      14
      16
      18
      18
      23
      17
      15
      14
      12
      13
      10
      16
      17
      13
      14
      15
      15
      14
      11
      13
      18
      23
      16
      18
      16
      19
      17
      12
      16
      10
      20
      15
      18
      21
      14
      17
      14
      17
      17
      15
      11
       9
      17
      15
      26
      12
      15
      12
       8
      14
      20
      12
      16
      12
      20
      14
      16
      16
      12
      15
      11
      17
      16
      15
       9
      10
      15
      13
      17
      13
      13
      18
      21
      15
      24
      21
      15
      17
      14
      18
      20
      13
      18
      16
      14
      20
      15
      15
      15
      13
      16
      21
      25
      17
      12
       9
      16
      27
      20
      16
      15
      15
      19
      17
      14
      17
      17
      17
      17
      19
      16
      12
      17
       8
      21
      13
       6
      12
      13
      15
      20
      14
       8
      16
      13
      10
      18
      16
      11
      10
      17
      10
      12
      17
      14
      11
      17
      19
      19
      14
      10
      19
       7
      20
      18
      19
      13
      15
      10
      19
      14
      13
       8
      17
       7
      11
      15
      13
      20
      11
      18
      15
      18
      19
      13
      17
      13
      11
      14
      14
      11
      22
      12
      11
      11
      19
      13
       8
      13
      16
      16
      17
      16
       9
      15
      22
      14
      12
      11
      14
      20
      16
      10
      16
      14
      17
      15
      13
      15
      14
      22
      16
      19
      14
      16
      15
      12
      13
      11
      11
      13
      15
      17
      14
      17
      17
      11
       7
      12
       8
      15
      16
      13
      12
      18
      10
      14
       7
      26
      13
      22
      10
      16
      23
      12
      14
      13
       9
      13
      15
      22
      18
      11
      16
      13
      24
      17
      24
      14
      12
      11
       8
      18
      17
      26
      16
      13
      15
      18
      18
      16
      10
      15
      23
      13
      21
       8
      15
      19
      13
      12
      16
      17
      16
      17
      18
      21
      18
      15
      12
      14
      14
      16
      12
      14
      12
      13
      19
      14
      11
      28
      10
      14
      18
      21
      14
      15
      11
      13
      20
       6
      13
      15
      23
      12
      12
      12
      13
      14
      19
      16
      10
      13
      18
      11
      17
      12
      20
      15
      12
      12
      15
      12
      19
      23
      12
       9
      10
      21
      10
       6
      12
      11
      11
      12
      13
       7
      22
      16
      12
      17
      12
      11
      13
      13
      12
      18
      14
      11
      14
      11
       7
      17
      15
      13
       7
      14
      11
      15
      18
      14
      17
      19
      10
      11
      18
       7
      13
      15
      10
      16
       9
      13
      12
      13
      13
      18
      13
      11
      13
      17
      11
      16
      18
      11
      13
      16
      15
      23
       9
      19
       8
      12
      16
      15
      11
      10
      10
      13
      14
      15
      17
       9
      10
      11
      18
      17
       8
      12
      10
      11
      12
       6
       9
      13
      14
      10
      16
      11
      13
      13
       8
      12
      18
      14
      18
      15
      12
      17
      16
      18
      13
      20
      10
      10
      14
      11
      17
       6
      10
      16
      11
      12
      11
      10
      10
      16
       6
      13
      20
      10
      16
       7
      18
       8
       7
      11
       6
      12
      18
      22
      15
      12
      10
      10
      16
      12
      12
      12
      13
      19
      14
       6
      16
      10
      19
      13
       9
      17
       9
      12
      15
       9
      10
      14
       6
       7
      15
      10
       9
       7
      19
      13
      10
      13
       9
      10
      15
      11
      14
      11
      12
      14
      10
      23
      12
      13
       8
      10
      14
      10
       8
      14
       9
      12
      11
      11
      15
      12
      10
       9
      14
      12
      17
      11
      18
      10
      11
      18
      16
      18
      13
       9
       7
      11
       8
      12
      19
      14
      11
      14
       8
      11
      11
      11
       3
      11
      10
      10
      16
      13
      11
      15
      13
      17
       9
      17
       6
       9
       4
      11
       9
      11
       9
      12
      13
      12
      14
      11
      12
      18
      14
       5
      19
      20
      15
       8
      10
       6
       7
      11
      16
       8
       7
      12
      11
       9
       9
      12
      16
      13
      17
      12
      16
      14
      14
      19
       5
      16
       9
       9
      13
       5
       8
       5
       9
       8
      14
      20
      10
      10
      13
      17
       7
      17
      10
      10
      12
      17
      16
      10
       8
      14
       7
      10
      18
      15
       8
      10
      13
      15
      10
      11
      13
       6
      17
       9
      10
      11
      17
      14
      15
       8
       8
       9
      16
       5
      10
      10
      17
       7
      10
      13
      13
      12
      20
      17
      10
      10
       8
       7
      15
      12
      11
      15
      11
      12
       7
      11
       9
       7
      10
      14
       8
      10
      15
      16
      14
      15
      15
       8
      12
      12
      12
      11
      10
      13
      13
      17
      10
      13
       6
      13
      11
      12
      11
      11
      13
      14
       9
      17
       7
      22
      12
       4
      12
      14
      14
      10
      12
      10
       8
      11
      11
      11
       8
      14
       8
      16
      12
      14
       9
      15
       5
       6
      12
      11
       6
       4
       9
      17
      12
       8
      10
      12
      12
      12
      12
      10
      12
       4
      14
       5
      15
      13
      11
      15
      10
       8
       2
       9
       6
      12
      11
      19
      12
      15
      14
       8
       8
       8
      16
       9
       7
      14
       8
      11
       9
       9
      13
      10
      13
      15
      14
       8
      11
       5
      11
       9
      15
      13
       6
       4
       9
       6
      10
      12
       5
       8
       8
       8
       5
      15
      13
      14
      11
      10
       8
       9
      11
       9
      11
      10
      12
      13
       9
      13
       7
       7
       8
      10
       7
      11
       8
      16
       7
      11
      14
      11
      10
       8
       8
      19
      10
      11
       5
      12
      11
      10
       8
       7
       9
      14
      14
      10
       8
      10
      16
      13
       8
      11
       9
       6
       8
       9
       9
      13
      11
       4
      14
       6
       4
      11
      12
       5
      13
      10
      10
       9
      14
      10
      11
      15
       8
      13
      11
      12
      12
      14
       7
      15
       9
      13
      12
      12
      10
      11
      12
      10
       3
       8
      13
       8
      10
      13
       7
      14
      12
      17
      11
       8
      16
       9
       8
      17
      14
       2
      10
       8
      11
      11
      12
      11
      23
      12
      10
      12
       9
      11
      11
       8
       4
      13
      10
      10
      13
       7
      14
      13
       6
      11
       5
      13
       8
       7
      13
      12
      11
       9
      17
      13
       7
       9
       6
      17
      15
       7
      13
       9
      14
       6
       9
      10
       5
       5
      11
      13
       9
       8
      11
      10
      11
      10
      11
      15
      10
      13
       8
       7
       7
      10
       9
      15
       9
      10
      15
       9
       7
      10
       8
      13
      15
       9
       8
      15
       8
       7
      13
      13
      10
       8
      11
      10
       9
      13
       8
      17
      11
      10
      12
      12
      12
       7
       9
      11
       9
      10
       6
      18
       8
       5
      11
      10
      12
      12
      11
       9
      14
       6
      11
       9
       6
       8
       9
       7
      10
      10
       7
       6
       8
       6
      11
       8
      14
       9
       6
       7
      12
       6
      12
       5
       9
      16
      14
      11
      11
      13
      14
      11
       8
      11
       8
       8
      13
       9
       9
       7
      12
       9
       8
      20
       7
       8
      16
       3
      18
       7
      17
      15
      10
      12
      11
      12
      14
       9
      10
       7
       5
      11
      14
       6
       3
       6
       8
       9
      10
       8
      13
      15
      10
       8
      12
      11
       5
       9
      12
      12
      10
       8
       5
      16
      10
       7
      12
       9
       7
       9
      11
       7
       7
       9
       9
      10
       9
       9
       8
      11
       4
       6
      13
       9
       8
      11
       9
       2
       7
       9
      11
      12
       6
      10
      11
       6
      10
       6
       7
       7
       7
      10
       8
      10
       8
       5
      10
       8
       5
      10
      11
       8
       9
       9
      17
      10
      13
       8
      14
       8
      11
       5
       3
       9
       7
       9
      10
      11
       8
       9
       9
      12
       7
       8
      11
      12
       8
      16
       9
       6
       9
       7
      13
      13
       8
      17
       9
      11
       9
       8
       9
      13
      13
      11
       8
       4
       8
       8
       8
      16
       7
      11
      10
       8
       7
      13
       8
       7
       8
      10
       7
       8
      11
      10
       8
       6
       7
       9
       3
       3
      11
       5
      10
       7
      12
       7
      10
      10
      10
       6
       9
       5
       8
      13
       9
      14
       8
       8
      12
       8
      10
      13
      10
      11
       7
       7
       7
       4
      14
       8
      10
       5
       5
       6
       7
       7
       5
       5
       6
       7
      13
       7
      15
       6
       5
       9
       7
       5
       6
       6
      11
       5
       3
       3
       3
       3
       3
       5
       1
       2
       5
      10
       3
       1
       4
       3
       3
       1
       2
       3
       2
       4
       2
       3
       3
       0
       1
       4
       2
       1
       5
       1
       2
       5
       2
       3
       4
       1
       1
       0
       2
       2
       0
       1
       1
       1
       0
       1
       0
       0
       1
       1
       3
       2
       0
       1
       1
       2
       0
       2
       0
       1
       0
       1
       1
       2
       0
       1
       0
       0
       0
       0
       1
       0
       0
       0
       0
       0
       1
       0
       0
       0
       0
       0
       1
       1
       0
       0
       0
       0
       1
       0
       0
       0
       0
       0
       0
       0
       0
       0
       0
       0
       0
       0
       0
       0
       0
       0
       0
       0
       0
       0
       0
       0
       0
       0
       0
       0
       0
       0
       0
       0
       0
       0
       0
       0
       0
       0
       0
       0
       0
       0
       0
       0
       0
       0
       0
       0
       0
       0
       0
       0
       0
       0
       0
       0
       0
       0
       0
       0
       0
       0
       0
       0
       0
       0
       0
       0
       0
       0
       0
       0
       0
       0
       0
       0
       0
       0
       0
       0
       0
       0
       0
       0
       0
       0
       0
       0
       0
       0
       0
       0
       0
       0
       0
       0
       0
       0
       0
       0
       0
       0
       0
       0
       0
       0
       0
       0
       0
       0
       0
       0
       0
       0
       0
       0
       0
       0
       0
       0
       0
       0
       0
       0
       0
       0
       0
       0
       0
       0
       0
       0
       0
       0
       0
       0
       0
       0
       0
       0
       0
       0
       0
       0
       0
       0
       0
       0
       0
       0
       0
       0
       0
       0
       0
       0
       0
       0
       0
       0
       0
       0
       0
       0
       0
       0
       0
       0
       0
       0
       0
       0
       0
       0
       0
       0
       0
       0
       0
$ROI:
1
5540 6134
$PRESETS:
Live Time
180
0
$ENER_FIT:
0.000000 0.227554
$MCA_CAL:
3
0.000000E+000 2.275539E-001 0.000000E+000 keV
$SHAPE_CAL:
3
3.368824E+002 0.000000E+000 0.000000E+000
