$SPEC_ID:
No sample description was entered.
$SPEC_REM:
DET# 3
DETDESC# FP-GAMMA2 MCB 129
AP# Maestro Version 7.01
$DATE_MEA:
12/04/2013 12:27:15
$MEAS_TIM:
158 180
$DATA:
0 8191
       0
       0
       0
       0
       0
       0
       0
       0
       2
       2
       1
       7
       4
       7
       4
       2
       3
       3
       5
       3
       9
       5
      11
       6
       6
      11
      15
       7
       5
      12
      14
      13
      18
      16
      15
      16
      18
      16
      20
      21
      26
      15
      22
      29
      26
      24
      28
      27
      21
      28
      20
      33
      31
      67
     132
     274
     170
     141
     125
     135
     228
     949
    2256
    2282
    2030
    1918
    1658
    1434
    1330
    1240
    1227
    1079
     992
     918
     827
     782
     815
     789
     735
     723
     633
     675
     652
     639
     678
     625
     602
     614
     580
     597
     607
     549
     548
     520
     553
     516
     557
     570
     536
     571
     615
     538
     612
     588
     560
     563
     561
     548
     577
     561
     583
     593
     563
     565
     598
     518
     575
     556
     561
     580
     541
     560
     587
     589
     550
     554
     586
     549
     564
     564
     554
     590
     610
     526
     591
     567
     588
     579
     574
     589
     608
     548
     621
     612
     597
     591
     585
     609
     553
     575
     609
     570
     598
     625
     582
     622
     569
     597
     575
     611
     616
     619
     606
     602
     573
     604
     587
     554
     576
     562
     611
     588
     599
     600
     596
     604
     628
     626
     630
     623
     577
     658
     588
     615
     591
     567
     619
     623
     620
     619
     600
     612
     616
     612
     655
     640
     616
     630
     584
     606
     597
     632
     584
     639
     632
     585
     542
     611
     617
     611
     650
     649
     594
     669
     658
     636
     659
     682
     641
     638
     609
     667
     672
     626
     626
     696
     647
     632
     669
     662
     646
     674
     631
     684
     656
     668
     658
     659
     643
     614
     682
     658
     658
     649
     644
     686
     652
     598
     617
     663
     646
     684
     631
     637
     666
     693
     660
     616
     629
     653
     621
     639
     625
     646
     643
     663
     652
     643
     627
     673
     659
     643
     595
     604
     610
     645
     649
     693
     690
     634
     633
     666
     626
     653
     622
     647
     607
     665
     630
     676
     656
     685
     662
     639
     685
     637
     640
     719
     651
     666
     645
     628
     694
     677
     712
     728
     732
     703
     654
     732
     634
     673
     644
     706
     689
     692
     730
     737
     725
     699
     743
     698
     713
     724
     703
     753
     737
     700
     695
     751
     722
     729
     747
     760
     723
     738
     744
     800
     750
     812
     741
     829
     872
     856
     826
     805
     771
     874
     839
     831
     898
     850
     879
     879
     879
     877
     889
     902
     924
     971
     905
    1015
     883
    1004
    1011
     940
     963
     941
     997
     968
    1054
    1002
     973
    1017
    1029
    1036
    1048
     997
    1049
     963
    1008
    1067
    1047
    1035
    1026
    1020
    1074
    1063
    1031
    1059
    1032
    1002
     977
     988
    1016
    1046
    1032
    1036
     991
     999
    1000
     999
     967
    1046
    1005
    1011
     986
     982
     988
     941
     971
     952
     952
    1013
     986
     932
     920
     927
     891
     901
     971
     879
     881
     868
     932
     927
     868
     891
     895
     881
     860
     922
     874
     887
     851
     823
     876
     866
     811
     853
     817
     836
     802
     764
     819
     777
     806
     795
     769
     788
     759
     775
     820
     741
     712
     789
     777
     731
     748
     782
     774
     721
     762
     773
     762
     727
     737
     709
     777
     751
     677
     711
     713
     683
     707
     691
     692
     664
     662
     683
     679
     701
     705
     644
     685
     673
     653
     688
     664
     688
     678
     689
     621
     674
     709
     647
     643
     665
     664
     651
     666
     661
     623
     618
     643
     667
     671
     659
     657
     651
     629
     635
     695
     656
     645
     651
     668
     658
     676
     669
     610
     673
     610
     614
     642
     647
     627
     615
     629
     650
     648
     621
     632
     633
     694
     695
     655
     590
     650
     680
     665
     712
     662
     637
     684
     682
     648
     671
     644
     608
     601
     619
     620
     641
     668
     679
     642
     669
     662
     648
     641
     614
     684
     667
     678
     645
     631
     684
     674
     665
     716
     668
     696
     636
     663
     663
     653
     623
     688
     633
     698
     672
     679
     668
     689
     672
     696
     662
     665
     673
     700
     678
     663
     697
     708
     635
     691
     718
     661
     668
     703
     675
     681
     665
     629
     661
     713
     680
     741
     692
     675
     646
     643
     715
     665
     720
     666
     702
     724
     678
     714
     661
     686
     663
     696
     627
     687
     679
     690
     735
     687
     711
     703
     690
     690
     667
     728
     738
     702
     691
     674
     726
     709
     719
     697
     663
     711
     650
     746
     720
     694
     706
     663
     685
     721
     710
     704
     762
     682
     716
     710
     688
     713
     769
     699
     711
     683
     660
     729
     677
     691
     680
     732
     669
     667
     699
     711
     717
     707
     753
     722
     741
     664
     710
     694
     715
     700
     714
     692
     711
     749
     731
     740
     708
     780
     687
     705
     715
     714
     713
     700
     693
     698
     689
     653
     732
     737
     758
     718
     756
     742
     704
     721
     682
     751
     674
     657
     695
     701
     696
     689
     679
     750
     736
     711
     724
     690
     737
     691
     673
     745
     719
     711
     744
     734
     726
     729
     713
     764
     734
     741
     760
     727
     717
     693
     717
     678
     687
     711
     738
     705
     764
     701
     751
     755
     720
     738
     747
     697
     734
     767
     749
     752
     737
     738
     741
     711
     729
     693
     718
     757
     735
     721
     732
     750
     723
     736
     703
     696
     709
     731
     726
     712
     683
     749
     749
     741
     738
     764
     693
     802
     721
     770
     735
     702
     782
     771
     726
     728
     709
     688
     779
     807
     736
     728
     745
     797
     702
     736
     756
     748
     727
     736
     780
     730
     751
     709
     728
     693
     730
     769
     728
     715
     704
     714
     721
     737
     749
     737
     744
     748
     732
     718
     726
     729
     757
     739
     722
     778
     737
     777
     781
     769
     723
     766
     757
     695
     747
     765
     725
     799
     738
     782
     716
     736
     766
     814
     728
     733
     785
     754
     721
     785
     783
     783
     741
     770
     748
     753
     730
     761
     813
     723
     768
     818
     755
     780
     775
     709
     768
     795
     752
     784
     796
     756
     811
     762
     808
     800
     784
     753
     805
     784
     786
     754
     772
     749
     805
     788
     769
     815
     761
     777
     747
     787
     789
     801
     780
     777
     829
     738
     810
     788
     750
     798
     825
     776
     775
     852
     788
     757
     770
     786
     790
     795
     787
     830
     788
     769
     772
     798
     818
     827
     812
     851
     792
     789
     824
     838
     812
     808
     844
     842
     814
     831
     842
     857
     835
     863
     837
     803
     855
     773
     869
     855
     821
     828
     793
     847
     922
     856
     808
     857
     892
     889
     784
     843
     864
     861
     936
     879
     879
     882
     891
     919
     875
     895
     843
     840
     904
     877
     886
     865
     861
     923
     896
     834
     926
     846
     918
     906
     876
     840
     925
     878
     868
     915
     904
     880
     962
     946
     877
     910
     923
     894
     881
     871
     857
     922
     908
     900
     948
     877
     926
     938
     934
     946
     927
     961
     936
     960
     925
     946
     938
     968
     925
     925
     916
     961
     977
     889
     953
     977
     936
     985
    1009
     968
     941
     902
     961
     935
     955
     964
     958
     930
     981
     951
     887
     953
     926
     954
     929
     914
     972
    1022
     921
     953
     956
     926
     931
     977
     962
     989
     942
     916
     897
     934
     970
     990
     923
     924
     941
     925
     922
     916
     929
     981
     938
     921
     991
     975
     923
     934
     917
     953
     902
     941
     922
     964
     920
     953
     962
     920
     913
     878
     916
     957
     918
     950
     919
     897
     886
     937
     966
     935
     981
     942
     902
     933
     934
     927
     948
     904
     973
     922
     885
     903
     967
     913
     938
     944
     886
     953
     895
    1006
     929
     918
     945
     930
     927
     954
     932
     878
     940
     896
     934
     956
     873
     881
     920
     887
     919
     876
     893
     875
     939
     852
     852
     904
     954
     859
     904
     900
     914
     893
     953
     824
     925
     815
     868
     875
     868
     839
     932
     907
     942
     946
     883
     875
     890
     923
     857
     890
     927
     908
     868
     949
     900
     869
     883
     942
     878
     856
     854
     883
     890
     882
     846
     901
     905
     876
     822
     839
     886
     845
     882
     836
     878
     862
     877
     830
     843
     875
     894
     860
     812
     824
     859
     838
     824
     844
     865
     932
     853
     903
     878
     882
     842
     834
     847
     843
     843
     888
     882
     868
     798
     836
     858
     841
     815
     902
     836
     808
     828
     828
     834
     811
     804
     838
     870
     811
     844
     854
     850
     819
     828
     817
     821
     855
     784
     762
     842
     846
     846
     776
     797
     869
     793
     826
     883
     837
     841
     822
     819
     821
     815
     805
     788
     801
     760
     829
     824
     817
     774
     821
     821
     818
     787
     802
     790
     810
     829
     776
     763
     765
     762
     850
     838
     783
     774
     817
     823
     766
     773
     748
     752
     736
     776
     732
     798
     796
     773
     736
     831
     795
     785
     802
     781
     798
     785
     783
     823
     799
     799
     824
     796
     817
     805
     789
     794
     750
     777
     772
     797
     839
     810
     758
     795
     822
     818
     788
     800
     746
     783
     791
     782
     755
     751
     745
     763
     766
     768
     777
     821
     742
     765
     763
     805
     731
     747
     734
     756
     767
     712
     786
     763
     776
     740
     757
     671
     749
     747
     818
     732
     790
     762
     768
     778
     768
     773
     722
     760
     768
     795
     752
     743
     749
     760
     759
     763
     766
     728
     733
     736
     745
     795
     790
     766
     781
     749
     783
     785
     759
     754
     784
     735
     674
     738
     784
     751
     744
     742
     712
     751
     726
     753
     752
     727
     779
     753
     728
     713
     708
     752
     740
     694
     774
     750
     738
     711
     776
     753
     754
     756
     732
     739
     719
     768
     698
     719
     708
     747
     740
     713
     773
     739
     743
     738
     736
     725
     754
     659
     690
     696
     729
     747
     731
     728
     756
     783
     698
     733
     756
     717
     707
     724
     744
     782
     713
     710
     728
     713
     686
     755
     725
     759
     675
     759
     734
     701
     755
     676
     740
     670
     767
     772
     717
     705
     718
     671
     710
     731
     724
     705
     694
     717
     746
     695
     699
     684
     677
     704
     693
     675
     678
     781
     724
     725
     668
     728
     733
     702
     686
     666
     684
     739
     689
     697
     671
     709
     700
     741
     690
     689
     659
     759
     688
     696
     696
     643
     700
     741
     676
     627
     663
     692
     664
     708
     625
     692
     693
     706
     726
     658
     702
     658
     676
     702
     676
     690
     680
     730
     684
     692
     677
     669
     670
     633
     671
     680
     695
     678
     711
     681
     676
     646
     710
     654
     700
     685
     624
     686
     703
     624
     703
     654
     733
     665
     671
     670
     672
     638
     686
     668
     674
     705
     691
     698
     652
     695
     637
     660
     627
     645
     695
     666
     675
     720
     676
     672
     674
     656
     655
     657
     673
     659
     638
     694
     721
     684
     648
     648
     707
     677
     641
     686
     685
     650
     669
     628
     656
     666
     646
     671
     678
     675
     675
     636
     655
     610
     678
     666
     698
     642
     674
     623
     624
     617
     661
     683
     664
     664
     619
     679
     674
     755
     665
     638
     649
     666
     632
     627
     672
     653
     639
     657
     612
     606
     591
     668
     633
     600
     674
     666
     602
     622
     642
     610
     653
     596
     649
     697
     611
     656
     617
     629
     626
     600
     683
     666
     677
     650
     665
     673
     651
     631
     603
     633
     623
     604
     657
     646
     635
     631
     672
     584
     634
     696
     636
     640
     665
     630
     647
     649
     624
     634
     684
     655
     637
     636
     654
     639
     580
     612
     599
     634
     663
     616
     660
     627
     627
     612
     665
     628
     659
     606
     632
     614
     641
     658
     640
     643
     638
     627
     619
     614
     622
     621
     647
     654
     614
     657
     590
     626
     638
     637
     624
     677
     635
     640
     614
     681
     607
     579
     645
     645
     618
     611
     608
     671
     596
     620
     603
     609
     663
     606
     608
     673
     609
     591
     622
     619
     633
     655
     627
     650
     613
     585
     618
     622
     612
     607
     578
     645
     646
     600
     606
     608
     641
     632
     561
     596
     604
     625
     615
     629
     619
     660
     636
     630
     642
     583
     635
     637
     602
     605
     636
     645
     633
     612
     610
     585
     592
     618
     639
     603
     601
     612
     642
     621
     652
     636
     643
     630
     602
     612
     601
     619
     646
     560
     623
     653
     580
     636
     634
     606
     638
     581
     610
     637
     639
     611
     615
     637
     560
     659
     609
     623
     582
     621
     631
     619
     626
     629
     679
     656
     585
     594
     615
     620
     596
     629
     608
     596
     653
     621
     606
     582
     583
     630
     599
     645
     618
     660
     584
     619
     621
     613
     625
     600
     574
     626
     646
     647
     648
     595
     617
     603
     588
     600
     595
     623
     597
     633
     625
     659
     600
     633
     600
     562
     665
     598
     651
     572
     575
     657
     650
     625
     624
     603
     649
     594
     591
     589
     564
     594
     621
     570
     616
     620
     598
     643
     612
     645
     596
     637
     629
     604
     588
     593
     620
     632
     617
     610
     599
     598
     588
     573
     565
     561
     682
     630
     621
     568
     569
     603
     591
     605
     596
     584
     579
     613
     626
     628
     571
     583
     661
     570
     611
     582
     604
     623
     618
     554
     596
     609
     560
     587
     635
     558
     642
     631
     606
     601
     616
     643
     559
     629
     605
     608
     633
     611
     576
     551
     583
     628
     609
     590
     592
     597
     591
     587
     593
     597
     622
     583
     582
     593
     602
     599
     558
     564
     560
     626
     590
     640
     634
     648
     565
     570
     589
     634
     566
     588
     612
     608
     595
     583
     635
     610
     631
     593
     615
     543
     585
     574
     587
     619
     574
     615
     622
     563
     590
     613
     574
     630
     591
     600
     594
     610
     630
     632
     673
     559
     610
     621
     605
     562
     584
     595
     626
     607
     570
     629
     609
     588
     634
     568
     604
     591
     572
     624
     568
     581
     599
     602
     586
     573
     588
     580
     586
     580
     587
     575
     609
     616
     651
     601
     569
     586
     613
     606
     576
     609
     568
     622
     577
     598
     628
     603
     586
     563
     574
     562
     597
     585
     565
     589
     548
     579
     576
     598
     574
     569
     542
     570
     610
     657
     599
     573
     598
     585
     581
     611
     622
     619
     614
     618
     628
     614
     675
     583
     630
     607
     602
     561
     590
     563
     633
     575
     574
     614
     592
     598
     567
     615
     592
     560
     594
     614
     576
     622
     592
     600
     614
     547
     607
     547
     562
     578
     604
     578
     557
     603
     541
     600
     570
     565
     630
     581
     578
     617
     608
     577
     641
     593
     613
     634
     578
     583
     591
     609
     557
     574
     572
     538
     595
     562
     599
     581
     579
     597
     613
     640
     518
     596
     613
     582
     608
     589
     584
     577
     651
     597
     598
     626
     573
     587
     608
     613
     581
     565
     561
     600
     580
     598
     631
     574
     539
     578
     616
     636
     585
     606
     547
     578
     621
     642
     603
     609
     549
     581
     606
     600
     605
     621
     634
     595
     534
     599
     610
     615
     585
     604
     645
     571
     580
     602
     622
     563
     626
     607
     627
     601
     612
     599
     561
     594
     601
     600
     617
     623
     589
     558
     553
     582
     628
     591
     617
     618
     593
     611
     596
     595
     582
     602
     588
     576
     587
     570
     582
     579
     573
     535
     542
     594
     585
     566
     576
     585
     583
     591
     566
     637
     562
     569
     601
     544
     579
     606
     598
     561
     596
     579
     595
     605
     585
     618
     603
     612
     608
     561
     630
     597
     564
     600
     521
     590
     589
     596
     596
     592
     593
     610
     562
     583
     578
     603
     541
     603
     580
     617
     602
     558
     622
     575
     552
     623
     578
     611
     573
     540
     570
     610
     636
     587
     563
     629
     590
     584
     566
     569
     592
     578
     607
     563
     614
     562
     586
     587
     572
     578
     582
     584
     570
     606
     575
     566
     596
     581
     561
     629
     606
     634
     569
     592
     598
     564
     579
     642
     638
     592
     612
     582
     573
     570
     544
     592
     602
     594
     576
     651
     569
     564
     582
     580
     564
     555
     591
     583
     621
     574
     577
     543
     635
     598
     568
     567
     590
     594
     605
     573
     592
     564
     599
     599
     562
     575
     596
     599
     572
     625
     625
     540
     574
     585
     602
     582
     587
     613
     571
     615
     601
     598
     596
     609
     583
     561
     617
     553
     562
     591
     604
     559
     622
     537
     556
     601
     602
     637
     611
     595
     530
     586
     612
     589
     584
     581
     573
     586
     593
     625
     542
     589
     561
     568
     591
     579
     579
     557
     568
     557
     559
     578
     549
     570
     587
     570
     548
     548
     588
     586
     567
     586
     527
     607
     593
     533
     602
     598
     569
     585
     559
     590
     552
     590
     575
     600
     633
     554
     552
     598
     544
     616
     539
     608
     605
     573
     541
     609
     581
     527
     614
     593
     558
     557
     599
     563
     565
     510
     606
     573
     563
     579
     566
     558
     565
     580
     601
     566
     586
     569
     544
     623
     627
     585
     534
     542
     600
     543
     603
     566
     590
     574
     578
     577
     581
     540
     579
     586
     588
     575
     580
     555
     561
     555
     555
     587
     534
     546
     525
     549
     571
     546
     611
     584
     575
     550
     561
     560
     581
     590
     515
     561
     570
     571
     582
     582
     561
     572
     539
     642
     513
     588
     530
     585
     547
     579
     543
     542
     552
     571
     550
     546
     590
     578
     544
     580
     531
     543
     609
     533
     587
     606
     544
     600
     562
     588
     565
     559
     535
     565
     596
     574
     610
     527
     548
     602
     602
     601
     539
     571
     568
     573
     549
     551
     617
     553
     594
     563
     581
     566
     585
     536
     523
     581
     564
     586
     578
     594
     589
     572
     572
     568
     572
     584
     553
     630
     579
     543
     587
     565
     552
     594
     585
     574
     575
     587
     566
     548
     575
     569
     578
     585
     567
     536
     605
     579
     565
     613
     544
     612
     559
     581
     599
     536
     560
     600
     551
     565
     604
     562
     587
     584
     587
     577
     532
     584
     578
     564
     625
     535
     554
     561
     550
     614
     564
     588
     534
     570
     570
     554
     569
     593
     543
     564
     545
     530
     537
     590
     583
     589
     580
     543
     555
     566
     570
     590
     587
     581
     607
     584
     572
     616
     522
     562
     587
     578
     559
     583
     597
     545
     599
     572
     561
     545
     576
     587
     533
     587
     597
     581
     556
     574
     605
     615
     533
     558
     597
     569
     568
     598
     500
     579
     574
     548
     564
     593
     575
     596
     588
     586
     518
     589
     599
     535
     552
     573
     556
     622
     568
     538
     545
     592
     565
     602
     552
     572
     608
     566
     550
     576
     582
     552
     596
     563
     606
     577
     527
     560
     592
     550
     575
     553
     569
     579
     569
     559
     601
     525
     559
     541
     604
     604
     629
     542
     579
     552
     552
     556
     538
     605
     617
     543
     604
     582
     551
     569
     539
     614
     548
     582
     568
     575
     563
     557
     549
     583
     545
     577
     551
     611
     544
     557
     593
     535
     584
     544
     541
     614
     590
     545
     547
     546
     535
     567
     528
     563
     554
     583
     571
     527
     563
     622
     563
     541
     559
     551
     540
     569
     577
     538
     600
     548
     577
     568
     544
     617
     569
     529
     571
     549
     558
     579
     537
     542
     571
     556
     576
     565
     574
     601
     557
     542
     525
     578
     555
     615
     540
     561
     544
     621
     572
     576
     585
     579
     557
     605
     591
     551
     537
     573
     611
     547
     575
     572
     579
     538
     552
     578
     623
     531
     569
     560
     557
     559
     571
     499
     569
     580
     566
     623
     554
     559
     546
     566
     552
     557
     505
     585
     583
     581
     577
     602
     581
     584
     539
     574
     562
     567
     585
     606
     587
     579
     554
     607
     555
     618
     498
     592
     543
     557
     578
     548
     576
     550
     579
     596
     590
     552
     581
     568
     583
     580
     568
     577
     558
     564
     544
     578
     543
     590
     597
     553
     591
     576
     543
     555
     548
     573
     542
     531
     598
     532
     550
     576
     578
     555
     567
     585
     590
     553
     544
     556
     579
     600
     576
     548
     597
     518
     582
     549
     554
     579
     617
     597
     581
     593
     577
     573
     536
     592
     540
     593
     559
     540
     547
     595
     609
     575
     527
     579
     570
     542
     580
     526
     569
     570
     523
     559
     598
     573
     566
     545
     549
     592
     581
     552
     578
     552
     569
     576
     582
     574
     582
     532
     583
     548
     592
     577
     579
     568
     561
     602
     589
     583
     587
     583
     573
     585
     560
     541
     581
     575
     621
     571
     568
     576
     560
     543
     600
     624
     522
     585
     596
     545
     608
     599
     613
     557
     532
     569
     519
     570
     553
     592
     606
     569
     594
     558
     558
     560
     592
     541
     586
     588
     569
     574
     582
     587
     598
     501
     565
     617
     543
     576
     557
     593
     591
     592
     636
     584
     579
     597
     596
     565
     560
     565
     568
     548
     556
     588
     571
     587
     565
     589
     608
     580
     604
     608
     555
     577
     561
     557
     588
     592
     581
     549
     533
     549
     572
     550
     600
     561
     544
     576
     579
     617
     573
     590
     595
     535
     555
     586
     552
     610
     587
     530
     588
     570
     609
     589
     614
     580
     536
     545
     601
     541
     576
     590
     593
     562
     557
     569
     594
     548
     574
     579
     584
     557
     580
     589
     609
     560
     587
     581
     586
     573
     570
     598
     577
     588
     555
     558
     568
     563
     551
     599
     572
     566
     553
     565
     575
     543
     604
     553
     571
     593
     564
     562
     557
     554
     591
     580
     573
     605
     542
     583
     601
     593
     567
     577
     542
     606
     559
     549
     558
     556
     557
     552
     583
     593
     574
     535
     585
     636
     595
     606
     569
     569
     569
     540
     571
     588
     586
     582
     551
     599
     559
     568
     560
     579
     524
     588
     565
     542
     556
     597
     562
     622
     617
     541
     622
     578
     539
     586
     553
     552
     562
     595
     566
     574
     562
     573
     564
     591
     555
     586
     596
     596
     590
     613
     551
     603
     579
     560
     579
     567
     561
     611
     561
     584
     606
     561
     568
     573
     595
     613
     593
     560
     590
     583
     596
     613
     568
     576
     565
     615
     589
     577
     587
     577
     580
     543
     595
     586
     575
     583
     574
     548
     584
     571
     626
     570
     586
     594
     588
     591
     584
     595
     575
     575
     566
     553
     558
     583
     565
     597
     572
     598
     627
     603
     542
     568
     616
     552
     548
     587
     532
     581
     584
     564
     567
     548
     598
     557
     573
     623
     571
     566
     559
     593
     601
     577
     570
     603
     576
     569
     583
     577
     567
     580
     580
     582
     586
     532
     574
     607
     626
     578
     597
     587
     587
     567
     559
     624
     602
     593
     533
     566
     586
     536
     562
     636
     604
     578
     564
     612
     611
     593
     609
     606
     557
     589
     535
     603
     578
     586
     591
     614
     594
     579
     595
     576
     609
     583
     564
     578
     569
     606
     581
     581
     639
     535
     596
     599
     564
     525
     570
     632
     584
     590
     559
     584
     587
     602
     590
     578
     599
     619
     588
     592
     594
     594
     564
     574
     557
     590
     625
     570
     582
     581
     584
     592
     626
     588
     556
     614
     518
     570
     575
     630
     591
     586
     609
     571
     563
     595
     566
     571
     594
     581
     587
     582
     583
     599
     550
     572
     649
     580
     608
     585
     587
     593
     518
     596
     593
     546
     573
     608
     587
     600
     541
     608
     586
     600
     637
     578
     591
     597
     567
     605
     545
     566
     566
     541
     604
     588
     611
     577
     585
     541
     581
     614
     608
     592
     557
     667
     652
     584
     592
     632
     595
     643
     579
     581
     574
     605
     610
     593
     568
     615
     570
     591
     567
     586
     589
     619
     604
     625
     604
     592
     575
     605
     600
     550
     621
     570
     559
     595
     597
     615
     611
     617
     615
     611
     604
     603
     599
     592
     568
     630
     605
     601
     622
     615
     623
     569
     583
     583
     570
     607
     606
     546
     602
     649
     623
     608
     662
     630
     564
     623
     598
     586
     591
     601
     607
     564
     596
     580
     625
     612
     581
     649
     644
     606
     597
     591
     615
     592
     563
     586
     622
     594
     605
     633
     634
     564
     570
     607
     629
     570
     596
     596
     616
     564
     567
     614
     596
     579
     622
     646
     626
     624
     593
     570
     551
     637
     603
     616
     623
     613
     548
     596
     631
     592
     603
     624
     622
     591
     624
     595
     583
     593
     628
     582
     600
     615
     585
     632
     617
     607
     615
     554
     646
     606
     651
     612
     601
     615
     582
     625
     613
     612
     631
     624
     638
     601
     598
     610
     612
     613
     602
     595
     625
     597
     622
     640
     607
     596
     633
     623
     619
     595
     563
     587
     575
     614
     603
     596
     600
     577
     623
     588
     594
     628
     625
     588
     613
     605
     610
     609
     641
     651
     660
     610
     599
     625
     647
     605
     630
     618
     616
     606
     603
     619
     602
     620
     620
     640
     631
     573
     591
     661
     610
     610
     630
     598
     591
     642
     626
     633
     633
     584
     626
     599
     632
     578
     613
     597
     605
     658
     660
     610
     605
     699
     648
     644
     599
     636
     635
     629
     638
     617
     612
     609
     653
     639
     623
     634
     653
     619
     587
     598
     633
     638
     615
     609
     640
     626
     599
     605
     590
     695
     626
     642
     616
     619
     621
     650
     665
     634
     615
     623
     659
     611
     631
     635
     623
     625
     673
     633
     652
     642
     623
     608
     645
     656
     553
     684
     627
     631
     589
     638
     606
     616
     608
     603
     643
     642
     627
     607
     597
     613
     647
     598
     637
     629
     606
     669
     602
     607
     604
     649
     675
     642
     610
     610
     621
     662
     659
     593
     612
     652
     643
     650
     655
     641
     642
     605
     619
     615
     641
     581
     599
     645
     677
     626
     615
     621
     649
     652
     694
     681
     625
     612
     635
     609
     635
     646
     640
     627
     634
     626
     611
     678
     593
     641
     613
     628
     632
     629
     613
     621
     642
     625
     600
     620
     657
     621
     609
     620
     620
     618
     634
     619
     668
     630
     657
     631
     599
     647
     648
     611
     595
     638
     626
     643
     667
     596
     639
     661
     672
     632
     609
     592
     589
     659
     611
     593
     604
     600
     625
     580
     643
     642
     632
     595
     668
     646
     613
     610
     624
     595
     649
     617
     648
     649
     622
     593
     663
     606
     622
     602
     626
     620
     598
     666
     640
     649
     637
     599
     629
     609
     609
     636
     617
     559
     619
     681
     637
     647
     644
     619
     578
     613
     593
     612
     587
     622
     606
     598
     654
     597
     612
     611
     607
     593
     581
     599
     581
     686
     568
     661
     645
     568
     627
     640
     570
     597
     605
     597
     643
     581
     605
     649
     601
     629
     614
     595
     593
     593
     638
     588
     609
     598
     626
     611
     598
     593
     619
     602
     577
     618
     631
     573
     589
     591
     605
     600
     567
     599
     574
     630
     657
     575
     564
     589
     560
     641
     612
     603
     604
     639
     591
     579
     619
     599
     565
     617
     546
     573
     619
     591
     597
     584
     603
     567
     610
     561
     570
     600
     581
     569
     575
     570
     592
     589
     582
     540
     539
     586
     555
     608
     578
     594
     574
     611
     569
     549
     591
     523
     596
     594
     592
     584
     539
     565
     553
     521
     545
     581
     576
     544
     573
     553
     555
     557
     549
     595
     559
     560
     546
     578
     548
     564
     568
     555
     572
     591
     593
     548
     566
     547
     563
     563
     552
     551
     598
     541
     502
     576
     576
     505
     510
     548
     572
     532
     527
     570
     542
     554
     540
     547
     538
     586
     555
     539
     522
     504
     529
     523
     561
     524
     522
     513
     509
     553
     538
     527
     531
     540
     491
     540
     516
     526
     565
     540
     478
     530
     551
     543
     522
     479
     527
     496
     502
     546
     541
     485
     530
     510
     518
     559
     504
     542
     516
     477
     524
     506
     582
     508
     559
     543
     509
     514
     510
     526
     533
     506
     532
     462
     496
     494
     496
     493
     479
     520
     472
     495
     493
     550
     512
     519
     501
     523
     441
     530
     541
     475
     473
     503
     492
     506
     492
     525
     500
     475
     468
     503
     456
     516
     449
     480
     493
     481
     494
     501
     474
     516
     459
     475
     509
     515
     461
     468
     470
     509
     462
     497
     533
     491
     477
     491
     473
     489
     462
     484
     484
     487
     487
     544
     475
     487
     450
     485
     487
     468
     459
     482
     455
     487
     491
     446
     495
     466
     485
     491
     477
     459
     500
     480
     497
     481
     460
     493
     469
     459
     476
     464
     433
     457
     454
     489
     428
     470
     454
     449
     484
     480
     420
     497
     478
     494
     482
     507
     488
     433
     456
     450
     453
     506
     453
     469
     455
     436
     447
     418
     433
     433
     474
     475
     454
     467
     459
     477
     462
     464
     464
     484
     464
     475
     458
     471
     450
     458
     465
     467
     460
     463
     480
     462
     423
     456
     462
     447
     447
     440
     444
     477
     448
     440
     421
     446
     459
     461
     445
     437
     435
     466
     425
     412
     462
     443
     433
     423
     460
     451
     418
     426
     415
     407
     435
     440
     423
     435
     424
     440
     421
     472
     419
     424
     400
     434
     423
     443
     422
     474
     439
     446
     407
     468
     422
     405
     460
     450
     432
     432
     418
     424
     467
     456
     436
     433
     424
     467
     416
     441
     451
     417
     444
     395
     475
     445
     447
     451
     431
     446
     397
     430
     455
     416
     421
     425
     460
     431
     435
     439
     445
     418
     420
     415
     439
     408
     415
     407
     426
     424
     438
     426
     403
     434
     448
     424
     435
     424
     401
     442
     412
     441
     398
     429
     437
     420
     441
     414
     416
     439
     401
     392
     430
     398
     419
     402
     416
     382
     404
     393
     404
     422
     433
     382
     416
     399
     429
     402
     394
     410
     416
     425
     386
     403
     384
     391
     380
     407
     419
     427
     393
     435
     435
     407
     428
     429
     415
     389
     409
     387
     411
     415
     464
     427
     410
     396
     401
     391
     426
     408
     438
     382
     402
     402
     414
     393
     383
     427
     415
     388
     409
     420
     373
     426
     417
     405
     441
     398
     429
     388
     406
     425
     437
     424
     378
     380
     426
     427
     405
     414
     423
     404
     413
     374
     428
     442
     412
     450
     412
     365
     424
     406
     401
     388
     361
     391
     426
     389
     403
     408
     398
     399
     440
     398
     353
     409
     428
     420
     393
     402
     367
     410
     396
     388
     413
     403
     392
     421
     416
     389
     372
     419
     421
     397
     388
     387
     375
     398
     407
     372
     393
     379
     416
     397
     362
     403
     386
     373
     398
     394
     381
     388
     357
     373
     416
     386
     378
     369
     369
     400
     378
     398
     397
     385
     419
     385
     372
     397
     386
     359
     395
     384
     398
     365
     358
     388
     391
     377
     369
     390
     369
     375
     425
     365
     381
     398
     380
     365
     397
     370
     363
     401
     402
     386
     367
     363
     355
     367
     396
     365
     403
     334
     362
     357
     369
     405
     354
     367
     368
     392
     361
     335
     352
     360
     344
     342
     335
     402
     360
     360
     389
     397
     396
     369
     336
     335
     331
     335
     340
     345
     372
     367
     336
     317
     347
     304
     358
     390
     367
     358
     343
     362
     345
     380
     341
     341
     384
     324
     349
     384
     367
     332
     352
     351
     334
     357
     350
     347
     347
     348
     349
     357
     322
     372
     377
     366
     372
     373
     368
     345
     343
     342
     363
     333
     345
     344
     332
     367
     328
     306
     329
     334
     343
     372
     317
     341
     326
     375
     347
     349
     344
     341
     337
     345
     341
     338
     355
     372
     334
     343
     323
     326
     337
     320
     351
     372
     351
     374
     344
     302
     352
     334
     345
     334
     335
     319
     351
     347
     311
     342
     328
     363
     351
     322
     346
     329
     330
     312
     332
     325
     319
     326
     306
     334
     322
     299
     332
     305
     326
     319
     320
     323
     318
     324
     306
     324
     322
     370
     360
     326
     279
     328
     342
     349
     320
     317
     323
     283
     335
     302
     326
     334
     318
     340
     351
     350
     328
     325
     317
     351
     315
     309
     334
     329
     362
     318
     369
     336
     379
     341
     373
     328
     336
     326
     335
     347
     367
     337
     348
     327
     352
     341
     325
     361
     334
     319
     303
     336
     330
     329
     358
     358
     374
     347
     331
     328
     351
     351
     367
     327
     321
     349
     305
     349
     333
     353
     358
     352
     340
     350
     346
     332
     343
     333
     361
     330
     340
     373
     347
     320
     400
     356
     363
     381
     356
     346
     334
     380
     391
     339
     372
     368
     396
     355
     350
     357
     382
     379
     385
     358
     346
     366
     361
     386
     383
     412
     391
     368
     374
     375
     366
     358
     426
     407
     364
     381
     390
     400
     383
     391
     399
     394
     420
     439
     371
     416
     393
     410
     409
     416
     419
     427
     398
     415
     396
     445
     414
     441
     429
     440
     423
     441
     470
     451
     419
     453
     402
     423
     443
     457
     432
     456
     414
     430
     480
     443
     483
     452
     444
     448
     468
     434
     442
     441
     480
     511
     451
     449
     463
     516
     477
     455
     463
     488
     476
     518
     501
     486
     480
     471
     508
     471
     457
     474
     526
     498
     520
     493
     510
     516
     508
     509
     482
     552
     502
     520
     518
     531
     562
     525
     547
     535
     538
     497
     556
     576
     527
     590
     533
     552
     569
     609
     555
     587
     540
     550
     592
     576
     569
     578
     595
     578
     565
     625
     564
     554
     609
     599
     616
     625
     631
     579
     608
     611
     608
     658
     619
     556
     592
     593
     613
     599
     633
     587
     641
     665
     659
     663
     661
     674
     588
     653
     622
     661
     645
     632
     596
     611
     649
     650
     619
     689
     698
     681
     621
     697
     673
     696
     673
     632
     657
     689
     691
     694
     693
     635
     666
     714
     642
     665
     715
     653
     721
     753
     720
     672
     706
     730
     667
     707
     739
     751
     711
     729
     708
     688
     738
     726
     714
     729
     745
     706
     768
     733
     773
     707
     716
     695
     742
     718
     739
     747
     710
     759
     767
     759
     791
     711
     732
     717
     761
     776
     736
     772
     791
     743
     763
     754
     730
     723
     766
     807
     791
     785
     831
     812
     796
     773
     790
     805
     781
     787
     732
     742
     769
     789
     765
     812
     816
     746
     822
     802
     777
     797
     781
     731
     764
     776
     783
     791
     760
     825
     779
     802
     766
     780
     785
     782
     794
     818
     800
     796
     794
     809
     792
     808
     829
     749
     781
     845
     748
     789
     773
     756
     816
     761
     801
     747
     765
     760
     782
     750
     802
     791
     788
     784
     771
     795
     728
     781
     712
     789
     758
     740
     776
     781
     728
     758
     728
     766
     731
     769
     810
     738
     785
     763
     720
     776
     758
     693
     770
     743
     778
     715
     775
     707
     775
     716
     781
     764
     803
     796
     695
     753
     723
     706
     761
     752
     693
     711
     746
     743
     729
     756
     701
     706
     780
     707
     682
     712
     696
     711
     708
     688
     677
     723
     681
     714
     655
     720
     700
     659
     670
     725
     682
     668
     673
     673
     695
     641
     658
     675
     706
     673
     628
     668
     612
     696
     643
     642
     651
     705
     615
     637
     657
     597
     672
     609
     610
     630
     645
     648
     646
     589
     594
     583
     627
     639
     638
     597
     578
     623
     617
     605
     629
     578
     582
     586
     537
     588
     609
     582
     549
     608
     561
     529
     570
     581
     525
     538
     592
     514
     541
     536
     545
     549
     542
     519
     464
     536
     553
     537
     537
     521
     534
     495
     535
     501
     537
     513
     505
     502
     474
     497
     479
     473
     431
     478
     456
     502
     445
     437
     442
     485
     475
     426
     452
     499
     440
     450
     468
     410
     432
     415
     419
     430
     456
     429
     429
     416
     425
     415
     423
     440
     424
     397
     403
     443
     425
     404
     402
     387
     373
     428
     406
     398
     395
     409
     368
     384
     388
     372
     379
     376
     370
     362
     357
     364
     333
     358
     358
     349
     351
     356
     345
     332
     371
     335
     324
     372
     355
     337
     348
     327
     318
     327
     321
     330
     350
     382
     319
     314
     320
     343
     324
     338
     295
     317
     326
     285
     296
     276
     285
     306
     295
     310
     278
     305
     293
     321
     290
     296
     273
     287
     280
     292
     300
     267
     265
     263
     297
     270
     265
     269
     288
     244
     276
     231
     264
     269
     261
     277
     277
     266
     278
     230
     279
     235
     255
     281
     270
     269
     243
     219
     270
     218
     265
     258
     293
     233
     245
     253
     246
     244
     213
     243
     228
     224
     266
     243
     231
     236
     224
     226
     230
     239
     191
     230
     251
     226
     228
     224
     263
     226
     223
     237
     237
     224
     224
     229
     231
     235
     201
     226
     220
     220
     212
     214
     226
     259
     204
     221
     237
     268
     273
     220
     238
     217
     231
     218
     237
     216
     236
     248
     224
     256
     234
     244
     251
     224
     249
     238
     239
     223
     263
     225
     237
     254
     232
     244
     245
     272
     243
     237
     263
     231
     226
     223
     243
     227
     266
     237
     249
     229
     259
     230
     245
     242
     203
     253
     220
     234
     251
     239
     256
     252
     224
     257
     274
     226
     262
     263
     274
     278
     257
     255
     283
     267
     264
     279
     266
     272
     254
     258
     274
     262
     275
     302
     272
     279
     261
     265
     306
     296
     264
     297
     291
     288
     253
     296
     296
     291
     294
     333
     292
     304
     292
     270
     272
     290
     280
     278
     281
     283
     310
     322
     329
     283
     307
     317
     329
     302
     323
     311
     345
     346
     350
     331
     309
     327
     352
     342
     327
     316
     351
     336
     334
     329
     354
     332
     352
     368
     331
     363
     365
     369
     372
     356
     399
     356
     373
     355
     389
     369
     377
     406
     373
     370
     364
     344
     362
     344
     344
     391
     354
     395
     393
     376
     413
     394
     428
     400
     404
     364
     425
     403
     368
     423
     418
     424
     397
     454
     434
     435
     430
     450
     395
     417
     405
     403
     432
     441
     460
     454
     472
     444
     407
     484
     451
     463
     473
     473
     444
     489
     447
     437
     431
     457
     431
     483
     466
     471
     522
     510
     494
     489
     497
     503
     465
     468
     483
     456
     477
     473
     465
     482
     492
     511
     500
     521
     554
     499
     527
     547
     498
     505
     522
     526
     553
     513
     474
     564
     513
     499
     538
     527
     539
     550
     509
     534
     535
     537
     564
     541
     494
     526
     568
     552
     523
     556
     526
     560
     530
     564
     592
     528
     561
     565
     533
     527
     561
     569
     534
     557
     577
     579
     546
     620
     574
     544
     552
     589
     587
     577
     556
     554
     568
     567
     559
     578
     583
     550
     600
     607
     565
     590
     586
     583
     579
     569
     610
     542
     575
     587
     605
     582
     571
     562
     596
     594
     583
     588
     574
     627
     644
     592
     570
     593
     557
     579
     584
     585
     586
     585
     541
     578
     581
     633
     574
     560
     588
     572
     595
     575
     578
     609
     608
     620
     596
     620
     574
     550
     602
     620
     603
     579
     593
     572
     559
     638
     600
     594
     592
     605
     602
     619
     537
     574
     600
     570
     588
     593
     558
     584
     576
     594
     581
     595
     548
     587
     547
     546
     566
     605
     516
     570
     586
     561
     559
     581
     527
     531
     579
     570
     550
     555
     564
     591
     548
     545
     577
     572
     600
     576
     537
     562
     555
     552
     562
     553
     599
     612
     553
     559
     551
     555
     530
     543
     568
     585
     519
     519
     568
     578
     585
     541
     535
     527
     536
     516
     508
     531
     504
     519
     541
     534
     529
     489
     531
     520
     538
     522
     506
     573
     502
     513
     509
     487
     509
     512
     498
     490
     521
     458
     501
     538
     480
     486
     458
     519
     463
     480
     490
     482
     472
     461
     473
     474
     453
     479
     481
     428
     459
     448
     437
     488
     449
     424
     411
     459
     468
     502
     474
     503
     422
     431
     465
     448
     433
     410
     454
     400
     424
     390
     411
     420
     459
     412
     455
     410
     407
     432
     381
     365
     414
     405
     420
     371
     399
     374
     425
     365
     370
     355
     389
     371
     357
     347
     371
     358
     349
     383
     357
     369
     337
     347
     348
     371
     323
     348
     332
     309
     366
     333
     300
     377
     348
     319
     335
     297
     349
     336
     321
     346
     328
     330
     276
     316
     348
     310
     317
     297
     301
     307
     298
     332
     304
     301
     301
     278
     262
     259
     278
     268
     305
     286
     269
     282
     286
     281
     296
     273
     276
     260
     254
     259
     303
     296
     270
     260
     276
     259
     278
     257
     243
     257
     236
     226
     251
     246
     216
     240
     220
     242
     255
     244
     224
     234
     205
     215
     210
     234
     235
     207
     244
     224
     209
     201
     216
     210
     187
     224
     204
     229
     241
     170
     188
     169
     168
     206
     205
     178
     192
     182
     186
     166
     196
     184
     167
     172
     164
     168
     160
     169
     178
     165
     182
     172
     181
     144
     160
     137
     153
     163
     164
     150
     169
     173
     141
     151
     134
     139
     149
     120
     133
     162
     137
     138
     181
     121
     131
     150
     147
     123
     125
     148
     132
     135
     150
     133
     120
     121
     125
     121
     138
     126
     143
     139
     144
     111
     127
     119
     123
     111
     113
     103
     129
     114
     102
     107
     105
     121
     106
      92
     104
     103
     107
     110
     101
     115
     116
      76
      88
      94
      97
     100
      96
      89
     105
      89
      84
      87
     100
      87
      79
      82
      84
      92
      89
      95
      73
      79
      73
      93
      89
      90
      87
      67
      82
      88
      69
      63
      66
      81
      82
      62
      74
      74
      77
      77
      61
      74
      80
      74
      51
      77
      60
      71
      63
      73
      67
      64
      66
      65
      60
      52
      54
      58
      62
      59
      71
      60
      63
      65
      56
      60
      64
      61
      48
      53
      65
      53
      63
      38
      60
      57
      45
      50
      48
      54
      60
      42
      61
      54
      46
      45
      47
      51
      56
      42
      55
      62
      39
      38
      45
      50
      51
      36
      47
      49
      68
      43
      44
      37
      33
      45
      35
      34
      38
      36
      38
      40
      49
      36
      44
      40
      31
      42
      35
      43
      44
      36
      33
      35
      24
      45
      34
      42
      22
      40
      46
      28
      30
      41
      34
      37
      35
      38
      31
      31
      27
      30
      25
      33
      22
      26
      39
      18
      22
      28
      26
      29
      33
      25
      32
      34
      28
      30
      21
      29
      32
      25
      21
      35
      25
      30
      25
      22
      25
      22
      29
      23
      20
      31
      21
      24
      39
      29
      37
      22
      18
      16
      23
      23
      18
      27
      27
      25
      26
      25
      16
      25
      21
      20
      24
      20
      24
      25
      18
      21
      27
      31
      23
      21
      19
      30
      24
      28
      23
      20
      20
      23
      18
      20
      30
      30
      11
      25
      14
      19
      22
      23
      18
      22
      29
      20
      23
      22
      25
      20
      21
      20
      21
      19
      16
      18
      24
      24
      19
      27
      25
      19
      22
      26
      18
      25
      27
      22
      18
      25
      20
      17
      20
      12
      15
      14
      28
      17
       9
      18
      17
      16
      23
      17
      19
      13
      21
      21
      20
      21
      30
      16
      27
      18
      14
      13
      24
      19
      19
      17
      17
      23
      16
      13
      15
      20
      28
      23
      19
      21
      15
      15
      21
      14
      26
      24
      24
      14
      19
      22
      24
      22
      22
      25
      17
      20
      18
      26
      19
      11
      32
      11
      17
      16
      11
      18
      21
      21
      20
      18
      13
      17
      18
      22
      20
      16
      11
      12
      22
      14
      14
      16
      16
      16
      23
      18
      15
      15
       9
      12
      15
      18
      12
      20
      14
      20
      17
      21
      25
      14
      27
      23
      13
      13
      10
      19
      18
      16
      16
      20
      15
       8
      10
      18
      18
      17
      29
      15
      20
      13
      13
      22
      17
      13
      14
      19
      22
      16
      14
      22
      19
      13
      18
      20
      15
      18
      17
      13
      12
      15
      21
      20
      15
      17
      16
      11
      16
      17
      23
      22
      17
      20
      22
      17
      17
      16
      16
      13
      13
      21
      15
      21
      14
      17
      16
      21
      13
      17
      24
      16
      18
      21
      15
      13
      21
      24
      11
      19
      20
      15
      20
      18
      27
      18
      11
      11
      13
      13
      21
      19
      17
      14
      10
      21
      15
      18
      12
      17
      15
      13
      10
      12
      14
      21
      16
      19
      13
      15
      22
      16
      12
      13
      23
      20
      22
      17
      13
      11
      21
      21
      20
      16
      18
      26
      19
      21
      17
      12
      13
      11
      13
      17
      21
      13
      19
      11
      16
      10
      19
      11
      15
      20
      14
      15
      16
      17
      24
      13
      15
      20
      11
      18
      20
      18
      24
      12
      19
      19
      10
      12
      15
      14
      15
      13
      13
       9
       8
      19
      21
      11
      15
      10
      17
      18
      12
      14
      16
      16
      16
      13
      15
      30
      15
      23
      14
      13
      20
      12
      15
      15
      17
      12
      19
      12
       9
      19
      17
      16
      11
       9
      16
      15
      16
      17
      22
      15
      13
      16
      22
      17
      17
      14
      15
      13
      14
      11
       8
      15
      17
      20
      12
      17
      18
      15
      13
      11
      18
      17
      15
      17
      16
      15
      17
      13
      16
      18
      10
      17
      11
      15
      16
      17
      15
      11
      15
      21
      14
      13
      11
      13
      16
      19
      14
      13
      13
      24
      19
      14
      14
      14
      18
      21
      18
      16
      11
      10
      15
      18
      11
      11
      17
      19
      14
      11
      14
      11
      17
      14
      14
      13
      10
      11
      16
      13
      16
      19
      16
      21
      12
      13
      17
      10
      10
      11
      18
      10
      14
      17
      13
       9
      19
      17
       7
      13
      13
      13
       7
      10
      13
      13
      15
       8
      13
      19
      10
      18
      20
       8
      11
      10
       8
      15
      11
      13
      24
      18
      14
      10
      13
      16
      10
      18
      19
      14
       7
       7
      17
      18
      19
      11
      15
      15
      16
      13
      16
       9
      10
      17
       7
      13
      11
      14
      11
      20
      14
      16
      15
      15
      12
      17
      14
      10
      10
      16
      13
      22
      11
       9
       8
      20
      17
      14
      12
      14
      13
      16
      17
      12
      17
      11
      14
      15
      11
      18
      18
      14
       6
      14
      27
      10
      13
      15
      14
       9
      19
      16
      16
      16
      11
      15
      17
      13
      15
      10
      12
      10
      23
       6
      10
       9
      11
      15
      14
      13
      13
      14
      23
      18
      14
      13
      12
      16
       6
      15
      13
      16
      14
       5
       7
      14
       6
      16
      13
      19
      14
      13
      13
      14
      12
      19
      16
      15
      14
      14
       8
      20
      15
      16
      14
      10
      18
       8
      17
      15
      15
       9
      17
      22
      18
       8
      13
       9
      10
      14
       8
      14
      11
      17
      18
      12
       5
      13
      14
      12
       9
      15
       8
      13
      17
       9
      20
      12
      13
      12
      11
       8
      15
      12
      10
      16
      15
      19
      10
      17
      17
      13
      10
      11
      12
       7
      18
      11
      17
      13
       8
      10
      10
      12
      13
      11
      16
       7
      13
      12
      20
       9
      14
      13
      18
      19
      13
      10
      13
      19
      16
      17
      11
      11
       6
      20
      13
      12
      11
      14
      11
      10
      11
      11
      11
       8
      13
      12
      15
       8
      16
      13
       9
      14
      11
      14
      11
      13
      12
      14
      14
      14
      15
      16
      10
      11
       8
      14
      10
      17
       7
      12
      13
      14
      18
      14
      16
      11
      14
      11
      12
      13
      12
      12
      15
       6
      15
      18
      10
      11
       3
      19
      16
       9
       8
      11
      14
      16
      13
      12
      11
      11
      17
      13
      11
       8
      13
      11
      21
       6
      21
      11
      13
      11
       7
      10
      17
      12
       8
      12
      12
      10
       7
       8
       8
      10
      10
      13
      18
      12
      14
      12
      10
      13
      17
       4
       9
      12
      12
      12
      10
      14
      12
      19
      10
      12
      16
      16
       9
      12
      16
       5
       6
       9
      15
      10
      12
      15
      15
      15
      12
      13
      20
      15
      12
      19
       2
       9
      14
      21
      11
      13
       6
      12
      17
       9
      22
       5
      16
       7
      13
      10
      18
       9
      12
      13
       8
      10
      15
       8
      11
       9
       9
       9
      10
       6
      10
       8
       9
      14
      13
       9
       9
       7
      14
       8
      10
      18
      15
      17
      11
      18
      10
      14
      11
      11
      10
      15
       9
       6
      11
       7
       6
       7
      12
      12
       8
      15
      13
       8
      10
      12
      16
       6
      10
      11
      13
      16
      13
      10
       9
      12
       8
      16
      11
      17
       7
      13
       5
       8
      12
      13
       9
      10
      10
      11
      13
      13
      11
      14
       8
      16
       9
       8
      15
      10
      16
      11
      10
      13
      15
       7
       8
      10
      16
      10
       6
      11
      13
       7
      13
      13
       9
      15
       7
       7
      13
      11
      14
      12
      11
      15
       8
      10
      20
      11
      13
       8
       8
       8
      11
      12
      13
      12
      12
       9
      11
       9
      10
      10
      13
       8
      14
      14
      14
      12
      12
      20
       9
      11
      10
       9
      10
      10
      14
      13
       9
      16
       5
      10
       6
      12
       9
      15
       9
      14
      14
      11
      15
       9
      14
       5
      17
      17
      13
      13
      12
       9
       6
      10
       7
      13
       5
      18
      13
       6
       9
       5
       9
       9
       9
      10
      10
      12
      13
       8
       5
       9
      11
      12
       8
      11
       9
       6
      11
      12
      17
       6
       9
       4
      10
      11
      12
      12
      10
      15
      15
      11
      11
      13
      11
      13
      15
      15
      10
       7
       6
       9
       6
      11
      11
      11
       6
       9
       9
      10
      11
       5
       7
       5
      15
       9
      10
      13
      17
       8
       9
      14
      10
      13
      12
       9
      14
       4
       8
      10
       7
      10
      19
      10
       9
      12
      11
      10
       5
      11
      12
      12
      12
      13
       7
      13
      10
      16
       8
       7
       9
       5
       8
       8
       9
      11
      15
      11
       9
       7
      13
       8
       8
      11
       5
      15
      10
       6
       8
      14
      10
       5
      10
       9
      10
       9
      11
       9
      14
      13
      11
      14
       3
      13
      10
       9
       9
      12
       6
       7
      10
       9
      15
       8
      14
      14
       7
       9
      13
      11
       8
      13
      14
       9
       7
      13
      11
       9
      11
      13
      11
       9
       8
      11
      10
       6
      11
      15
       7
       8
      17
      20
      10
       9
      13
      13
       7
      12
      13
      10
       8
      12
      13
       1
      11
      10
      11
       9
      13
      14
       8
      11
       4
      10
       9
      13
      12
       5
      15
       8
       9
       5
      10
      14
      11
       7
      13
      13
      15
       7
       6
       8
       8
      11
      12
      11
       5
       7
       8
      10
       7
       5
      13
      10
      10
       9
      16
       6
      13
       7
       7
       6
      11
      10
      11
       9
      10
       8
      14
      10
      11
      14
      12
       6
      14
       8
      13
       8
      10
      11
      11
      10
      10
      10
       9
       8
      13
       6
       8
      10
       8
       8
      18
      12
      11
      11
       8
       3
       8
      10
       8
       7
       9
       5
      13
       3
       7
       8
       6
       6
      10
      10
      10
       8
       5
      12
       3
       9
       9
      14
       7
       4
       9
       9
       6
       7
       9
       8
       9
      13
       9
      11
       9
       5
      13
       8
       7
       8
       8
       9
      10
       4
      11
      11
      10
      16
      13
      13
      15
       6
       6
       7
      10
      12
       8
       9
      15
      12
       6
       8
       2
       9
      12
      10
       5
      12
       7
       8
       3
      11
      12
       6
      13
       2
       8
       7
      10
      13
       6
       2
       7
       9
       7
      13
       7
      15
      10
      12
      10
       7
      11
       6
       8
       7
       7
      12
       7
       9
       3
       5
      10
       8
      11
       6
      14
      10
       2
       7
       8
       8
       9
      10
      13
       9
       9
       5
       5
       8
       8
      12
       7
       7
       7
      11
       6
       8
      10
       5
       8
      11
       7
      13
      13
      13
      10
      11
       8
      11
      10
      18
       7
      11
       5
      11
       8
      11
      11
      13
       8
      11
      12
       7
      12
      10
      16
      11
       7
      12
       7
      13
      11
       8
       9
       8
       9
       4
      10
       9
       6
       6
      10
       7
      14
       8
      12
      16
      13
       7
       7
       6
       7
       7
       9
      13
       9
      11
      10
      10
      11
      10
       6
      11
       9
       9
      11
       5
       7
       9
       8
      15
       8
       9
      12
       7
       8
      11
      14
       8
      10
       9
      12
       5
       8
      10
       6
       4
      10
       9
      11
       9
       8
       3
       5
      10
       5
      12
       5
       7
      12
      11
      13
      11
       6
       7
       5
      12
       4
       9
       9
      12
      13
      10
       8
       5
      14
       6
      13
      10
      10
       8
       6
       4
       9
       7
       9
      13
       9
       4
       5
      14
       7
      11
       6
       6
       9
      10
       6
       6
      10
      11
       7
      11
      10
       9
      10
      13
       6
       5
       8
       5
      11
       7
       8
       7
      13
       9
      11
       8
       6
       9
       6
       6
       7
      13
       5
       4
       4
      14
       4
       4
       4
      12
       4
       6
       6
       4
       4
       8
      10
       8
       8
       6
       3
       8
       6
       4
       5
       5
       3
       2
       7
       3
       3
       3
       4
       4
       3
       4
       1
       6
       3
       1
       4
       3
       2
       2
       1
       2
       5
       1
       3
       1
       1
       3
       0
       4
       0
       0
       1
       1
       2
       4
       1
       2
       1
       2
       2
       0
       1
       1
       2
       1
       0
       1
       2
       1
       2
       1
       1
       3
       1
       0
       1
       0
       1
       0
       0
       0
       2
       1
       0
       0
       0
       0
       0
       0
       0
       0
       0
       0
       0
       1
       0
       0
       0
       0
       0
       0
       0
       0
       0
       0
       0
       1
       0
       1
       0
       0
       0
       0
       0
       0
       0
       0
       0
       0
       0
       0
       0
       0
       0
       0
       0
       0
       0
       0
       0
       0
       0
       0
       0
       0
       0
       0
       0
       0
       0
       0
       0
       0
       0
       0
       0
       0
       0
       0
       0
       0
       1
       0
       0
       0
       0
       0
       0
       0
       0
       0
       0
       0
       0
       0
       0
       0
       0
       0
       0
       0
       0
       0
       0
       0
       0
       0
       0
       0
       0
       0
       0
       0
       0
       0
       0
       0
       0
       0
       0
       0
       0
       0
       0
       0
       0
       0
       0
       0
       0
       0
       0
       0
       0
       0
       0
       0
       0
       0
       0
       0
       0
       0
       0
       0
       0
       0
       0
       0
       0
       0
       0
       0
       0
       0
       0
       0
       0
       0
       0
       0
       0
       0
       0
       0
       0
       0
       0
       0
       0
       0
       0
       0
       0
       0
       0
       0
       0
       0
       0
       0
       0
       0
       0
       0
       0
       0
       0
       0
       0
       0
       0
       0
       0
       0
       0
       0
       0
       0
       0
       0
       0
       0
       0
       0
       0
       0
       0
       0
       0
       0
       0
       0
       0
       0
       0
       0
$ROI:
1
5540 6134
$PRESETS:
Live Time
180
0
$ENER_FIT:
0.000000 0.227554
$MCA_CAL:
3
0.000000E+000 2.275539E-001 0.000000E+000 keV
$SHAPE_CAL:
3
3.368824E+002 0.000000E+000 0.000000E+000
