$SPEC_ID:
No sample description was entered.
$SPEC_REM:
DET# 3
DETDESC# FP-GAMMA2 MCB 129
AP# Maestro Version 7.01
$DATE_MEA:
12/04/2013 11:50:00
$MEAS_TIM:
165 180
$DATA:
0 8191
       0
       0
       0
       0
       0
       0
       0
       0
       1
       1
       4
       1
       1
       0
       0
       1
       1
       0
       3
       4
       8
       4
       3
       3
       3
       2
       5
       4
       2
       5
       7
       6
      12
       9
       2
       5
       9
       6
       5
       4
       9
       6
      10
      12
      10
      14
       7
      12
      20
       8
      13
      10
      19
      19
      17
      81
      54
      35
      52
      43
      71
     321
     791
     779
     707
     667
     607
     574
     539
     518
     520
     495
     491
     417
     431
     398
     433
     419
     428
     360
     384
     425
     370
     451
     405
     399
     393
     381
     405
     359
     325
     381
     402
     399
     367
     384
     404
     399
     390
     372
     384
     402
     384
     405
     406
     401
     399
     397
     410
     402
     402
     441
     396
     390
     388
     376
     402
     384
     418
     404
     433
     405
     396
     393
     386
     384
     415
     418
     416
     379
     404
     433
     394
     434
     427
     410
     412
     379
     417
     443
     406
     451
     399
     361
     435
     424
     419
     423
     382
     402
     436
     406
     425
     423
     393
     422
     420
     424
     382
     422
     431
     454
     431
     408
     459
     434
     396
     414
     412
     427
     444
     439
     401
     397
     418
     425
     425
     426
     401
     427
     464
     424
     427
     439
     458
     459
     459
     434
     427
     431
     460
     414
     416
     400
     420
     461
     432
     456
     450
     444
     421
     423
     397
     423
     436
     444
     448
     441
     418
     477
     438
     429
     470
     447
     469
     424
     437
     449
     433
     437
     459
     431
     435
     409
     461
     411
     447
     459
     454
     447
     411
     428
     418
     435
     453
     464
     401
     462
     425
     431
     457
     421
     439
     471
     459
     406
     470
     479
     441
     468
     424
     419
     446
     473
     411
     433
     427
     478
     444
     465
     436
     421
     444
     447
     468
     439
     455
     409
     380
     469
     438
     470
     474
     443
     432
     462
     418
     458
     465
     443
     463
     449
     399
     460
     444
     478
     452
     452
     461
     449
     459
     447
     472
     463
     449
     439
     494
     490
     463
     463
     441
     470
     427
     465
     489
     473
     489
     481
     446
     449
     473
     448
     503
     502
     493
     437
     452
     438
     483
     498
     492
     463
     492
     476
     493
     466
     493
     505
     483
     520
     495
     504
     502
     541
     511
     481
     500
     544
     510
     566
     484
     555
     528
     520
     566
     543
     571
     521
     557
     555
     549
     561
     577
     611
     561
     545
     637
     600
     623
     602
     619
     623
     597
     616
     630
     576
     629
     626
     637
     692
     661
     607
     658
     629
     653
     700
     659
     642
     650
     643
     620
     680
     672
     648
     645
     682
     686
     657
     643
     663
     689
     703
     662
     658
     711
     690
     718
     675
     653
     639
     663
     645
     609
     629
     645
     648
     669
     603
     596
     579
     629
     595
     600
     588
     565
     636
     598
     607
     614
     623
     608
     582
     530
     621
     603
     592
     579
     565
     560
     590
     607
     636
     610
     577
     604
     534
     545
     570
     557
     558
     548
     578
     551
     566
     531
     543
     600
     524
     551
     520
     516
     531
     506
     511
     494
     536
     511
     490
     526
     531
     497
     544
     500
     523
     505
     550
     491
     503
     504
     528
     527
     493
     519
     547
     564
     496
     498
     488
     487
     472
     478
     504
     469
     469
     549
     546
     491
     507
     470
     477
     468
     503
     521
     509
     505
     479
     461
     505
     486
     483
     489
     489
     502
     481
     469
     460
     531
     482
     521
     452
     501
     494
     512
     511
     532
     466
     451
     488
     479
     498
     512
     487
     470
     453
     491
     509
     486
     543
     483
     481
     502
     483
     484
     444
     509
     517
     477
     532
     488
     481
     503
     459
     532
     523
     559
     533
     524
     509
     521
     484
     523
     500
     517
     504
     542
     494
     519
     539
     506
     542
     508
     475
     484
     500
     546
     522
     527
     547
     530
     506
     495
     490
     527
     504
     541
     559
     567
     553
     550
     548
     522
     528
     512
     526
     530
     543
     538
     572
     532
     549
     579
     535
     555
     529
     517
     561
     557
     545
     519
     558
     575
     518
     554
     534
     570
     599
     578
     563
     530
     605
     554
     525
     546
     545
     576
     589
     599
     564
     560
     593
     565
     557
     548
     541
     560
     537
     514
     577
     592
     566
     573
     603
     586
     594
     557
     588
     567
     517
     573
     593
     573
     535
     611
     603
     581
     546
     569
     605
     570
     609
     645
     545
     548
     548
     625
     559
     582
     579
     602
     610
     589
     620
     583
     562
     581
     539
     564
     584
     571
     561
     580
     591
     597
     565
     598
     559
     575
     609
     610
     578
     574
     605
     587
     621
     590
     594
     570
     575
     563
     556
     623
     574
     541
     625
     580
     606
     579
     590
     589
     601
     555
     562
     561
     558
     553
     610
     581
     575
     572
     594
     591
     586
     610
     609
     617
     607
     592
     608
     589
     564
     605
     565
     601
     571
     613
     595
     610
     577
     647
     586
     583
     619
     590
     630
     606
     626
     590
     634
     563
     611
     613
     589
     568
     633
     565
     602
     586
     629
     581
     622
     565
     567
     626
     617
     580
     595
     593
     615
     620
     639
     587
     585
     603
     591
     570
     582
     617
     612
     562
     629
     611
     623
     577
     651
     633
     588
     594
     600
     623
     579
     591
     584
     662
     627
     601
     673
     608
     636
     615
     553
     618
     596
     604
     633
     657
     648
     617
     646
     592
     611
     586
     595
     602
     665
     595
     566
     604
     660
     610
     583
     642
     631
     642
     621
     599
     642
     598
     656
     576
     587
     603
     586
     586
     585
     609
     618
     608
     589
     580
     621
     631
     627
     635
     594
     568
     610
     607
     596
     652
     592
     628
     603
     625
     622
     613
     610
     663
     618
     610
     595
     632
     591
     630
     650
     644
     575
     607
     632
     621
     592
     632
     624
     620
     596
     672
     635
     595
     591
     599
     651
     651
     591
     650
     612
     615
     616
     616
     580
     660
     621
     613
     593
     611
     623
     624
     637
     602
     596
     621
     624
     633
     657
     639
     643
     603
     595
     629
     629
     592
     630
     641
     604
     637
     597
     578
     628
     559
     631
     614
     640
     643
     632
     633
     640
     663
     645
     665
     631
     617
     617
     596
     681
     658
     634
     640
     641
     623
     628
     645
     584
     590
     626
     616
     643
     597
     644
     647
     685
     643
     663
     636
     641
     649
     614
     640
     691
     693
     676
     685
     606
     578
     626
     644
     641
     693
     663
     665
     643
     659
     618
     657
     620
     668
     664
     618
     667
     703
     601
     664
     630
     650
     706
     681
     678
     675
     720
     660
     643
     671
     652
     618
     670
     642
     706
     643
     668
     683
     622
     649
     646
     699
     681
     672
     654
     671
     646
     704
     672
     659
     632
     629
     633
     635
     651
     711
     685
     672
     677
     701
     683
     652
     693
     680
     641
     717
     722
     709
     660
     649
     634
     687
     693
     673
     699
     734
     658
     700
     661
     710
     621
     681
     725
     665
     678
     688
     691
     697
     648
     683
     721
     716
     698
     707
     695
     736
     656
     697
     677
     698
     647
     676
     687
     651
     673
     693
     684
     691
     687
     722
     689
     695
     661
     652
     651
     637
     738
     667
     643
     674
     698
     692
     662
     684
     667
     741
     683
     671
     671
     625
     654
     694
     668
     739
     702
     618
     675
     676
     675
     692
     667
     704
     673
     777
     663
     644
     683
     655
     636
     669
     667
     673
     706
     617
     658
     645
     659
     677
     705
     650
     668
     660
     628
     640
     674
     674
     666
     597
     732
     643
     650
     657
     656
     603
     643
     651
     670
     665
     644
     694
     633
     627
     651
     670
     627
     664
     639
     668
     644
     710
     664
     641
     640
     662
     644
     637
     655
     707
     692
     638
     649
     638
     644
     655
     646
     644
     623
     663
     707
     631
     655
     652
     624
     592
     697
     638
     680
     597
     613
     617
     611
     665
     632
     638
     586
     635
     667
     688
     624
     611
     634
     658
     610
     657
     662
     617
     653
     617
     624
     625
     660
     577
     589
     622
     626
     611
     590
     639
     671
     612
     584
     622
     654
     592
     636
     641
     627
     594
     610
     658
     629
     641
     606
     592
     583
     629
     595
     626
     619
     639
     581
     634
     607
     630
     619
     580
     608
     611
     614
     626
     586
     582
     596
     609
     585
     612
     574
     589
     537
     578
     596
     587
     611
     592
     595
     628
     652
     633
     607
     614
     591
     558
     593
     625
     596
     588
     597
     636
     600
     576
     562
     606
     612
     571
     551
     608
     585
     575
     651
     606
     562
     576
     608
     561
     554
     590
     597
     560
     536
     584
     608
     564
     592
     627
     597
     600
     585
     606
     590
     574
     581
     614
     582
     551
     612
     565
     556
     532
     591
     566
     563
     564
     555
     583
     565
     582
     561
     553
     592
     573
     546
     561
     597
     555
     561
     536
     552
     569
     561
     556
     543
     561
     554
     556
     528
     575
     571
     570
     552
     542
     568
     561
     536
     509
     530
     564
     583
     547
     544
     601
     524
     562
     548
     542
     510
     579
     560
     563
     521
     568
     564
     571
     572
     556
     556
     521
     562
     499
     552
     569
     551
     546
     541
     543
     556
     553
     575
     565
     564
     554
     536
     509
     591
     551
     529
     553
     493
     533
     525
     541
     538
     566
     542
     551
     577
     550
     546
     533
     519
     567
     536
     534
     549
     505
     549
     515
     578
     543
     553
     535
     539
     491
     516
     547
     537
     549
     560
     499
     555
     577
     528
     547
     544
     549
     545
     524
     508
     548
     508
     510
     488
     526
     540
     562
     582
     544
     526
     537
     519
     564
     495
     558
     537
     536
     535
     566
     522
     525
     517
     520
     553
     542
     528
     529
     533
     480
     531
     495
     479
     518
     464
     543
     519
     504
     517
     539
     518
     547
     579
     507
     561
     521
     475
     536
     507
     473
     525
     533
     535
     524
     508
     520
     483
     530
     525
     505
     465
     500
     513
     495
     499
     517
     539
     518
     497
     535
     540
     552
     505
     536
     520
     498
     498
     516
     509
     534
     556
     505
     508
     475
     499
     471
     487
     454
     469
     520
     518
     459
     499
     514
     506
     503
     490
     546
     475
     512
     481
     465
     506
     511
     492
     517
     480
     476
     507
     419
     487
     539
     506
     485
     509
     476
     509
     541
     502
     465
     463
     489
     512
     463
     508
     519
     481
     480
     485
     469
     514
     468
     484
     492
     498
     540
     480
     528
     509
     475
     491
     473
     472
     483
     453
     465
     475
     518
     467
     469
     491
     497
     496
     478
     488
     483
     465
     504
     456
     434
     481
     471
     498
     488
     480
     449
     477
     508
     481
     470
     451
     494
     488
     464
     485
     493
     529
     487
     462
     460
     459
     480
     446
     477
     496
     487
     476
     476
     504
     507
     438
     452
     462
     461
     488
     464
     452
     467
     421
     446
     491
     495
     479
     484
     475
     487
     453
     485
     471
     518
     495
     508
     453
     477
     455
     460
     441
     462
     435
     487
     470
     473
     494
     496
     432
     448
     449
     454
     483
     477
     460
     478
     458
     461
     474
     433
     467
     461
     487
     465
     465
     464
     475
     494
     459
     451
     472
     474
     421
     470
     457
     460
     448
     457
     417
     471
     493
     460
     494
     459
     433
     453
     466
     447
     455
     463
     472
     477
     460
     447
     452
     464
     474
     439
     432
     442
     490
     464
     461
     473
     473
     441
     472
     454
     457
     437
     479
     459
     467
     452
     470
     438
     457
     431
     436
     467
     488
     472
     434
     456
     459
     443
     450
     456
     482
     458
     438
     500
     477
     455
     438
     469
     452
     476
     445
     433
     498
     423
     436
     442
     461
     445
     441
     450
     425
     450
     435
     440
     408
     445
     452
     483
     446
     425
     456
     471
     464
     449
     471
     422
     433
     421
     463
     464
     410
     435
     425
     452
     430
     467
     417
     424
     436
     427
     476
     457
     462
     461
     423
     432
     461
     472
     404
     466
     465
     437
     437
     434
     458
     448
     428
     434
     461
     449
     418
     428
     415
     436
     457
     465
     419
     432
     432
     446
     404
     417
     441
     442
     450
     401
     440
     413
     430
     420
     418
     474
     438
     465
     448
     410
     418
     440
     434
     462
     464
     431
     456
     427
     420
     436
     441
     470
     468
     455
     466
     430
     437
     445
     444
     442
     441
     443
     424
     446
     432
     417
     447
     465
     424
     435
     433
     413
     411
     433
     433
     412
     439
     398
     450
     452
     437
     420
     461
     429
     419
     443
     470
     393
     448
     434
     409
     402
     400
     440
     409
     433
     417
     431
     450
     436
     422
     422
     425
     395
     418
     412
     414
     406
     432
     443
     418
     431
     407
     395
     454
     382
     411
     399
     426
     429
     437
     440
     404
     427
     446
     452
     446
     452
     447
     433
     445
     451
     432
     420
     429
     439
     386
     417
     418
     433
     428
     423
     443
     420
     412
     434
     425
     399
     413
     420
     450
     398
     386
     419
     458
     409
     430
     450
     420
     430
     442
     417
     446
     420
     404
     422
     384
     412
     413
     439
     408
     430
     458
     436
     442
     451
     435
     459
     448
     421
     393
     417
     416
     423
     400
     378
     416
     416
     395
     423
     437
     421
     415
     441
     408
     405
     429
     429
     437
     385
     424
     400
     401
     419
     415
     387
     476
     421
     410
     414
     408
     424
     442
     380
     421
     448
     390
     455
     413
     413
     406
     433
     463
     412
     424
     399
     387
     428
     418
     408
     371
     396
     427
     419
     406
     402
     415
     436
     445
     426
     417
     442
     415
     387
     402
     398
     407
     428
     390
     464
     429
     411
     459
     419
     419
     413
     405
     414
     401
     382
     414
     401
     394
     427
     427
     422
     429
     393
     400
     400
     413
     417
     424
     399
     377
     372
     455
     376
     449
     438
     379
     373
     404
     433
     423
     404
     438
     405
     431
     408
     393
     385
     405
     413
     390
     432
     390
     402
     420
     440
     388
     418
     428
     393
     434
     407
     378
     423
     416
     411
     399
     446
     433
     365
     409
     428
     418
     390
     401
     384
     443
     427
     423
     385
     444
     412
     446
     428
     390
     442
     378
     413
     438
     409
     386
     380
     380
     388
     357
     396
     416
     397
     402
     419
     400
     389
     411
     411
     431
     414
     424
     404
     401
     376
     408
     411
     413
     427
     387
     409
     398
     430
     435
     443
     404
     422
     372
     413
     400
     422
     428
     401
     454
     389
     389
     430
     418
     371
     370
     417
     413
     426
     389
     413
     392
     399
     396
     414
     417
     414
     405
     376
     425
     374
     416
     379
     386
     385
     379
     408
     405
     424
     427
     386
     440
     396
     431
     403
     378
     397
     363
     389
     425
     421
     415
     401
     412
     420
     429
     410
     434
     438
     412
     379
     402
     383
     398
     414
     373
     418
     397
     371
     405
     409
     400
     393
     406
     398
     441
     412
     400
     383
     383
     428
     436
     411
     437
     400
     393
     370
     401
     417
     399
     368
     373
     409
     406
     406
     412
     437
     377
     402
     400
     425
     439
     406
     418
     409
     449
     422
     421
     370
     409
     407
     431
     395
     415
     376
     401
     388
     374
     369
     362
     391
     420
     421
     391
     396
     398
     394
     432
     391
     422
     422
     375
     405
     383
     417
     394
     405
     416
     364
     407
     362
     423
     403
     412
     396
     394
     396
     421
     384
     420
     437
     393
     429
     368
     437
     358
     435
     388
     391
     425
     430
     430
     420
     376
     421
     399
     415
     423
     403
     404
     413
     382
     405
     435
     387
     393
     380
     406
     425
     377
     386
     416
     389
     394
     356
     365
     424
     380
     414
     398
     383
     400
     402
     406
     405
     402
     408
     444
     387
     391
     361
     394
     442
     378
     433
     400
     419
     401
     392
     428
     398
     355
     416
     418
     401
     409
     381
     403
     382
     391
     396
     409
     395
     362
     389
     391
     405
     397
     422
     403
     394
     345
     416
     373
     410
     393
     393
     387
     381
     403
     390
     408
     411
     409
     371
     409
     408
     411
     376
     380
     369
     409
     378
     399
     378
     396
     383
     403
     367
     416
     403
     396
     401
     356
     393
     397
     385
     391
     406
     400
     457
     405
     378
     420
     374
     409
     374
     398
     361
     405
     423
     393
     374
     393
     393
     379
     402
     399
     370
     371
     430
     385
     404
     432
     381
     368
     388
     389
     367
     428
     376
     392
     384
     373
     368
     397
     365
     374
     395
     420
     383
     413
     423
     408
     366
     396
     397
     395
     359
     381
     367
     378
     369
     405
     391
     352
     388
     394
     386
     403
     381
     363
     349
     382
     378
     390
     397
     445
     431
     376
     388
     405
     410
     380
     378
     387
     374
     356
     408
     408
     407
     424
     409
     377
     377
     398
     366
     373
     412
     405
     371
     439
     423
     383
     384
     390
     377
     365
     368
     384
     363
     387
     373
     348
     389
     371
     385
     391
     395
     376
     371
     401
     377
     393
     379
     400
     380
     370
     397
     368
     376
     415
     343
     395
     394
     404
     374
     376
     387
     361
     362
     366
     374
     377
     347
     411
     348
     368
     386
     390
     388
     357
     397
     338
     384
     390
     400
     397
     374
     390
     380
     393
     345
     369
     390
     356
     362
     361
     396
     352
     395
     400
     384
     388
     369
     414
     403
     390
     370
     367
     383
     381
     393
     406
     354
     360
     396
     396
     413
     373
     367
     386
     426
     392
     394
     368
     364
     391
     415
     363
     379
     361
     376
     390
     408
     368
     408
     377
     379
     399
     382
     349
     370
     371
     373
     365
     383
     368
     372
     394
     366
     353
     392
     389
     395
     370
     357
     371
     363
     343
     342
     373
     392
     375
     357
     341
     370
     368
     396
     356
     368
     369
     346
     405
     385
     355
     415
     400
     344
     370
     381
     393
     389
     379
     386
     371
     358
     377
     382
     365
     395
     355
     393
     363
     354
     399
     399
     398
     382
     378
     364
     377
     392
     405
     396
     393
     410
     389
     378
     405
     420
     387
     373
     374
     365
     365
     396
     365
     395
     359
     383
     375
     385
     334
     386
     397
     370
     351
     354
     360
     389
     380
     371
     369
     419
     393
     364
     400
     366
     390
     371
     395
     394
     386
     381
     360
     389
     392
     392
     334
     372
     396
     388
     375
     363
     334
     379
     376
     406
     367
     371
     365
     373
     376
     382
     363
     353
     381
     365
     362
     392
     356
     382
     368
     364
     391
     391
     380
     350
     404
     349
     351
     386
     344
     381
     368
     412
     353
     373
     353
     367
     378
     388
     373
     395
     350
     379
     372
     372
     362
     360
     379
     380
     352
     360
     357
     341
     361
     316
     350
     414
     334
     362
     374
     376
     392
     359
     398
     355
     394
     384
     374
     357
     369
     354
     372
     381
     319
     386
     381
     380
     327
     378
     386
     364
     409
     313
     400
     382
     366
     328
     361
     360
     371
     373
     348
     404
     391
     358
     395
     356
     346
     361
     365
     378
     373
     368
     349
     341
     375
     365
     402
     382
     373
     373
     378
     374
     353
     357
     380
     382
     348
     340
     356
     367
     409
     355
     393
     390
     376
     348
     414
     358
     348
     392
     353
     376
     366
     360
     376
     354
     371
     387
     377
     361
     367
     369
     400
     374
     366
     342
     364
     371
     384
     408
     398
     391
     373
     359
     386
     401
     397
     355
     359
     362
     371
     371
     362
     373
     370
     350
     363
     373
     384
     367
     392
     397
     369
     410
     382
     380
     341
     407
     374
     369
     389
     391
     370
     350
     389
     436
     354
     375
     382
     349
     359
     386
     373
     385
     390
     374
     375
     402
     376
     375
     336
     350
     358
     393
     390
     383
     347
     398
     354
     354
     390
     365
     388
     372
     370
     367
     362
     406
     407
     358
     372
     384
     388
     361
     372
     391
     352
     378
     363
     400
     369
     382
     340
     374
     368
     355
     413
     409
     379
     378
     366
     399
     331
     366
     381
     373
     362
     343
     364
     359
     382
     382
     404
     393
     387
     392
     364
     350
     371
     363
     356
     354
     394
     371
     360
     397
     323
     361
     364
     352
     404
     361
     341
     372
     367
     396
     365
     351
     403
     358
     394
     378
     392
     383
     351
     372
     347
     368
     358
     350
     367
     384
     373
     359
     385
     373
     382
     380
     339
     377
     349
     379
     369
     387
     372
     401
     396
     383
     383
     342
     368
     382
     412
     353
     366
     351
     392
     399
     360
     355
     382
     363
     367
     346
     361
     357
     357
     388
     375
     361
     378
     346
     358
     385
     374
     372
     370
     371
     353
     392
     368
     378
     363
     337
     401
     389
     381
     333
     372
     375
     363
     377
     351
     360
     344
     381
     392
     372
     394
     379
     374
     365
     382
     345
     348
     369
     397
     381
     360
     367
     349
     409
     346
     371
     384
     356
     401
     368
     337
     392
     385
     392
     361
     367
     400
     392
     355
     352
     378
     347
     379
     335
     379
     361
     398
     356
     371
     375
     379
     378
     324
     376
     342
     391
     359
     382
     389
     366
     361
     357
     384
     372
     381
     406
     393
     364
     353
     373
     370
     404
     354
     338
     364
     384
     381
     404
     330
     371
     392
     372
     360
     352
     378
     369
     365
     399
     389
     368
     352
     359
     367
     370
     383
     352
     345
     361
     357
     382
     382
     375
     373
     358
     357
     362
     353
     368
     347
     366
     318
     373
     368
     411
     360
     344
     367
     373
     385
     350
     362
     355
     352
     358
     398
     353
     349
     370
     376
     342
     389
     359
     340
     396
     353
     359
     357
     351
     368
     355
     362
     367
     367
     345
     376
     386
     376
     340
     353
     367
     368
     388
     373
     386
     352
     376
     350
     371
     360
     376
     384
     362
     363
     376
     370
     364
     342
     377
     363
     369
     362
     378
     391
     368
     354
     356
     377
     377
     386
     380
     373
     371
     366
     370
     368
     369
     340
     362
     375
     351
     385
     376
     331
     368
     361
     392
     394
     350
     375
     367
     342
     355
     369
     367
     376
     351
     377
     376
     393
     372
     349
     377
     376
     374
     335
     343
     404
     382
     360
     409
     392
     349
     372
     358
     351
     344
     372
     358
     395
     409
     374
     376
     354
     358
     365
     359
     384
     350
     377
     378
     412
     383
     343
     342
     336
     375
     387
     385
     390
     360
     395
     344
     388
     402
     385
     359
     359
     408
     368
     354
     390
     367
     386
     367
     371
     383
     383
     334
     375
     377
     387
     338
     397
     364
     331
     373
     365
     383
     357
     375
     374
     369
     360
     383
     416
     375
     364
     370
     343
     371
     395
     335
     374
     377
     369
     375
     338
     362
     357
     389
     395
     330
     397
     385
     416
     352
     378
     376
     375
     369
     389
     356
     391
     382
     359
     394
     416
     390
     346
     384
     391
     348
     359
     387
     373
     368
     387
     367
     356
     350
     387
     378
     388
     377
     390
     379
     365
     379
     339
     372
     395
     352
     356
     359
     340
     386
     373
     380
     355
     393
     338
     363
     373
     356
     383
     391
     387
     414
     359
     354
     407
     346
     365
     372
     358
     377
     390
     374
     386
     337
     370
     401
     359
     378
     380
     387
     380
     367
     354
     338
     374
     335
     372
     348
     420
     370
     390
     345
     358
     366
     364
     380
     362
     365
     397
     376
     397
     380
     383
     376
     385
     374
     383
     395
     367
     387
     387
     381
     396
     365
     360
     351
     388
     373
     384
     391
     391
     326
     345
     359
     403
     372
     359
     382
     377
     348
     392
     381
     345
     370
     381
     406
     360
     364
     383
     378
     380
     406
     335
     364
     420
     388
     352
     360
     403
     372
     369
     365
     379
     371
     369
     388
     383
     356
     350
     360
     364
     396
     338
     369
     359
     381
     355
     382
     393
     375
     359
     369
     360
     388
     387
     418
     310
     393
     364
     362
     391
     375
     392
     371
     347
     356
     354
     378
     403
     409
     399
     382
     398
     388
     361
     353
     400
     404
     405
     398
     353
     374
     373
     407
     371
     353
     385
     374
     401
     379
     402
     368
     436
     396
     364
     408
     395
     411
     373
     380
     358
     371
     363
     401
     357
     369
     380
     371
     374
     393
     359
     399
     356
     376
     371
     397
     384
     407
     362
     371
     383
     370
     383
     374
     342
     375
     371
     390
     378
     375
     372
     365
     383
     388
     406
     403
     383
     376
     366
     367
     361
     358
     405
     359
     402
     398
     390
     384
     369
     365
     344
     358
     415
     414
     384
     433
     348
     377
     382
     362
     352
     390
     373
     365
     366
     383
     361
     371
     354
     417
     369
     371
     372
     383
     361
     402
     371
     382
     398
     406
     385
     345
     378
     368
     384
     405
     374
     383
     393
     395
     370
     415
     356
     397
     343
     354
     353
     369
     411
     391
     384
     352
     353
     353
     391
     389
     411
     373
     358
     391
     373
     383
     383
     355
     359
     389
     374
     398
     365
     393
     376
     398
     378
     365
     389
     396
     365
     378
     401
     350
     358
     362
     379
     399
     351
     413
     427
     391
     398
     426
     391
     375
     381
     393
     350
     407
     426
     337
     389
     373
     404
     385
     349
     401
     403
     355
     383
     402
     372
     385
     414
     348
     354
     398
     369
     386
     352
     387
     389
     399
     395
     369
     432
     395
     395
     368
     361
     401
     360
     411
     376
     387
     377
     373
     381
     395
     389
     411
     402
     393
     407
     386
     396
     399
     380
     387
     414
     371
     383
     331
     374
     365
     377
     383
     369
     396
     374
     397
     366
     391
     373
     380
     368
     360
     407
     399
     356
     388
     391
     353
     364
     401
     396
     396
     345
     396
     369
     402
     384
     384
     402
     373
     413
     389
     405
     385
     381
     367
     374
     382
     376
     392
     394
     387
     378
     368
     401
     407
     396
     384
     396
     424
     383
     377
     392
     355
     360
     381
     388
     362
     375
     392
     411
     391
     425
     391
     400
     396
     389
     380
     394
     408
     367
     420
     426
     411
     408
     359
     358
     400
     356
     403
     371
     379
     417
     391
     377
     360
     414
     380
     362
     393
     375
     381
     399
     358
     363
     418
     375
     375
     368
     390
     389
     389
     398
     388
     394
     409
     391
     393
     402
     385
     419
     382
     367
     407
     373
     426
     378
     402
     391
     431
     412
     370
     379
     362
     363
     442
     393
     353
     371
     369
     388
     395
     381
     353
     378
     386
     359
     396
     431
     356
     402
     383
     388
     399
     373
     421
     388
     365
     381
     334
     417
     393
     379
     378
     382
     389
     370
     396
     378
     446
     374
     400
     374
     417
     340
     366
     431
     379
     393
     386
     417
     365
     383
     381
     383
     376
     342
     374
     377
     366
     374
     391
     397
     354
     360
     374
     377
     352
     358
     375
     360
     337
     370
     374
     375
     388
     340
     380
     364
     390
     400
     375
     374
     421
     388
     387
     332
     376
     384
     374
     360
     387
     345
     378
     394
     381
     372
     368
     335
     385
     375
     375
     392
     379
     347
     380
     410
     353
     348
     361
     377
     400
     382
     354
     361
     368
     335
     371
     393
     344
     355
     332
     363
     338
     348
     348
     356
     349
     367
     361
     364
     343
     375
     341
     364
     332
     376
     359
     367
     375
     363
     359
     345
     390
     347
     351
     349
     358
     350
     339
     345
     370
     359
     354
     324
     331
     384
     359
     350
     350
     337
     359
     352
     355
     350
     340
     360
     317
     345
     374
     308
     328
     352
     383
     336
     352
     362
     335
     345
     364
     341
     349
     344
     337
     324
     321
     345
     336
     367
     361
     372
     343
     335
     349
     321
     316
     360
     302
     337
     334
     340
     352
     363
     307
     336
     373
     326
     318
     334
     355
     331
     318
     336
     317
     332
     308
     359
     332
     363
     359
     338
     337
     344
     329
     341
     314
     311
     347
     331
     323
     342
     353
     347
     355
     312
     318
     307
     298
     299
     308
     298
     306
     282
     329
     323
     331
     331
     308
     335
     323
     327
     327
     321
     318
     290
     317
     329
     296
     328
     319
     318
     294
     329
     330
     314
     268
     314
     286
     307
     310
     311
     308
     302
     313
     330
     310
     327
     305
     305
     288
     322
     308
     284
     319
     318
     281
     325
     331
     308
     293
     302
     324
     315
     299
     302
     297
     311
     321
     328
     286
     324
     311
     332
     302
     295
     288
     343
     309
     286
     303
     270
     299
     296
     319
     299
     287
     290
     320
     303
     302
     332
     301
     290
     293
     266
     278
     274
     310
     279
     277
     343
     290
     295
     298
     284
     305
     280
     293
     313
     278
     293
     297
     308
     271
     291
     291
     296
     303
     274
     274
     303
     266
     307
     267
     297
     315
     283
     297
     252
     276
     319
     303
     291
     275
     293
     275
     297
     284
     293
     300
     297
     306
     290
     312
     277
     270
     276
     278
     285
     283
     297
     285
     258
     296
     274
     296
     276
     274
     299
     274
     276
     276
     309
     284
     258
     276
     297
     316
     278
     275
     266
     276
     301
     298
     263
     256
     286
     286
     266
     294
     271
     267
     268
     244
     296
     308
     270
     274
     310
     297
     264
     270
     291
     248
     273
     294
     286
     263
     265
     287
     288
     259
     282
     263
     252
     289
     270
     267
     226
     311
     250
     264
     292
     292
     267
     299
     291
     287
     301
     292
     274
     265
     257
     294
     247
     260
     267
     246
     264
     289
     264
     250
     289
     256
     261
     266
     276
     248
     264
     303
     289
     277
     259
     274
     276
     260
     264
     273
     264
     297
     255
     308
     262
     288
     260
     267
     274
     259
     290
     248
     275
     298
     265
     276
     273
     254
     286
     245
     262
     254
     255
     262
     268
     264
     269
     269
     258
     282
     277
     249
     258
     264
     247
     278
     260
     275
     244
     314
     249
     290
     255
     265
     244
     233
     250
     254
     243
     258
     275
     265
     224
     248
     271
     259
     260
     258
     272
     284
     291
     256
     281
     247
     245
     270
     277
     277
     264
     282
     278
     271
     263
     235
     260
     244
     263
     275
     257
     274
     297
     252
     245
     266
     253
     234
     254
     230
     232
     249
     249
     265
     254
     269
     256
     279
     282
     276
     266
     245
     263
     260
     254
     271
     255
     264
     256
     275
     257
     235
     264
     279
     227
     247
     252
     254
     259
     252
     235
     244
     263
     272
     229
     269
     283
     248
     251
     219
     235
     237
     247
     238
     256
     255
     264
     253
     259
     265
     271
     277
     246
     267
     249
     247
     278
     234
     252
     242
     217
     247
     267
     277
     249
     278
     250
     250
     239
     269
     269
     230
     245
     249
     235
     255
     234
     265
     273
     263
     258
     261
     239
     247
     241
     248
     265
     204
     238
     215
     251
     239
     271
     233
     255
     256
     238
     262
     249
     254
     240
     239
     255
     230
     214
     242
     242
     250
     262
     235
     215
     269
     259
     249
     246
     225
     222
     233
     229
     245
     251
     227
     251
     226
     262
     233
     214
     249
     242
     228
     256
     249
     233
     253
     268
     246
     250
     226
     235
     227
     260
     230
     234
     219
     249
     226
     227
     227
     251
     252
     255
     233
     234
     211
     213
     235
     218
     249
     230
     221
     259
     233
     223
     253
     235
     224
     233
     230
     248
     237
     238
     241
     240
     243
     211
     231
     222
     231
     227
     237
     230
     221
     222
     216
     224
     237
     206
     245
     230
     233
     212
     257
     216
     235
     215
     230
     249
     232
     226
     242
     226
     238
     232
     230
     204
     215
     249
     194
     247
     232
     203
     225
     222
     213
     238
     215
     221
     221
     227
     224
     233
     203
     196
     246
     233
     244
     201
     202
     243
     209
     227
     229
     216
     233
     233
     224
     230
     218
     255
     232
     221
     206
     191
     215
     213
     227
     234
     204
     218
     208
     206
     229
     218
     201
     217
     204
     198
     195
     209
     223
     233
     210
     200
     205
     230
     213
     202
     224
     217
     191
     232
     245
     229
     206
     207
     215
     170
     205
     205
     213
     211
     221
     211
     189
     213
     192
     191
     207
     206
     173
     248
     192
     195
     248
     232
     214
     232
     245
     214
     211
     234
     217
     199
     190
     197
     217
     182
     232
     212
     199
     207
     199
     200
     208
     196
     217
     207
     201
     209
     208
     211
     184
     206
     218
     202
     199
     210
     215
     189
     199
     218
     241
     197
     215
     211
     203
     193
     228
     216
     209
     201
     227
     224
     178
     210
     206
     211
     222
     199
     216
     246
     237
     213
     213
     216
     222
     243
     215
     209
     233
     208
     211
     209
     228
     245
     188
     190
     229
     219
     224
     203
     211
     211
     199
     219
     247
     243
     224
     234
     256
     211
     206
     193
     209
     218
     242
     207
     201
     210
     246
     214
     236
     234
     209
     227
     203
     223
     222
     240
     219
     231
     234
     246
     261
     258
     219
     233
     246
     233
     228
     221
     228
     248
     226
     252
     242
     248
     248
     245
     247
     237
     253
     235
     245
     240
     233
     234
     221
     230
     285
     239
     271
     221
     276
     251
     268
     262
     244
     225
     245
     258
     260
     232
     269
     260
     254
     270
     264
     280
     271
     252
     260
     263
     296
     283
     264
     270
     267
     283
     280
     262
     260
     271
     260
     278
     254
     287
     283
     256
     318
     261
     308
     288
     260
     298
     267
     286
     312
     307
     296
     260
     274
     323
     302
     297
     271
     290
     303
     295
     308
     298
     302
     306
     283
     288
     302
     293
     315
     308
     316
     312
     288
     317
     313
     313
     298
     365
     319
     315
     342
     332
     335
     313
     327
     353
     338
     329
     291
     337
     352
     321
     301
     347
     351
     332
     312
     332
     335
     358
     339
     341
     359
     356
     349
     344
     319
     362
     362
     376
     373
     341
     372
     308
     362
     379
     389
     361
     335
     390
     349
     362
     333
     352
     399
     357
     358
     378
     378
     333
     364
     385
     383
     357
     406
     393
     360
     354
     387
     408
     388
     373
     378
     371
     424
     419
     380
     410
     382
     385
     395
     354
     408
     373
     379
     391
     378
     401
     370
     404
     420
     464
     404
     415
     445
     423
     429
     391
     427
     416
     409
     403
     404
     420
     470
     421
     438
     421
     418
     408
     427
     389
     411
     436
     401
     452
     421
     391
     433
     443
     409
     433
     439
     414
     434
     395
     385
     436
     431
     419
     427
     426
     438
     461
     443
     444
     446
     493
     422
     439
     464
     443
     400
     418
     422
     446
     444
     409
     465
     435
     446
     452
     410
     424
     420
     417
     440
     439
     444
     432
     416
     435
     458
     465
     454
     388
     437
     420
     427
     450
     415
     480
     437
     455
     421
     496
     441
     479
     437
     400
     455
     449
     439
     460
     449
     475
     417
     446
     459
     409
     447
     428
     437
     412
     403
     439
     421
     418
     388
     458
     429
     429
     441
     470
     402
     427
     418
     460
     457
     449
     429
     445
     423
     428
     405
     427
     417
     434
     407
     423
     415
     453
     423
     434
     402
     421
     413
     439
     479
     424
     424
     431
     449
     404
     433
     426
     418
     390
     377
     412
     403
     379
     411
     434
     391
     417
     420
     422
     402
     388
     408
     377
     401
     413
     393
     464
     411
     396
     374
     377
     357
     391
     391
     396
     407
     415
     395
     393
     378
     384
     374
     399
     343
     335
     345
     369
     349
     378
     375
     387
     351
     397
     341
     359
     393
     348
     388
     379
     364
     350
     366
     395
     341
     341
     375
     362
     337
     369
     315
     327
     352
     344
     328
     330
     331
     388
     321
     366
     354
     340
     335
     337
     322
     337
     304
     316
     295
     319
     307
     360
     342
     325
     313
     272
     320
     325
     311
     310
     300
     298
     328
     308
     300
     309
     284
     312
     314
     276
     308
     277
     299
     282
     321
     278
     288
     315
     288
     272
     258
     269
     292
     268
     258
     259
     281
     282
     286
     279
     281
     267
     245
     221
     260
     267
     273
     257
     263
     247
     245
     239
     253
     232
     241
     254
     281
     258
     263
     236
     237
     211
     222
     250
     271
     245
     241
     250
     256
     220
     214
     216
     205
     221
     209
     219
     218
     219
     205
     202
     222
     215
     204
     200
     224
     216
     214
     204
     202
     189
     224
     177
     198
     195
     204
     206
     211
     207
     202
     198
     177
     178
     165
     194
     188
     192
     159
     200
     189
     171
     184
     169
     196
     206
     164
     178
     184
     189
     186
     164
     164
     192
     174
     184
     169
     187
     159
     160
     180
     162
     166
     167
     175
     174
     187
     169
     178
     166
     160
     179
     163
     170
     157
     149
     161
     176
     166
     144
     142
     174
     138
     161
     168
     148
     128
     143
     159
     140
     142
     153
     155
     132
     149
     131
     151
     134
     157
     179
     134
     147
     137
     125
     127
     142
     134
     141
     149
     137
     160
     128
     147
     165
     146
     133
     136
     129
     136
     142
     155
     147
     160
     129
     138
     145
     129
     121
     138
     133
     130
     157
     140
     119
     132
     138
     158
     156
     121
     137
     142
     123
     143
     126
     141
     124
     121
     130
     139
     135
     129
     136
     115
     156
     131
     135
     148
     138
     131
     118
     119
     126
     151
     133
     128
     142
     126
     117
     132
     156
     139
     116
     138
     128
     141
     149
     148
     136
     150
     143
     150
     135
     154
     114
     130
     144
     148
     142
     142
     155
     143
     155
     156
     130
     140
     160
     145
     135
     172
     162
     147
     158
     147
     143
     170
     163
     153
     154
     154
     145
     173
     166
     156
     142
     164
     152
     144
     166
     171
     156
     171
     147
     151
     190
     163
     178
     161
     174
     159
     167
     183
     168
     155
     161
     187
     184
     169
     152
     171
     173
     166
     201
     183
     178
     170
     171
     163
     182
     197
     186
     195
     177
     191
     166
     205
     180
     195
     164
     194
     176
     186
     206
     193
     221
     215
     193
     193
     197
     196
     196
     203
     202
     185
     203
     210
     211
     211
     188
     204
     205
     207
     207
     186
     217
     220
     206
     233
     225
     196
     208
     195
     237
     218
     229
     210
     250
     199
     232
     228
     244
     222
     221
     222
     245
     241
     208
     249
     221
     240
     226
     259
     234
     266
     200
     238
     247
     232
     232
     238
     238
     248
     258
     255
     230
     213
     234
     223
     236
     260
     292
     246
     267
     261
     267
     251
     275
     253
     269
     251
     274
     266
     294
     263
     274
     271
     272
     279
     289
     246
     245
     248
     268
     308
     279
     276
     304
     264
     248
     294
     313
     241
     302
     254
     294
     289
     307
     310
     297
     272
     262
     287
     284
     277
     283
     305
     294
     272
     296
     291
     304
     306
     323
     296
     300
     304
     302
     290
     273
     281
     283
     271
     327
     310
     304
     300
     324
     314
     311
     324
     293
     283
     296
     299
     304
     292
     289
     299
     336
     322
     318
     310
     306
     297
     296
     295
     327
     312
     306
     330
     312
     329
     292
     324
     342
     313
     325
     336
     317
     323
     326
     317
     331
     328
     320
     326
     299
     298
     350
     310
     319
     360
     340
     319
     312
     292
     351
     320
     333
     337
     329
     329
     309
     337
     323
     307
     326
     321
     328
     334
     320
     354
     310
     335
     370
     336
     337
     333
     330
     331
     323
     339
     321
     333
     324
     333
     324
     334
     320
     365
     364
     328
     324
     331
     337
     359
     319
     340
     357
     313
     325
     337
     346
     338
     304
     346
     364
     288
     322
     330
     334
     314
     324
     343
     302
     290
     349
     329
     331
     317
     338
     317
     312
     293
     321
     301
     309
     313
     331
     308
     342
     319
     292
     336
     320
     339
     307
     302
     326
     292
     298
     293
     302
     315
     306
     319
     311
     302
     291
     263
     304
     293
     287
     290
     321
     323
     309
     326
     310
     292
     299
     273
     297
     280
     298
     331
     297
     294
     316
     303
     304
     288
     278
     290
     321
     325
     297
     292
     295
     303
     275
     252
     294
     277
     304
     288
     329
     269
     266
     280
     283
     249
     280
     288
     265
     279
     281
     268
     259
     269
     266
     251
     271
     290
     266
     261
     252
     270
     260
     262
     264
     263
     260
     273
     229
     283
     254
     237
     229
     224
     244
     263
     236
     233
     247
     272
     265
     283
     241
     225
     230
     245
     240
     236
     233
     228
     219
     224
     223
     207
     240
     233
     205
     218
     264
     208
     210
     221
     208
     198
     212
     227
     200
     231
     226
     187
     212
     199
     204
     188
     209
     217
     213
     197
     204
     198
     210
     198
     197
     212
     175
     185
     203
     205
     199
     186
     201
     174
     174
     212
     175
     183
     169
     190
     164
     187
     151
     164
     186
     148
     185
     168
     177
     158
     170
     151
     160
     145
     151
     170
     166
     148
     168
     170
     143
     163
     149
     149
     159
     163
     132
     158
     131
     162
     146
     140
     144
     134
     147
     142
     130
     164
     130
     132
     140
     132
     143
     145
     135
     130
     129
     135
     119
     132
     129
     126
     119
     113
     122
     117
     119
     131
     144
     101
     129
     127
     107
     109
     129
     110
     105
     110
     110
     128
     107
     104
      97
      96
      89
     102
     118
     106
     105
      87
     102
     109
      98
      83
      93
     103
      96
      88
     108
      90
      86
      85
      92
      81
      95
      78
      90
      81
     110
      79
      78
      80
      79
      79
      82
      87
      73
      79
      70
      87
      75
      75
      87
      86
      61
      74
      80
      80
      80
      74
      76
      66
      81
      72
      53
      64
      55
      72
      67
      66
      60
      63
      68
      58
      74
      67
      74
      73
      60
      67
      79
      46
      57
      53
      69
      55
      52
      57
      54
      56
      61
      45
      52
      56
      60
      50
      56
      49
      64
      51
      49
      58
      44
      37
      49
      43
      41
      51
      38
      46
      43
      42
      41
      44
      44
      52
      39
      47
      46
      58
      44
      35
      31
      48
      42
      41
      53
      47
      48
      36
      24
      37
      49
      33
      32
      36
      42
      41
      32
      36
      27
      24
      28
      32
      36
      32
      41
      27
      35
      30
      42
      35
      28
      29
      41
      18
      31
      31
      38
      26
      25
      24
      27
      30
      29
      24
      30
      20
      31
      30
      22
      25
      32
      18
      23
      30
      21
      33
      26
      18
      23
      29
      26
      26
      24
      20
      24
      25
      31
      26
      25
      23
      18
      23
      18
      18
      22
      20
      17
      22
      22
      15
      18
      19
      17
      19
      22
      14
      12
      13
      22
      10
      13
      20
      23
      17
      22
      12
      21
      18
      14
      21
      13
      21
      16
      12
      20
      14
      17
      18
      20
      16
      24
      22
      22
      17
      20
      14
      12
      12
      15
      14
      14
      21
      17
      15
      11
       9
       9
      10
      11
      14
       9
      12
      12
      17
      12
      17
       7
       9
      12
      11
       9
      10
       9
      11
      10
       6
      12
      12
      10
      11
      15
       9
       7
      12
      11
      10
       9
       9
      12
       7
      11
      13
       7
      14
      10
       8
      15
      11
      13
       9
      11
       5
      18
      12
      10
       9
      10
      12
       3
       4
       9
       9
       7
      15
       6
       7
       9
       8
       7
       9
      14
      12
      10
       3
      10
      11
      10
       8
       8
       5
       4
      12
       9
       6
      11
      10
       9
       8
       6
       4
      11
       8
      11
      12
       9
      13
       8
      12
      10
       6
      13
      11
      10
       8
       7
       7
       8
       5
      17
       4
       7
       7
       8
       7
       9
       9
       5
       7
      15
       6
       9
       4
       8
       8
       9
       4
       7
      10
       7
       8
       5
       7
      10
       7
       7
       4
      11
      11
       8
       6
       5
       4
       9
       6
       4
       7
      11
       9
      11
      10
       7
       3
       7
      11
       6
       5
       4
       3
       6
       5
       4
       4
      11
       7
       5
      10
       3
       6
       8
       4
      10
       8
      14
       7
       7
      14
       8
       4
       9
       6
      13
      14
      11
       9
       5
       8
       4
       6
       7
       6
       4
       7
       8
       6
       5
       9
       8
       7
       6
       3
       4
       7
       9
       7
       5
       3
       5
       2
       6
      12
       5
       8
       5
       3
       6
       6
       7
      13
       9
       5
       5
       4
       6
       9
      10
       7
       6
       5
       8
       4
       6
       5
       8
       7
       9
       3
       9
      11
       8
       9
       4
      12
       4
       7
       9
       6
       6
       8
       5
       8
       8
       9
       2
       3
       5
       6
       8
       9
       2
       7
       7
       9
       6
       4
       2
       5
       5
       7
       3
       4
       5
       3
       6
       7
      11
       9
       6
       7
       3
       8
       3
       4
       6
       5
       8
       6
       3
       7
       9
       4
       4
      10
      10
       5
       8
       5
       5
      12
       3
       9
       6
       6
       4
       6
       2
       6
       7
      10
       5
       6
       8
       3
       8
      11
       6
       4
       5
       9
       4
       3
       4
       8
       0
       5
       8
       5
       4
       3
       4
       3
       7
       1
       2
       9
      10
       5
       4
       3
       4
       8
       4
       5
       7
       8
       7
       6
       5
       6
       5
       8
      12
       2
       7
       6
      12
       7
       8
      11
       7
       4
       4
       7
       5
       7
       7
       7
       5
       5
       5
       9
       6
       7
       5
      12
       2
       7
      10
       5
       4
       3
       5
       6
       3
       3
       4
      10
       4
       2
       2
       9
       6
       6
       8
       4
       5
       5
       6
       8
       6
       6
       3
       4
       5
       7
       7
       4
       8
       5
       5
       5
       4
       5
       5
       4
       8
       8
       7
       6
       6
       8
       4
       5
       6
       6
       5
       9
       5
       5
       3
       4
       3
       5
       6
       4
       5
       5
       6
       5
       7
       6
       5
       2
       3
       8
       4
       3
       8
       2
       4
       2
       7
       4
       5
       7
       4
       6
       4
       3
       6
       2
       3
      10
       6
       8
       3
       5
       5
       1
       6
       4
       8
       6
       6
       5
       6
       6
       8
       3
       8
       4
       5
       6
       4
       7
       7
       4
       3
       4
       5
       6
       9
       7
       7
       7
       9
       5
       7
       3
       4
       6
       7
       4
       2
       4
       9
       2
       9
       5
      11
       7
       5
       6
       3
       4
       3
       5
       7
       5
       6
       4
       4
       6
       2
       7
       4
       7
       7
       4
       7
       8
      10
       6
       5
       2
       2
       5
       3
       9
       4
       6
       4
       3
      11
       6
       9
       1
       2
       6
       5
       7
       4
       5
       9
       7
       4
       8
       7
       4
       7
       2
       7
       8
       9
       8
       8
       6
       7
       5
       2
       6
       5
       5
       3
       7
       5
       4
       9
       4
       7
       4
       8
       1
       4
       5
       1
       6
       3
       8
       5
       4
       1
       3
      11
       9
       3
       3
       4
       1
       8
      10
       5
       3
       4
       2
       2
       8
       8
       5
       3
       8
       2
       7
       3
       4
       8
       5
       3
       7
       7
       7
       4
       2
       8
       5
      10
       7
      10
       5
       5
       9
       7
       3
       7
       6
       3
       3
       4
       4
       5
       7
       4
       2
       7
       3
       5
       9
       7
       3
       9
       6
       4
       5
       6
       2
       4
       4
       6
       6
       4
       6
       6
       4
       4
       4
       5
       6
       7
       4
       3
       4
       3
       3
       5
       8
       5
       3
       6
       2
       4
       8
       7
       5
       5
       9
       5
      12
       3
       3
       4
       6
       6
       3
       4
       6
       3
       6
       4
       2
       5
       5
       2
       3
       3
       2
      10
       3
       7
       9
       6
       6
       2
       3
       7
       2
       6
       1
       9
       6
       2
      10
       4
       4
       8
      11
       4
       3
       5
       8
       6
       1
       4
       3
       5
       6
       2
       3
       2
       7
       7
       8
       1
       3
       3
       6
       3
       7
       5
       6
       8
       6
       4
       5
       9
       2
       5
       7
       5
       3
       3
       7
       3
       2
       3
      11
      11
       3
       9
       5
       2
       5
       2
       5
       0
       4
       4
       7
       4
      10
       3
       4
       8
       4
       6
       6
       6
       4
      11
       3
       6
      10
       8
       4
       3
       6
       3
       7
       2
       6
       3
       9
       8
       3
       3
       4
       9
       2
       2
       5
       5
       1
       6
       2
       8
       5
       5
       6
       9
       6
      10
       1
       1
       3
       6
       4
       2
       2
       6
       5
       3
       5
       2
       2
       3
       8
       4
       4
       6
       4
       6
       1
       5
       5
       5
       2
       3
       3
      10
       2
       4
       3
       2
       7
       7
       1
       3
       4
       5
       4
       6
       7
       2
       4
       7
       2
       9
       6
       2
       6
       6
       6
       3
       4
       0
       5
       4
       3
       2
       3
      11
       6
       3
       6
       4
       1
       3
       5
       1
       5
       4
       4
       1
       3
       2
       3
       1
       7
       7
       7
       2
       1
       7
       3
       3
       3
      11
       7
       6
       6
       7
       7
       4
       3
       6
       6
       3
       6
       2
       8
       5
       8
       3
       6
       4
       2
       2
       4
       5
       1
       4
       3
       3
       2
       2
       6
       2
       7
       6
       3
       3
       3
       5
       2
       2
       4
       6
       6
       4
       2
       4
       6
       4
       2
       5
       3
       6
       5
       5
       3
       3
       5
       7
       3
       4
       9
       3
       2
       5
       1
       4
       5
       2
       1
       8
       3
       3
       5
       2
       3
       4
       1
       4
       4
       5
       3
       5
       5
       5
       5
       6
       0
       3
       1
       3
       6
       5
       1
       2
       1
       5
       3
       4
       4
       5
       3
       2
       4
       1
       3
       1
       3
       2
       3
       5
       5
       7
       3
       2
       3
       4
       4
       6
       1
       2
       6
       5
       2
       2
       4
       2
       3
       7
       3
       2
       3
       2
       4
       5
       5
       4
       6
       6
       5
       2
       6
       5
       4
       1
       3
       4
       4
       2
       3
       3
       5
       5
       3
       5
       4
       6
       0
       6
       2
       2
       3
       4
       5
       7
       2
       2
       5
       3
       2
       5
       7
       4
       9
       3
       4
       8
       2
       8
       4
       4
       1
       2
       7
       2
       3
       3
       4
       4
       3
       6
       1
       6
       3
       2
       7
       4
      10
       4
       4
       2
       3
       5
       2
       4
       4
       5
       6
       5
       2
       1
       6
       5
       3
       4
       5
       4
       6
       5
       2
       6
       3
       5
       1
       5
       0
       5
       2
       6
       2
       2
       2
       4
       3
       1
       5
       1
       4
       7
       2
       2
       5
       3
       4
       5
       5
       3
       0
       3
       9
       3
       3
       4
       1
       3
       5
       3
       3
       2
       2
       1
       1
       5
       3
       1
       3
       1
       7
       2
       4
       3
       4
       4
       3
       1
       3
       2
       4
       1
       2
       2
       2
       1
       2
       5
       3
       3
       3
       2
       5
       5
       3
       2
       2
       4
       4
       3
       1
       5
       3
       3
       3
       6
       4
       4
       1
       5
       5
       4
       3
       4
       5
       2
       3
       2
       2
       3
       5
       5
       7
       4
       1
       3
       2
       3
       6
       4
       4
       5
       9
       9
       5
       3
       2
       3
       6
       2
       4
       1
       4
       2
       3
       1
       1
       7
       4
       5
       8
       8
       5
       1
       2
       2
       0
       3
       1
       6
       8
       4
       3
       3
       1
       7
       1
       6
       3
       2
       2
       2
       3
       1
       1
       1
       0
       2
       5
       4
       2
       3
       3
       4
       4
       5
       4
       2
       6
       1
       1
       3
       3
       5
       5
       5
       4
       3
       8
       8
       4
       2
       1
       6
       2
       4
       2
       0
       6
       1
       4
       2
       3
       4
       4
       3
       2
       0
       3
       3
       5
       1
       1
       5
       5
       8
       4
       3
       6
       1
       2
       1
       3
       3
       5
       1
       6
       1
       3
       3
       3
       2
       5
       2
       2
       4
       2
       2
       2
       3
       5
       3
       5
       5
       5
       5
       2
       4
       6
       4
       4
       4
       1
       5
       3
       3
       3
       2
       5
       5
       7
       3
       1
       2
       6
       5
       5
       5
       5
       1
       4
       1
       4
       8
       3
       3
       5
       2
       5
       2
       3
       2
       4
       6
       8
       0
       4
       5
       3
       4
       3
       2
       5
       1
       5
       7
       5
       2
       3
       1
       2
       0
       4
       2
       1
       1
       6
       3
       2
       2
       1
       5
       2
       3
       3
       4
       2
       5
       4
       3
       1
       7
       4
       3
       1
       5
       4
       7
       2
       3
       2
       4
       2
       2
       2
       3
       4
       2
       2
       4
       2
       4
       2
       3
       5
       3
       2
       4
       2
       2
       3
       6
       1
       4
       5
       4
       1
       6
       3
       2
       3
       4
       2
       2
       8
       4
       4
       5
       5
       3
       4
       3
       3
       3
       6
      10
       9
       1
       1
       4
       3
       2
       3
       6
       2
       2
       1
       6
       2
       5
       3
       1
       1
       1
       0
       6
       3
       5
       2
       3
       1
       4
       4
       6
       4
       2
       5
       3
       0
       6
       1
       4
       2
       7
       9
       6
       1
       5
       1
       2
       3
       2
       1
       1
       4
       1
       4
       1
       4
       1
       2
       2
       3
       5
       3
       3
       3
       5
       4
       2
       1
       3
       1
       2
       5
       3
       3
       1
       2
       5
       5
       1
       3
       1
       1
       1
       2
       1
       3
       3
       3
       2
       1
       2
       6
       1
       3
       2
       2
       2
       2
       3
       3
       1
       2
       3
       0
       0
       2
       1
       4
       3
       1
       4
       2
       1
       2
       1
       2
       1
       0
       1
       1
       0
       1
       2
       1
       0
       2
       0
       0
       0
       3
       0
       3
       1
       1
       0
       0
       0
       0
       0
       1
       0
       0
       0
       0
       0
       1
       1
       0
       0
       2
       0
       0
       0
       1
       1
       1
       0
       0
       0
       0
       0
       0
       0
       0
       0
       1
       0
       0
       1
       0
       0
       1
       0
       0
       1
       0
       0
       0
       1
       1
       1
       0
       0
       0
       0
       0
       1
       0
       0
       0
       0
       0
       1
       0
       0
       1
       0
       0
       0
       0
       0
       0
       0
       0
       0
       0
       0
       0
       0
       0
       0
       0
       1
       0
       0
       0
       0
       0
       0
       0
       0
       0
       0
       0
       0
       0
       0
       0
       0
       0
       0
       0
       0
       0
       0
       0
       0
       0
       0
       0
       0
       0
       0
       0
       0
       0
       0
       0
       0
       0
       0
       0
       0
       0
       0
       0
       0
       0
       0
       0
       0
       0
       0
       0
       0
       0
       0
       0
       0
       0
       0
       0
       0
       0
       0
       0
       0
       0
       0
       0
       0
       0
       0
       0
       0
       0
       0
       0
       0
       0
       0
       0
       0
       0
       0
       0
       0
       0
       0
       0
       0
       0
       0
       0
       0
       0
       0
       0
       0
       0
       0
       0
       0
       0
       0
       0
       0
       0
       0
       0
       0
       0
       0
       0
       0
       0
       0
       0
       0
       0
       0
       0
       0
       0
       0
       0
       0
       0
       0
       0
       0
       0
       0
       0
       0
       0
       0
       0
       0
       0
       0
       0
       0
       0
       0
       0
       0
       0
       0
       0
       0
       0
       0
       0
       0
       0
       0
       0
       0
       0
       0
       0
       0
       0
       0
$ROI:
1
5540 6134
$PRESETS:
Live Time
180
0
$ENER_FIT:
0.000000 0.227554
$MCA_CAL:
3
0.000000E+000 2.275539E-001 0.000000E+000 keV
$SHAPE_CAL:
3
3.368824E+002 0.000000E+000 0.000000E+000
