$SPEC_ID:
No sample description was entered.
$SPEC_REM:
DET# 3
DETDESC# FP-GAMMA2 MCB 129
AP# Maestro Version 7.01
$DATE_MEA:
12/04/2013 11:54:03
$MEAS_TIM:
164 180
$DATA:
0 8191
       0
       0
       0
       0
       0
       0
       0
       0
       2
       1
       0
       2
       1
       0
       2
       4
       2
       4
       5
       5
       7
       0
       9
       3
       1
       3
       1
       3
       7
       2
       5
       8
       7
       7
       4
       5
       7
       9
      12
      12
       6
      12
       9
      14
      14
      17
      16
      14
      16
      10
      17
      18
      20
      20
      38
      98
      60
      64
      58
      67
      73
     418
     988
     936
     873
     818
     776
     716
     663
     561
     567
     526
     551
     512
     493
     517
     525
     479
     515
     474
     453
     413
     469
     428
     458
     392
     437
     446
     443
     393
     408
     396
     447
     415
     376
     393
     409
     391
     375
     453
     388
     450
     399
     415
     435
     393
     441
     421
     419
     434
     407
     427
     416
     406
     444
     396
     421
     444
     404
     429
     414
     397
     431
     410
     444
     419
     399
     413
     456
     408
     448
     422
     435
     464
     439
     417
     448
     408
     446
     459
     398
     474
     408
     496
     399
     447
     473
     415
     422
     474
     444
     429
     442
     424
     417
     468
     449
     456
     405
     455
     466
     447
     491
     485
     443
     458
     449
     446
     468
     456
     466
     481
     486
     489
     396
     438
     430
     479
     449
     426
     431
     436
     452
     448
     480
     469
     471
     448
     431
     476
     431
     513
     439
     453
     458
     450
     472
     463
     469
     420
     458
     500
     508
     492
     456
     496
     486
     484
     472
     475
     473
     458
     508
     461
     506
     499
     466
     456
     502
     490
     470
     466
     481
     524
     441
     473
     479
     501
     515
     495
     503
     488
     484
     476
     491
     497
     481
     469
     473
     467
     445
     533
     468
     455
     507
     477
     463
     461
     484
     456
     532
     468
     453
     468
     508
     474
     500
     481
     475
     463
     501
     439
     478
     449
     493
     513
     486
     450
     479
     466
     468
     515
     486
     480
     481
     466
     498
     496
     498
     464
     465
     487
     521
     443
     474
     469
     468
     481
     479
     509
     510
     485
     486
     481
     484
     511
     463
     473
     480
     493
     475
     496
     428
     462
     489
     484
     504
     466
     482
     475
     464
     479
     487
     530
     519
     500
     486
     543
     548
     514
     508
     512
     465
     460
     532
     494
     534
     529
     549
     529
     529
     512
     521
     526
     546
     536
     537
     561
     570
     540
     564
     544
     536
     558
     587
     589
     595
     609
     593
     556
     565
     651
     598
     603
     614
     605
     624
     616
     628
     628
     651
     687
     602
     655
     654
     676
     705
     701
     703
     718
     682
     710
     651
     673
     672
     687
     653
     693
     713
     691
     699
     704
     676
     701
     696
     697
     689
     735
     678
     725
     722
     686
     710
     725
     621
     654
     664
     676
     662
     674
     680
     689
     655
     682
     632
     642
     656
     624
     668
     680
     620
     662
     656
     647
     621
     606
     651
     653
     600
     654
     642
     598
     611
     626
     626
     605
     556
     624
     602
     638
     630
     589
     606
     601
     618
     573
     606
     544
     587
     617
     566
     589
     544
     599
     605
     587
     567
     563
     543
     559
     568
     550
     544
     539
     592
     606
     538
     520
     551
     536
     537
     535
     523
     526
     538
     566
     605
     521
     565
     579
     554
     542
     553
     543
     567
     503
     542
     504
     558
     529
     501
     514
     515
     506
     514
     536
     480
     520
     561
     529
     501
     538
     522
     516
     520
     505
     532
     519
     535
     546
     483
     505
     504
     513
     503
     514
     581
     537
     529
     529
     513
     510
     548
     555
     561
     492
     518
     521
     455
     529
     505
     508
     524
     525
     506
     501
     517
     520
     543
     547
     551
     522
     509
     582
     552
     522
     545
     518
     556
     537
     526
     586
     581
     527
     530
     507
     529
     497
     566
     533
     563
     512
     524
     538
     490
     551
     549
     529
     578
     532
     562
     534
     516
     503
     582
     501
     579
     572
     553
     558
     592
     602
     584
     530
     534
     576
     639
     551
     577
     579
     535
     575
     562
     573
     542
     565
     554
     583
     590
     572
     543
     551
     597
     598
     536
     543
     539
     582
     603
     538
     584
     578
     593
     613
     590
     564
     545
     544
     590
     599
     600
     613
     559
     570
     565
     546
     575
     582
     547
     600
     584
     621
     561
     564
     579
     598
     541
     536
     612
     607
     601
     599
     584
     610
     599
     597
     620
     577
     569
     592
     613
     620
     662
     610
     599
     552
     600
     605
     625
     620
     598
     619
     592
     598
     632
     609
     621
     578
     589
     631
     603
     622
     626
     631
     593
     646
     596
     612
     591
     591
     618
     589
     588
     559
     602
     583
     595
     602
     649
     610
     585
     611
     620
     587
     636
     604
     609
     602
     576
     636
     627
     623
     596
     598
     658
     587
     610
     629
     640
     631
     629
     584
     579
     621
     607
     626
     620
     605
     620
     683
     630
     579
     623
     634
     638
     599
     653
     598
     624
     627
     621
     658
     595
     635
     638
     610
     608
     606
     594
     613
     634
     616
     646
     639
     616
     611
     628
     662
     609
     582
     598
     633
     599
     606
     590
     627
     617
     607
     598
     579
     662
     646
     652
     643
     614
     623
     609
     625
     619
     625
     606
     681
     585
     644
     639
     633
     621
     644
     619
     631
     623
     639
     622
     583
     617
     667
     649
     625
     596
     616
     649
     622
     656
     683
     655
     611
     627
     645
     630
     625
     646
     625
     590
     627
     623
     620
     655
     609
     620
     628
     632
     663
     619
     628
     622
     650
     621
     637
     602
     677
     653
     687
     645
     604
     672
     626
     681
     638
     642
     662
     660
     599
     647
     625
     643
     649
     664
     599
     668
     601
     652
     642
     649
     653
     668
     632
     619
     644
     656
     629
     637
     638
     628
     641
     668
     619
     649
     671
     643
     631
     608
     653
     677
     652
     624
     657
     641
     625
     634
     611
     642
     668
     644
     695
     634
     681
     634
     697
     644
     646
     654
     615
     654
     705
     720
     630
     650
     629
     657
     615
     690
     661
     669
     608
     660
     678
     634
     666
     678
     596
     650
     623
     665
     664
     669
     666
     658
     643
     678
     652
     694
     671
     690
     620
     615
     586
     646
     667
     649
     617
     658
     619
     629
     648
     698
     625
     613
     653
     627
     668
     715
     682
     707
     634
     677
     682
     655
     681
     700
     657
     667
     713
     668
     681
     677
     648
     667
     715
     668
     660
     660
     637
     737
     708
     670
     640
     663
     690
     708
     641
     666
     665
     703
     680
     701
     625
     654
     694
     676
     718
     711
     665
     706
     652
     710
     720
     705
     697
     675
     715
     651
     661
     701
     701
     645
     672
     649
     702
     674
     716
     667
     724
     708
     665
     628
     720
     714
     680
     672
     712
     707
     734
     710
     669
     719
     723
     726
     680
     706
     753
     709
     703
     699
     675
     722
     718
     710
     669
     681
     699
     735
     739
     710
     704
     699
     745
     676
     694
     642
     722
     749
     770
     700
     703
     728
     726
     728
     694
     737
     720
     722
     751
     725
     757
     712
     744
     733
     728
     722
     723
     723
     748
     725
     749
     733
     738
     750
     676
     697
     732
     733
     704
     710
     691
     695
     740
     707
     723
     734
     738
     723
     748
     714
     736
     761
     773
     714
     702
     731
     684
     686
     738
     696
     723
     692
     702
     695
     728
     719
     735
     711
     718
     726
     738
     740
     724
     731
     759
     709
     710
     673
     705
     658
     717
     745
     716
     731
     699
     750
     717
     702
     664
     771
     716
     686
     737
     714
     734
     709
     685
     736
     726
     732
     698
     732
     717
     698
     661
     682
     678
     677
     683
     647
     695
     691
     688
     709
     741
     678
     739
     704
     707
     697
     686
     664
     672
     672
     705
     694
     721
     681
     691
     720
     699
     665
     687
     673
     752
     718
     671
     709
     694
     697
     695
     714
     665
     680
     668
     681
     643
     667
     713
     660
     625
     721
     638
     671
     707
     660
     686
     650
     714
     688
     636
     693
     663
     708
     692
     692
     669
     688
     657
     668
     674
     627
     699
     683
     693
     642
     669
     652
     645
     658
     648
     636
     676
     678
     683
     684
     660
     632
     652
     699
     626
     661
     686
     644
     678
     655
     664
     679
     650
     658
     633
     654
     684
     654
     611
     658
     682
     620
     652
     624
     649
     674
     597
     659
     618
     610
     643
     667
     672
     678
     622
     589
     662
     649
     654
     630
     627
     646
     629
     633
     637
     593
     693
     660
     645
     651
     615
     621
     624
     578
     641
     618
     601
     671
     665
     659
     666
     646
     603
     619
     640
     651
     616
     595
     578
     643
     643
     639
     613
     595
     643
     632
     603
     663
     618
     619
     619
     636
     646
     636
     574
     599
     603
     621
     620
     625
     623
     653
     591
     622
     618
     616
     645
     603
     596
     613
     600
     620
     600
     628
     625
     555
     624
     581
     598
     567
     653
     613
     579
     604
     616
     586
     597
     572
     577
     563
     632
     641
     592
     617
     619
     579
     560
     657
     569
     631
     602
     612
     562
     614
     576
     640
     589
     605
     567
     595
     587
     632
     610
     627
     595
     613
     586
     602
     580
     551
     599
     592
     594
     570
     586
     567
     587
     602
     569
     596
     596
     616
     610
     542
     600
     606
     639
     625
     586
     563
     578
     576
     541
     607
     613
     586
     573
     596
     585
     561
     599
     545
     602
     585
     575
     560
     590
     553
     620
     617
     593
     621
     561
     619
     517
     553
     523
     574
     534
     577
     569
     569
     604
     578
     583
     588
     554
     558
     553
     531
     534
     587
     545
     574
     573
     584
     578
     520
     542
     569
     579
     559
     570
     571
     541
     535
     587
     574
     571
     571
     549
     549
     571
     584
     592
     572
     568
     529
     581
     535
     551
     588
     603
     575
     597
     516
     558
     556
     599
     577
     522
     571
     509
     566
     526
     518
     581
     526
     583
     506
     559
     588
     560
     554
     530
     551
     571
     534
     514
     540
     551
     568
     515
     530
     529
     554
     518
     533
     531
     555
     519
     533
     560
     534
     570
     535
     526
     549
     523
     507
     547
     550
     576
     520
     525
     519
     523
     516
     548
     518
     531
     486
     520
     508
     531
     540
     514
     536
     533
     552
     559
     561
     551
     531
     542
     534
     532
     540
     541
     533
     547
     527
     530
     542
     521
     530
     573
     536
     523
     516
     510
     527
     567
     521
     550
     503
     534
     533
     507
     538
     499
     528
     463
     552
     536
     506
     496
     519
     531
     494
     551
     516
     524
     560
     519
     537
     527
     544
     549
     538
     540
     515
     483
     521
     490
     536
     543
     534
     533
     531
     533
     551
     508
     529
     491
     547
     492
     523
     525
     545
     472
     524
     522
     559
     533
     520
     518
     549
     517
     490
     497
     511
     555
     502
     454
     481
     506
     492
     516
     559
     571
     523
     491
     511
     490
     526
     479
     485
     480
     492
     483
     501
     513
     516
     489
     506
     486
     517
     517
     481
     523
     501
     504
     439
     474
     487
     475
     493
     512
     521
     460
     467
     464
     523
     482
     493
     490
     523
     498
     511
     508
     464
     522
     512
     550
     478
     446
     497
     497
     512
     495
     493
     483
     509
     502
     498
     489
     505
     481
     518
     481
     498
     501
     502
     489
     506
     512
     457
     485
     462
     496
     523
     491
     503
     473
     483
     471
     503
     467
     497
     444
     524
     519
     483
     481
     508
     499
     471
     503
     456
     468
     524
     497
     498
     491
     487
     493
     502
     500
     494
     450
     448
     484
     486
     474
     498
     497
     482
     468
     514
     482
     455
     452
     505
     508
     476
     464
     475
     497
     460
     461
     499
     469
     501
     504
     509
     480
     519
     492
     475
     509
     462
     476
     456
     459
     487
     493
     487
     486
     442
     461
     486
     448
     478
     476
     476
     490
     467
     503
     456
     450
     457
     440
     495
     462
     498
     486
     468
     472
     466
     497
     431
     480
     528
     492
     480
     470
     502
     471
     478
     467
     461
     449
     441
     503
     493
     481
     478
     476
     480
     489
     492
     424
     509
     500
     482
     461
     465
     477
     467
     455
     450
     443
     468
     524
     524
     478
     468
     494
     454
     478
     454
     464
     460
     448
     474
     463
     488
     463
     473
     490
     470
     453
     464
     474
     498
     513
     464
     436
     469
     453
     471
     470
     464
     468
     470
     459
     446
     470
     467
     446
     477
     492
     451
     446
     486
     463
     481
     468
     457
     476
     461
     488
     476
     463
     463
     463
     491
     477
     467
     424
     443
     447
     478
     478
     441
     470
     441
     486
     447
     452
     507
     457
     427
     488
     491
     451
     450
     461
     445
     487
     446
     454
     501
     483
     463
     443
     473
     488
     481
     451
     461
     442
     452
     485
     485
     488
     460
     426
     456
     429
     458
     480
     458
     441
     431
     473
     408
     468
     486
     413
     480
     454
     493
     438
     477
     455
     445
     492
     475
     420
     443
     447
     477
     487
     491
     484
     451
     447
     486
     483
     417
     448
     451
     477
     476
     439
     469
     450
     461
     413
     453
     473
     483
     434
     433
     477
     435
     474
     453
     464
     469
     471
     495
     463
     452
     428
     485
     459
     463
     457
     483
     437
     443
     449
     441
     445
     472
     453
     439
     422
     452
     496
     458
     462
     498
     445
     467
     458
     452
     443
     488
     445
     439
     425
     461
     448
     446
     447
     440
     436
     454
     442
     429
     424
     459
     453
     490
     480
     464
     459
     454
     458
     420
     435
     483
     443
     431
     440
     446
     428
     422
     408
     471
     459
     441
     487
     459
     476
     439
     472
     425
     420
     443
     431
     464
     431
     469
     432
     491
     435
     430
     411
     448
     428
     415
     483
     428
     434
     410
     448
     402
     418
     441
     429
     425
     471
     412
     458
     419
     434
     443
     453
     473
     411
     461
     444
     435
     432
     441
     457
     448
     436
     444
     460
     485
     456
     453
     410
     440
     455
     432
     399
     443
     464
     422
     413
     482
     461
     460
     458
     443
     463
     438
     445
     442
     432
     423
     446
     461
     456
     444
     419
     446
     436
     488
     404
     440
     439
     426
     472
     458
     481
     441
     442
     464
     416
     463
     412
     470
     409
     438
     470
     449
     405
     442
     398
     455
     449
     462
     463
     441
     442
     456
     422
     487
     429
     431
     434
     457
     418
     424
     448
     433
     429
     457
     428
     448
     424
     459
     462
     436
     385
     412
     421
     459
     435
     460
     429
     416
     492
     411
     416
     441
     427
     435
     473
     425
     457
     377
     426
     411
     462
     398
     460
     420
     437
     406
     419
     440
     444
     434
     458
     443
     416
     447
     432
     454
     404
     430
     438
     422
     407
     418
     404
     446
     469
     422
     379
     456
     446
     430
     414
     427
     421
     405
     480
     436
     460
     455
     454
     418
     414
     416
     420
     465
     450
     446
     439
     432
     480
     449
     432
     366
     416
     433
     467
     413
     424
     447
     467
     470
     411
     465
     429
     428
     465
     452
     413
     461
     447
     459
     422
     431
     442
     433
     419
     406
     435
     434
     410
     417
     415
     423
     450
     418
     434
     427
     431
     438
     430
     456
     399
     427
     428
     461
     425
     466
     418
     404
     423
     435
     414
     414
     446
     448
     442
     433
     432
     422
     450
     423
     466
     437
     416
     423
     430
     463
     437
     465
     411
     450
     408
     437
     406
     423
     400
     431
     442
     418
     415
     426
     439
     449
     415
     413
     453
     429
     446
     406
     428
     468
     374
     440
     393
     417
     412
     402
     435
     432
     407
     417
     414
     400
     392
     394
     394
     431
     433
     409
     448
     372
     440
     435
     422
     425
     413
     443
     452
     449
     426
     448
     467
     408
     422
     440
     411
     439
     436
     431
     448
     422
     426
     442
     427
     418
     375
     409
     407
     420
     377
     457
     426
     412
     435
     425
     455
     423
     468
     388
     416
     440
     447
     426
     465
     435
     472
     435
     441
     390
     437
     411
     426
     435
     398
     461
     421
     437
     364
     461
     479
     439
     435
     420
     425
     430
     389
     435
     426
     426
     431
     470
     433
     411
     386
     423
     424
     422
     407
     446
     399
     384
     388
     426
     460
     396
     402
     426
     393
     447
     426
     450
     453
     410
     454
     406
     468
     392
     454
     416
     403
     431
     420
     452
     446
     406
     411
     382
     414
     400
     443
     448
     426
     424
     452
     445
     420
     403
     443
     410
     426
     381
     457
     416
     396
     412
     402
     436
     417
     416
     410
     374
     432
     421
     397
     398
     397
     449
     416
     445
     407
     460
     426
     431
     404
     405
     443
     415
     386
     427
     406
     423
     439
     431
     400
     444
     440
     422
     376
     407
     398
     436
     453
     388
     431
     465
     430
     388
     386
     381
     399
     459
     425
     452
     456
     459
     443
     403
     412
     407
     386
     422
     417
     431
     410
     431
     413
     441
     415
     396
     467
     402
     398
     401
     436
     434
     421
     415
     446
     399
     384
     394
     395
     454
     377
     399
     457
     424
     396
     406
     435
     426
     427
     398
     446
     414
     455
     408
     421
     409
     407
     392
     442
     445
     399
     411
     422
     420
     372
     392
     400
     414
     455
     391
     402
     413
     419
     408
     423
     418
     447
     392
     473
     378
     417
     428
     391
     450
     417
     440
     443
     434
     500
     423
     387
     407
     412
     401
     401
     403
     423
     445
     416
     425
     429
     440
     464
     374
     426
     414
     407
     388
     436
     420
     408
     410
     414
     437
     397
     417
     430
     409
     401
     407
     412
     394
     436
     409
     423
     410
     402
     410
     443
     407
     419
     446
     385
     408
     431
     442
     392
     447
     434
     415
     422
     394
     428
     417
     409
     399
     416
     419
     398
     427
     387
     401
     413
     400
     435
     462
     407
     413
     448
     425
     374
     433
     400
     370
     400
     399
     402
     413
     402
     396
     415
     409
     397
     393
     402
     420
     386
     399
     404
     410
     386
     431
     396
     439
     421
     387
     407
     400
     384
     372
     400
     402
     402
     424
     394
     424
     441
     421
     395
     415
     428
     416
     402
     431
     381
     406
     420
     403
     433
     383
     395
     398
     378
     370
     437
     396
     424
     430
     387
     430
     395
     398
     388
     404
     416
     424
     411
     429
     387
     402
     428
     436
     400
     398
     365
     431
     412
     402
     448
     398
     399
     462
     388
     411
     407
     417
     372
     435
     417
     392
     435
     372
     394
     399
     383
     398
     415
     442
     380
     412
     415
     415
     386
     391
     399
     406
     413
     382
     435
     403
     424
     404
     413
     377
     381
     383
     386
     382
     416
     436
     416
     402
     417
     414
     383
     428
     409
     404
     427
     434
     443
     441
     366
     430
     405
     375
     404
     410
     415
     354
     400
     428
     404
     433
     394
     432
     373
     410
     418
     406
     419
     389
     417
     416
     406
     394
     408
     386
     412
     413
     392
     379
     390
     427
     406
     429
     407
     398
     412
     399
     438
     361
     421
     420
     449
     432
     407
     410
     400
     399
     437
     364
     428
     415
     407
     388
     406
     394
     365
     398
     387
     403
     386
     431
     403
     401
     429
     410
     420
     362
     392
     401
     418
     391
     405
     382
     399
     416
     428
     409
     373
     402
     408
     408
     436
     415
     403
     414
     422
     420
     380
     391
     406
     424
     392
     423
     412
     431
     430
     405
     406
     389
     398
     395
     441
     387
     396
     405
     433
     407
     418
     444
     411
     403
     380
     435
     406
     418
     410
     430
     412
     391
     424
     392
     377
     458
     417
     422
     401
     411
     387
     397
     395
     394
     426
     410
     397
     441
     415
     403
     407
     414
     412
     433
     375
     426
     382
     443
     408
     410
     374
     423
     380
     428
     388
     398
     444
     425
     402
     400
     420
     418
     419
     410
     406
     396
     380
     370
     402
     425
     406
     416
     381
     410
     421
     411
     393
     369
     390
     399
     421
     414
     409
     413
     396
     408
     398
     422
     388
     389
     387
     415
     417
     406
     373
     410
     395
     412
     394
     393
     420
     385
     439
     415
     407
     446
     376
     356
     397
     391
     425
     383
     399
     391
     387
     375
     402
     399
     424
     387
     437
     412
     377
     360
     412
     426
     434
     417
     394
     409
     361
     410
     387
     425
     418
     394
     376
     407
     408
     430
     404
     407
     388
     431
     411
     418
     415
     463
     414
     411
     393
     401
     419
     405
     412
     426
     402
     407
     449
     406
     445
     405
     399
     404
     391
     399
     430
     396
     399
     428
     441
     423
     431
     436
     388
     392
     408
     372
     438
     385
     389
     395
     422
     411
     397
     416
     404
     467
     390
     368
     404
     434
     384
     414
     419
     412
     386
     428
     417
     424
     413
     420
     405
     417
     417
     415
     415
     414
     357
     372
     399
     392
     420
     405
     416
     385
     435
     407
     385
     429
     391
     376
     419
     411
     384
     417
     401
     416
     437
     433
     393
     395
     398
     371
     386
     412
     399
     377
     409
     417
     392
     412
     395
     424
     394
     387
     408
     400
     361
     410
     410
     430
     385
     423
     398
     411
     411
     433
     371
     414
     457
     424
     401
     399
     384
     413
     457
     440
     424
     386
     392
     410
     426
     414
     398
     372
     433
     432
     366
     378
     406
     424
     412
     444
     406
     403
     410
     405
     401
     387
     394
     371
     366
     432
     434
     420
     415
     388
     441
     399
     345
     402
     421
     404
     432
     402
     393
     418
     373
     439
     384
     396
     412
     398
     394
     388
     401
     405
     381
     418
     408
     394
     386
     391
     378
     401
     431
     407
     387
     422
     436
     420
     405
     421
     464
     403
     367
     406
     393
     457
     433
     417
     408
     361
     404
     386
     427
     417
     405
     403
     407
     411
     347
     401
     410
     394
     456
     393
     420
     406
     426
     387
     415
     406
     414
     402
     426
     433
     407
     399
     390
     408
     412
     384
     375
     395
     409
     362
     413
     405
     423
     402
     398
     408
     438
     390
     397
     406
     435
     383
     436
     411
     421
     388
     388
     380
     397
     411
     413
     411
     372
     392
     387
     442
     412
     407
     356
     422
     428
     434
     372
     381
     406
     381
     407
     400
     351
     406
     413
     398
     416
     428
     423
     387
     393
     387
     400
     435
     420
     398
     432
     381
     429
     381
     419
     400
     406
     441
     398
     395
     396
     440
     383
     412
     416
     395
     382
     391
     427
     423
     422
     445
     387
     381
     412
     427
     398
     426
     417
     441
     382
     418
     398
     426
     400
     440
     400
     389
     405
     416
     410
     422
     405
     415
     397
     382
     396
     432
     408
     450
     409
     389
     348
     420
     392
     437
     411
     438
     430
     396
     406
     427
     412
     409
     409
     379
     422
     386
     411
     409
     423
     422
     410
     440
     378
     408
     399
     404
     451
     414
     403
     371
     398
     395
     395
     385
     385
     380
     455
     418
     412
     388
     393
     348
     418
     413
     437
     389
     391
     380
     410
     449
     401
     433
     432
     405
     429
     390
     425
     389
     387
     397
     401
     387
     403
     402
     400
     404
     387
     424
     383
     410
     437
     411
     443
     405
     379
     393
     390
     409
     418
     390
     389
     424
     416
     406
     399
     380
     398
     392
     375
     408
     383
     408
     430
     428
     393
     402
     423
     425
     421
     424
     418
     441
     376
     397
     393
     433
     394
     393
     410
     409
     379
     399
     412
     420
     419
     387
     411
     388
     392
     376
     412
     416
     388
     405
     398
     414
     425
     393
     406
     433
     409
     406
     391
     407
     380
     371
     387
     426
     410
     442
     434
     405
     423
     388
     370
     402
     384
     395
     391
     417
     421
     398
     404
     406
     426
     406
     452
     433
     393
     388
     392
     400
     409
     449
     415
     385
     363
     383
     425
     434
     443
     414
     403
     429
     405
     412
     444
     375
     390
     429
     406
     405
     401
     427
     410
     435
     386
     405
     422
     417
     407
     400
     407
     415
     430
     451
     411
     422
     425
     403
     407
     394
     403
     411
     410
     380
     442
     426
     463
     412
     376
     475
     382
     407
     425
     436
     406
     457
     444
     409
     419
     427
     422
     445
     437
     434
     389
     395
     400
     423
     459
     422
     383
     409
     402
     428
     430
     405
     426
     439
     397
     398
     436
     431
     425
     432
     434
     413
     416
     405
     455
     424
     394
     429
     415
     431
     422
     411
     383
     424
     417
     403
     413
     457
     451
     423
     449
     417
     453
     419
     420
     385
     424
     429
     387
     426
     433
     388
     393
     419
     392
     451
     442
     443
     411
     430
     383
     416
     445
     454
     385
     455
     441
     425
     459
     428
     408
     386
     422
     430
     377
     414
     440
     396
     424
     431
     455
     423
     388
     414
     397
     394
     434
     413
     384
     407
     430
     418
     424
     420
     415
     445
     455
     443
     435
     433
     420
     407
     462
     426
     382
     435
     368
     426
     447
     434
     406
     448
     435
     399
     433
     444
     434
     426
     420
     415
     413
     447
     413
     434
     386
     376
     438
     426
     412
     434
     402
     402
     405
     470
     435
     424
     430
     419
     433
     412
     396
     398
     407
     426
     415
     419
     427
     427
     413
     418
     408
     400
     435
     438
     386
     370
     393
     389
     380
     401
     436
     423
     427
     411
     411
     397
     433
     410
     412
     464
     420
     411
     414
     427
     403
     466
     437
     416
     476
     395
     454
     393
     388
     449
     435
     418
     431
     436
     472
     426
     423
     418
     420
     399
     448
     440
     406
     460
     455
     432
     439
     442
     425
     453
     457
     446
     431
     439
     406
     435
     461
     459
     438
     442
     408
     412
     425
     416
     436
     407
     413
     419
     423
     404
     433
     420
     448
     404
     414
     413
     429
     421
     430
     432
     427
     434
     425
     425
     413
     413
     415
     448
     434
     431
     438
     443
     428
     409
     455
     427
     406
     443
     421
     452
     403
     434
     467
     425
     433
     404
     444
     447
     408
     397
     433
     423
     401
     373
     413
     451
     460
     441
     433
     460
     416
     411
     435
     428
     443
     436
     404
     406
     433
     435
     434
     411
     438
     452
     381
     427
     406
     417
     440
     434
     392
     437
     416
     442
     403
     462
     440
     434
     428
     426
     432
     442
     456
     415
     421
     492
     421
     443
     420
     463
     442
     428
     395
     409
     444
     452
     438
     441
     432
     450
     421
     390
     424
     451
     403
     418
     415
     383
     415
     427
     430
     457
     401
     458
     426
     402
     430
     412
     437
     391
     419
     411
     409
     429
     419
     433
     438
     400
     412
     412
     449
     383
     431
     399
     457
     386
     404
     400
     426
     453
     426
     396
     380
     414
     402
     403
     397
     422
     430
     418
     457
     405
     418
     414
     415
     404
     395
     445
     436
     417
     450
     400
     387
     459
     387
     377
     426
     417
     457
     415
     381
     455
     449
     460
     428
     406
     420
     400
     426
     364
     451
     410
     385
     414
     414
     383
     429
     391
     424
     429
     392
     394
     421
     410
     405
     424
     386
     418
     410
     401
     440
     384
     385
     428
     399
     421
     415
     399
     435
     412
     385
     430
     437
     427
     395
     383
     401
     414
     417
     404
     409
     458
     421
     397
     372
     384
     399
     396
     418
     384
     395
     381
     386
     394
     441
     413
     386
     424
     403
     412
     398
     367
     379
     355
     390
     388
     406
     415
     418
     410
     468
     396
     374
     402
     374
     399
     396
     406
     390
     425
     407
     399
     391
     397
     421
     381
     317
     386
     394
     387
     403
     397
     377
     363
     406
     394
     373
     384
     404
     365
     424
     367
     390
     361
     426
     410
     361
     372
     405
     380
     391
     382
     362
     349
     334
     398
     398
     370
     389
     359
     410
     340
     373
     379
     328
     361
     392
     351
     394
     380
     397
     379
     387
     394
     400
     345
     382
     377
     369
     362
     376
     394
     324
     391
     379
     375
     358
     406
     353
     382
     348
     338
     359
     378
     401
     348
     362
     361
     344
     377
     317
     384
     349
     386
     376
     363
     363
     357
     366
     359
     359
     333
     354
     338
     342
     383
     353
     366
     367
     373
     343
     394
     348
     341
     340
     368
     334
     346
     368
     363
     377
     356
     351
     344
     341
     333
     304
     335
     374
     352
     321
     331
     355
     314
     338
     355
     342
     354
     341
     310
     335
     327
     345
     345
     356
     300
     320
     349
     367
     388
     326
     332
     293
     359
     356
     339
     362
     368
     355
     313
     301
     346
     336
     351
     349
     353
     304
     334
     366
     330
     329
     367
     318
     325
     315
     311
     346
     354
     357
     360
     284
     338
     353
     316
     292
     338
     298
     279
     345
     335
     350
     322
     312
     350
     329
     340
     313
     330
     366
     322
     337
     313
     307
     317
     293
     348
     323
     320
     312
     346
     303
     309
     341
     345
     311
     327
     328
     318
     336
     354
     302
     320
     308
     281
     288
     332
     345
     320
     345
     339
     299
     307
     317
     327
     311
     325
     293
     331
     307
     343
     318
     335
     321
     308
     334
     322
     284
     323
     322
     311
     318
     283
     316
     335
     322
     336
     315
     330
     321
     299
     293
     302
     291
     324
     310
     292
     322
     321
     294
     296
     322
     338
     295
     331
     310
     326
     298
     318
     304
     335
     305
     309
     298
     310
     295
     301
     318
     291
     292
     297
     322
     316
     301
     346
     279
     294
     301
     292
     325
     287
     287
     322
     302
     293
     311
     329
     301
     308
     297
     312
     299
     291
     277
     309
     327
     300
     272
     325
     329
     311
     279
     317
     308
     357
     301
     295
     290
     297
     289
     316
     309
     306
     302
     313
     335
     285
     291
     319
     307
     302
     297
     313
     324
     303
     348
     299
     286
     293
     287
     286
     294
     292
     298
     294
     304
     281
     336
     251
     267
     307
     270
     311
     297
     290
     272
     271
     297
     300
     285
     279
     282
     268
     327
     277
     315
     293
     318
     253
     287
     331
     295
     303
     284
     308
     303
     318
     297
     312
     319
     274
     304
     314
     303
     282
     286
     293
     294
     306
     306
     279
     303
     302
     280
     307
     283
     285
     305
     304
     295
     285
     293
     283
     279
     293
     302
     298
     279
     278
     281
     268
     281
     279
     282
     297
     266
     278
     303
     269
     284
     310
     279
     320
     235
     314
     287
     274
     277
     299
     314
     266
     285
     309
     287
     278
     259
     288
     275
     287
     311
     305
     277
     297
     272
     277
     312
     265
     238
     259
     268
     313
     284
     287
     269
     307
     252
     277
     296
     270
     311
     298
     281
     270
     282
     287
     284
     305
     260
     300
     285
     274
     276
     278
     300
     302
     273
     275
     278
     249
     251
     268
     282
     276
     293
     268
     277
     278
     298
     287
     284
     265
     321
     283
     257
     255
     282
     249
     286
     258
     288
     275
     265
     278
     273
     301
     253
     279
     270
     285
     270
     287
     264
     253
     278
     264
     289
     298
     255
     308
     287
     262
     279
     234
     269
     272
     297
     267
     232
     259
     262
     269
     285
     275
     271
     263
     286
     262
     258
     262
     277
     287
     270
     270
     283
     262
     295
     242
     278
     294
     249
     248
     255
     255
     244
     266
     258
     252
     237
     247
     237
     292
     273
     256
     272
     261
     264
     292
     255
     233
     269
     279
     255
     251
     258
     257
     255
     258
     277
     248
     248
     258
     242
     250
     268
     267
     277
     265
     254
     239
     246
     250
     253
     252
     261
     285
     254
     239
     242
     262
     270
     273
     260
     246
     241
     264
     222
     218
     240
     253
     255
     243
     271
     239
     242
     271
     263
     270
     240
     231
     240
     247
     232
     232
     245
     270
     250
     237
     244
     249
     237
     276
     250
     225
     245
     238
     258
     264
     243
     261
     261
     229
     250
     224
     247
     252
     259
     234
     223
     233
     234
     235
     234
     212
     241
     241
     232
     243
     231
     225
     241
     248
     249
     228
     225
     237
     221
     242
     244
     223
     249
     199
     251
     260
     231
     210
     233
     225
     219
     239
     233
     240
     223
     239
     246
     203
     221
     218
     231
     255
     213
     254
     224
     225
     227
     238
     231
     243
     243
     221
     247
     224
     246
     245
     263
     231
     208
     232
     248
     235
     232
     234
     233
     218
     186
     249
     235
     247
     238
     216
     252
     217
     220
     209
     226
     224
     234
     221
     213
     220
     211
     226
     206
     246
     244
     211
     243
     225
     237
     260
     230
     262
     244
     241
     232
     201
     235
     218
     245
     221
     206
     226
     207
     232
     226
     237
     255
     239
     215
     252
     237
     222
     239
     236
     234
     233
     235
     228
     205
     209
     227
     258
     254
     224
     239
     243
     222
     248
     210
     266
     237
     239
     241
     245
     234
     243
     226
     245
     266
     251
     237
     265
     234
     242
     238
     225
     258
     233
     245
     235
     237
     240
     280
     263
     232
     245
     234
     274
     240
     254
     225
     282
     251
     249
     266
     251
     255
     268
     237
     254
     262
     220
     276
     274
     249
     258
     266
     274
     279
     275
     273
     258
     277
     260
     298
     266
     236
     272
     256
     271
     239
     282
     259
     326
     273
     268
     264
     252
     281
     273
     289
     255
     270
     282
     263
     305
     304
     251
     282
     282
     291
     256
     303
     296
     305
     302
     307
     290
     304
     276
     274
     284
     310
     299
     290
     292
     295
     302
     295
     300
     320
     323
     294
     302
     316
     293
     339
     319
     321
     327
     331
     353
     331
     302
     316
     327
     350
     309
     294
     311
     352
     345
     320
     328
     290
     303
     366
     343
     337
     326
     324
     346
     357
     327
     349
     341
     358
     329
     357
     361
     347
     391
     371
     368
     383
     343
     376
     372
     342
     379
     347
     366
     344
     354
     366
     342
     340
     357
     342
     361
     371
     367
     387
     407
     368
     399
     395
     362
     417
     398
     355
     387
     370
     412
     403
     423
     400
     408
     424
     375
     407
     377
     417
     412
     392
     387
     376
     411
     427
     451
     440
     405
     430
     433
     379
     410
     428
     419
     454
     402
     383
     375
     424
     408
     383
     440
     430
     443
     433
     403
     466
     407
     480
     450
     463
     488
     455
     479
     441
     399
     454
     411
     440
     444
     460
     453
     481
     442
     500
     439
     462
     473
     452
     443
     474
     449
     497
     405
     460
     463
     493
     479
     425
     465
     478
     494
     484
     463
     451
     481
     534
     489
     479
     457
     508
     457
     487
     445
     503
     491
     508
     472
     481
     479
     498
     483
     469
     470
     486
     466
     481
     545
     459
     556
     464
     507
     478
     526
     466
     451
     451
     481
     488
     495
     491
     474
     472
     474
     505
     495
     526
     506
     513
     477
     442
     499
     504
     483
     490
     523
     496
     504
     522
     518
     529
     487
     520
     472
     547
     481
     507
     500
     471
     504
     474
     493
     508
     500
     535
     470
     477
     475
     498
     464
     535
     503
     509
     495
     524
     518
     517
     505
     483
     515
     559
     534
     472
     501
     502
     515
     527
     449
     484
     538
     492
     489
     496
     499
     528
     501
     473
     494
     500
     500
     476
     453
     490
     511
     511
     482
     497
     494
     451
     465
     445
     443
     451
     491
     442
     456
     519
     465
     496
     436
     446
     467
     475
     503
     472
     427
     492
     439
     446
     443
     461
     448
     447
     446
     454
     397
     447
     463
     460
     470
     460
     458
     431
     462
     467
     424
     431
     432
     460
     436
     423
     428
     462
     431
     420
     487
     444
     418
     424
     421
     402
     422
     407
     406
     420
     416
     406
     405
     379
     404
     391
     394
     399
     405
     419
     419
     374
     412
     395
     397
     386
     381
     393
     348
     431
     381
     388
     395
     370
     402
     353
     381
     414
     408
     355
     363
     409
     379
     377
     371
     365
     333
     369
     345
     361
     349
     368
     340
     364
     363
     363
     374
     352
     359
     348
     341
     339
     350
     345
     322
     341
     317
     315
     344
     336
     320
     293
     333
     287
     280
     310
     301
     324
     305
     314
     278
     327
     299
     336
     307
     303
     303
     261
     359
     278
     285
     276
     282
     297
     279
     262
     288
     247
     287
     275
     268
     268
     286
     287
     260
     262
     260
     273
     242
     284
     263
     236
     282
     276
     218
     284
     254
     267
     234
     251
     264
     277
     254
     277
     261
     219
     233
     247
     254
     240
     227
     236
     240
     248
     202
     217
     227
     215
     256
     225
     233
     208
     229
     249
     229
     217
     251
     229
     217
     215
     217
     219
     224
     204
     195
     224
     210
     244
     210
     214
     190
     178
     196
     208
     203
     196
     216
     196
     190
     174
     218
     182
     180
     178
     164
     205
     194
     191
     174
     178
     171
     179
     177
     194
     178
     167
     194
     209
     195
     190
     158
     184
     218
     164
     149
     185
     159
     183
     159
     179
     163
     158
     166
     177
     157
     170
     153
     197
     165
     156
     172
     144
     161
     166
     154
     156
     148
     172
     165
     141
     151
     171
     161
     152
     155
     132
     143
     157
     163
     141
     151
     148
     138
     160
     149
     140
     156
     185
     143
     166
     146
     152
     148
     153
     131
     136
     165
     139
     181
     167
     140
     148
     147
     161
     147
     147
     155
     152
     142
     180
     147
     163
     134
     132
     142
     147
     135
     152
     161
     161
     145
     143
     161
     165
     184
     159
     158
     147
     147
     125
     152
     139
     147
     157
     152
     165
     144
     158
     159
     157
     155
     157
     162
     168
     135
     169
     155
     146
     164
     152
     170
     167
     170
     149
     165
     176
     191
     151
     171
     181
     209
     155
     194
     157
     158
     173
     154
     175
     138
     170
     161
     180
     158
     165
     161
     176
     180
     186
     176
     183
     168
     183
     168
     155
     169
     199
     177
     194
     174
     166
     181
     191
     185
     173
     194
     198
     186
     180
     187
     181
     186
     210
     215
     206
     205
     194
     216
     209
     179
     180
     189
     207
     172
     191
     211
     188
     174
     187
     195
     199
     213
     197
     190
     211
     222
     221
     203
     217
     229
     195
     218
     219
     232
     230
     191
     208
     226
     227
     220
     247
     220
     235
     266
     226
     244
     252
     197
     221
     251
     250
     224
     210
     222
     251
     225
     235
     256
     210
     265
     236
     237
     253
     243
     264
     229
     264
     234
     244
     223
     241
     244
     252
     285
     279
     258
     255
     252
     252
     293
     278
     274
     277
     269
     255
     280
     280
     279
     284
     285
     296
     274
     288
     299
     303
     282
     256
     293
     290
     262
     312
     290
     281
     299
     324
     300
     288
     311
     311
     297
     306
     335
     347
     319
     298
     318
     272
     348
     350
     337
     321
     305
     308
     325
     329
     332
     314
     330
     305
     329
     280
     314
     313
     336
     346
     339
     342
     319
     378
     317
     334
     311
     362
     342
     362
     340
     354
     333
     345
     337
     363
     317
     340
     380
     338
     329
     362
     356
     315
     355
     351
     344
     349
     325
     355
     368
     325
     342
     377
     341
     341
     387
     364
     379
     324
     349
     342
     368
     368
     371
     385
     394
     330
     393
     341
     385
     340
     325
     408
     398
     369
     367
     375
     380
     388
     374
     375
     340
     344
     370
     346
     396
     375
     369
     377
     387
     371
     363
     374
     365
     391
     401
     422
     358
     381
     399
     375
     361
     389
     388
     363
     342
     372
     364
     355
     378
     379
     355
     354
     428
     389
     355
     349
     350
     392
     367
     381
     374
     356
     392
     412
     375
     334
     356
     359
     362
     388
     355
     331
     367
     343
     339
     388
     384
     384
     360
     401
     375
     375
     384
     362
     379
     386
     372
     326
     399
     372
     388
     372
     357
     396
     364
     372
     375
     393
     382
     378
     372
     406
     398
     392
     381
     364
     342
     352
     367
     346
     375
     328
     411
     356
     350
     366
     388
     328
     349
     341
     341
     379
     365
     326
     375
     370
     364
     334
     344
     369
     336
     339
     323
     360
     322
     326
     372
     351
     329
     356
     335
     341
     354
     298
     325
     307
     348
     346
     357
     340
     311
     322
     309
     318
     316
     328
     296
     324
     335
     297
     315
     283
     309
     350
     324
     300
     309
     303
     262
     306
     326
     329
     308
     305
     289
     288
     310
     352
     303
     294
     275
     319
     292
     296
     276
     277
     293
     294
     296
     290
     288
     279
     308
     281
     274
     276
     252
     256
     290
     280
     271
     281
     260
     255
     263
     263
     263
     285
     246
     263
     287
     289
     287
     276
     274
     263
     270
     256
     242
     256
     259
     248
     225
     271
     252
     228
     237
     247
     213
     242
     212
     228
     229
     225
     262
     246
     223
     236
     198
     207
     245
     222
     217
     217
     241
     222
     231
     247
     178
     210
     224
     231
     202
     212
     187
     200
     222
     202
     206
     213
     190
     196
     202
     202
     209
     198
     176
     190
     187
     199
     181
     192
     173
     200
     189
     180
     214
     160
     170
     160
     162
     161
     171
     167
     151
     196
     160
     174
     170
     160
     165
     158
     168
     182
     155
     149
     157
     141
     163
     155
     151
     158
     150
     154
     134
     148
     165
     140
     140
     125
     150
     124
     132
     136
     134
     144
     123
     130
     141
     134
     131
     119
     123
     114
     115
     127
     137
     113
     126
     128
     129
     121
     100
     103
     116
     110
     119
     126
     104
     122
     122
     116
      99
     102
     102
     101
     100
     104
     102
     116
      98
     102
      94
     104
      91
     116
     112
     104
      93
      96
      82
     105
      96
     105
      90
     115
     106
      93
      71
      74
      75
      82
      86
      64
      80
      89
      79
      88
      86
      96
      89
      79
      67
      73
      80
      81
      89
      67
      66
      72
      82
      81
      73
      78
      75
      69
      78
      73
      64
      57
      73
      75
      67
      58
      61
      63
      59
      51
      67
      52
      59
      60
      69
      74
      73
      53
      55
      54
      69
      68
      60
      50
      55
      64
      51
      58
      43
      53
      55
      56
      43
      49
      54
      49
      53
      49
      56
      60
      55
      44
      41
      43
      52
      44
      43
      42
      51
      43
      33
      40
      42
      47
      31
      32
      46
      46
      38
      35
      34
      41
      29
      37
      37
      41
      40
      33
      40
      39
      36
      30
      30
      35
      36
      50
      34
      42
      32
      34
      35
      29
      39
      34
      22
      23
      34
      27
      32
      26
      32
      30
      28
      37
      30
      25
      25
      25
      30
      31
      38
      24
      37
      31
      30
      33
      28
      18
      27
      23
      32
      17
      28
      20
      24
      20
      25
      29
      21
      22
      19
      19
      23
      30
      22
      22
      23
      15
      22
      13
      17
      22
      18
      21
      16
      21
      26
      22
      17
      15
      21
      15
      18
      19
      14
      21
      19
      15
      15
      16
      22
      20
      27
      22
      16
      23
      18
      15
      18
      24
      15
      23
      22
      13
      22
      20
      14
      19
      15
      17
      14
      14
      11
      16
      22
      10
      12
      16
      10
      12
      20
      11
      19
      15
      22
      17
      17
      16
      12
      13
      14
      18
      11
      15
      16
      17
      21
       6
      14
      11
      13
      17
      15
      13
      17
      17
      17
      12
      10
       8
      18
      15
       8
      13
      12
      11
      18
      10
      14
       6
      17
      21
      18
       4
      10
      13
       7
      24
      14
       9
      11
      12
      11
      10
      14
      12
       5
      12
      12
      11
      15
       8
      18
      13
      12
      11
      14
      12
      10
      13
      12
       8
      12
       9
       8
      17
      11
      13
      15
      13
       8
      10
       9
       8
       7
      16
      10
       6
       6
      10
       7
       3
       6
       6
       9
       6
      13
       8
      11
       8
      12
       7
       7
       8
       7
      10
      10
       7
      11
      11
       8
       8
      10
       8
       8
      10
       9
      13
      11
       8
       8
       8
      16
       4
       5
       9
       8
      12
       7
      11
      10
       7
      10
       6
       6
       4
      11
       4
      10
       7
       5
       5
      10
      10
       7
       5
      12
       8
       8
       7
       5
       5
       4
      10
      14
      12
       7
       5
       9
       5
       6
       9
      15
      12
       7
       8
       8
       6
       8
       8
      11
      12
      10
       7
       7
      11
      10
      15
       8
      10
      12
      10
       7
       4
      18
      10
       6
      12
      11
      10
      14
      15
       3
      12
       6
      11
       7
       8
      12
      10
       9
       4
       5
      10
      14
       8
       5
       6
       4
      10
       4
       9
      12
       4
       7
       5
       7
       8
       4
       9
      11
       6
      10
      10
       6
       6
       7
       5
      11
      10
       9
      12
       5
       5
      10
       7
       7
      11
       4
      10
       8
       8
       6
       8
       7
      10
       4
      10
       7
       5
       8
       3
       8
      10
       5
       6
       5
       6
       7
      10
       6
      10
       7
       9
       7
       7
      11
       5
       8
       7
       2
       9
       7
       1
       7
       5
       5
       4
       8
       5
       7
       6
       8
       9
      10
      10
      11
       7
       9
       9
       7
       7
       7
      13
       3
      14
       2
       5
      10
       8
       2
       4
       4
      10
       9
       5
       1
       8
       6
      11
       9
       9
       7
       8
       7
       8
      13
      10
       3
       9
       7
       7
       4
       9
       7
       4
       6
      10
       5
       8
       5
       5
      12
       5
       9
       2
       7
       6
       3
       6
       6
       6
       6
       9
       4
       9
       8
       8
       3
      11
       7
       8
       4
       5
       6
       9
       3
       8
      12
       8
      12
       5
       5
       9
       5
       5
       6
       8
       4
       9
      10
       6
       2
       6
       7
       6
       8
       9
       7
      11
       4
       5
       4
       7
       6
       4
       7
       5
       6
       5
       8
       6
       5
       5
       8
       7
       8
      15
       9
       6
       5
       9
       4
       2
      11
       7
       9
       6
       2
       8
       1
       7
       7
       3
       6
       8
       7
       3
       8
       3
       8
       6
      11
       7
       5
       6
       8
      10
       5
       8
       3
       6
      10
      14
       8
       8
       7
       7
       8
       7
       5
       3
      11
      10
       9
       6
       6
       8
       6
       5
      12
       7
       4
      11
       8
       9
       4
       7
       4
       5
       5
       7
       7
       4
       7
       7
       6
       4
      13
       8
       2
       5
       7
       5
       5
       6
       7
       5
       8
       5
       5
       8
       5
       5
       8
       5
       8
       5
       3
       4
       6
       5
       5
       5
       7
      10
       6
      11
      12
       8
       5
      11
       9
      13
      14
       6
       8
       5
       6
       5
       5
       7
       8
       7
       5
       5
       2
       6
       4
       7
       6
       8
       9
       7
       2
       5
       8
       6
       2
      10
       5
      10
       5
       4
       7
       8
       9
       6
       9
       2
       7
      10
       6
       6
       6
       4
      10
       7
       3
       7
       7
      10
       4
       6
       9
       8
       5
       8
       6
       5
       5
       9
       9
      12
       6
       5
       4
       5
      10
       6
       5
       4
       8
       8
       8
       7
       6
       7
       7
       7
       5
       3
       4
      12
       9
       4
       6
       3
       5
       3
       6
       6
       7
       4
       5
       2
       7
       8
      13
       7
       8
       4
       4
       5
      10
       4
       3
       7
       9
      10
       4
       7
       3
       5
       6
       8
       6
       8
       4
       4
       4
       7
       9
       5
       4
       8
       7
       5
       7
       3
       5
       6
       3
       5
       6
       4
      10
       2
       5
       9
       6
       5
       4
       6
       9
       5
      11
       8
       3
       6
       3
       7
       6
       5
       5
       8
       4
       2
       7
       4
       4
       5
       5
       6
       4
       4
       2
       3
       9
       6
       5
       5
       3
       5
       5
       9
      10
       4
       3
       6
       5
       3
      11
       5
       9
       4
       3
       9
       3
       3
       6
       5
       6
       4
       6
       7
      10
       4
       4
       6
       4
       4
       5
       3
       2
       6
       6
       2
       6
       9
       6
       9
       9
       7
       5
       7
       9
       4
       6
       6
       3
       4
       8
       7
      10
       5
       4
       4
       7
       8
      15
       4
       9
       5
       4
       0
       2
      10
       4
       6
       5
       7
       2
       5
       7
      10
       3
       8
       4
       5
       7
      10
       2
       9
       8
       2
       6
       7
       8
       6
       5
       2
       4
       7
       4
       9
       5
       4
       6
       5
       7
       6
       4
       8
       4
       5
       3
       8
       3
       7
       3
       2
       3
       6
       5
       6
       7
       3
       7
       3
       6
       7
       6
       3
       4
      11
       6
       6
       7
       6
       5
       3
       6
       5
       3
       7
       4
       7
       9
       6
       2
       5
       4
       4
       9
       4
       3
       9
       7
       4
       3
       7
       6
       5
       5
       7
       5
       4
       2
       6
       5
       8
       8
       5
       6
      10
       6
       5
       3
       5
       7
       2
       4
       7
       2
       5
       5
       7
       1
       4
       5
       7
       7
       7
       7
       2
       3
      15
       5
       3
       7
       5
       2
       3
       5
       4
       3
       6
       6
       5
       8
       7
       6
       9
       5
       7
       7
       4
       7
      10
       3
       3
      12
       8
       2
       4
       4
       3
       6
       3
       3
       2
       8
       4
       4
       4
       8
       4
       7
       5
       8
       4
       7
       4
       8
       4
       8
       7
       5
       2
       6
       4
       4
       4
       9
       4
       4
       4
       5
       9
       7
       6
       8
       1
       5
       5
       4
       7
       3
       4
       3
       3
       6
       9
      10
       2
      10
       5
       5
       5
       6
      10
       4
       8
       6
       8
       2
       3
       3
       5
       9
       3
       9
       6
       6
       5
       5
       4
       3
       4
       4
       3
       8
       7
       5
       5
       2
       8
       1
       6
       5
       5
       5
       3
       9
       3
       4
       7
       4
       4
       8
       6
       3
       5
       3
       4
       7
       6
       6
       5
      10
       5
      10
       5
       5
       3
       1
       2
       3
       1
       4
       6
       3
       5
       4
       6
       5
       4
       5
       3
       8
       7
       7
       5
       5
       3
       3
       4
       4
       7
       3
       2
       4
       5
       7
       3
       4
       6
       7
       5
      10
       6
       6
       6
       5
       6
       7
       5
       2
       9
       3
       5
       7
       3
       4
       4
       3
       7
       1
       4
       4
       5
       3
       3
       6
       7
       2
       5
       6
       7
       5
       2
       6
       7
       4
      10
       5
       2
       4
       5
       5
       5
       5
       9
       3
       8
       5
       3
       5
       5
       1
       2
       9
       3
       5
       1
       4
       6
       4
       4
       6
       9
       1
       2
       4
       2
       4
       6
       6
       7
      10
       5
       5
       2
       2
       6
       6
      11
       4
       8
      10
       2
       3
       6
       2
       2
       2
       5
      11
       3
       7
       5
       4
       7
       7
       4
       2
       4
       6
       5
       6
       7
       4
       3
       3
       6
       3
       7
       5
       2
       4
       1
       2
       4
       5
       6
       4
       4
       7
       5
       2
       5
       6
       5
       3
       5
       6
       6
       5
       5
       7
       6
       6
       7
       1
       4
       2
       3
       4
       6
       5
       1
       2
       5
       4
       0
       6
       3
       4
       2
       2
       5
       5
       5
       6
       4
       4
       3
       6
       3
       9
       2
       3
       2
       3
       2
       6
       2
       6
       6
       6
       6
       4
       2
       4
       3
       5
       4
       1
       2
       6
       4
       3
       4
       7
       5
       2
       3
       3
       5
       6
       3
       4
       1
       5
       4
       7
       1
       4
      11
       6
       4
       6
       6
       5
       5
       2
       4
       6
       5
       8
       4
       7
       8
       4
       6
       2
       3
      13
       7
       4
       7
       7
       3
       5
       6
       8
       1
       5
       6
       4
       5
       7
       2
       3
       5
       3
       2
       6
       5
       7
       1
       3
       5
       8
       4
       5
       6
       4
       4
       1
       7
       6
       4
       3
       4
       3
       6
       4
       5
       7
       3
       1
       5
       1
       5
       2
       5
       5
       6
       5
       3
       1
       4
       2
       3
       6
       5
       4
       6
       8
       9
       3
       4
       4
       5
       4
       5
       3
       4
       4
       2
       4
       3
       6
       4
       0
       1
       3
       3
       3
       1
       3
       3
       3
       4
       4
       5
       4
       5
       3
       3
       4
       7
       3
       6
       4
       7
       9
       4
       5
       2
       4
       6
       5
       2
       3
       2
       4
       2
       4
       3
       4
       1
       7
       0
       3
       6
       5
       5
       7
       2
       6
       7
       5
       3
       4
       5
       3
       8
       3
       5
       5
       8
       3
       5
       3
       5
       6
       4
       1
       6
       5
       3
       6
       2
       4
       1
       5
       4
       1
       4
       4
       7
       7
       5
      12
       4
       3
       5
       5
       5
       1
       7
       4
       6
       2
       3
       3
       4
       3
       3
       1
       7
       4
       3
       4
       1
       1
       4
       3
       4
       2
       6
       2
       1
       5
       2
       3
       8
       6
       7
       4
       4
       2
       6
       4
       2
       7
       6
       0
       7
       2
      11
       5
       1
       2
       3
       4
       1
       1
       7
       4
       3
       5
       3
       5
       6
       7
       5
       4
       6
       3
       3
       7
       3
       6
       5
       5
       4
       5
       8
       4
       6
       1
       6
       3
       5
       4
       1
       5
       2
       3
       5
       8
       4
       4
       3
       5
       1
       5
       4
       7
       2
       1
       4
       3
       6
       7
       3
       5
       4
       1
       2
       4
       1
       1
       4
       6
       1
       2
       2
       2
       4
       3
       5
       2
       7
       1
       2
       6
       4
       8
       3
       9
       3
       2
       7
       1
       2
       4
       2
       4
       4
       3
       3
       4
       5
       4
       4
       1
       2
       2
       4
       0
       3
       1
       3
       1
       3
       0
       3
       0
       4
       3
       4
       5
       1
       4
       3
       4
       2
       1
       3
       2
       2
       2
       1
       2
       1
       1
       1
       0
       3
       1
       2
       1
       4
       1
       1
       1
       0
       2
       0
       4
       1
       1
       0
       0
       1
       1
       2
       0
       0
       1
       0
       1
       0
       2
       2
       2
       0
       0
       0
       1
       0
       0
       0
       1
       1
       0
       0
       1
       0
       0
       1
       0
       0
       1
       0
       0
       0
       0
       0
       2
       0
       0
       0
       0
       0
       0
       0
       0
       0
       0
       0
       0
       0
       0
       0
       0
       1
       0
       0
       0
       0
       0
       0
       0
       0
       0
       0
       0
       0
       0
       0
       0
       0
       0
       1
       0
       0
       0
       0
       0
       0
       0
       0
       0
       0
       0
       0
       0
       0
       0
       0
       0
       1
       0
       0
       0
       0
       0
       0
       0
       0
       0
       0
       0
       0
       0
       0
       0
       0
       0
       0
       0
       0
       0
       0
       0
       0
       1
       0
       0
       0
       0
       0
       0
       0
       0
       0
       0
       0
       0
       0
       0
       0
       0
       0
       0
       0
       0
       0
       0
       0
       0
       0
       0
       0
       0
       0
       0
       0
       0
       0
       0
       0
       0
       0
       0
       0
       0
       0
       0
       0
       0
       0
       0
       0
       0
       0
       0
       0
       0
       0
       0
       0
       0
       0
       0
       0
       0
       0
       0
       0
       0
       0
       0
       0
       0
       0
       0
       0
       0
       0
       0
       0
       0
       0
       0
       0
       0
       0
       0
       0
       0
       0
       0
       0
       0
       0
       0
       0
       0
       0
       0
       0
       0
       0
       0
       0
       0
       0
       0
       0
       0
       0
       0
       0
       0
       0
       0
       0
       0
       0
       0
       0
       0
       0
       0
       0
       0
       0
       0
       0
       0
       0
       0
       0
       0
       0
       0
       0
       0
       0
$ROI:
1
5540 6134
$PRESETS:
Live Time
180
0
$ENER_FIT:
0.000000 0.227554
$MCA_CAL:
3
0.000000E+000 2.275539E-001 0.000000E+000 keV
$SHAPE_CAL:
3
3.368824E+002 0.000000E+000 0.000000E+000
