$SPEC_ID:
No sample description was entered.
$SPEC_REM:
DET# 3
DETDESC# FP-GAMMA2 MCB 129
AP# Maestro Version 7.01
$DATE_MEA:
12/04/2013 12:42:03
$MEAS_TIM:
160 180
$DATA:
0 8191
       0
       0
       0
       0
       0
       0
       0
       0
       2
       3
       5
       3
       2
       6
       4
       2
       6
       8
       4
       7
       7
       3
       7
      10
       6
       6
       7
       9
       9
       1
      12
       8
      16
      12
      12
      14
       8
      17
      15
      11
      17
      15
      15
      18
      16
      20
      20
      12
      20
      22
      18
      31
      29
      67
     103
     258
     143
     131
     113
     116
     180
     821
    1963
    2000
    1811
    1709
    1445
    1312
    1185
    1086
     986
     930
     879
     797
     780
     759
     771
     681
     631
     612
     616
     645
     593
     614
     539
     543
     548
     529
     480
     505
     537
     537
     506
     530
     531
     532
     496
     497
     528
     508
     520
     465
     523
     475
     471
     534
     488
     473
     490
     513
     487
     527
     511
     509
     498
     502
     549
     518
     503
     503
     540
     482
     506
     507
     511
     506
     502
     447
     522
     571
     503
     482
     530
     526
     534
     498
     537
     525
     507
     554
     513
     548
     515
     496
     560
     555
     526
     529
     531
     519
     506
     545
     538
     546
     539
     557
     557
     513
     552
     510
     531
     511
     567
     475
     549
     506
     495
     547
     549
     490
     542
     541
     557
     557
     549
     525
     536
     567
     545
     504
     507
     557
     550
     536
     513
     500
     530
     564
     530
     548
     577
     547
     549
     548
     528
     579
     594
     587
     510
     574
     538
     522
     570
     558
     528
     556
     592
     582
     557
     597
     585
     532
     604
     586
     620
     602
     600
     602
     562
     519
     585
     625
     548
     559
     561
     585
     548
     598
     583
     528
     600
     544
     612
     547
     562
     581
     642
     549
     553
     540
     585
     565
     583
     559
     586
     600
     544
     574
     546
     583
     555
     574
     539
     594
     557
     572
     590
     559
     581
     600
     580
     562
     611
     571
     572
     599
     556
     596
     568
     526
     496
     602
     557
     550
     581
     601
     584
     563
     560
     582
     555
     530
     582
     590
     616
     528
     561
     591
     609
     572
     562
     600
     589
     569
     585
     573
     529
     578
     542
     559
     589
     572
     560
     616
     542
     607
     581
     633
     589
     565
     575
     634
     592
     561
     516
     603
     645
     590
     604
     569
     626
     648
     620
     589
     589
     628
     585
     621
     626
     623
     639
     688
     600
     642
     664
     655
     696
     646
     661
     641
     658
     685
     740
     734
     648
     669
     686
     718
     710
     743
     760
     706
     744
     769
     760
     752
     718
     787
     798
     763
     786
     749
     821
     770
     734
     852
     827
     873
     822
     813
     784
     816
     810
     862
     881
     845
     846
     868
     815
     881
     889
     842
     865
     869
     867
     823
     858
     900
     832
     923
     866
     829
     824
     842
     843
     857
     787
     869
     866
     872
     850
     848
     825
     794
     815
     820
     800
     799
     800
     830
     770
     848
     784
     813
     761
     816
     800
     806
     780
     799
     779
     797
     789
     769
     757
     757
     713
     747
     718
     781
     737
     764
     703
     757
     760
     730
     698
     705
     700
     753
     683
     743
     695
     717
     661
     671
     679
     682
     683
     672
     677
     608
     678
     653
     637
     638
     590
     606
     636
     643
     632
     621
     606
     653
     608
     585
     607
     664
     642
     675
     590
     582
     588
     619
     586
     581
     600
     608
     595
     598
     584
     573
     608
     588
     613
     591
     581
     566
     612
     543
     607
     554
     593
     567
     605
     562
     545
     576
     551
     589
     498
     586
     542
     578
     534
     574
     563
     552
     576
     544
     539
     573
     568
     561
     552
     578
     603
     576
     566
     557
     507
     572
     528
     548
     586
     536
     575
     571
     554
     558
     560
     556
     579
     542
     575
     532
     590
     604
     540
     563
     553
     592
     583
     602
     575
     580
     582
     552
     565
     583
     539
     557
     555
     579
     540
     556
     572
     585
     573
     528
     583
     538
     577
     520
     547
     567
     556
     539
     572
     548
     600
     546
     566
     515
     554
     512
     553
     582
     542
     525
     606
     567
     562
     553
     530
     529
     556
     548
     552
     591
     579
     567
     544
     595
     568
     586
     586
     540
     557
     609
     570
     555
     540
     567
     556
     511
     549
     542
     555
     527
     558
     570
     560
     581
     507
     563
     551
     543
     545
     564
     567
     593
     596
     532
     537
     536
     580
     532
     574
     573
     599
     536
     577
     568
     593
     543
     541
     606
     601
     608
     609
     540
     603
     559
     572
     584
     521
     561
     575
     598
     577
     598
     552
     637
     580
     606
     598
     556
     566
     561
     536
     569
     601
     603
     541
     552
     543
     552
     559
     619
     603
     613
     591
     597
     532
     591
     579
     616
     548
     603
     587
     562
     555
     557
     574
     606
     578
     588
     554
     586
     591
     547
     543
     605
     618
     585
     563
     567
     578
     599
     567
     562
     565
     603
     571
     601
     591
     551
     607
     571
     560
     588
     598
     593
     550
     574
     573
     595
     555
     578
     546
     587
     612
     586
     525
     576
     564
     544
     621
     598
     566
     573
     603
     616
     588
     581
     603
     594
     580
     574
     596
     576
     588
     605
     573
     571
     623
     621
     573
     594
     577
     606
     588
     572
     604
     574
     594
     606
     594
     589
     598
     598
     563
     620
     602
     578
     605
     584
     569
     561
     605
     565
     625
     560
     575
     587
     579
     576
     589
     579
     597
     605
     575
     616
     580
     552
     562
     572
     635
     622
     612
     617
     631
     624
     603
     624
     597
     564
     567
     619
     586
     578
     609
     645
     659
     550
     632
     594
     596
     591
     615
     589
     612
     602
     606
     589
     619
     578
     598
     624
     663
     615
     528
     601
     636
     626
     566
     617
     644
     614
     611
     602
     620
     593
     600
     588
     561
     634
     537
     631
     627
     616
     569
     595
     604
     607
     596
     627
     639
     633
     613
     598
     582
     603
     616
     669
     617
     630
     641
     621
     626
     626
     621
     591
     674
     583
     615
     609
     608
     606
     633
     597
     629
     629
     609
     620
     641
     608
     668
     610
     597
     618
     650
     659
     644
     629
     601
     597
     583
     634
     619
     603
     643
     631
     672
     662
     599
     619
     569
     607
     583
     659
     616
     640
     622
     567
     601
     588
     678
     610
     676
     643
     602
     683
     679
     648
     653
     622
     620
     664
     677
     635
     640
     666
     662
     664
     668
     627
     665
     698
     686
     685
     631
     662
     635
     669
     647
     690
     675
     639
     695
     689
     674
     674
     722
     730
     645
     702
     682
     674
     704
     596
     630
     643
     683
     708
     645
     676
     693
     672
     693
     663
     692
     740
     688
     654
     695
     664
     670
     664
     687
     692
     713
     665
     740
     722
     682
     696
     765
     696
     674
     704
     712
     709
     694
     680
     730
     696
     702
     773
     676
     725
     711
     684
     719
     729
     710
     683
     718
     737
     727
     700
     690
     742
     727
     726
     719
     741
     723
     695
     724
     712
     728
     728
     739
     717
     696
     739
     767
     753
     722
     747
     742
     765
     706
     807
     697
     695
     690
     789
     706
     765
     780
     757
     710
     764
     735
     721
     742
     758
     792
     701
     730
     743
     780
     710
     686
     707
     783
     775
     743
     769
     769
     724
     768
     756
     744
     741
     709
     718
     734
     745
     746
     769
     731
     770
     743
     765
     753
     711
     771
     761
     736
     734
     765
     748
     775
     784
     750
     783
     733
     741
     696
     744
     755
     751
     731
     780
     770
     708
     733
     778
     765
     730
     714
     757
     725
     750
     740
     729
     816
     768
     726
     759
     795
     727
     699
     745
     735
     744
     710
     756
     743
     757
     715
     725
     702
     748
     744
     773
     732
     735
     741
     704
     714
     771
     699
     698
     723
     733
     781
     782
     722
     733
     763
     739
     752
     717
     726
     766
     748
     751
     729
     757
     725
     736
     754
     772
     771
     699
     721
     703
     718
     737
     750
     750
     730
     709
     756
     737
     749
     701
     762
     731
     739
     726
     762
     757
     685
     703
     764
     732
     715
     694
     747
     740
     773
     700
     703
     750
     705
     720
     674
     743
     698
     692
     738
     791
     686
     669
     727
     718
     744
     705
     679
     741
     699
     681
     701
     734
     745
     718
     725
     741
     676
     684
     743
     694
     689
     719
     746
     724
     730
     713
     715
     719
     663
     679
     730
     689
     699
     671
     710
     730
     705
     724
     735
     734
     680
     705
     715
     734
     686
     693
     657
     677
     701
     714
     722
     651
     677
     662
     729
     657
     685
     724
     692
     713
     703
     663
     717
     706
     694
     725
     708
     715
     701
     668
     714
     671
     681
     702
     689
     718
     696
     698
     659
     659
     660
     676
     707
     692
     684
     661
     667
     699
     701
     743
     676
     675
     644
     692
     641
     693
     679
     669
     663
     689
     651
     641
     721
     713
     673
     685
     709
     664
     695
     690
     660
     691
     659
     690
     657
     665
     642
     700
     719
     724
     632
     671
     701
     663
     668
     692
     666
     690
     693
     659
     664
     693
     653
     642
     665
     657
     708
     690
     669
     658
     647
     665
     707
     643
     651
     634
     682
     647
     716
     606
     681
     646
     696
     708
     655
     717
     679
     696
     686
     671
     712
     671
     634
     729
     703
     621
     713
     657
     646
     662
     662
     689
     646
     664
     680
     642
     686
     681
     650
     653
     610
     672
     665
     698
     692
     695
     635
     665
     657
     656
     647
     629
     751
     681
     633
     685
     661
     642
     643
     656
     634
     682
     623
     681
     666
     677
     652
     650
     628
     606
     636
     642
     640
     667
     645
     647
     597
     604
     671
     671
     658
     654
     584
     646
     645
     632
     657
     686
     686
     696
     666
     662
     624
     674
     638
     583
     706
     659
     656
     648
     643
     620
     678
     644
     628
     636
     632
     649
     644
     660
     631
     655
     681
     636
     632
     642
     654
     620
     669
     693
     621
     666
     680
     604
     668
     632
     655
     611
     643
     643
     619
     667
     604
     687
     620
     622
     652
     632
     647
     651
     653
     656
     660
     596
     668
     642
     600
     671
     611
     651
     690
     604
     624
     643
     617
     628
     633
     663
     651
     622
     654
     620
     629
     655
     608
     691
     647
     631
     631
     666
     624
     591
     676
     611
     651
     644
     602
     640
     657
     618
     629
     627
     613
     578
     646
     610
     629
     611
     649
     612
     624
     611
     640
     647
     625
     650
     610
     621
     610
     624
     644
     563
     662
     624
     571
     631
     625
     608
     574
     627
     647
     599
     640
     596
     618
     608
     587
     583
     635
     637
     620
     623
     603
     650
     614
     615
     602
     612
     630
     679
     645
     589
     611
     642
     624
     618
     592
     617
     598
     555
     648
     571
     609
     598
     591
     584
     622
     645
     611
     594
     611
     605
     639
     592
     619
     601
     631
     603
     586
     566
     586
     600
     593
     568
     608
     536
     626
     546
     599
     616
     585
     621
     627
     516
     614
     586
     617
     553
     610
     595
     602
     573
     596
     594
     609
     572
     549
     587
     557
     617
     593
     612
     582
     617
     587
     549
     583
     606
     587
     549
     628
     615
     608
     586
     577
     603
     626
     570
     588
     586
     589
     584
     567
     560
     580
     563
     576
     565
     596
     598
     635
     637
     563
     611
     595
     633
     556
     541
     602
     597
     585
     606
     607
     575
     571
     594
     586
     594
     659
     577
     552
     588
     563
     582
     615
     545
     591
     559
     556
     567
     575
     585
     563
     587
     605
     617
     603
     591
     637
     573
     630
     563
     573
     579
     565
     588
     567
     565
     600
     563
     595
     616
     577
     602
     593
     584
     552
     548
     588
     584
     586
     557
     564
     570
     538
     576
     569
     551
     577
     588
     575
     598
     565
     578
     612
     538
     578
     587
     592
     594
     554
     562
     608
     594
     586
     574
     551
     597
     561
     617
     546
     581
     601
     599
     590
     538
     564
     573
     564
     547
     600
     556
     552
     582
     577
     547
     584
     613
     596
     573
     573
     569
     574
     555
     581
     543
     592
     569
     585
     607
     563
     576
     549
     542
     549
     567
     572
     613
     543
     585
     538
     562
     572
     558
     586
     562
     565
     562
     583
     624
     589
     591
     587
     575
     603
     598
     582
     529
     583
     587
     520
     557
     588
     568
     557
     605
     579
     644
     559
     551
     529
     610
     586
     595
     571
     576
     564
     564
     567
     561
     565
     575
     606
     573
     563
     581
     598
     535
     544
     577
     585
     584
     562
     580
     516
     566
     587
     548
     541
     579
     623
     562
     582
     565
     596
     556
     582
     607
     551
     629
     547
     611
     584
     568
     558
     533
     621
     575
     534
     569
     538
     556
     566
     527
     558
     575
     536
     561
     549
     558
     562
     584
     580
     562
     618
     552
     575
     582
     595
     545
     537
     561
     570
     553
     561
     558
     554
     537
     532
     574
     536
     604
     540
     598
     531
     537
     566
     555
     560
     597
     556
     561
     532
     592
     592
     572
     555
     603
     625
     625
     545
     573
     573
     579
     589
     551
     570
     559
     571
     562
     539
     523
     558
     584
     554
     571
     562
     613
     546
     569
     570
     563
     549
     556
     595
     564
     545
     628
     583
     538
     599
     533
     541
     568
     541
     576
     567
     577
     565
     573
     535
     589
     531
     566
     559
     596
     531
     530
     570
     554
     534
     557
     544
     588
     525
     555
     539
     529
     551
     551
     558
     562
     543
     570
     563
     534
     580
     554
     535
     591
     570
     570
     561
     528
     535
     530
     528
     529
     618
     557
     557
     587
     545
     577
     534
     535
     546
     549
     511
     526
     563
     506
     563
     554
     576
     572
     561
     577
     557
     612
     563
     559
     574
     587
     598
     546
     538
     529
     574
     561
     547
     531
     523
     524
     590
     536
     544
     570
     512
     542
     579
     553
     553
     508
     560
     557
     563
     541
     551
     517
     531
     574
     549
     537
     541
     537
     547
     551
     545
     545
     559
     569
     558
     552
     549
     529
     595
     522
     560
     553
     548
     541
     542
     562
     606
     561
     544
     552
     560
     540
     580
     568
     549
     588
     532
     532
     535
     544
     592
     586
     546
     547
     549
     578
     532
     538
     514
     569
     576
     597
     552
     598
     533
     591
     539
     572
     546
     582
     557
     545
     534
     593
     548
     559
     543
     524
     571
     533
     503
     561
     610
     545
     534
     563
     621
     484
     538
     559
     568
     564
     555
     530
     534
     547
     509
     537
     548
     519
     602
     549
     546
     559
     567
     541
     530
     575
     564
     594
     548
     551
     507
     517
     539
     525
     537
     568
     553
     526
     517
     579
     593
     543
     532
     519
     556
     573
     577
     526
     530
     566
     528
     626
     547
     540
     613
     542
     554
     564
     613
     570
     515
     540
     541
     489
     533
     556
     548
     571
     560
     556
     567
     546
     569
     591
     517
     580
     539
     548
     532
     586
     575
     533
     571
     562
     546
     565
     557
     589
     591
     581
     561
     594
     592
     557
     557
     559
     550
     555
     542
     550
     573
     545
     586
     534
     579
     547
     585
     565
     577
     536
     570
     541
     513
     557
     543
     545
     583
     567
     523
     560
     559
     536
     522
     551
     628
     578
     578
     580
     525
     566
     604
     532
     562
     576
     524
     546
     547
     585
     562
     559
     589
     519
     572
     574
     546
     548
     544
     555
     569
     530
     550
     556
     539
     584
     562
     561
     608
     543
     594
     574
     559
     554
     523
     578
     584
     559
     579
     562
     573
     550
     554
     574
     544
     569
     527
     587
     536
     563
     567
     547
     534
     568
     572
     589
     541
     597
     539
     544
     533
     552
     535
     563
     545
     572
     579
     557
     561
     572
     550
     559
     546
     606
     539
     547
     551
     547
     539
     564
     550
     563
     548
     576
     580
     546
     566
     583
     552
     526
     505
     542
     544
     533
     572
     556
     584
     575
     549
     596
     508
     529
     550
     561
     554
     553
     568
     580
     584
     543
     583
     573
     570
     531
     567
     574
     617
     564
     573
     603
     571
     554
     519
     574
     532
     504
     542
     583
     592
     548
     549
     574
     619
     569
     576
     569
     589
     584
     551
     556
     568
     533
     603
     525
     523
     553
     624
     555
     566
     541
     554
     592
     540
     544
     556
     535
     539
     596
     502
     522
     535
     507
     610
     568
     525
     574
     552
     554
     561
     564
     545
     534
     550
     530
     565
     538
     602
     564
     537
     527
     530
     534
     530
     534
     522
     603
     595
     531
     594
     538
     571
     554
     594
     559
     557
     553
     558
     543
     550
     570
     547
     606
     516
     556
     566
     541
     534
     524
     542
     589
     583
     556
     579
     509
     565
     539
     517
     549
     522
     531
     545
     570
     541
     524
     534
     539
     569
     513
     534
     574
     526
     570
     535
     542
     585
     586
     524
     537
     515
     553
     569
     521
     518
     530
     542
     518
     481
     580
     517
     558
     600
     593
     541
     553
     532
     519
     543
     563
     531
     587
     564
     524
     566
     582
     508
     563
     502
     506
     541
     537
     534
     539
     522
     559
     528
     575
     540
     539
     541
     563
     538
     535
     550
     551
     575
     599
     551
     558
     562
     536
     579
     499
     530
     569
     591
     551
     540
     532
     556
     541
     536
     586
     555
     525
     535
     525
     545
     559
     514
     541
     538
     558
     512
     587
     506
     567
     512
     543
     585
     506
     547
     548
     536
     502
     549
     529
     567
     594
     517
     555
     563
     475
     519
     541
     571
     548
     546
     556
     534
     528
     565
     533
     507
     567
     552
     547
     522
     547
     526
     542
     555
     554
     520
     538
     532
     564
     537
     513
     523
     564
     540
     582
     507
     556
     568
     516
     550
     500
     517
     586
     504
     572
     555
     532
     533
     582
     554
     549
     523
     533
     567
     559
     549
     525
     568
     582
     547
     583
     540
     517
     535
     551
     560
     531
     563
     562
     537
     593
     535
     544
     515
     557
     569
     533
     541
     547
     541
     551
     522
     564
     520
     524
     544
     556
     518
     578
     588
     553
     516
     593
     567
     515
     523
     589
     544
     516
     532
     574
     559
     529
     475
     544
     511
     597
     553
     525
     562
     519
     528
     560
     524
     544
     537
     538
     547
     553
     559
     543
     544
     550
     527
     549
     545
     542
     546
     527
     533
     535
     561
     544
     557
     521
     549
     549
     520
     579
     582
     535
     530
     534
     520
     522
     547
     564
     570
     541
     531
     541
     486
     511
     526
     544
     554
     541
     563
     535
     523
     546
     539
     530
     504
     528
     532
     539
     579
     539
     499
     528
     521
     521
     558
     531
     553
     548
     501
     511
     523
     521
     481
     529
     530
     515
     565
     586
     544
     573
     609
     556
     512
     504
     545
     529
     528
     530
     564
     555
     575
     554
     547
     551
     519
     552
     574
     562
     547
     534
     518
     524
     541
     554
     525
     551
     574
     531
     558
     504
     578
     495
     519
     539
     589
     568
     567
     578
     536
     564
     549
     560
     563
     547
     545
     529
     541
     539
     616
     552
     561
     561
     540
     513
     554
     551
     533
     536
     495
     512
     543
     492
     522
     548
     566
     562
     555
     517
     541
     558
     575
     556
     525
     545
     528
     512
     581
     530
     513
     536
     567
     552
     544
     510
     536
     543
     546
     515
     509
     557
     515
     523
     557
     596
     518
     497
     510
     558
     512
     539
     516
     545
     506
     513
     540
     482
     549
     564
     556
     561
     534
     560
     519
     540
     542
     552
     544
     523
     572
     557
     544
     530
     562
     545
     572
     577
     534
     579
     555
     564
     546
     518
     572
     547
     529
     544
     505
     527
     561
     582
     534
     504
     538
     556
     513
     489
     559
     528
     601
     580
     535
     505
     551
     534
     579
     559
     540
     587
     535
     553
     579
     535
     569
     580
     555
     563
     576
     579
     587
     563
     547
     543
     529
     509
     581
     543
     576
     540
     539
     508
     536
     570
     550
     512
     571
     546
     536
     570
     590
     517
     540
     542
     594
     579
     541
     526
     558
     507
     543
     569
     556
     509
     538
     520
     553
     568
     546
     484
     527
     542
     553
     544
     551
     553
     546
     566
     534
     528
     543
     534
     538
     568
     522
     556
     544
     565
     515
     508
     516
     526
     577
     529
     532
     548
     554
     545
     569
     531
     599
     529
     571
     519
     535
     599
     516
     556
     545
     516
     588
     573
     526
     567
     553
     515
     563
     515
     503
     552
     550
     490
     588
     535
     578
     516
     546
     589
     555
     551
     499
     568
     544
     542
     566
     565
     559
     591
     588
     533
     509
     560
     518
     579
     555
     502
     542
     576
     557
     541
     577
     539
     519
     576
     546
     546
     582
     512
     520
     585
     535
     595
     543
     523
     543
     540
     558
     563
     597
     605
     533
     566
     541
     579
     555
     556
     539
     566
     541
     528
     535
     556
     537
     591
     574
     561
     571
     578
     587
     552
     524
     530
     526
     554
     554
     543
     571
     542
     588
     574
     527
     619
     497
     549
     558
     568
     559
     548
     590
     528
     596
     586
     576
     544
     553
     551
     535
     603
     573
     553
     577
     544
     531
     541
     622
     560
     568
     587
     580
     547
     576
     568
     603
     536
     587
     583
     538
     533
     519
     555
     556
     562
     545
     548
     575
     559
     548
     521
     531
     556
     527
     561
     569
     560
     543
     575
     551
     562
     544
     532
     569
     532
     572
     501
     526
     560
     559
     565
     569
     528
     614
     565
     541
     567
     589
     565
     536
     536
     552
     578
     533
     573
     558
     567
     541
     569
     548
     516
     587
     525
     540
     581
     489
     560
     523
     558
     584
     575
     557
     526
     550
     607
     537
     588
     545
     543
     540
     566
     549
     553
     545
     550
     573
     549
     579
     567
     559
     554
     518
     565
     556
     548
     580
     574
     578
     567
     517
     560
     537
     567
     520
     553
     567
     558
     567
     536
     560
     553
     519
     588
     548
     567
     515
     563
     587
     527
     532
     552
     553
     554
     548
     524
     594
     546
     566
     563
     547
     535
     584
     544
     592
     590
     549
     541
     560
     555
     532
     571
     531
     531
     545
     512
     563
     541
     552
     617
     552
     560
     560
     519
     599
     567
     589
     576
     561
     544
     560
     542
     538
     591
     512
     579
     572
     512
     559
     558
     552
     573
     531
     532
     534
     554
     589
     570
     575
     532
     548
     546
     580
     565
     575
     547
     520
     584
     586
     553
     562
     558
     562
     550
     524
     553
     520
     552
     517
     547
     577
     563
     562
     586
     547
     583
     550
     558
     545
     570
     570
     603
     558
     562
     580
     567
     556
     596
     559
     592
     558
     555
     573
     574
     602
     586
     560
     533
     557
     579
     548
     563
     583
     534
     531
     513
     576
     519
     576
     567
     561
     545
     581
     567
     579
     589
     582
     557
     585
     583
     540
     585
     600
     538
     597
     571
     535
     506
     556
     560
     602
     602
     585
     565
     590
     533
     566
     571
     535
     606
     552
     582
     568
     613
     546
     547
     550
     554
     592
     549
     511
     600
     541
     590
     524
     541
     539
     604
     572
     562
     558
     554
     564
     571
     579
     540
     578
     570
     567
     553
     589
     545
     577
     587
     566
     572
     584
     587
     576
     564
     557
     553
     527
     566
     563
     528
     545
     570
     561
     572
     573
     564
     563
     580
     602
     551
     556
     577
     583
     541
     594
     558
     572
     549
     583
     607
     553
     599
     633
     544
     558
     540
     524
     555
     550
     578
     545
     542
     553
     582
     604
     573
     594
     577
     567
     571
     579
     600
     604
     579
     538
     537
     615
     617
     569
     571
     596
     577
     581
     579
     585
     600
     576
     563
     612
     606
     602
     607
     610
     555
     633
     545
     573
     600
     581
     562
     563
     569
     517
     573
     552
     570
     584
     569
     597
     559
     578
     591
     562
     583
     581
     537
     574
     585
     579
     570
     637
     594
     610
     546
     571
     566
     595
     577
     616
     565
     578
     586
     584
     601
     545
     566
     591
     634
     601
     571
     604
     593
     555
     560
     598
     572
     575
     596
     618
     561
     586
     594
     579
     514
     574
     586
     601
     569
     580
     643
     624
     551
     588
     551
     623
     591
     561
     549
     618
     576
     569
     576
     585
     606
     598
     569
     572
     638
     548
     561
     618
     556
     630
     606
     550
     623
     561
     589
     600
     550
     588
     598
     557
     568
     641
     573
     568
     608
     605
     623
     557
     588
     592
     614
     576
     608
     618
     578
     584
     573
     584
     587
     591
     580
     594
     580
     588
     611
     590
     569
     599
     561
     577
     601
     597
     592
     594
     597
     573
     626
     586
     634
     595
     566
     578
     582
     612
     575
     603
     610
     626
     594
     589
     595
     596
     552
     576
     588
     599
     586
     557
     629
     623
     626
     544
     617
     598
     585
     572
     603
     593
     613
     589
     624
     626
     568
     608
     539
     593
     571
     636
     525
     619
     576
     585
     576
     558
     608
     605
     595
     576
     597
     577
     639
     638
     619
     584
     592
     643
     551
     598
     605
     624
     592
     652
     628
     612
     586
     643
     577
     649
     598
     622
     597
     614
     574
     591
     626
     604
     596
     601
     602
     651
     607
     620
     606
     584
     627
     600
     570
     607
     584
     581
     598
     598
     631
     612
     644
     606
     595
     579
     623
     579
     611
     604
     625
     618
     602
     587
     643
     618
     582
     629
     606
     636
     609
     574
     688
     586
     598
     629
     584
     599
     597
     629
     588
     584
     611
     649
     593
     640
     635
     580
     588
     636
     630
     626
     589
     623
     598
     621
     673
     616
     613
     594
     578
     616
     616
     599
     624
     615
     614
     577
     583
     625
     647
     585
     594
     575
     625
     648
     632
     667
     652
     615
     549
     631
     619
     634
     616
     644
     579
     573
     583
     643
     577
     642
     613
     625
     621
     618
     564
     649
     596
     545
     612
     588
     584
     635
     608
     607
     625
     615
     641
     665
     603
     641
     604
     659
     622
     634
     616
     586
     637
     631
     605
     606
     603
     650
     603
     617
     570
     598
     598
     578
     634
     606
     613
     641
     616
     620
     606
     598
     659
     608
     641
     616
     623
     551
     664
     609
     602
     595
     620
     589
     607
     606
     589
     650
     594
     584
     537
     650
     631
     637
     584
     598
     605
     580
     603
     593
     592
     621
     577
     548
     642
     623
     608
     630
     597
     598
     567
     623
     606
     624
     613
     617
     571
     580
     617
     588
     604
     623
     630
     653
     626
     648
     595
     625
     608
     582
     616
     638
     588
     582
     575
     569
     625
     584
     626
     572
     576
     601
     600
     572
     658
     636
     611
     569
     620
     628
     609
     609
     635
     578
     580
     620
     593
     597
     608
     599
     656
     613
     611
     552
     559
     582
     611
     552
     580
     610
     572
     584
     618
     589
     560
     639
     563
     540
     589
     595
     607
     580
     614
     561
     587
     592
     581
     615
     545
     596
     570
     587
     606
     617
     595
     547
     582
     576
     606
     542
     587
     537
     622
     597
     579
     565
     598
     555
     598
     588
     581
     561
     575
     621
     565
     591
     573
     549
     564
     569
     564
     598
     552
     572
     582
     578
     591
     569
     561
     591
     575
     544
     561
     563
     607
     581
     587
     529
     525
     579
     587
     563
     542
     542
     513
     558
     577
     563
     581
     554
     524
     560
     546
     550
     548
     562
     559
     596
     548
     525
     520
     521
     559
     552
     565
     511
     566
     583
     571
     526
     535
     535
     528
     557
     552
     539
     576
     531
     510
     558
     529
     538
     529
     522
     521
     520
     523
     508
     561
     573
     520
     557
     522
     567
     550
     526
     508
     492
     497
     555
     528
     497
     574
     549
     518
     516
     538
     473
     569
     535
     554
     498
     485
     528
     509
     528
     537
     505
     508
     505
     510
     544
     529
     526
     527
     529
     539
     502
     498
     521
     502
     541
     508
     516
     536
     529
     502
     489
     523
     509
     505
     510
     554
     517
     486
     503
     516
     492
     517
     475
     501
     492
     507
     520
     519
     493
     505
     524
     464
     510
     496
     457
     500
     510
     494
     530
     494
     544
     482
     476
     475
     509
     469
     512
     539
     469
     460
     484
     485
     482
     492
     471
     459
     469
     520
     498
     444
     512
     492
     445
     455
     444
     485
     539
     505
     471
     474
     500
     460
     464
     454
     465
     442
     483
     470
     454
     429
     490
     490
     470
     481
     456
     509
     481
     453
     418
     487
     443
     463
     487
     448
     485
     497
     453
     441
     442
     441
     497
     453
     448
     483
     442
     465
     433
     451
     478
     478
     468
     453
     444
     468
     429
     455
     455
     462
     470
     423
     438
     446
     490
     444
     491
     449
     466
     475
     452
     451
     441
     446
     429
     437
     475
     463
     461
     478
     438
     432
     484
     472
     426
     479
     478
     430
     466
     413
     431
     454
     446
     452
     447
     409
     471
     462
     410
     444
     454
     491
     425
     415
     410
     474
     424
     450
     430
     455
     428
     460
     434
     418
     454
     393
     419
     445
     436
     407
     433
     450
     457
     422
     423
     470
     444
     407
     426
     457
     432
     424
     421
     410
     465
     455
     421
     462
     427
     439
     433
     431
     420
     417
     415
     398
     405
     446
     440
     421
     443
     407
     427
     420
     446
     407
     410
     402
     422
     439
     433
     398
     435
     461
     433
     396
     443
     451
     406
     422
     414
     401
     399
     387
     451
     398
     467
     442
     444
     434
     438
     398
     425
     423
     382
     459
     442
     414
     382
     439
     429
     439
     394
     374
     437
     413
     410
     395
     420
     421
     401
     383
     397
     390
     433
     417
     397
     397
     435
     392
     434
     402
     376
     394
     407
     379
     442
     422
     411
     380
     420
     428
     394
     377
     377
     420
     435
     428
     399
     399
     377
     400
     427
     401
     397
     426
     411
     368
     410
     352
     425
     412
     430
     383
     393
     430
     446
     409
     417
     433
     404
     429
     410
     381
     453
     401
     428
     369
     421
     381
     386
     394
     407
     384
     401
     378
     418
     390
     416
     431
     403
     409
     404
     403
     387
     398
     432
     408
     395
     411
     350
     424
     405
     391
     406
     406
     395
     439
     396
     423
     414
     390
     411
     403
     415
     392
     399
     367
     415
     391
     405
     359
     373
     372
     390
     396
     385
     382
     385
     398
     380
     400
     365
     410
     393
     424
     392
     382
     381
     359
     412
     396
     390
     399
     397
     402
     391
     415
     359
     391
     379
     390
     381
     388
     364
     420
     397
     350
     383
     381
     381
     366
     393
     389
     406
     404
     415
     378
     389
     362
     405
     389
     385
     371
     381
     424
     380
     399
     368
     359
     351
     396
     386
     388
     348
     361
     375
     375
     379
     341
     384
     399
     384
     393
     414
     411
     376
     374
     374
     399
     374
     361
     382
     371
     365
     386
     353
     380
     323
     353
     355
     361
     362
     383
     379
     364
     384
     395
     374
     377
     334
     352
     337
     357
     332
     383
     365
     376
     362
     388
     362
     348
     390
     392
     353
     373
     373
     348
     368
     328
     340
     355
     383
     388
     361
     369
     363
     355
     360
     371
     401
     375
     344
     304
     374
     372
     384
     322
     336
     368
     350
     361
     391
     374
     354
     343
     351
     335
     358
     354
     344
     340
     329
     319
     353
     358
     384
     305
     374
     351
     291
     387
     348
     321
     333
     345
     371
     360
     346
     352
     338
     356
     346
     352
     336
     326
     343
     326
     320
     347
     340
     338
     345
     313
     359
     324
     297
     303
     341
     328
     352
     318
     311
     342
     326
     309
     347
     324
     317
     332
     321
     333
     308
     351
     344
     326
     330
     367
     322
     306
     336
     328
     349
     327
     339
     333
     337
     340
     321
     348
     329
     347
     331
     314
     316
     308
     280
     319
     307
     315
     310
     332
     299
     307
     310
     281
     309
     322
     311
     326
     325
     303
     314
     299
     305
     324
     334
     310
     308
     286
     321
     292
     322
     305
     317
     310
     341
     321
     338
     334
     324
     313
     290
     343
     307
     347
     316
     322
     327
     316
     330
     330
     326
     305
     335
     307
     308
     298
     337
     292
     343
     303
     341
     309
     305
     325
     343
     327
     311
     331
     296
     304
     311
     306
     323
     323
     322
     307
     335
     339
     291
     276
     314
     346
     323
     333
     339
     343
     306
     301
     340
     334
     303
     326
     312
     314
     342
     322
     306
     319
     328
     311
     340
     314
     328
     357
     297
     349
     328
     317
     350
     327
     316
     349
     371
     340
     333
     319
     338
     340
     338
     374
     382
     344
     340
     344
     349
     339
     351
     325
     368
     356
     353
     339
     348
     328
     343
     344
     341
     349
     344
     356
     364
     408
     342
     336
     336
     358
     351
     332
     360
     399
     377
     414
     347
     359
     355
     406
     367
     364
     359
     410
     350
     361
     388
     363
     415
     413
     373
     392
     353
     366
     352
     380
     385
     365
     392
     344
     445
     383
     416
     388
     408
     353
     389
     386
     380
     393
     398
     423
     413
     454
     396
     387
     412
     389
     429
     411
     404
     399
     411
     454
     421
     436
     419
     415
     426
     442
     430
     462
     427
     471
     454
     454
     476
     426
     476
     489
     471
     485
     480
     436
     462
     500
     440
     505
     475
     481
     463
     495
     535
     466
     459
     473
     479
     474
     496
     463
     474
     465
     486
     521
     502
     515
     485
     484
     515
     512
     504
     485
     531
     506
     546
     521
     548
     544
     548
     567
     532
     585
     512
     530
     590
     571
     592
     572
     546
     548
     505
     564
     529
     518
     540
     562
     553
     614
     568
     559
     605
     556
     560
     597
     578
     599
     572
     635
     522
     589
     597
     612
     619
     603
     618
     555
     609
     601
     608
     590
     615
     582
     578
     569
     605
     641
     624
     641
     600
     614
     656
     644
     662
     664
     568
     593
     663
     636
     668
     633
     619
     691
     679
     716
     672
     662
     638
     664
     647
     652
     696
     656
     665
     666
     632
     672
     674
     686
     669
     678
     678
     727
     695
     689
     695
     675
     748
     695
     707
     709
     692
     692
     694
     737
     740
     685
     780
     684
     745
     735
     735
     714
     759
     743
     673
     726
     720
     775
     714
     804
     760
     721
     704
     730
     767
     763
     738
     750
     776
     724
     770
     743
     734
     736
     726
     742
     742
     736
     748
     713
     790
     784
     741
     754
     726
     805
     793
     732
     764
     771
     707
     739
     774
     779
     787
     794
     819
     789
     762
     739
     759
     778
     789
     746
     770
     732
     824
     770
     777
     776
     772
     753
     744
     775
     784
     770
     774
     778
     795
     750
     748
     774
     733
     766
     722
     742
     793
     705
     784
     769
     813
     796
     769
     746
     771
     742
     769
     758
     794
     724
     747
     781
     740
     744
     800
     762
     777
     789
     763
     751
     779
     744
     786
     741
     802
     723
     776
     718
     721
     769
     768
     775
     714
     681
     716
     696
     772
     731
     758
     739
     770
     714
     686
     723
     767
     736
     763
     767
     731
     736
     686
     673
     688
     681
     721
     677
     726
     672
     726
     696
     662
     767
     749
     781
     723
     671
     676
     738
     652
     720
     723
     656
     642
     664
     741
     655
     708
     679
     652
     689
     664
     651
     659
     661
     656
     646
     617
     620
     692
     663
     621
     644
     634
     649
     661
     637
     656
     641
     682
     610
     655
     623
     644
     624
     637
     586
     589
     612
     578
     610
     566
     575
     563
     569
     625
     589
     566
     557
     576
     618
     575
     588
     580
     610
     585
     562
     533
     552
     590
     605
     542
     589
     561
     525
     582
     557
     518
     563
     538
     549
     519
     530
     540
     498
     529
     517
     492
     538
     518
     514
     489
     492
     508
     491
     468
     479
     455
     475
     478
     463
     465
     481
     473
     479
     454
     446
     471
     425
     461
     463
     425
     466
     421
     454
     467
     465
     425
     440
     414
     445
     444
     439
     421
     442
     451
     421
     425
     385
     399
     445
     418
     430
     369
     432
     372
     373
     404
     385
     383
     421
     376
     445
     366
     344
     409
     364
     372
     350
     386
     364
     368
     343
     317
     352
     361
     368
     337
     345
     348
     338
     337
     313
     321
     326
     318
     315
     320
     317
     340
     332
     333
     311
     305
     319
     324
     322
     343
     319
     310
     300
     292
     303
     314
     312
     308
     318
     283
     315
     291
     288
     297
     267
     287
     300
     269
     272
     287
     275
     274
     260
     264
     272
     251
     278
     269
     233
     291
     282
     290
     263
     266
     254
     296
     249
     248
     235
     246
     234
     271
     262
     258
     257
     204
     237
     258
     256
     219
     251
     237
     233
     227
     213
     237
     254
     259
     241
     236
     260
     241
     222
     248
     227
     214
     262
     240
     242
     204
     224
     235
     226
     238
     231
     244
     251
     227
     237
     242
     226
     231
     226
     220
     208
     186
     238
     221
     215
     208
     216
     206
     217
     204
     230
     224
     218
     247
     210
     243
     212
     240
     238
     212
     215
     209
     250
     220
     227
     215
     215
     222
     215
     213
     215
     232
     221
     212
     212
     236
     200
     234
     228
     219
     227
     216
     235
     226
     250
     238
     229
     202
     223
     230
     225
     241
     234
     230
     228
     250
     249
     256
     235
     253
     241
     246
     228
     249
     234
     236
     232
     249
     215
     262
     247
     249
     235
     223
     249
     262
     255
     257
     257
     246
     258
     243
     225
     251
     250
     238
     276
     236
     246
     259
     238
     298
     247
     271
     289
     250
     280
     269
     321
     284
     282
     252
     284
     259
     271
     265
     302
     286
     340
     266
     284
     305
     291
     309
     299
     274
     307
     303
     321
     311
     315
     328
     325
     314
     305
     313
     293
     341
     314
     325
     323
     317
     318
     302
     322
     327
     290
     327
     340
     289
     330
     350
     350
     330
     331
     339
     372
     345
     375
     355
     332
     352
     340
     360
     393
     337
     323
     353
     385
     350
     404
     366
     392
     385
     369
     336
     406
     382
     390
     355
     375
     382
     393
     371
     358
     415
     396
     393
     402
     387
     401
     385
     456
     418
     412
     415
     415
     432
     409
     409
     430
     430
     438
     445
     433
     425
     427
     429
     437
     424
     452
     418
     481
     427
     461
     442
     451
     453
     482
     437
     463
     485
     439
     466
     500
     472
     450
     427
     470
     482
     452
     516
     463
     434
     484
     486
     459
     472
     538
     479
     496
     497
     453
     494
     520
     503
     480
     478
     498
     478
     455
     472
     497
     457
     526
     524
     504
     510
     515
     534
     557
     481
     488
     520
     511
     517
     527
     509
     494
     530
     522
     494
     550
     499
     545
     500
     552
     583
     491
     526
     545
     535
     527
     555
     553
     551
     563
     559
     610
     548
     520
     541
     561
     586
     538
     542
     545
     584
     565
     615
     567
     539
     591
     542
     544
     588
     575
     601
     550
     600
     573
     572
     593
     560
     565
     616
     522
     570
     623
     566
     590
     572
     627
     579
     553
     565
     602
     592
     591
     571
     540
     599
     594
     605
     562
     578
     599
     606
     559
     593
     583
     623
     585
     552
     643
     613
     573
     582
     598
     580
     605
     571
     598
     568
     561
     571
     570
     597
     558
     563
     573
     571
     588
     550
     610
     599
     594
     519
     621
     559
     567
     581
     658
     600
     539
     549
     560
     560
     582
     562
     578
     657
     550
     557
     591
     571
     562
     602
     606
     578
     535
     567
     596
     562
     573
     547
     538
     597
     591
     578
     579
     561
     587
     568
     555
     588
     548
     551
     535
     587
     558
     584
     551
     539
     503
     516
     541
     518
     562
     513
     540
     525
     562
     535
     564
     538
     558
     531
     542
     525
     522
     486
     513
     518
     500
     485
     523
     483
     530
     492
     551
     507
     505
     544
     468
     516
     528
     530
     523
     504
     451
     502
     574
     503
     472
     476
     440
     477
     496
     491
     482
     451
     473
     484
     450
     440
     415
     484
     461
     458
     480
     451
     466
     484
     462
     450
     440
     415
     450
     465
     490
     428
     466
     471
     465
     455
     442
     428
     403
     436
     441
     410
     402
     399
     420
     439
     406
     401
     428
     389
     376
     401
     362
     404
     416
     389
     360
     369
     383
     368
     366
     414
     370
     398
     422
     378
     396
     369
     378
     367
     366
     379
     374
     338
     387
     407
     341
     332
     338
     387
     341
     321
     347
     368
     339
     365
     356
     357
     320
     322
     368
     333
     331
     323
     328
     338
     343
     331
     319
     311
     339
     327
     296
     292
     310
     261
     286
     311
     288
     326
     317
     274
     287
     311
     271
     292
     251
     263
     272
     292
     284
     261
     245
     294
     260
     263
     244
     248
     249
     251
     271
     251
     223
     248
     263
     227
     245
     273
     244
     256
     255
     270
     270
     234
     252
     234
     212
     226
     216
     242
     209
     221
     218
     205
     216
     239
     231
     208
     181
     211
     242
     200
     232
     167
     209
     224
     193
     185
     215
     208
     191
     198
     151
     198
     180
     216
     171
     181
     172
     191
     206
     183
     140
     209
     176
     147
     176
     199
     174
     174
     188
     176
     147
     144
     148
     147
     146
     176
     160
     145
     117
     151
     144
     151
     151
     151
     146
     143
     142
     146
     153
     139
     122
     119
     132
     129
     123
     130
     137
     145
     124
     137
     109
     119
     107
     106
     117
     123
     129
     117
     111
     141
     117
     129
     133
     119
     103
     117
     122
     106
     105
      97
     103
     106
      97
     102
      93
     106
      99
      92
      97
     104
      96
     113
     113
      92
      82
      83
      92
      85
      89
      94
      78
      86
     107
      85
      86
      75
      77
      86
      85
      78
      84
      68
      77
      86
      76
      87
      75
      71
      80
      67
      80
      68
      75
      74
      75
      65
      75
      76
      75
      81
      58
      60
      62
      68
      62
      54
      60
      71
      68
      69
      60
      57
      54
      58
      61
      62
      62
      54
      59
      76
      72
      50
      57
      47
      40
      71
      60
      55
      51
      57
      53
      47
      42
      37
      44
      49
      38
      43
      55
      58
      40
      41
      48
      40
      41
      47
      43
      38
      50
      45
      44
      68
      44
      33
      38
      35
      42
      39
      37
      35
      32
      33
      33
      35
      39
      41
      46
      52
      28
      36
      27
      44
      38
      28
      40
      33
      33
      31
      41
      42
      37
      40
      29
      43
      38
      35
      40
      37
      35
      26
      27
      43
      40
      20
      30
      32
      32
      26
      18
      35
      24
      26
      35
      38
      28
      26
      25
      20
      36
      28
      28
      26
      23
      28
      31
      27
      24
      24
      25
      32
      22
      26
      30
      23
      31
      26
      31
      22
      23
      36
      26
      23
      22
      23
      30
      28
      22
      26
      21
      28
      26
      22
      27
      19
      20
      20
      22
      23
      24
      30
      18
      23
      20
      18
      24
      16
      22
      15
      17
      25
      19
      18
      13
      22
      20
      20
      24
      12
      16
      27
      28
      21
      14
      13
      15
      17
      26
      23
      21
      15
      27
      24
      21
      24
      20
      10
      17
      21
      20
      16
      16
      23
      19
      11
      22
      19
      23
      19
      18
      18
      25
      12
      15
      23
      15
      15
      23
      17
      17
      19
      16
      18
      15
       7
      17
      15
      15
      19
      18
      21
      14
      13
      17
      13
      13
      19
      14
      16
      17
      14
      17
      17
      11
      15
      10
      14
      16
      11
      22
      12
      21
      18
       8
      21
      16
      19
      19
      21
      16
      19
      15
      22
       9
      17
      23
      15
      20
      15
      16
      28
      15
      14
      23
      20
      19
       7
      15
      16
      23
      14
      18
      16
       9
      14
      17
      15
      26
      20
      12
      19
      12
      16
      22
      19
      17
      16
      18
      15
      16
      14
      17
       9
      11
      12
      16
      13
      15
      15
      16
      21
      18
      12
      14
       9
      15
      19
      20
      14
      21
      12
      23
      19
      21
      15
      23
      17
      13
      14
      17
      12
      18
      15
      19
      10
      11
      23
      17
      11
      22
      15
      13
      10
      16
      11
      19
      14
      23
      22
      17
       8
       9
      14
      17
      21
      15
      12
       7
      12
      18
      16
      12
      11
      20
      12
      17
      16
      13
      15
      12
      12
      13
      13
      17
       8
       9
       9
      14
      16
      17
      18
      17
      17
      15
      11
      12
      14
      20
      19
      22
      15
      10
      12
      16
      13
      11
      19
      12
      13
      12
      21
      11
      20
      10
      11
      15
      13
      14
      17
      10
      15
      14
      15
      14
      19
      16
      12
      22
      15
      11
      13
      15
      17
      16
       8
      17
      16
       9
       8
      14
      14
      10
      14
      13
      17
      14
      17
      17
      14
      18
      18
       8
      12
      12
      13
      16
      15
      21
      20
      15
       9
      13
      16
      26
      11
      24
      15
      10
       6
      11
      11
      19
      14
      16
      14
      13
      19
       5
      13
      10
      18
       9
      11
      14
      17
      12
      18
      19
      11
      12
      10
      16
      13
      16
      18
      16
      16
      17
      19
      18
      13
      11
      17
      15
      11
      17
      18
      16
      18
      19
      10
      15
      13
      21
      12
       9
       7
      11
      15
      19
      16
      11
      10
       9
      15
       9
      16
      14
      14
      13
       9
      13
      13
      13
      13
       9
      13
      11
      14
      15
       8
       8
      20
      11
      11
      10
      18
      13
      13
      11
      19
      17
      17
      10
       8
      19
      11
       9
      12
      12
      10
      12
      11
      15
       8
      12
      14
      14
      14
      12
      13
      16
      12
      11
      21
      17
       8
      13
      15
      13
      15
      12
      10
      20
      10
      18
      16
      16
      11
       7
      18
      16
      12
      12
      15
      10
      17
      14
      18
      12
      19
      17
      18
      20
      24
      15
      16
      11
      14
       9
      14
      15
       4
      11
      15
      16
      10
      10
      11
      10
      20
      14
      13
      13
      15
      10
      12
      20
      15
      12
      12
      13
      20
      15
      15
      10
      10
      14
      10
      14
      12
       8
      11
      12
      20
      13
      18
      12
      15
      13
      11
      13
       9
      11
       8
      13
      17
      17
      10
       9
      12
      10
       7
      13
      21
      11
      10
      11
      17
      11
      12
      13
      15
       8
      11
      11
       9
      15
       6
      10
      19
      10
      11
      18
      15
      11
      14
      23
       9
      19
      11
      22
      10
      13
      10
      19
      13
      17
      12
       7
      17
       9
      12
       8
       9
      12
       9
      13
      13
       7
      10
      13
      14
       9
      13
      15
      13
      16
       9
       9
      17
      12
      12
      11
      12
      12
      16
      13
      18
      12
      15
      11
       7
      12
       7
       8
       9
      13
      16
       7
      10
      10
      13
      13
      18
      11
      14
       8
       9
      16
      14
      11
       7
      16
      18
      16
       7
      11
       6
       9
       6
       7
       4
      10
       8
       8
       7
       8
       9
      10
      13
      13
      16
      11
      13
      14
      11
      10
      13
      11
      11
      10
       6
      15
      13
      11
       8
       7
      16
      12
      14
      10
      16
       7
      13
       8
      15
      10
      17
      11
      10
       8
       9
      14
      16
       9
      17
      18
      10
      14
      14
      11
       7
       8
      13
       8
      14
      13
      11
      14
      12
      11
      16
      12
      15
       7
       8
       9
      17
      13
      12
       6
      12
      12
      12
       8
      12
      14
       8
       8
       9
      25
       7
      15
      14
      13
       9
       8
      16
      13
       7
      26
       9
      17
      11
      13
      17
      12
       9
      11
      11
      17
      10
      10
      11
      14
       9
      10
      13
      14
      16
       7
      11
      10
      15
      12
      16
       9
      10
      12
      10
      13
      12
      11
       7
      12
      11
       9
      14
      14
      13
      17
       8
      16
       9
       9
      11
       8
      13
      12
      16
       9
      18
      19
      10
       9
       7
       9
      14
      14
      10
       9
      10
       6
       7
      11
       7
       7
      16
       5
       7
       7
       9
       9
      11
      10
      10
      13
      13
      12
      14
       9
      14
      12
      10
      13
      12
      13
      16
      13
       8
       9
      11
      17
      10
      11
       7
       6
      11
       6
       9
      12
       9
      10
      10
      12
       7
      11
      12
       7
      12
      13
      10
      10
      17
      10
      13
      11
       8
       9
      12
      10
      17
       9
      11
       8
      11
       7
       6
       6
      12
      12
      16
      11
       8
       6
       9
      12
       6
      19
      16
      16
       8
      12
      12
      12
       9
       5
       9
      12
       8
       6
      17
       5
      10
       7
      14
       7
      13
      10
       9
      13
      12
      11
      13
       6
       7
       9
      12
      14
       9
      12
      12
       9
      13
      12
      11
       8
      14
       8
      10
      20
      11
      12
      11
      13
      12
       9
      11
      14
       8
       7
      13
      10
      12
      11
       8
      11
      10
      15
      13
       7
       5
       7
      10
      13
       9
       8
       9
      12
      13
      10
      16
       8
      10
      10
      16
      12
       9
      10
      11
       7
      12
       8
       5
      10
      11
      17
      11
       7
      12
      15
      12
      12
      13
      10
       4
      12
       5
       7
      11
       8
      19
      11
      11
       9
       7
      16
      13
      11
      14
      13
       5
      10
       6
      15
      11
      17
       8
       6
      11
       7
       7
       5
       4
      17
      10
      18
      15
      13
      18
      17
      12
      10
       4
       9
       5
      13
      15
       7
       9
      14
      13
      15
      11
      13
      11
      17
      13
      10
       8
       7
      12
      16
       7
      12
      11
      12
       7
       3
      14
       8
      12
      12
       6
       5
      10
       9
      12
      12
       9
      13
       8
      17
      15
       8
      13
      14
       9
       8
      12
      11
       8
       8
       7
      16
      10
      15
       4
       7
      10
      15
      14
      10
      10
       9
      11
       9
      15
       9
       7
       8
      12
      13
      11
       5
       5
       9
      17
       9
      11
      12
      11
       9
      12
      14
       8
      10
      11
       6
      13
       4
       7
       7
       8
      10
       8
      17
      11
       9
      11
      10
      10
      13
      12
      12
       5
       9
       7
       7
       8
      13
       7
      10
       4
       8
       9
       9
       6
      11
       9
       4
       9
       6
      11
       6
      17
      10
       8
      10
      11
      12
      12
       3
       5
      14
       9
       7
      14
      13
       7
       8
      11
      13
       6
      13
      15
      12
       9
       7
       8
      12
      14
      10
      10
      10
      17
      14
       7
       7
       4
       4
      15
       9
      13
      14
       6
       7
      10
       8
       4
       5
      13
      16
      13
      10
      12
       8
       9
       7
       9
      11
      11
      12
      14
       8
      13
       6
       9
       5
       8
       5
       9
       5
      12
      11
       6
       9
       9
      16
      19
      13
      10
       6
       5
      11
      12
       9
       8
       8
       6
       7
      10
      13
       8
      14
       8
      10
      14
       9
       9
       9
       9
      18
       5
       9
       7
       6
       3
       5
       9
       9
       7
       3
      10
       9
       7
      12
      12
      17
       9
       9
       9
      11
      10
      11
      13
      12
       6
       7
       7
      10
       3
       7
       9
      14
      15
      10
       5
      11
       7
       8
      12
      16
      12
      12
       9
      10
       3
       7
       7
      13
      13
       6
      12
       8
      10
      10
      18
       4
      10
       8
       3
       8
       4
      10
       6
       2
       7
      13
       6
       9
       5
      10
       7
      13
       8
       6
      12
       9
      11
       8
      10
       8
       5
       6
       7
       4
       3
       3
       6
       6
       6
      12
      11
       8
       7
       8
      18
      10
      13
      16
       8
      12
      11
       5
       6
       4
      10
       7
       8
      13
       4
      14
       7
       2
       3
      11
      11
       7
       7
       6
       5
       8
       9
      15
      17
      10
      12
       9
      14
      11
       7
       8
       9
       4
       8
      11
       7
       9
       7
       7
      12
       7
       8
       5
       7
       8
       6
      13
      13
       8
      10
       8
       7
      12
       9
       8
       8
      11
       9
      11
      11
       5
       6
       9
       8
       6
       9
       8
       7
       7
       6
       8
       6
       7
       6
      12
      11
      13
       7
       7
      17
       3
       9
       7
       7
      14
      15
       8
       8
       6
       8
       8
       5
      13
       9
       4
       5
       9
       9
       6
      11
       7
       7
       9
       7
       7
       5
       6
       9
       9
      10
      16
       6
      13
      11
      10
       5
       9
      10
       5
       6
      12
      10
       6
       8
       2
       8
       5
       5
      10
      14
       4
       4
       7
       3
       5
       9
       8
      10
       9
       6
       9
      13
       3
      11
       7
      11
      12
      12
      12
      11
       6
       2
       9
       9
      11
       4
       7
      12
      11
       5
       7
       8
       7
       9
      19
       8
       7
      11
       6
       4
      11
      12
       7
      14
      12
       8
       6
       8
      10
       7
      12
       8
       6
       8
       4
       9
       8
       8
       8
       3
      11
       5
       8
       9
       6
       8
       8
       7
       4
       9
      10
      11
       8
       4
       7
      11
      11
       7
       8
       4
       6
       6
       6
       5
       9
      13
       8
       7
       4
       6
      13
       5
       6
       6
       7
       9
       4
      11
       8
      12
      10
       8
      13
       7
       9
       7
       6
      12
       5
       8
      10
       3
       8
      10
       4
       9
       4
       5
      10
      13
      11
       7
       6
       6
       6
       3
      11
       5
      15
       5
       7
       6
       6
       6
       6
      10
       8
      12
       8
      11
      10
       6
       5
       6
      10
       9
       6
       7
       3
       5
      11
       7
      14
       5
      11
       7
      11
      10
       4
       9
       5
      11
       6
       7
       7
       7
       7
       5
       3
       6
       6
       4
       5
       8
       8
       4
       7
       5
       9
       6
       5
       3
       4
       9
       7
       5
       7
       6
       6
       4
       3
       7
       2
       5
       7
       2
       5
       8
       4
       6
       3
       2
       5
       2
       0
       1
       2
       2
       3
       2
       1
       4
       3
       3
       1
       2
       2
       3
       3
       2
       0
       1
       4
       1
       0
       1
       1
       0
       1
       1
       1
       1
       0
       1
       1
       0
       2
       2
       1
       2
       0
       0
       0
       4
       1
       0
       0
       0
       1
       0
       0
       0
       0
       0
       0
       0
       0
       0
       0
       0
       1
       1
       0
       2
       0
       0
       0
       1
       0
       0
       0
       1
       0
       2
       0
       0
       0
       0
       0
       0
       0
       0
       0
       0
       0
       0
       0
       0
       0
       0
       0
       0
       0
       0
       0
       0
       0
       1
       0
       0
       0
       0
       0
       0
       0
       0
       0
       0
       0
       0
       0
       0
       0
       0
       0
       0
       0
       0
       0
       0
       0
       0
       0
       0
       0
       0
       0
       0
       0
       0
       0
       0
       0
       0
       0
       0
       0
       0
       0
       0
       0
       0
       0
       0
       0
       0
       0
       0
       0
       0
       0
       0
       0
       0
       0
       0
       0
       0
       0
       0
       0
       0
       0
       0
       0
       0
       0
       0
       0
       0
       0
       0
       0
       0
       0
       0
       0
       0
       0
       0
       0
       0
       0
       0
       0
       0
       0
       0
       0
       0
       0
       0
       0
       0
       0
       0
       0
       0
       0
       0
       0
       0
       0
       0
       0
       0
       0
       0
       0
       0
       0
       0
       0
       0
       0
       0
       0
       0
       0
       0
       0
       0
       0
       0
       0
       0
       0
       0
       0
       0
       0
       0
       0
       0
       0
       0
       0
       0
       0
       0
       0
       0
       0
       0
       0
       0
       0
       0
       0
       0
       0
       0
       0
       0
       0
       0
       0
       0
       0
       0
       0
$ROI:
1
5540 6134
$PRESETS:
Live Time
180
0
$ENER_FIT:
0.000000 0.227554
$MCA_CAL:
3
0.000000E+000 2.275539E-001 0.000000E+000 keV
$SHAPE_CAL:
3
3.368824E+002 0.000000E+000 0.000000E+000
