$SPEC_ID:
No sample description was entered.
$SPEC_REM:
DET# 3
DETDESC# FP-GAMMA2 MCB 129
AP# Maestro Version 7.01
$DATE_MEA:
12/04/2013 12:38:09
$MEAS_TIM:
159 180
$DATA:
0 8191
       0
       0
       0
       0
       0
       0
       0
       0
       4
       8
       5
       9
       5
       7
       5
       5
       5
       3
       4
       6
       7
       3
      14
       8
       7
       7
       7
      13
       8
       6
      15
      13
       7
       9
      14
       8
      14
      11
      14
      15
      14
      20
      11
      14
      21
      25
      33
      20
      16
      26
      30
      35
      36
      48
     109
     289
     151
     138
     109
     128
     210
     893
    2111
    2118
    2013
    1702
    1612
    1379
    1260
    1185
    1036
    1058
     891
     888
     887
     838
     747
     764
     723
     675
     679
     611
     585
     602
     552
     533
     614
     557
     573
     565
     550
     571
     562
     546
     523
     578
     501
     535
     517
     580
     529
     531
     490
     522
     500
     519
     503
     491
     547
     527
     489
     510
     552
     551
     536
     492
     513
     469
     553
     521
     513
     522
     541
     555
     508
     540
     499
     506
     522
     532
     554
     542
     503
     531
     581
     526
     511
     529
     512
     507
     514
     579
     536
     543
     542
     519
     540
     583
     531
     582
     538
     570
     528
     545
     529
     548
     516
     518
     593
     503
     516
     532
     549
     554
     553
     568
     581
     569
     584
     565
     581
     570
     602
     556
     599
     553
     571
     594
     588
     553
     530
     537
     569
     549
     586
     535
     596
     547
     589
     592
     562
     589
     550
     613
     562
     588
     540
     563
     606
     542
     606
     545
     554
     544
     614
     549
     593
     601
     612
     590
     537
     562
     536
     586
     558
     590
     571
     519
     649
     526
     590
     565
     639
     608
     564
     631
     564
     642
     579
     607
     563
     584
     646
     552
     576
     592
     606
     546
     598
     587
     593
     592
     580
     593
     568
     570
     584
     543
     603
     604
     585
     589
     614
     617
     597
     611
     560
     548
     626
     621
     570
     567
     600
     580
     592
     590
     632
     578
     620
     524
     590
     659
     561
     598
     624
     564
     546
     619
     550
     593
     575
     574
     621
     557
     627
     576
     569
     597
     585
     628
     630
     613
     582
     589
     622
     633
     614
     605
     609
     606
     611
     602
     616
     564
     582
     634
     620
     593
     607
     600
     634
     621
     622
     619
     639
     612
     631
     631
     617
     613
     598
     633
     631
     624
     688
     632
     626
     670
     668
     680
     635
     697
     645
     681
     706
     677
     676
     675
     686
     677
     672
     738
     739
     736
     697
     748
     717
     750
     810
     724
     771
     760
     758
     801
     751
     809
     771
     790
     794
     847
     818
     760
     834
     795
     849
     838
     839
     866
     866
     873
     860
     872
     940
     833
     853
     911
     841
     867
     832
     952
     865
     878
     877
     911
     883
     882
     903
     817
     894
     951
     911
     921
     898
     868
     838
     910
     914
     910
     835
     863
     860
     802
     850
     894
     854
     879
     862
     855
     811
     788
     885
     818
     844
     839
     761
     798
     796
     824
     831
     792
     777
     842
     766
     766
     758
     802
     717
     730
     727
     721
     790
     709
     774
     789
     731
     751
     782
     727
     787
     746
     696
     709
     705
     716
     649
     687
     711
     719
     686
     662
     629
     707
     678
     691
     657
     709
     652
     747
     644
     656
     668
     625
     653
     692
     591
     623
     652
     659
     644
     664
     634
     629
     629
     636
     608
     622
     663
     608
     649
     604
     637
     603
     581
     607
     633
     584
     595
     597
     602
     627
     603
     610
     572
     573
     621
     557
     584
     589
     586
     564
     513
     573
     624
     573
     597
     583
     564
     569
     579
     576
     527
     584
     586
     532
     556
     584
     627
     546
     556
     610
     552
     560
     571
     589
     574
     572
     566
     608
     548
     563
     591
     594
     614
     573
     585
     601
     579
     545
     579
     552
     595
     551
     519
     595
     555
     578
     553
     550
     575
     554
     546
     569
     558
     564
     521
     581
     541
     606
     557
     586
     572
     598
     606
     614
     591
     601
     585
     590
     572
     592
     588
     554
     599
     585
     572
     541
     550
     539
     571
     571
     594
     597
     594
     559
     590
     562
     592
     576
     582
     590
     570
     591
     585
     533
     573
     578
     593
     610
     594
     615
     595
     557
     539
     583
     531
     576
     577
     582
     575
     605
     568
     573
     603
     607
     604
     595
     569
     583
     598
     587
     596
     591
     598
     562
     572
     585
     605
     589
     551
     598
     582
     558
     617
     589
     605
     526
     587
     557
     607
     640
     611
     551
     592
     580
     629
     576
     602
     582
     563
     574
     622
     568
     583
     587
     578
     593
     594
     589
     588
     586
     566
     586
     558
     605
     592
     623
     613
     598
     599
     621
     595
     597
     625
     576
     542
     559
     595
     607
     583
     600
     585
     636
     591
     549
     562
     633
     609
     614
     626
     647
     592
     577
     595
     613
     604
     577
     578
     577
     596
     596
     653
     622
     609
     596
     649
     586
     603
     594
     578
     591
     590
     610
     592
     557
     620
     559
     611
     545
     617
     602
     636
     582
     638
     585
     602
     595
     648
     569
     616
     623
     590
     641
     599
     581
     539
     589
     615
     573
     584
     605
     611
     604
     643
     599
     618
     616
     625
     590
     596
     586
     608
     590
     593
     639
     624
     616
     589
     596
     620
     598
     646
     590
     609
     596
     614
     604
     631
     615
     603
     610
     638
     633
     614
     643
     631
     633
     622
     605
     608
     618
     622
     615
     610
     615
     621
     571
     618
     649
     606
     631
     612
     581
     607
     630
     604
     629
     622
     613
     592
     617
     602
     598
     609
     659
     612
     641
     602
     631
     652
     552
     646
     608
     593
     602
     635
     641
     632
     621
     654
     612
     618
     648
     588
     638
     612
     629
     639
     609
     647
     653
     649
     663
     600
     651
     627
     635
     610
     646
     663
     632
     650
     608
     631
     635
     605
     658
     624
     614
     618
     621
     604
     606
     610
     620
     616
     590
     619
     685
     650
     625
     617
     626
     654
     588
     597
     649
     633
     680
     602
     671
     658
     609
     696
     632
     622
     629
     688
     653
     617
     639
     590
     651
     661
     670
     605
     646
     657
     673
     652
     667
     685
     665
     640
     661
     684
     702
     628
     635
     657
     700
     694
     683
     645
     683
     669
     702
     630
     671
     654
     695
     677
     660
     660
     660
     633
     646
     629
     676
     689
     651
     700
     654
     677
     677
     714
     647
     697
     744
     662
     731
     667
     745
     661
     708
     707
     623
     739
     718
     681
     636
     680
     676
     668
     690
     661
     674
     705
     681
     705
     682
     697
     697
     693
     684
     704
     722
     750
     716
     693
     719
     698
     696
     738
     695
     722
     684
     745
     755
     740
     720
     697
     747
     715
     719
     701
     759
     726
     772
     728
     722
     740
     739
     717
     732
     706
     777
     738
     727
     758
     744
     753
     710
     745
     775
     753
     734
     719
     760
     760
     727
     759
     775
     757
     738
     678
     769
     769
     803
     813
     778
     737
     759
     726
     712
     716
     746
     742
     802
     722
     768
     821
     755
     744
     737
     722
     782
     773
     743
     768
     795
     746
     809
     770
     734
     738
     792
     753
     826
     763
     775
     766
     759
     798
     794
     797
     786
     746
     765
     814
     771
     798
     758
     755
     844
     803
     763
     779
     825
     782
     764
     799
     800
     790
     800
     813
     811
     784
     741
     793
     782
     776
     802
     771
     813
     813
     744
     797
     801
     816
     805
     795
     773
     816
     769
     785
     826
     807
     807
     774
     796
     802
     770
     750
     739
     813
     765
     750
     817
     836
     831
     748
     888
     820
     837
     784
     797
     802
     806
     737
     792
     760
     748
     782
     772
     781
     782
     831
     791
     757
     777
     819
     751
     821
     763
     798
     731
     788
     809
     732
     800
     822
     813
     813
     797
     751
     787
     781
     788
     767
     754
     730
     758
     738
     759
     737
     804
     803
     794
     786
     779
     722
     794
     779
     761
     711
     801
     778
     777
     754
     771
     767
     726
     796
     741
     776
     770
     720
     722
     743
     785
     735
     796
     733
     772
     717
     768
     720
     750
     767
     757
     767
     745
     773
     747
     726
     752
     770
     770
     740
     764
     778
     743
     744
     805
     744
     722
     715
     729
     766
     746
     734
     728
     733
     775
     753
     778
     748
     710
     774
     748
     723
     750
     752
     763
     777
     732
     736
     719
     756
     745
     765
     698
     751
     745
     722
     755
     719
     789
     689
     740
     770
     726
     758
     742
     745
     683
     715
     719
     726
     721
     719
     745
     771
     745
     744
     727
     734
     732
     697
     764
     707
     761
     709
     706
     716
     720
     777
     702
     673
     751
     730
     730
     697
     685
     744
     720
     674
     706
     752
     716
     746
     708
     725
     714
     700
     734
     732
     721
     700
     677
     666
     711
     731
     748
     696
     681
     678
     724
     703
     691
     702
     671
     737
     705
     691
     686
     720
     761
     706
     713
     744
     720
     665
     740
     713
     702
     709
     687
     697
     720
     724
     673
     676
     692
     716
     695
     704
     661
     630
     713
     678
     700
     699
     701
     670
     677
     757
     717
     682
     712
     667
     734
     698
     703
     719
     690
     678
     733
     663
     700
     713
     677
     681
     656
     710
     693
     694
     742
     652
     697
     609
     714
     746
     716
     733
     735
     689
     685
     676
     681
     648
     678
     680
     699
     663
     692
     639
     684
     708
     659
     695
     670
     747
     623
     669
     677
     709
     684
     690
     616
     722
     711
     701
     695
     718
     686
     707
     625
     719
     711
     704
     690
     727
     678
     702
     672
     677
     699
     631
     722
     706
     687
     661
     681
     708
     692
     684
     659
     695
     663
     721
     697
     698
     674
     738
     683
     719
     685
     668
     661
     690
     703
     702
     682
     649
     670
     704
     662
     676
     715
     688
     691
     709
     662
     641
     670
     678
     667
     697
     684
     696
     645
     643
     636
     689
     676
     677
     707
     630
     634
     653
     682
     683
     685
     686
     667
     637
     697
     666
     656
     660
     691
     645
     685
     668
     645
     651
     641
     621
     620
     644
     691
     666
     682
     624
     642
     621
     708
     679
     622
     664
     653
     606
     606
     603
     682
     611
     650
     643
     656
     652
     707
     660
     637
     687
     640
     671
     664
     647
     674
     647
     651
     626
     625
     658
     679
     649
     679
     677
     676
     663
     646
     631
     621
     637
     636
     619
     647
     657
     662
     653
     624
     667
     666
     629
     621
     652
     645
     645
     655
     612
     692
     643
     609
     682
     600
     634
     624
     614
     585
     594
     664
     623
     633
     654
     671
     649
     620
     625
     628
     627
     655
     637
     680
     670
     606
     648
     649
     626
     660
     628
     610
     648
     637
     616
     632
     659
     578
     660
     608
     632
     640
     646
     628
     643
     596
     635
     641
     599
     613
     584
     628
     632
     629
     608
     634
     637
     637
     645
     611
     637
     604
     636
     659
     681
     635
     611
     677
     614
     625
     600
     599
     627
     571
     640
     623
     622
     556
     616
     602
     634
     605
     621
     608
     608
     602
     615
     622
     621
     591
     643
     586
     616
     638
     601
     621
     611
     634
     627
     620
     581
     586
     628
     600
     594
     642
     634
     572
     602
     586
     620
     674
     624
     638
     595
     609
     602
     649
     638
     624
     651
     567
     606
     598
     593
     622
     611
     629
     655
     606
     591
     650
     629
     554
     611
     593
     659
     565
     611
     602
     606
     626
     629
     609
     639
     607
     605
     627
     650
     612
     597
     645
     627
     598
     624
     626
     610
     620
     586
     620
     596
     594
     603
     591
     589
     618
     584
     585
     645
     628
     582
     596
     565
     616
     587
     631
     593
     600
     600
     543
     576
     622
     582
     577
     581
     582
     566
     641
     606
     609
     571
     581
     613
     611
     591
     605
     592
     641
     578
     593
     594
     631
     605
     570
     581
     603
     625
     570
     596
     609
     603
     621
     578
     578
     614
     598
     572
     568
     638
     626
     584
     549
     609
     595
     617
     633
     629
     564
     587
     628
     626
     593
     565
     608
     564
     630
     598
     612
     591
     570
     611
     557
     611
     614
     608
     588
     621
     589
     609
     601
     641
     614
     611
     599
     547
     585
     615
     552
     604
     608
     577
     587
     581
     636
     616
     594
     620
     591
     596
     565
     595
     614
     600
     607
     587
     552
     634
     599
     592
     591
     581
     634
     573
     538
     571
     581
     597
     566
     577
     583
     596
     585
     583
     595
     603
     621
     630
     562
     597
     564
     568
     583
     597
     576
     579
     574
     603
     581
     593
     580
     567
     587
     595
     561
     567
     586
     580
     573
     546
     575
     577
     588
     587
     584
     587
     655
     595
     574
     584
     596
     621
     581
     563
     588
     599
     613
     568
     612
     617
     584
     574
     568
     569
     537
     556
     571
     572
     609
     584
     595
     571
     604
     550
     563
     545
     571
     599
     582
     597
     572
     589
     594
     536
     571
     565
     598
     566
     566
     586
     581
     622
     609
     590
     582
     562
     574
     567
     553
     603
     569
     597
     575
     579
     569
     588
     590
     582
     586
     565
     574
     566
     603
     561
     606
     587
     595
     560
     570
     581
     544
     570
     586
     569
     609
     599
     608
     581
     577
     536
     571
     544
     556
     573
     647
     544
     593
     584
     633
     580
     596
     586
     594
     566
     604
     606
     551
     549
     573
     567
     584
     587
     589
     573
     553
     573
     597
     565
     576
     602
     587
     560
     587
     599
     587
     601
     557
     573
     547
     568
     589
     559
     624
     571
     567
     585
     546
     567
     612
     567
     568
     596
     610
     613
     582
     560
     587
     552
     546
     574
     614
     529
     602
     545
     600
     522
     565
     592
     582
     575
     581
     556
     521
     531
     598
     554
     579
     589
     561
     542
     535
     584
     529
     542
     573
     570
     581
     584
     605
     547
     582
     549
     582
     562
     561
     591
     547
     587
     620
     554
     587
     588
     553
     565
     567
     537
     573
     604
     555
     602
     574
     585
     572
     582
     544
     571
     578
     546
     566
     570
     603
     600
     586
     544
     569
     549
     574
     600
     595
     582
     594
     543
     568
     590
     583
     543
     562
     566
     600
     609
     623
     551
     594
     551
     542
     559
     538
     581
     564
     573
     606
     554
     630
     576
     554
     564
     597
     563
     571
     588
     566
     591
     591
     528
     558
     565
     554
     537
     601
     591
     561
     569
     542
     564
     529
     573
     564
     536
     501
     544
     535
     622
     512
     586
     542
     583
     569
     551
     552
     517
     553
     587
     598
     583
     555
     556
     561
     608
     528
     588
     568
     578
     571
     530
     584
     552
     579
     533
     512
     569
     617
     517
     557
     612
     547
     582
     545
     598
     575
     559
     567
     582
     589
     534
     567
     568
     606
     605
     558
     583
     586
     539
     572
     575
     567
     631
     569
     602
     564
     525
     575
     549
     582
     582
     559
     630
     564
     573
     565
     537
     549
     585
     579
     562
     596
     585
     533
     586
     578
     584
     574
     598
     600
     566
     568
     544
     569
     526
     585
     553
     599
     554
     597
     583
     569
     582
     583
     581
     541
     596
     571
     565
     556
     587
     583
     560
     622
     557
     557
     568
     570
     571
     605
     563
     548
     528
     608
     576
     519
     581
     565
     619
     600
     552
     546
     593
     572
     570
     597
     588
     578
     539
     596
     575
     611
     562
     584
     524
     555
     558
     564
     552
     574
     572
     596
     574
     600
     608
     548
     544
     601
     564
     530
     612
     595
     565
     513
     619
     558
     601
     563
     572
     575
     563
     603
     543
     576
     561
     567
     580
     618
     596
     565
     584
     591
     583
     571
     548
     576
     578
     611
     567
     538
     633
     565
     535
     502
     537
     582
     543
     592
     576
     578
     628
     542
     557
     584
     599
     594
     596
     546
     576
     557
     572
     580
     604
     582
     541
     569
     541
     580
     545
     585
     588
     566
     566
     600
     562
     615
     552
     629
     593
     534
     604
     562
     574
     550
     542
     520
     541
     552
     564
     536
     554
     590
     570
     608
     542
     606
     589
     560
     568
     572
     572
     584
     585
     620
     596
     609
     578
     524
     565
     574
     564
     549
     566
     592
     535
     593
     580
     536
     606
     578
     573
     541
     561
     556
     579
     586
     584
     580
     588
     578
     541
     644
     593
     585
     553
     559
     571
     579
     591
     546
     579
     579
     613
     549
     559
     547
     542
     554
     541
     570
     590
     576
     575
     569
     584
     556
     578
     587
     610
     555
     538
     571
     593
     556
     564
     603
     542
     549
     579
     567
     557
     591
     560
     544
     561
     567
     550
     552
     558
     547
     507
     598
     571
     599
     574
     585
     554
     590
     500
     598
     574
     505
     588
     535
     573
     560
     575
     589
     512
     561
     552
     574
     557
     600
     567
     558
     550
     575
     549
     574
     546
     529
     596
     555
     584
     509
     502
     559
     538
     578
     561
     571
     582
     559
     583
     604
     555
     584
     583
     631
     539
     549
     579
     620
     524
     529
     591
     576
     546
     540
     570
     561
     555
     553
     497
     554
     570
     563
     560
     569
     558
     545
     533
     559
     553
     529
     556
     544
     569
     546
     566
     588
     588
     570
     595
     544
     577
     572
     582
     551
     548
     574
     601
     579
     583
     553
     577
     585
     576
     589
     522
     557
     605
     563
     546
     532
     589
     572
     561
     547
     549
     536
     570
     560
     552
     568
     583
     556
     563
     571
     553
     554
     568
     564
     562
     552
     552
     576
     519
     573
     572
     580
     555
     569
     545
     579
     535
     549
     572
     568
     595
     560
     546
     558
     606
     549
     559
     578
     524
     592
     601
     524
     536
     550
     583
     623
     544
     579
     542
     583
     575
     609
     558
     540
     555
     593
     569
     541
     543
     596
     536
     558
     563
     524
     583
     558
     568
     570
     540
     591
     525
     587
     558
     527
     551
     622
     590
     569
     571
     585
     524
     557
     563
     543
     564
     565
     566
     586
     597
     560
     603
     556
     555
     553
     608
     547
     530
     559
     517
     582
     576
     574
     583
     575
     540
     579
     530
     560
     513
     538
     562
     555
     587
     602
     560
     613
     548
     567
     592
     553
     530
     615
     575
     583
     539
     568
     592
     541
     570
     535
     552
     574
     599
     575
     557
     522
     553
     565
     533
     578
     591
     535
     589
     577
     542
     550
     575
     557
     586
     636
     555
     567
     585
     545
     616
     556
     584
     599
     564
     570
     625
     551
     596
     554
     525
     524
     565
     570
     533
     531
     533
     520
     589
     543
     569
     535
     565
     544
     566
     554
     571
     584
     570
     549
     520
     549
     543
     574
     526
     612
     569
     588
     582
     572
     585
     558
     621
     530
     562
     575
     559
     566
     550
     546
     584
     564
     540
     571
     559
     599
     578
     597
     546
     544
     550
     550
     589
     547
     535
     585
     567
     536
     566
     555
     578
     547
     558
     576
     582
     543
     531
     537
     565
     581
     588
     562
     536
     526
     583
     596
     559
     577
     561
     533
     583
     580
     602
     579
     538
     560
     577
     585
     573
     578
     549
     612
     541
     575
     580
     541
     568
     556
     551
     549
     552
     576
     535
     576
     555
     549
     555
     566
     579
     538
     572
     565
     536
     551
     566
     566
     560
     538
     542
     629
     598
     561
     590
     616
     578
     580
     564
     559
     538
     525
     543
     576
     492
     571
     546
     542
     524
     541
     582
     539
     553
     597
     598
     537
     571
     597
     602
     554
     524
     569
     539
     586
     557
     570
     556
     591
     595
     549
     564
     531
     610
     542
     581
     533
     573
     561
     581
     537
     529
     535
     571
     560
     547
     566
     546
     551
     548
     560
     591
     553
     550
     557
     545
     578
     565
     547
     615
     551
     584
     555
     533
     590
     634
     549
     566
     560
     521
     589
     557
     572
     580
     536
     542
     550
     627
     570
     561
     538
     514
     535
     551
     524
     575
     574
     562
     537
     514
     597
     526
     587
     526
     534
     573
     582
     545
     557
     578
     558
     552
     565
     528
     540
     596
     529
     550
     558
     577
     545
     546
     578
     527
     525
     517
     554
     560
     590
     577
     592
     553
     586
     533
     587
     552
     532
     545
     535
     606
     513
     515
     595
     545
     574
     566
     554
     574
     586
     542
     540
     572
     587
     619
     623
     536
     549
     611
     573
     547
     514
     540
     558
     629
     588
     561
     538
     559
     547
     509
     566
     559
     550
     515
     553
     551
     592
     550
     535
     585
     525
     533
     562
     592
     534
     533
     598
     569
     554
     535
     605
     560
     531
     606
     559
     552
     577
     552
     557
     566
     599
     558
     606
     533
     601
     572
     545
     593
     554
     568
     597
     536
     539
     619
     585
     561
     567
     616
     581
     545
     567
     577
     568
     560
     534
     561
     543
     562
     554
     568
     593
     563
     559
     556
     577
     593
     606
     564
     523
     584
     592
     578
     578
     589
     590
     584
     578
     597
     576
     556
     540
     571
     572
     579
     557
     569
     576
     592
     622
     539
     555
     574
     571
     536
     581
     567
     563
     565
     569
     541
     541
     529
     549
     573
     547
     541
     560
     551
     560
     564
     558
     585
     589
     560
     551
     574
     534
     516
     568
     548
     585
     556
     563
     526
     557
     551
     605
     556
     580
     595
     600
     568
     566
     584
     538
     587
     561
     541
     581
     515
     552
     557
     586
     597
     579
     571
     508
     590
     565
     546
     585
     553
     580
     591
     571
     544
     550
     577
     564
     587
     585
     581
     537
     628
     575
     568
     600
     528
     624
     570
     542
     584
     562
     586
     573
     569
     602
     574
     571
     584
     569
     536
     572
     571
     537
     585
     589
     554
     559
     537
     548
     558
     556
     583
     562
     564
     542
     574
     588
     551
     611
     571
     588
     585
     567
     569
     615
     571
     605
     564
     549
     580
     579
     543
     573
     617
     577
     542
     529
     543
     604
     590
     575
     559
     584
     561
     613
     559
     539
     544
     598
     590
     617
     579
     577
     531
     576
     584
     543
     592
     551
     573
     551
     557
     580
     594
     551
     569
     562
     555
     570
     589
     562
     615
     534
     583
     558
     596
     569
     571
     601
     585
     583
     580
     571
     571
     569
     581
     553
     572
     603
     557
     569
     549
     580
     534
     544
     583
     569
     528
     591
     584
     584
     560
     579
     592
     583
     638
     575
     535
     569
     560
     551
     542
     587
     551
     584
     574
     540
     543
     571
     555
     536
     595
     566
     577
     572
     629
     575
     559
     550
     583
     600
     586
     551
     580
     614
     560
     587
     566
     575
     550
     568
     569
     606
     576
     592
     585
     575
     558
     565
     593
     593
     619
     604
     547
     573
     589
     566
     609
     607
     530
     584
     575
     600
     585
     575
     595
     629
     587
     602
     556
     601
     566
     527
     613
     563
     607
     605
     563
     609
     517
     568
     585
     542
     582
     564
     564
     575
     560
     618
     582
     628
     573
     573
     578
     589
     582
     542
     577
     569
     566
     580
     616
     553
     574
     575
     600
     567
     588
     575
     548
     574
     594
     575
     593
     584
     607
     618
     571
     561
     605
     601
     617
     563
     562
     559
     592
     557
     570
     596
     581
     561
     558
     539
     574
     627
     557
     600
     547
     613
     614
     578
     598
     588
     560
     573
     580
     581
     581
     563
     577
     596
     570
     567
     591
     571
     566
     576
     585
     579
     595
     580
     603
     579
     572
     612
     618
     541
     580
     611
     583
     600
     613
     597
     544
     589
     605
     592
     601
     620
     576
     594
     571
     585
     589
     608
     599
     587
     611
     581
     613
     564
     572
     553
     618
     596
     589
     587
     606
     599
     606
     611
     575
     617
     548
     635
     593
     572
     584
     561
     603
     571
     608
     539
     588
     600
     600
     555
     575
     607
     610
     607
     617
     637
     608
     581
     617
     646
     577
     591
     588
     586
     593
     603
     597
     579
     623
     596
     543
     547
     579
     644
     596
     589
     591
     580
     616
     591
     591
     631
     560
     620
     593
     602
     570
     599
     591
     567
     597
     638
     633
     585
     576
     574
     626
     572
     550
     604
     589
     587
     568
     574
     593
     620
     593
     597
     589
     595
     613
     602
     623
     603
     614
     575
     583
     571
     623
     632
     578
     627
     586
     588
     595
     555
     614
     566
     625
     622
     617
     589
     598
     623
     645
     605
     588
     605
     602
     619
     595
     656
     592
     627
     580
     594
     586
     595
     595
     587
     598
     620
     569
     600
     627
     606
     611
     568
     580
     575
     634
     599
     620
     648
     589
     591
     550
     609
     595
     565
     582
     599
     608
     575
     631
     574
     608
     591
     585
     617
     597
     616
     597
     592
     610
     586
     582
     596
     647
     647
     619
     610
     634
     557
     575
     622
     640
     590
     627
     652
     622
     638
     580
     587
     637
     583
     580
     641
     567
     661
     620
     663
     580
     577
     587
     608
     612
     643
     572
     586
     587
     665
     682
     610
     595
     613
     648
     601
     603
     623
     586
     623
     620
     610
     600
     609
     596
     607
     604
     617
     642
     660
     607
     604
     575
     634
     629
     646
     593
     666
     624
     621
     618
     598
     663
     602
     598
     600
     586
     611
     589
     593
     603
     643
     645
     663
     646
     644
     625
     666
     654
     646
     617
     597
     649
     613
     598
     641
     664
     659
     673
     632
     643
     621
     663
     609
     578
     591
     621
     660
     647
     672
     634
     609
     636
     675
     636
     611
     638
     617
     637
     587
     619
     651
     620
     657
     624
     620
     622
     630
     592
     693
     605
     615
     583
     600
     657
     609
     619
     619
     673
     647
     667
     637
     631
     618
     680
     636
     665
     588
     609
     623
     631
     647
     597
     630
     670
     630
     623
     650
     649
     621
     633
     578
     610
     585
     652
     634
     611
     628
     675
     665
     629
     652
     597
     623
     654
     605
     695
     658
     620
     603
     608
     653
     607
     649
     591
     648
     656
     660
     643
     639
     609
     625
     607
     639
     663
     631
     629
     643
     633
     590
     641
     676
     645
     612
     654
     651
     620
     637
     667
     617
     608
     634
     618
     674
     627
     646
     591
     629
     648
     594
     626
     642
     651
     595
     600
     640
     616
     631
     624
     594
     603
     602
     668
     647
     658
     639
     633
     611
     627
     586
     648
     656
     568
     635
     618
     609
     609
     631
     673
     606
     644
     586
     620
     708
     689
     635
     685
     606
     624
     615
     622
     558
     608
     641
     599
     634
     582
     660
     631
     597
     616
     633
     628
     637
     647
     664
     619
     601
     603
     614
     663
     579
     613
     671
     573
     624
     630
     647
     687
     601
     642
     639
     620
     616
     601
     596
     640
     658
     626
     630
     629
     648
     589
     609
     628
     586
     585
     649
     634
     637
     601
     600
     581
     625
     607
     609
     600
     603
     599
     608
     581
     650
     580
     620
     629
     615
     594
     629
     619
     595
     605
     605
     581
     608
     636
     614
     661
     628
     635
     582
     626
     610
     610
     572
     649
     584
     626
     637
     588
     573
     629
     610
     528
     612
     584
     627
     626
     606
     605
     580
     627
     586
     627
     594
     569
     575
     584
     606
     614
     581
     552
     593
     637
     554
     592
     615
     604
     580
     609
     589
     557
     589
     618
     590
     616
     540
     575
     592
     549
     616
     590
     646
     590
     574
     560
     568
     590
     563
     560
     580
     617
     566
     550
     592
     592
     531
     568
     634
     538
     536
     547
     588
     571
     587
     549
     563
     526
     516
     573
     546
     571
     532
     537
     544
     548
     537
     562
     589
     557
     560
     548
     587
     572
     523
     580
     571
     533
     515
     533
     565
     556
     535
     553
     556
     538
     543
     557
     525
     557
     565
     508
     557
     522
     542
     580
     573
     581
     525
     553
     540
     588
     528
     551
     546
     476
     508
     517
     526
     548
     517
     566
     578
     529
     547
     531
     518
     534
     514
     519
     490
     518
     573
     525
     527
     520
     536
     514
     535
     517
     501
     523
     503
     499
     524
     516
     534
     498
     509
     495
     521
     526
     525
     479
     530
     499
     556
     509
     481
     486
     531
     504
     509
     525
     520
     533
     478
     523
     506
     496
     493
     559
     460
     485
     520
     468
     526
     508
     522
     459
     493
     495
     487
     516
     496
     494
     536
     535
     497
     525
     513
     496
     471
     522
     473
     479
     483
     500
     510
     470
     482
     504
     528
     488
     517
     493
     492
     510
     469
     479
     487
     466
     445
     511
     462
     471
     520
     490
     439
     492
     500
     498
     478
     487
     516
     482
     468
     493
     454
     490
     460
     501
     476
     476
     445
     466
     444
     488
     475
     476
     446
     469
     439
     490
     476
     494
     469
     508
     468
     460
     454
     481
     474
     464
     483
     458
     467
     468
     477
     441
     457
     469
     462
     440
     436
     474
     429
     479
     462
     479
     501
     444
     473
     471
     433
     450
     474
     427
     429
     479
     427
     481
     434
     459
     394
     462
     445
     511
     404
     450
     478
     436
     456
     459
     454
     451
     449
     437
     424
     448
     465
     453
     455
     459
     425
     429
     490
     437
     434
     429
     459
     481
     479
     396
     418
     474
     433
     460
     428
     420
     404
     415
     451
     443
     419
     447
     423
     429
     435
     418
     437
     437
     431
     412
     420
     446
     437
     449
     466
     418
     420
     411
     401
     455
     449
     425
     449
     409
     417
     441
     420
     435
     421
     439
     444
     396
     446
     414
     395
     457
     435
     422
     422
     421
     449
     416
     390
     436
     408
     430
     399
     415
     420
     462
     458
     438
     399
     431
     415
     431
     432
     430
     445
     443
     431
     429
     405
     448
     429
     425
     460
     453
     416
     394
     391
     450
     443
     436
     446
     403
     406
     450
     377
     406
     470
     427
     413
     412
     449
     464
     417
     384
     426
     459
     400
     442
     410
     409
     420
     427
     422
     411
     471
     418
     448
     417
     403
     398
     429
     397
     425
     409
     453
     431
     406
     393
     408
     417
     422
     430
     409
     450
     391
     462
     447
     393
     411
     378
     431
     408
     393
     413
     467
     434
     420
     429
     397
     403
     422
     390
     426
     398
     445
     400
     424
     402
     423
     428
     396
     399
     428
     397
     404
     406
     446
     389
     388
     382
     394
     402
     433
     425
     401
     377
     401
     417
     415
     403
     401
     393
     367
     395
     408
     391
     418
     456
     393
     386
     402
     392
     438
     398
     429
     415
     408
     418
     426
     392
     378
     402
     390
     407
     391
     400
     375
     401
     391
     406
     420
     422
     362
     393
     427
     367
     369
     390
     393
     382
     421
     382
     393
     407
     404
     389
     423
     394
     405
     397
     362
     398
     425
     381
     413
     382
     365
     392
     376
     367
     409
     392
     417
     395
     397
     395
     417
     391
     375
     375
     416
     406
     402
     395
     414
     382
     390
     393
     386
     375
     398
     382
     377
     381
     358
     388
     362
     367
     382
     373
     387
     373
     364
     379
     410
     384
     369
     396
     375
     367
     363
     399
     353
     389
     360
     353
     376
     385
     376
     412
     338
     395
     393
     380
     373
     349
     379
     381
     377
     382
     376
     364
     371
     387
     364
     376
     389
     386
     345
     376
     389
     386
     366
     357
     369
     357
     378
     367
     390
     345
     359
     375
     352
     377
     364
     348
     340
     377
     347
     386
     352
     337
     378
     360
     354
     358
     355
     351
     347
     378
     354
     339
     335
     329
     364
     376
     372
     358
     340
     368
     352
     348
     317
     342
     357
     354
     339
     344
     308
     382
     348
     362
     353
     371
     352
     350
     313
     351
     334
     325
     336
     327
     330
     347
     318
     359
     347
     335
     346
     367
     342
     387
     343
     373
     313
     312
     363
     331
     302
     352
     307
     363
     336
     318
     327
     351
     312
     365
     363
     341
     349
     318
     333
     327
     372
     349
     334
     313
     368
     352
     318
     296
     349
     318
     297
     327
     336
     304
     351
     343
     326
     294
     298
     332
     333
     330
     321
     342
     305
     325
     334
     329
     310
     298
     370
     318
     320
     296
     344
     327
     332
     371
     346
     329
     345
     339
     326
     330
     314
     359
     338
     316
     320
     352
     322
     313
     362
     306
     348
     322
     350
     356
     315
     336
     340
     334
     300
     323
     309
     358
     364
     326
     344
     342
     327
     318
     353
     331
     326
     335
     325
     338
     342
     350
     320
     343
     314
     301
     376
     369
     304
     327
     317
     370
     331
     340
     365
     331
     332
     354
     322
     362
     317
     317
     330
     318
     341
     346
     327
     361
     342
     368
     368
     372
     322
     342
     339
     379
     340
     356
     343
     333
     343
     331
     333
     344
     334
     368
     340
     356
     355
     371
     375
     353
     355
     342
     353
     381
     338
     360
     348
     357
     358
     370
     338
     357
     384
     373
     351
     373
     370
     396
     371
     351
     353
     393
     363
     367
     355
     369
     387
     392
     391
     368
     375
     386
     398
     425
     392
     411
     385
     418
     360
     380
     359
     414
     396
     438
     388
     411
     414
     408
     400
     406
     431
     417
     406
     406
     437
     419
     394
     433
     459
     447
     440
     431
     437
     421
     412
     434
     426
     406
     422
     424
     457
     423
     409
     409
     454
     461
     487
     467
     475
     454
     476
     467
     503
     494
     450
     478
     442
     488
     497
     511
     466
     504
     496
     504
     493
     491
     518
     474
     491
     466
     505
     500
     507
     527
     540
     521
     499
     516
     503
     490
     522
     507
     523
     550
     548
     544
     519
     517
     542
     548
     516
     518
     544
     540
     542
     518
     589
     536
     532
     548
     573
     555
     581
     611
     578
     611
     589
     597
     584
     570
     579
     599
     592
     572
     540
     574
     583
     610
     625
     603
     624
     601
     613
     622
     626
     623
     628
     596
     641
     633
     622
     613
     672
     629
     611
     607
     615
     638
     681
     667
     642
     685
     642
     629
     715
     700
     671
     666
     641
     667
     719
     686
     645
     667
     669
     720
     694
     681
     699
     687
     652
     679
     704
     674
     706
     679
     710
     716
     696
     721
     776
     692
     703
     727
     692
     699
     681
     700
     705
     746
     739
     712
     723
     678
     685
     702
     733
     752
     744
     757
     774
     778
     742
     795
     760
     768
     770
     762
     779
     800
     735
     721
     810
     758
     754
     752
     751
     780
     799
     794
     776
     761
     769
     782
     824
     793
     760
     825
     835
     782
     789
     809
     801
     784
     775
     717
     781
     822
     787
     826
     770
     806
     738
     797
     754
     798
     811
     837
     779
     849
     770
     792
     761
     736
     777
     791
     762
     817
     774
     826
     799
     765
     811
     791
     740
     756
     779
     750
     758
     804
     826
     773
     815
     815
     823
     762
     766
     819
     811
     819
     753
     777
     798
     788
     766
     790
     784
     804
     785
     766
     773
     782
     799
     800
     810
     808
     763
     802
     768
     735
     819
     779
     775
     787
     748
     788
     718
     783
     717
     794
     750
     781
     763
     784
     763
     779
     771
     773
     739
     790
     781
     771
     726
     737
     749
     740
     772
     801
     772
     708
     810
     736
     764
     769
     748
     727
     741
     724
     728
     704
     707
     710
     720
     703
     709
     735
     765
     712
     693
     717
     731
     703
     746
     676
     652
     706
     699
     680
     657
     728
     706
     675
     696
     702
     708
     702
     698
     724
     673
     667
     683
     685
     657
     700
     660
     602
     648
     632
     704
     649
     671
     655
     632
     596
     700
     669
     640
     588
     620
     576
     617
     599
     613
     602
     608
     640
     611
     654
     617
     611
     587
     598
     559
     584
     571
     606
     583
     561
     552
     571
     589
     578
     578
     535
     591
     565
     552
     575
     544
     600
     548
     532
     550
     508
     526
     525
     556
     549
     557
     575
     541
     531
     559
     556
     463
     481
     501
     480
     514
     502
     471
     516
     492
     458
     503
     533
     520
     496
     510
     446
     468
     457
     441
     461
     440
     458
     448
     448
     463
     450
     441
     428
     437
     452
     440
     391
     420
     469
     466
     418
     405
     446
     426
     386
     424
     423
     451
     419
     395
     411
     399
     407
     393
     403
     374
     357
     397
     385
     386
     376
     363
     381
     387
     386
     357
     395
     382
     388
     349
     377
     305
     358
     351
     329
     328
     338
     348
     378
     349
     304
     344
     341
     327
     318
     326
     364
     313
     342
     309
     323
     324
     321
     327
     316
     294
     310
     278
     296
     289
     340
     339
     301
     277
     304
     307
     292
     321
     305
     306
     288
     314
     277
     316
     277
     308
     264
     287
     289
     262
     287
     269
     262
     255
     265
     297
     257
     277
     267
     298
     253
     264
     249
     248
     272
     234
     261
     277
     278
     253
     262
     270
     242
     256
     262
     265
     255
     236
     278
     221
     259
     241
     249
     239
     254
     231
     243
     229
     243
     250
     240
     247
     260
     235
     216
     239
     227
     252
     222
     238
     215
     225
     215
     235
     222
     210
     226
     216
     225
     241
     245
     258
     239
     228
     208
     211
     232
     222
     244
     192
     253
     235
     218
     210
     218
     255
     233
     227
     229
     273
     222
     251
     235
     213
     250
     250
     235
     212
     220
     234
     222
     225
     252
     233
     223
     244
     241
     242
     254
     264
     245
     242
     272
     218
     256
     229
     252
     229
     266
     252
     250
     238
     223
     248
     266
     246
     255
     258
     250
     207
     229
     238
     258
     236
     235
     227
     257
     238
     234
     278
     235
     251
     255
     275
     258
     243
     265
     250
     254
     234
     274
     299
     263
     256
     279
     290
     283
     238
     277
     269
     250
     266
     288
     283
     300
     288
     303
     315
     303
     283
     299
     272
     311
     305
     302
     270
     294
     298
     336
     312
     312
     318
     325
     300
     314
     304
     300
     302
     324
     316
     319
     324
     323
     343
     296
     323
     322
     358
     306
     335
     331
     352
     316
     341
     361
     319
     373
     310
     324
     315
     381
     339
     386
     345
     339
     391
     372
     378
     374
     365
     420
     400
     365
     348
     361
     372
     382
     377
     344
     370
     346
     385
     379
     382
     410
     408
     410
     407
     409
     387
     384
     396
     439
     400
     406
     421
     415
     419
     400
     382
     410
     434
     396
     439
     390
     414
     463
     399
     420
     445
     413
     433
     438
     427
     427
     486
     442
     451
     437
     445
     484
     486
     474
     476
     483
     453
     459
     494
     453
     453
     529
     472
     434
     458
     492
     501
     490
     506
     487
     529
     476
     519
     466
     497
     475
     532
     509
     541
     504
     530
     549
     509
     524
     525
     511
     519
     503
     501
     581
     512
     538
     545
     525
     547
     523
     512
     498
     559
     540
     529
     590
     553
     556
     516
     507
     525
     524
     569
     527
     549
     571
     585
     554
     517
     571
     566
     523
     500
     559
     571
     566
     559
     583
     571
     586
     564
     567
     535
     605
     557
     562
     554
     614
     549
     534
     559
     522
     573
     579
     609
     536
     558
     583
     584
     582
     614
     582
     572
     560
     607
     560
     601
     570
     595
     637
     607
     584
     646
     654
     590
     548
     595
     615
     611
     597
     624
     656
     585
     584
     583
     622
     622
     593
     658
     642
     621
     610
     568
     629
     572
     622
     607
     612
     641
     630
     634
     637
     582
     599
     574
     612
     569
     612
     637
     608
     600
     616
     586
     598
     583
     617
     582
     634
     600
     605
     618
     568
     586
     615
     631
     597
     587
     556
     606
     604
     581
     619
     580
     604
     583
     567
     598
     576
     578
     600
     539
     569
     637
     552
     552
     577
     610
     571
     543
     596
     565
     557
     572
     590
     607
     529
     543
     556
     594
     602
     570
     520
     576
     568
     576
     618
     583
     537
     594
     545
     579
     581
     549
     560
     559
     516
     598
     558
     500
     558
     535
     512
     534
     518
     544
     535
     526
     523
     570
     501
     527
     519
     560
     504
     516
     516
     545
     579
     511
     519
     557
     485
     486
     506
     497
     526
     485
     485
     517
     486
     473
     474
     521
     472
     489
     466
     465
     474
     485
     436
     469
     472
     493
     442
     466
     439
     428
     457
     465
     473
     453
     446
     473
     450
     446
     466
     407
     416
     428
     452
     439
     437
     440
     443
     421
     439
     429
     440
     445
     427
     435
     398
     409
     425
     411
     414
     462
     384
     411
     365
     392
     381
     406
     430
     407
     419
     381
     379
     383
     404
     385
     371
     354
     359
     359
     413
     403
     378
     377
     355
     369
     408
     354
     377
     355
     370
     358
     357
     362
     338
     353
     326
     353
     334
     317
     323
     324
     320
     359
     327
     287
     343
     308
     296
     276
     331
     344
     297
     282
     321
     270
     277
     319
     329
     288
     295
     305
     308
     283
     300
     284
     292
     259
     278
     271
     266
     280
     285
     281
     310
     280
     306
     256
     249
     283
     281
     256
     255
     231
     274
     261
     261
     246
     259
     198
     243
     221
     251
     220
     224
     242
     212
     221
     225
     213
     222
     228
     260
     210
     192
     208
     230
     218
     215
     232
     228
     189
     228
     198
     184
     201
     209
     204
     173
     174
     191
     180
     172
     213
     196
     187
     181
     187
     180
     212
     170
     170
     182
     168
     179
     169
     168
     180
     161
     190
     169
     170
     174
     151
     149
     141
     135
     158
     163
     155
     147
     167
     158
     152
     156
     124
     130
     155
     111
     139
     111
     117
     117
     144
     123
     129
     131
     137
     137
     116
     138
     115
     132
     122
     127
     114
     110
     121
     117
     122
     144
     126
     108
     127
     114
     109
     130
     109
     107
     107
     103
     104
     118
      95
      89
     105
     104
     102
      97
      92
     118
     100
     106
      83
      91
      95
     103
      94
      90
      67
      94
      73
      88
     107
      81
      77
      78
      75
      82
      85
      90
      82
      85
      68
      82
      79
      67
      80
      81
      87
      67
      81
      63
      82
      60
      68
      58
      73
      83
      68
      62
      72
      53
      78
      66
      56
      61
      67
      62
      54
      69
      61
      55
      45
      56
      64
      52
      62
      54
      58
      53
      57
      50
      56
      53
      62
      71
      56
      48
      43
      58
      61
      71
      53
      47
      58
      56
      45
      41
      47
      40
      47
      45
      28
      42
      37
      39
      49
      47
      55
      37
      50
      58
      48
      39
      36
      45
      48
      42
      40
      37
      32
      43
      42
      41
      40
      54
      46
      34
      40
      44
      34
      47
      33
      40
      41
      37
      38
      40
      47
      33
      45
      41
      30
      34
      41
      27
      28
      44
      33
      31
      28
      37
      25
      31
      27
      37
      27
      35
      28
      29
      28
      41
      25
      37
      38
      27
      29
      32
      26
      34
      34
      21
      35
      25
      27
      29
      35
      33
      42
      35
      24
      36
      35
      25
      24
      31
      29
      28
      23
      32
      19
      32
      26
      25
      29
      21
      22
      23
      18
      29
      18
      29
      25
      20
      25
      21
      26
      32
      15
      29
      18
      26
      28
      24
      32
      35
      23
      28
      19
      24
      21
      34
      20
      22
      23
      26
      19
      20
      31
      21
      20
      31
      28
      18
      16
      21
      24
      18
      20
      28
      20
      15
      19
      25
      25
      30
      24
      28
      23
      22
      19
      22
      21
      24
      24
      20
      25
      14
      21
      19
      28
      23
      13
      26
      26
      27
      13
      24
      20
      25
      17
      18
      21
      16
      17
      28
      17
      10
      21
      14
      19
      18
      15
      20
      21
      11
      18
      21
      15
      17
      14
      12
      21
      17
      16
      19
      17
      17
      18
      16
      13
      13
      31
      13
      15
      15
      21
      20
      21
      14
      24
      20
      23
      21
      13
      15
      18
      17
      16
      16
      15
      22
      22
      15
      14
      14
      16
      15
      12
      11
      17
      17
      14
      22
      13
      21
      17
      14
      17
      20
      14
      15
      15
      14
      14
      11
      15
      17
      16
      24
      15
       7
      16
      18
      16
      26
      11
      17
      17
       6
      21
      14
      16
      24
      20
       9
      12
      25
      18
      16
      16
      17
      16
      14
      15
      20
      12
      14
      17
      11
      14
      17
       9
      18
      11
      16
      22
      15
      15
      13
      24
      11
      20
      22
      20
      19
      27
      16
      16
      21
      19
      14
      12
      11
      18
      15
      19
      14
      19
      17
      17
      17
      17
      16
      16
      21
      18
      17
      18
      18
       7
      14
      22
       7
      14
      12
      15
      17
      14
      20
      12
      24
      11
      15
      13
      15
      20
      22
      18
      20
      23
      14
      18
      15
      23
      14
      13
      16
      22
      16
      11
      16
      16
      11
      13
      14
      12
      14
      15
      16
      12
      15
      21
      16
      24
      13
      15
      15
      19
      20
      23
      18
      12
      21
      16
      15
      13
      11
      19
      17
      17
      12
      12
      13
      17
      12
      18
      17
      14
      11
      19
      15
      10
      18
      17
      18
      13
      12
      15
      15
      14
      17
       9
      13
      20
      18
      22
      17
      20
      14
      12
      15
      16
      16
      12
      17
      20
      12
      14
      21
      19
      12
      13
       7
      17
      18
      17
       9
      14
       7
       8
      23
      10
      16
      14
      13
      17
      17
      18
      12
      16
      20
       8
      18
      13
      17
      12
      14
      18
      14
      15
      13
      13
      16
      14
      18
      18
      18
      19
      22
      13
      12
      11
      14
      20
      12
      12
      16
      11
      21
      21
      16
      12
      16
      23
      15
       8
      21
      25
      18
      12
      13
      17
      16
      13
      22
       9
      19
      13
      11
      25
      14
      21
      16
      10
      13
       8
      12
      15
      11
      15
      16
      11
      19
      14
      14
      17
      10
      16
       9
      16
      13
      14
      17
      16
      18
      13
      13
       9
      17
      14
      20
      20
      13
       8
      12
      15
      13
      15
      13
      17
      12
      12
      19
      13
      15
      15
      18
      12
      14
      14
      13
       6
       8
      10
      10
      16
      13
       9
      14
      15
      14
       7
      10
      18
      16
      10
      21
      13
      16
      17
      18
      15
      10
      11
      10
      17
      14
      16
      10
      25
      11
      10
      11
      21
      14
       9
       8
      15
      11
      14
      11
      12
      13
      10
      15
      14
      14
      11
      14
      16
      16
      17
      11
      10
      15
      10
      11
      16
      13
      10
      11
       8
      18
       9
       8
      13
       9
      16
      23
      14
      15
      11
      12
      14
       8
      11
      13
      10
      11
      12
      10
       7
       9
      15
       8
      14
       5
       7
      10
      13
      10
      11
      21
      14
      15
       5
       9
       8
      15
      11
      14
      13
      15
      15
      15
      13
      14
      16
      11
      15
      15
      13
      15
      16
       9
      16
      10
      18
      16
      10
       5
      15
      15
      20
      10
      14
      11
      17
      11
       9
      14
      10
      16
      12
      10
       7
      12
       9
      10
       8
       9
      14
      14
      11
      15
      11
      24
       8
      14
      11
      20
      17
      13
      17
      16
      14
      14
      18
       7
      10
      15
      12
      15
      17
      11
       6
      22
       8
      14
      11
      11
      13
      11
      11
      16
       8
      11
      21
      14
      11
      16
       8
      15
      17
      14
      11
      19
       7
      14
      16
      12
       9
      13
       7
      21
       6
      17
      15
      15
      14
      14
       8
      13
      13
      13
      14
      15
      12
      16
      15
      17
      12
      11
       8
      10
      16
      19
      11
      12
      12
      18
       9
      13
       8
       8
      10
      15
      16
      20
       9
      11
      13
      14
      14
      12
      10
      18
      15
      15
      16
      10
      10
      12
      19
      17
       8
       9
       8
      16
      12
       9
      11
       9
      13
      11
      15
      14
      12
      14
      15
       7
      11
      15
      10
      13
      17
      12
       9
      18
      14
       9
       9
      10
      17
       5
      12
      11
       8
      14
      14
      12
       8
      16
      17
      13
      18
      13
       9
       9
      17
      10
      16
      12
       8
       6
       8
      14
      14
       8
      13
       7
      17
      10
       9
      10
      14
       9
      10
       8
      17
      11
      17
      10
      15
      24
       8
      15
      10
      12
      10
      15
      11
      11
       7
      16
      11
       8
      16
      16
       9
      15
      10
       8
      17
      12
      16
      16
      16
      12
      10
       6
      10
      12
      13
      17
      10
       8
       5
      10
      13
      10
      11
       9
       8
      11
      13
      18
      10
      10
       7
       6
      18
       9
      12
      15
      11
       9
      18
      14
      19
      15
      11
      17
      18
       8
      11
      12
      10
      12
      11
       9
       8
       7
       8
       9
      12
      15
      11
      11
       9
      11
       7
       7
      10
       6
       9
      10
       5
       9
       8
      12
      15
      16
      10
      16
      12
       9
      11
      16
      14
       6
       9
      11
      14
      14
      14
      17
      11
      13
      14
      13
      14
       8
      14
      13
      12
      13
      17
      13
      11
      12
      16
      15
      14
      12
      14
      11
       5
      13
      11
       9
       9
      13
      11
       7
      24
       8
       5
       8
      13
       7
      11
       8
      10
      10
      15
      12
      13
      11
       9
       9
      14
      15
       6
      11
      13
      13
       9
      11
      14
      11
       7
      15
      15
      14
      11
       9
      21
       6
       5
       8
      12
      13
      12
      14
      11
       6
      11
       9
      10
      12
      14
       7
      17
      12
       8
       7
      11
      11
      10
       9
      14
      15
       4
      12
      11
      10
      14
      15
      16
      12
       9
      11
       9
       6
      13
      14
      12
      16
      15
      13
      13
      15
      12
      11
       6
       8
      10
      13
      14
      12
       6
       6
       8
      13
       9
      11
      11
      13
       8
      12
      10
       8
      10
       8
      12
      10
       6
      12
      14
       6
      13
       8
      15
       8
      10
      12
      10
       5
       6
      14
      13
       7
       5
      10
      10
       9
      15
       9
      10
       9
      11
      11
      13
      18
      12
      10
      16
      16
      10
      10
      14
      12
      10
       9
       7
       7
      11
       7
      10
      10
      11
       6
      12
       8
      12
      15
      10
       8
       9
       5
       9
       8
       9
      10
      12
       9
      12
       7
      11
      10
       6
      17
      14
      14
       7
      10
      10
      11
      11
      18
       9
      11
      10
      15
      16
      10
      10
      12
       7
      10
      15
      12
       7
       7
      10
       8
      11
       9
       5
       8
       9
      10
       7
      12
       5
      10
      12
       8
       6
      11
      18
      12
       8
       7
       8
       7
       8
       4
      12
      15
       7
      13
       6
       6
      12
       9
       5
      16
      16
       8
      11
       5
      11
      11
       6
      11
       7
      14
       8
      14
      13
      13
      12
       8
       9
      13
       6
      10
      10
      16
       8
      14
      11
      12
       8
       9
       9
      10
       9
       9
      11
      10
      12
      14
      15
       7
      11
      10
      15
       8
       7
       9
      12
       6
       8
       9
      12
       7
       7
       7
       7
       5
       9
      13
      16
      12
       7
       6
      11
      10
      12
       9
      12
      10
       9
      11
      14
      13
      11
       7
       9
      12
       9
       7
      11
       4
      14
       4
       5
      14
       9
      10
       7
       9
      12
      11
      12
       7
       9
       6
      11
       9
      10
       7
      13
      10
       8
       9
      11
      12
       7
       8
       8
       9
      11
      12
       8
       9
      10
       7
       8
      12
      10
      15
      13
      14
       8
      13
      10
      10
      12
       5
       6
      14
      12
      11
      15
      10
      12
       7
      13
      10
       8
       9
      11
      17
       9
       6
      12
      11
      11
       9
       7
      10
      13
      12
       5
       6
       9
      11
      12
       9
       6
      13
      12
       6
       6
      10
       9
       7
       8
       8
       9
       8
      12
       9
       7
       8
      12
      10
      15
      11
      13
      10
       9
      12
       8
      10
       6
      16
      11
      10
      12
      15
      10
      12
       5
      11
      15
      11
       8
       6
       7
      13
       8
       9
       8
       6
       6
       9
       5
      10
      12
      11
       6
      12
      11
      12
      10
      11
       5
      12
      11
      10
      11
      10
       8
       8
       7
      11
      11
       8
       9
      10
      19
      10
      12
       8
      12
       9
      10
       8
       7
      11
      15
      13
       7
      10
       6
       5
      12
       9
       6
       7
      10
       6
       7
       5
       6
      12
       9
      11
       7
      11
       8
      10
       8
       7
       9
       4
       6
      11
       9
       9
       8
      10
       9
      10
      10
       5
      13
       6
       4
      10
       8
      10
       8
      11
       8
       6
      13
       8
      10
       9
      18
      11
       5
      10
       6
       8
       7
       6
       8
       8
      11
      14
      12
       8
       9
       3
       8
      11
       6
       5
       9
       8
       7
       6
      12
       9
      14
       6
      13
       5
       5
      10
       9
       8
      11
       9
       8
       8
      12
       8
      10
       8
       6
      10
       8
      12
       9
       9
      10
       7
       4
       7
      10
       9
      10
      12
       7
       8
       6
       8
       7
       9
      11
      12
      12
       7
      10
      10
       5
       8
      10
       6
       8
      13
       6
       8
       6
      19
       5
       7
       6
       7
       9
      14
       9
       5
      18
       6
       7
       7
       8
      12
      13
       3
       9
      11
      11
      10
      11
      10
       9
       7
       8
       4
      14
       8
       8
      10
       9
      13
       2
       6
       6
      12
       9
       4
      10
      13
      14
       7
       9
      11
      10
       8
       5
       9
       8
       9
       3
       8
      13
       7
       6
       8
       9
       8
       8
       8
       8
       7
       6
      15
       5
       6
       9
       8
       4
       8
       6
       8
       6
      16
       4
      10
       4
      17
       6
       6
       7
       2
      10
      10
       2
       9
       5
      14
       8
       9
      13
       8
      11
       6
       6
       5
       8
       9
       5
       8
       6
       8
       8
      16
       3
       7
      11
      12
       9
       5
       8
      11
      10
      11
      12
       8
       5
       5
       5
       6
       5
       8
       7
       5
       8
       3
       4
       2
       1
       4
       2
       0
       4
       1
       3
       5
       3
       3
       6
       0
       1
       2
       2
       5
       3
       2
       1
       1
       6
       2
       2
       2
       3
       2
       4
       2
       2
       0
       3
       1
       3
       0
       2
       1
       1
       2
       4
       0
       1
       0
       2
       1
       1
       1
       0
       0
       2
       1
       0
       3
       0
       1
       2
       0
       0
       0
       1
       0
       0
       0
       0
       0
       0
       2
       0
       0
       1
       0
       1
       1
       0
       0
       1
       0
       0
       0
       1
       0
       0
       0
       1
       1
       0
       0
       0
       0
       0
       0
       0
       0
       0
       0
       0
       1
       0
       0
       0
       0
       0
       0
       0
       0
       0
       0
       0
       0
       0
       0
       0
       0
       0
       0
       0
       0
       0
       0
       0
       0
       0
       0
       0
       0
       0
       0
       0
       0
       0
       0
       0
       0
       0
       0
       0
       0
       0
       0
       0
       0
       0
       0
       0
       0
       0
       0
       0
       0
       0
       0
       0
       0
       0
       0
       0
       0
       0
       0
       0
       0
       0
       0
       0
       0
       0
       0
       0
       0
       0
       0
       0
       0
       0
       0
       0
       0
       0
       0
       0
       0
       0
       0
       0
       0
       0
       0
       0
       0
       0
       0
       0
       0
       0
       0
       0
       0
       0
       0
       0
       0
       0
       0
       0
       0
       0
       0
       0
       0
       0
       0
       0
       0
       0
       0
       0
       0
       0
       0
       0
       0
       0
       0
       0
       0
       0
       0
       0
       0
       0
       0
       0
       0
       0
       0
       0
       0
       0
       0
       0
       0
       0
       0
       0
       0
       0
       0
       0
       0
       0
       0
       0
       0
       0
       0
       0
       0
       0
       0
       0
       0
       0
       0
       0
       0
       0
$ROI:
1
5540 6134
$PRESETS:
Live Time
180
0
$ENER_FIT:
0.000000 0.227554
$MCA_CAL:
3
0.000000E+000 2.275539E-001 0.000000E+000 keV
$SHAPE_CAL:
3
3.368824E+002 0.000000E+000 0.000000E+000
