$SPEC_ID:
No sample description was entered.
$SPEC_REM:
DET# 3
DETDESC# FP-GAMMA2 MCB 129
AP# Maestro Version 7.01
$DATE_MEA:
12/04/2013 12:53:01
$MEAS_TIM:
163 180
$DATA:
0 8191
       0
       0
       0
       0
       0
       0
       0
       0
       3
       1
       3
       5
       1
       0
       4
       4
       4
       4
       3
       7
       5
       6
       2
       6
       5
       3
       6
       4
       5
       9
       8
       3
       7
       5
      11
      10
      10
       6
       8
       9
       6
      13
      10
       6
      14
      18
      10
      16
      19
      15
      22
      23
      36
      20
      68
     158
      81
      84
      69
      77
     122
     568
    1295
    1248
    1079
     987
     985
     868
     746
     741
     646
     632
     557
     563
     544
     513
     531
     522
     480
     485
     426
     450
     453
     493
     447
     397
     418
     458
     417
     478
     435
     407
     420
     399
     430
     408
     431
     431
     416
     370
     402
     397
     405
     430
     433
     422
     401
     452
     432
     410
     382
     416
     447
     415
     369
     375
     463
     406
     421
     427
     415
     442
     415
     428
     417
     403
     400
     417
     450
     419
     424
     428
     433
     456
     457
     453
     434
     453
     439
     405
     438
     460
     457
     461
     434
     449
     440
     450
     423
     449
     425
     400
     455
     488
     422
     436
     454
     431
     481
     470
     467
     438
     424
     453
     436
     411
     463
     472
     419
     431
     454
     440
     474
     419
     476
     474
     440
     443
     448
     433
     426
     444
     437
     442
     445
     462
     426
     444
     467
     471
     460
     449
     461
     449
     471
     461
     438
     449
     476
     475
     463
     454
     460
     483
     491
     441
     484
     464
     483
     449
     478
     513
     474
     488
     472
     466
     491
     478
     487
     458
     495
     477
     485
     468
     468
     460
     455
     532
     487
     496
     450
     452
     457
     486
     484
     451
     486
     464
     435
     492
     451
     491
     532
     482
     493
     446
     493
     497
     497
     485
     502
     469
     493
     499
     427
     474
     494
     510
     468
     465
     470
     493
     491
     426
     501
     485
     514
     461
     491
     456
     488
     474
     431
     500
     505
     456
     475
     507
     478
     490
     493
     471
     482
     499
     496
     485
     490
     486
     487
     506
     489
     482
     541
     473
     513
     503
     502
     435
     504
     456
     486
     467
     480
     497
     499
     509
     506
     486
     481
     496
     563
     537
     514
     501
     493
     525
     490
     518
     512
     480
     522
     520
     535
     542
     507
     542
     540
     546
     512
     520
     558
     530
     545
     566
     540
     503
     550
     571
     572
     600
     619
     588
     531
     577
     552
     581
     638
     576
     630
     594
     649
     630
     664
     628
     649
     689
     646
     620
     630
     710
     696
     679
     675
     680
     763
     700
     724
     735
     670
     630
     720
     742
     688
     705
     722
     730
     716
     725
     719
     740
     710
     738
     799
     702
     783
     741
     713
     740
     727
     695
     784
     734
     696
     735
     741
     724
     715
     704
     674
     718
     715
     680
     747
     729
     710
     654
     713
     696
     665
     630
     673
     729
     674
     682
     660
     635
     596
     642
     631
     638
     680
     649
     625
     598
     624
     590
     651
     661
     594
     598
     638
     635
     619
     595
     614
     597
     581
     581
     577
     577
     581
     550
     559
     575
     612
     576
     609
     591
     564
     558
     525
     563
     556
     515
     542
     571
     519
     547
     565
     540
     540
     510
     511
     476
     499
     528
     478
     514
     553
     525
     477
     494
     512
     475
     491
     474
     505
     470
     481
     519
     507
     484
     516
     486
     516
     481
     477
     437
     488
     449
     476
     496
     452
     446
     451
     462
     459
     497
     530
     456
     474
     440
     489
     481
     488
     468
     417
     447
     445
     475
     449
     481
     455
     458
     475
     476
     478
     469
     445
     473
     477
     454
     438
     473
     462
     424
     466
     475
     501
     476
     456
     481
     496
     433
     462
     494
     443
     473
     469
     440
     477
     506
     434
     504
     454
     476
     484
     472
     466
     497
     461
     501
     464
     453
     462
     465
     486
     456
     467
     417
     452
     426
     490
     433
     441
     455
     471
     479
     458
     487
     469
     471
     431
     456
     465
     452
     450
     464
     445
     480
     468
     450
     439
     489
     457
     455
     477
     481
     457
     506
     465
     480
     478
     521
     443
     467
     504
     466
     507
     487
     449
     520
     474
     471
     452
     451
     459
     430
     463
     451
     490
     463
     462
     449
     426
     512
     459
     457
     465
     460
     448
     465
     449
     500
     484
     460
     466
     467
     518
     478
     453
     469
     465
     505
     477
     472
     459
     435
     458
     467
     521
     456
     457
     480
     491
     517
     444
     470
     459
     494
     485
     475
     481
     459
     443
     439
     457
     491
     481
     467
     499
     485
     491
     452
     483
     453
     470
     456
     478
     434
     468
     497
     500
     502
     479
     471
     478
     451
     481
     479
     489
     436
     467
     506
     479
     495
     487
     492
     432
     495
     488
     503
     465
     485
     498
     486
     507
     461
     509
     524
     483
     459
     480
     480
     514
     526
     500
     470
     481
     465
     499
     507
     496
     479
     480
     470
     484
     501
     496
     464
     464
     432
     517
     487
     505
     481
     446
     470
     510
     464
     554
     478
     480
     526
     522
     461
     508
     501
     459
     493
     473
     459
     486
     513
     498
     483
     507
     523
     499
     505
     492
     482
     499
     491
     456
     476
     484
     527
     484
     532
     489
     480
     524
     494
     477
     446
     514
     482
     550
     493
     482
     518
     484
     515
     522
     518
     484
     516
     544
     498
     482
     508
     452
     487
     507
     511
     498
     472
     506
     521
     503
     514
     499
     487
     512
     491
     513
     518
     509
     499
     479
     509
     523
     509
     503
     500
     545
     449
     477
     517
     485
     474
     525
     512
     526
     518
     475
     521
     488
     504
     507
     478
     488
     492
     496
     496
     520
     495
     518
     503
     515
     476
     494
     552
     514
     503
     516
     464
     541
     523
     523
     543
     493
     548
     513
     520
     495
     502
     543
     490
     491
     537
     488
     490
     489
     551
     488
     535
     492
     548
     533
     508
     544
     522
     512
     518
     529
     527
     498
     513
     520
     582
     546
     547
     503
     511
     547
     531
     509
     516
     530
     553
     508
     526
     523
     475
     531
     523
     549
     522
     471
     534
     488
     476
     544
     532
     521
     548
     533
     529
     517
     517
     503
     554
     559
     527
     520
     531
     523
     569
     539
     508
     560
     533
     512
     544
     509
     544
     524
     543
     550
     562
     490
     565
     552
     566
     535
     533
     544
     501
     584
     554
     529
     546
     557
     591
     550
     530
     544
     552
     577
     570
     545
     538
     581
     532
     548
     537
     579
     582
     528
     552
     527
     576
     552
     540
     549
     547
     538
     595
     605
     576
     547
     583
     547
     545
     574
     548
     571
     553
     588
     546
     561
     554
     583
     560
     555
     597
     579
     563
     571
     584
     585
     577
     595
     570
     562
     564
     577
     554
     630
     620
     591
     563
     566
     602
     603
     575
     607
     608
     621
     614
     588
     569
     580
     608
     581
     571
     602
     604
     590
     593
     614
     618
     621
     593
     578
     613
     622
     607
     591
     599
     566
     605
     573
     603
     603
     583
     631
     631
     594
     617
     581
     620
     625
     624
     586
     635
     555
     609
     594
     622
     588
     644
     660
     601
     636
     599
     607
     617
     625
     593
     612
     645
     594
     593
     669
     589
     610
     631
     613
     611
     632
     653
     623
     611
     622
     602
     649
     620
     629
     619
     623
     632
     619
     614
     580
     645
     613
     616
     634
     649
     614
     612
     585
     590
     626
     605
     604
     620
     638
     607
     592
     625
     595
     654
     594
     572
     631
     578
     614
     569
     602
     584
     655
     610
     582
     648
     641
     656
     666
     580
     615
     628
     604
     606
     605
     632
     589
     593
     577
     583
     650
     600
     575
     600
     595
     624
     639
     627
     599
     593
     569
     572
     587
     583
     595
     636
     544
     625
     624
     603
     582
     566
     618
     598
     577
     643
     621
     576
     603
     609
     542
     549
     547
     611
     597
     603
     564
     624
     569
     586
     597
     653
     555
     546
     585
     634
     581
     615
     568
     625
     580
     591
     580
     574
     610
     588
     567
     602
     612
     567
     598
     621
     553
     602
     569
     571
     557
     594
     586
     563
     588
     593
     581
     592
     620
     558
     561
     561
     570
     589
     576
     577
     559
     554
     605
     581
     587
     595
     539
     513
     519
     556
     557
     564
     575
     603
     581
     547
     588
     545
     592
     527
     536
     522
     560
     566
     556
     598
     542
     553
     557
     601
     575
     544
     584
     589
     610
     576
     568
     592
     566
     583
     491
     566
     557
     579
     579
     556
     519
     551
     556
     573
     570
     591
     561
     569
     536
     556
     524
     572
     553
     578
     594
     551
     555
     569
     566
     537
     599
     561
     552
     581
     529
     516
     539
     561
     551
     542
     560
     550
     530
     559
     553
     536
     526
     601
     540
     567
     560
     519
     555
     572
     504
     519
     582
     553
     544
     564
     591
     573
     537
     566
     588
     526
     545
     575
     588
     570
     579
     531
     582
     529
     562
     520
     520
     554
     544
     593
     526
     517
     550
     538
     521
     535
     533
     570
     532
     543
     562
     526
     542
     525
     551
     532
     508
     562
     528
     563
     560
     560
     553
     542
     527
     541
     557
     566
     574
     565
     567
     532
     574
     538
     535
     504
     502
     555
     559
     579
     534
     550
     532
     530
     529
     564
     501
     533
     565
     542
     589
     554
     544
     550
     556
     526
     534
     566
     541
     532
     480
     559
     549
     572
     521
     542
     529
     533
     510
     542
     534
     541
     548
     504
     543
     554
     560
     537
     582
     521
     551
     549
     562
     520
     536
     505
     546
     568
     547
     527
     510
     552
     517
     542
     528
     525
     541
     550
     566
     499
     565
     491
     533
     542
     524
     512
     526
     548
     552
     544
     504
     526
     552
     516
     535
     531
     553
     463
     543
     539
     519
     517
     487
     548
     488
     530
     509
     537
     526
     511
     533
     530
     517
     521
     486
     508
     515
     550
     537
     532
     525
     477
     529
     512
     523
     535
     533
     542
     515
     527
     558
     568
     526
     523
     513
     538
     527
     539
     513
     546
     544
     555
     514
     488
     529
     537
     531
     552
     512
     509
     525
     478
     517
     515
     516
     545
     499
     537
     479
     504
     513
     521
     542
     510
     505
     527
     497
     490
     498
     534
     507
     533
     534
     546
     482
     477
     520
     475
     491
     513
     522
     500
     559
     508
     537
     554
     481
     520
     471
     498
     523
     538
     511
     504
     499
     494
     489
     557
     469
     474
     465
     547
     532
     505
     501
     505
     490
     491
     490
     494
     485
     492
     498
     498
     468
     498
     462
     523
     512
     445
     503
     534
     574
     472
     492
     484
     500
     487
     470
     463
     495
     476
     535
     476
     489
     509
     535
     501
     512
     473
     515
     511
     517
     498
     493
     485
     489
     492
     506
     477
     499
     468
     475
     487
     467
     493
     486
     483
     499
     444
     513
     507
     468
     455
     493
     446
     483
     465
     492
     493
     495
     505
     482
     470
     494
     522
     482
     505
     471
     474
     482
     517
     546
     479
     501
     453
     520
     474
     500
     485
     462
     494
     466
     497
     458
     485
     460
     526
     468
     537
     500
     500
     491
     458
     529
     424
     478
     471
     493
     493
     510
     492
     512
     472
     481
     488
     469
     472
     493
     478
     476
     474
     472
     471
     459
     480
     472
     493
     462
     478
     488
     452
     443
     474
     462
     452
     476
     537
     477
     472
     455
     459
     502
     481
     482
     476
     498
     475
     533
     483
     494
     484
     465
     498
     479
     474
     489
     492
     467
     432
     481
     467
     500
     507
     491
     486
     525
     464
     466
     479
     444
     474
     453
     486
     502
     490
     473
     465
     507
     477
     477
     459
     499
     482
     445
     468
     497
     531
     493
     447
     470
     436
     481
     479
     461
     486
     475
     501
     425
     461
     503
     489
     472
     457
     521
     440
     473
     508
     494
     475
     481
     465
     429
     461
     488
     468
     491
     453
     470
     475
     475
     451
     478
     437
     445
     484
     491
     468
     493
     443
     507
     493
     498
     467
     456
     452
     459
     477
     474
     491
     497
     451
     460
     486
     463
     474
     469
     459
     470
     478
     432
     498
     486
     473
     481
     470
     496
     467
     420
     513
     437
     497
     493
     451
     486
     513
     446
     511
     459
     462
     467
     446
     460
     489
     483
     487
     471
     497
     411
     464
     472
     493
     468
     498
     452
     470
     470
     488
     487
     472
     480
     477
     457
     468
     451
     492
     469
     453
     451
     461
     442
     499
     463
     491
     456
     450
     429
     445
     452
     468
     452
     490
     426
     511
     456
     516
     470
     495
     465
     493
     474
     490
     476
     463
     446
     461
     489
     446
     434
     449
     453
     442
     441
     518
     493
     499
     473
     441
     475
     457
     458
     447
     444
     444
     492
     443
     484
     470
     461
     478
     483
     459
     511
     434
     452
     463
     493
     471
     469
     477
     432
     422
     457
     496
     478
     442
     469
     458
     462
     466
     472
     469
     452
     460
     477
     466
     477
     442
     457
     479
     454
     465
     464
     478
     476
     478
     431
     467
     442
     475
     445
     457
     427
     434
     493
     459
     453
     468
     443
     499
     483
     473
     457
     468
     449
     476
     492
     457
     461
     480
     457
     453
     473
     478
     469
     501
     461
     491
     492
     421
     473
     466
     468
     429
     436
     451
     447
     488
     449
     468
     463
     471
     443
     480
     429
     472
     442
     489
     452
     458
     469
     446
     474
     434
     498
     429
     460
     460
     454
     460
     479
     430
     474
     443
     464
     496
     451
     473
     505
     468
     459
     449
     461
     437
     482
     449
     480
     448
     464
     472
     465
     459
     459
     453
     464
     435
     485
     480
     464
     457
     479
     498
     439
     459
     401
     505
     468
     495
     473
     464
     432
     464
     499
     474
     462
     451
     479
     461
     474
     495
     422
     448
     473
     472
     503
     464
     499
     450
     437
     446
     491
     444
     462
     445
     468
     511
     447
     458
     496
     452
     496
     455
     441
     465
     465
     440
     450
     474
     431
     459
     462
     444
     455
     472
     498
     460
     451
     464
     444
     444
     427
     457
     462
     429
     463
     480
     461
     489
     459
     469
     457
     456
     477
     429
     439
     440
     458
     464
     462
     445
     473
     465
     410
     509
     458
     419
     453
     449
     458
     438
     459
     453
     482
     465
     480
     466
     536
     480
     455
     455
     455
     466
     442
     439
     460
     488
     454
     482
     434
     455
     467
     423
     433
     414
     466
     493
     437
     472
     448
     463
     499
     471
     447
     467
     444
     467
     490
     459
     444
     453
     462
     462
     480
     452
     449
     440
     478
     502
     458
     501
     496
     437
     444
     467
     455
     431
     429
     479
     455
     411
     424
     464
     487
     468
     477
     441
     474
     497
     502
     476
     457
     468
     498
     448
     446
     465
     476
     433
     458
     480
     444
     485
     478
     471
     445
     499
     457
     477
     417
     445
     451
     487
     466
     450
     475
     488
     462
     491
     469
     473
     472
     430
     454
     472
     489
     425
     478
     446
     455
     448
     442
     455
     444
     473
     481
     498
     458
     462
     490
     454
     467
     466
     455
     460
     464
     499
     453
     435
     497
     457
     460
     502
     457
     444
     479
     442
     484
     522
     464
     438
     478
     481
     468
     445
     441
     487
     460
     452
     441
     478
     474
     459
     475
     475
     441
     454
     474
     431
     444
     459
     468
     495
     491
     500
     479
     446
     426
     476
     498
     454
     465
     443
     441
     497
     435
     453
     440
     468
     490
     464
     459
     445
     462
     481
     500
     471
     492
     461
     474
     485
     457
     454
     466
     479
     474
     475
     468
     459
     468
     474
     414
     489
     442
     492
     433
     422
     502
     491
     447
     456
     464
     500
     459
     478
     441
     479
     495
     512
     427
     463
     459
     482
     477
     442
     448
     465
     465
     455
     465
     459
     457
     466
     462
     458
     499
     479
     471
     445
     404
     464
     458
     460
     419
     447
     470
     491
     487
     467
     499
     461
     450
     465
     498
     479
     475
     481
     490
     489
     449
     441
     468
     461
     458
     469
     473
     446
     463
     435
     501
     488
     499
     495
     436
     478
     500
     468
     478
     443
     490
     464
     459
     455
     505
     423
     463
     462
     461
     440
     444
     472
     501
     478
     463
     456
     449
     447
     465
     473
     470
     478
     448
     447
     450
     453
     481
     473
     462
     464
     480
     474
     486
     459
     425
     441
     474
     483
     448
     434
     464
     467
     484
     428
     435
     472
     443
     489
     453
     437
     444
     448
     434
     452
     465
     467
     451
     452
     434
     475
     458
     471
     429
     456
     453
     479
     471
     450
     443
     405
     475
     440
     462
     483
     382
     428
     460
     441
     447
     430
     448
     451
     481
     472
     451
     443
     482
     445
     418
     430
     424
     513
     448
     440
     483
     462
     484
     472
     490
     459
     451
     413
     456
     463
     457
     467
     470
     413
     452
     425
     429
     492
     429
     432
     462
     509
     438
     465
     444
     412
     494
     432
     462
     426
     443
     460
     461
     521
     460
     464
     449
     443
     434
     497
     474
     465
     471
     427
     467
     445
     440
     466
     436
     426
     433
     444
     469
     463
     456
     485
     446
     458
     448
     454
     447
     439
     467
     429
     454
     445
     502
     468
     446
     434
     449
     441
     448
     485
     480
     470
     430
     446
     487
     465
     435
     431
     446
     428
     452
     458
     460
     426
     459
     458
     439
     477
     442
     452
     453
     456
     469
     441
     441
     437
     425
     453
     444
     435
     447
     448
     450
     473
     430
     447
     473
     469
     470
     444
     448
     449
     422
     429
     445
     471
     450
     420
     467
     442
     449
     444
     502
     483
     415
     475
     449
     460
     475
     458
     432
     477
     449
     464
     451
     480
     466
     445
     462
     439
     455
     451
     447
     459
     459
     442
     472
     458
     473
     461
     451
     435
     437
     458
     460
     468
     484
     449
     445
     439
     430
     443
     448
     489
     479
     438
     426
     463
     462
     458
     442
     473
     489
     436
     452
     466
     462
     447
     430
     441
     465
     447
     453
     432
     448
     452
     486
     449
     479
     485
     426
     440
     471
     418
     425
     440
     465
     491
     469
     475
     465
     473
     502
     460
     482
     461
     471
     454
     419
     475
     408
     457
     492
     497
     480
     452
     434
     425
     459
     454
     468
     456
     432
     467
     474
     500
     469
     434
     472
     454
     445
     484
     455
     494
     439
     449
     470
     439
     434
     460
     466
     452
     441
     471
     467
     430
     452
     456
     411
     469
     486
     403
     423
     451
     500
     491
     466
     444
     446
     449
     468
     448
     432
     502
     484
     463
     431
     469
     423
     422
     438
     461
     451
     461
     483
     492
     451
     483
     482
     418
     452
     455
     449
     472
     455
     466
     449
     467
     483
     446
     440
     456
     473
     439
     452
     487
     437
     466
     414
     483
     443
     486
     442
     460
     440
     401
     470
     446
     457
     434
     444
     436
     437
     475
     462
     454
     495
     465
     467
     469
     452
     451
     455
     429
     459
     465
     468
     468
     438
     439
     479
     469
     466
     432
     461
     468
     454
     437
     468
     448
     485
     464
     490
     476
     469
     458
     452
     453
     432
     455
     466
     477
     487
     455
     508
     463
     479
     431
     461
     422
     451
     458
     464
     438
     482
     435
     442
     455
     464
     427
     478
     485
     483
     503
     424
     463
     479
     522
     461
     459
     477
     448
     477
     481
     423
     440
     441
     432
     506
     482
     428
     478
     458
     470
     459
     487
     479
     474
     493
     437
     486
     468
     449
     444
     470
     455
     474
     422
     465
     457
     427
     459
     423
     472
     498
     440
     473
     467
     432
     480
     447
     446
     479
     424
     472
     432
     463
     442
     467
     459
     430
     484
     451
     502
     434
     466
     461
     453
     427
     454
     465
     496
     476
     483
     427
     447
     448
     469
     437
     431
     442
     437
     460
     463
     464
     464
     460
     497
     468
     456
     477
     463
     444
     460
     441
     496
     463
     473
     433
     446
     433
     456
     415
     448
     463
     460
     442
     454
     487
     471
     455
     461
     430
     454
     468
     497
     437
     474
     455
     449
     467
     463
     463
     499
     448
     446
     445
     465
     480
     436
     414
     419
     469
     462
     478
     439
     440
     476
     515
     462
     469
     458
     479
     465
     449
     443
     457
     460
     514
     450
     467
     467
     441
     415
     473
     438
     425
     450
     443
     473
     467
     433
     474
     469
     486
     495
     451
     456
     473
     467
     469
     466
     457
     449
     434
     439
     456
     422
     420
     440
     464
     430
     430
     458
     460
     442
     477
     472
     469
     482
     489
     500
     474
     473
     414
     488
     451
     468
     496
     475
     508
     420
     453
     418
     443
     443
     440
     453
     477
     435
     414
     443
     450
     418
     444
     444
     406
     452
     460
     427
     406
     445
     471
     459
     446
     493
     466
     478
     467
     490
     477
     463
     455
     453
     503
     468
     473
     477
     492
     502
     521
     463
     473
     437
     487
     452
     501
     475
     451
     473
     465
     489
     477
     450
     473
     473
     486
     499
     472
     488
     485
     475
     456
     484
     497
     472
     444
     418
     429
     457
     455
     448
     445
     484
     464
     467
     459
     463
     473
     465
     461
     527
     465
     456
     475
     470
     467
     438
     477
     448
     462
     476
     474
     466
     471
     447
     460
     472
     468
     439
     454
     450
     497
     465
     470
     462
     477
     479
     446
     458
     444
     485
     494
     451
     542
     479
     482
     466
     486
     479
     478
     484
     482
     459
     466
     431
     453
     532
     425
     489
     458
     446
     460
     401
     484
     483
     456
     475
     491
     479
     449
     476
     463
     445
     501
     491
     457
     433
     493
     463
     467
     501
     483
     473
     477
     453
     446
     471
     448
     469
     433
     469
     493
     489
     451
     461
     487
     447
     421
     472
     428
     456
     478
     440
     487
     468
     488
     467
     463
     447
     436
     459
     429
     482
     458
     472
     481
     437
     476
     485
     486
     423
     467
     467
     472
     454
     414
     469
     469
     461
     514
     482
     477
     455
     476
     495
     495
     472
     483
     473
     481
     460
     502
     450
     457
     472
     436
     480
     485
     432
     492
     441
     503
     439
     433
     487
     443
     453
     471
     484
     507
     443
     494
     459
     471
     448
     470
     468
     456
     454
     454
     491
     480
     473
     468
     450
     459
     471
     453
     487
     480
     460
     459
     481
     467
     468
     448
     432
     502
     447
     487
     498
     496
     467
     423
     477
     500
     461
     486
     467
     459
     495
     484
     449
     454
     488
     460
     473
     391
     489
     452
     454
     460
     458
     501
     450
     446
     481
     455
     473
     482
     505
     489
     471
     456
     439
     512
     495
     452
     468
     473
     481
     463
     461
     458
     477
     452
     436
     455
     526
     508
     457
     487
     455
     460
     473
     463
     473
     456
     441
     475
     484
     458
     476
     491
     476
     465
     482
     493
     453
     472
     487
     522
     466
     453
     510
     492
     447
     498
     494
     505
     449
     505
     482
     452
     487
     497
     465
     431
     513
     483
     439
     460
     484
     513
     477
     470
     476
     510
     507
     479
     489
     499
     489
     459
     511
     490
     470
     500
     440
     442
     470
     438
     452
     439
     505
     464
     441
     477
     498
     486
     484
     490
     459
     486
     472
     477
     503
     477
     501
     458
     479
     489
     450
     482
     505
     466
     470
     508
     472
     495
     502
     463
     465
     487
     499
     470
     446
     464
     456
     488
     448
     476
     496
     490
     464
     474
     474
     471
     469
     472
     486
     482
     513
     465
     482
     512
     428
     440
     449
     498
     493
     470
     468
     509
     470
     467
     469
     505
     496
     473
     498
     483
     486
     503
     450
     476
     482
     508
     521
     477
     480
     497
     452
     495
     457
     480
     465
     501
     481
     464
     470
     481
     514
     465
     487
     500
     494
     498
     486
     473
     470
     487
     490
     489
     468
     472
     486
     488
     503
     462
     473
     462
     457
     470
     495
     480
     478
     489
     479
     513
     444
     473
     515
     499
     480
     465
     504
     442
     490
     496
     503
     496
     481
     524
     461
     422
     463
     469
     452
     451
     501
     496
     526
     478
     484
     501
     474
     495
     514
     468
     525
     507
     467
     522
     517
     503
     454
     506
     473
     477
     496
     507
     496
     515
     521
     496
     493
     534
     506
     524
     483
     425
     499
     491
     509
     486
     519
     464
     481
     490
     518
     511
     510
     471
     493
     499
     464
     473
     534
     482
     496
     488
     530
     528
     518
     506
     513
     495
     491
     510
     520
     484
     477
     516
     483
     501
     501
     499
     488
     483
     479
     510
     497
     450
     497
     504
     508
     473
     490
     479
     519
     459
     475
     522
     513
     510
     531
     519
     473
     504
     490
     495
     527
     517
     517
     467
     479
     469
     510
     501
     500
     525
     489
     504
     484
     551
     512
     469
     513
     500
     507
     486
     491
     512
     523
     511
     506
     542
     477
     489
     537
     477
     483
     455
     471
     506
     510
     498
     518
     499
     510
     503
     514
     491
     531
     550
     518
     530
     522
     458
     526
     496
     572
     521
     475
     510
     498
     523
     505
     463
     505
     518
     473
     503
     480
     501
     507
     539
     520
     463
     524
     515
     480
     489
     485
     527
     484
     480
     521
     525
     503
     520
     512
     501
     532
     496
     515
     487
     524
     511
     545
     530
     504
     501
     516
     498
     534
     506
     509
     499
     514
     488
     528
     473
     541
     498
     526
     498
     502
     521
     505
     536
     528
     499
     493
     568
     502
     501
     485
     502
     506
     514
     487
     479
     511
     471
     514
     536
     518
     507
     515
     499
     543
     533
     517
     484
     537
     480
     473
     534
     507
     497
     527
     537
     494
     537
     541
     548
     503
     487
     501
     531
     499
     468
     536
     523
     495
     481
     576
     477
     529
     501
     538
     506
     502
     503
     533
     553
     522
     546
     522
     508
     558
     478
     542
     498
     502
     531
     516
     498
     511
     550
     509
     482
     511
     519
     507
     484
     515
     512
     543
     531
     511
     542
     517
     507
     555
     523
     516
     522
     489
     521
     468
     479
     490
     504
     481
     556
     499
     495
     530
     529
     497
     508
     539
     524
     502
     526
     535
     489
     505
     498
     507
     510
     523
     497
     502
     488
     492
     480
     535
     509
     490
     544
     543
     541
     510
     494
     517
     463
     519
     529
     543
     503
     487
     496
     520
     516
     512
     520
     485
     490
     495
     514
     502
     504
     503
     507
     481
     552
     513
     488
     498
     485
     482
     482
     505
     485
     507
     509
     492
     500
     492
     497
     504
     498
     499
     483
     499
     521
     468
     488
     552
     509
     521
     503
     496
     474
     489
     483
     497
     479
     533
     477
     513
     470
     512
     518
     485
     484
     468
     485
     491
     503
     462
     515
     486
     478
     530
     473
     490
     500
     497
     482
     487
     487
     480
     475
     501
     485
     515
     479
     487
     469
     481
     528
     504
     502
     474
     477
     488
     440
     469
     496
     467
     457
     538
     477
     517
     463
     489
     449
     472
     472
     513
     492
     510
     501
     508
     504
     505
     490
     494
     478
     489
     464
     494
     476
     486
     458
     438
     476
     473
     433
     477
     479
     461
     429
     455
     477
     443
     441
     479
     440
     486
     482
     478
     481
     459
     447
     449
     504
     440
     446
     506
     418
     451
     492
     434
     486
     451
     451
     496
     502
     466
     455
     476
     496
     481
     474
     453
     488
     480
     471
     462
     439
     447
     451
     473
     469
     470
     469
     433
     458
     431
     456
     444
     452
     472
     442
     421
     462
     429
     467
     426
     430
     447
     470
     418
     455
     459
     386
     440
     435
     458
     437
     462
     435
     453
     450
     476
     416
     445
     437
     449
     439
     449
     426
     432
     433
     415
     412
     405
     462
     394
     414
     401
     422
     414
     412
     426
     414
     397
     448
     423
     454
     421
     436
     443
     423
     449
     419
     387
     415
     430
     449
     426
     415
     401
     405
     418
     437
     405
     404
     425
     411
     442
     415
     430
     434
     427
     425
     435
     403
     404
     414
     402
     429
     413
     402
     389
     387
     419
     411
     421
     396
     405
     390
     448
     393
     401
     426
     394
     398
     391
     407
     431
     414
     417
     368
     395
     428
     370
     386
     414
     403
     391
     400
     386
     355
     395
     394
     387
     397
     403
     407
     353
     379
     393
     413
     391
     380
     415
     385
     402
     339
     380
     390
     387
     395
     374
     386
     392
     363
     408
     353
     409
     427
     406
     353
     391
     408
     388
     380
     372
     376
     362
     376
     390
     371
     347
     380
     365
     402
     368
     368
     419
     405
     383
     396
     358
     396
     402
     397
     362
     402
     377
     382
     374
     346
     363
     387
     393
     412
     393
     361
     410
     374
     387
     379
     401
     385
     358
     367
     351
     355
     370
     375
     362
     358
     354
     366
     365
     367
     368
     364
     369
     346
     381
     364
     372
     355
     401
     347
     393
     392
     381
     338
     358
     398
     374
     385
     372
     343
     369
     383
     383
     358
     368
     341
     376
     370
     330
     353
     359
     361
     350
     377
     370
     339
     334
     323
     386
     347
     373
     364
     355
     365
     341
     379
     385
     384
     356
     366
     341
     362
     413
     375
     365
     341
     363
     348
     332
     392
     368
     345
     368
     359
     373
     355
     332
     363
     386
     331
     369
     356
     341
     354
     340
     356
     375
     394
     322
     385
     376
     365
     350
     300
     361
     363
     320
     341
     347
     357
     372
     366
     359
     367
     363
     327
     349
     333
     332
     351
     354
     367
     319
     388
     347
     368
     360
     344
     337
     347
     327
     329
     355
     377
     353
     378
     367
     335
     359
     366
     355
     335
     350
     339
     350
     344
     364
     369
     351
     332
     359
     362
     312
     368
     386
     335
     374
     359
     343
     356
     344
     360
     344
     347
     336
     327
     311
     353
     331
     329
     328
     350
     368
     336
     369
     298
     299
     342
     369
     376
     344
     337
     338
     322
     312
     341
     342
     325
     352
     339
     362
     298
     349
     364
     323
     330
     338
     329
     337
     318
     318
     336
     355
     343
     353
     342
     378
     351
     326
     352
     345
     329
     362
     340
     331
     344
     299
     322
     350
     325
     303
     340
     342
     330
     333
     342
     332
     333
     357
     360
     321
     356
     318
     309
     328
     332
     319
     336
     312
     328
     314
     302
     347
     323
     350
     337
     323
     288
     319
     332
     310
     343
     349
     299
     332
     342
     318
     305
     306
     301
     314
     306
     321
     348
     335
     308
     343
     311
     287
     322
     319
     323
     309
     323
     321
     320
     319
     305
     324
     332
     310
     327
     321
     316
     309
     317
     305
     321
     322
     350
     315
     326
     302
     294
     296
     309
     317
     333
     297
     333
     293
     357
     303
     302
     300
     285
     300
     316
     348
     312
     299
     331
     325
     295
     316
     340
     298
     290
     268
     295
     299
     313
     309
     342
     297
     316
     266
     312
     315
     296
     299
     291
     318
     312
     278
     312
     317
     305
     338
     302
     298
     283
     300
     269
     326
     296
     286
     294
     295
     336
     321
     312
     296
     307
     265
     311
     292
     306
     274
     315
     279
     266
     289
     298
     292
     266
     287
     295
     314
     299
     289
     289
     290
     305
     302
     313
     267
     294
     300
     307
     274
     288
     293
     303
     285
     292
     274
     299
     274
     284
     271
     292
     288
     295
     307
     279
     303
     289
     290
     292
     261
     275
     296
     284
     271
     287
     282
     285
     283
     302
     257
     248
     258
     263
     278
     299
     289
     303
     286
     287
     271
     300
     283
     260
     254
     257
     275
     277
     251
     304
     280
     265
     263
     283
     278
     298
     245
     276
     270
     302
     244
     276
     286
     282
     253
     275
     267
     293
     271
     277
     281
     259
     281
     270
     271
     302
     283
     255
     309
     275
     276
     291
     276
     295
     270
     280
     275
     263
     253
     267
     267
     270
     249
     282
     277
     280
     264
     269
     267
     285
     297
     250
     266
     288
     273
     302
     267
     254
     277
     301
     255
     266
     250
     280
     234
     311
     285
     255
     266
     258
     257
     271
     315
     273
     261
     269
     275
     303
     262
     281
     268
     270
     272
     261
     261
     270
     243
     256
     290
     280
     302
     258
     259
     268
     294
     291
     294
     262
     286
     259
     250
     265
     277
     327
     296
     278
     251
     265
     240
     282
     288
     254
     278
     251
     288
     270
     303
     280
     275
     278
     268
     269
     303
     268
     307
     277
     283
     296
     272
     270
     282
     313
     299
     326
     311
     292
     305
     315
     340
     291
     322
     256
     277
     279
     287
     301
     296
     299
     265
     328
     295
     309
     318
     315
     321
     314
     315
     315
     312
     273
     331
     342
     311
     294
     307
     329
     341
     304
     328
     313
     321
     294
     297
     328
     324
     327
     372
     311
     349
     324
     298
     360
     322
     331
     364
     326
     349
     375
     333
     323
     318
     403
     340
     362
     313
     318
     371
     386
     377
     318
     350
     371
     371
     373
     369
     379
     355
     332
     359
     369
     351
     365
     371
     395
     372
     380
     370
     349
     406
     359
     388
     386
     392
     369
     365
     407
     402
     375
     427
     407
     403
     433
     405
     392
     408
     406
     423
     383
     428
     371
     417
     426
     396
     436
     393
     399
     412
     424
     417
     401
     433
     444
     410
     450
     471
     439
     432
     403
     472
     474
     453
     413
     425
     483
     430
     482
     475
     461
     433
     419
     444
     455
     418
     429
     504
     483
     485
     487
     495
     481
     479
     517
     482
     478
     471
     536
     523
     492
     508
     464
     526
     535
     463
     477
     528
     489
     519
     502
     543
     490
     489
     476
     486
     524
     524
     524
     530
     537
     585
     567
     509
     540
     555
     557
     551
     578
     568
     499
     519
     540
     586
     561
     523
     565
     562
     591
     539
     519
     590
     546
     595
     582
     534
     564
     596
     599
     578
     558
     586
     596
     563
     593
     587
     584
     580
     569
     581
     603
     619
     580
     597
     583
     620
     545
     599
     578
     596
     588
     590
     583
     580
     559
     625
     602
     603
     632
     599
     648
     614
     564
     620
     607
     622
     563
     636
     617
     576
     628
     618
     652
     629
     652
     595
     620
     588
     644
     592
     639
     600
     594
     662
     607
     649
     596
     631
     627
     612
     647
     654
     626
     660
     659
     604
     637
     577
     651
     663
     653
     631
     616
     645
     635
     578
     666
     663
     618
     662
     629
     654
     654
     628
     648
     649
     657
     618
     615
     641
     607
     636
     607
     651
     592
     632
     594
     597
     634
     631
     579
     612
     654
     622
     606
     646
     638
     628
     603
     627
     618
     606
     626
     634
     589
     634
     628
     621
     620
     589
     557
     633
     610
     642
     589
     610
     638
     629
     622
     575
     620
     619
     622
     597
     635
     587
     601
     602
     585
     579
     591
     577
     613
     587
     631
     606
     609
     570
     594
     586
     593
     551
     616
     513
     580
     578
     594
     619
     566
     564
     569
     528
     567
     606
     574
     565
     571
     547
     583
     604
     549
     532
     543
     572
     537
     522
     566
     559
     579
     560
     540
     539
     576
     536
     521
     543
     544
     547
     528
     567
     525
     542
     566
     516
     544
     527
     528
     525
     506
     547
     516
     515
     515
     503
     517
     465
     515
     478
     533
     496
     478
     448
     494
     449
     477
     460
     505
     449
     466
     480
     466
     472
     451
     462
     467
     474
     444
     482
     435
     464
     446
     493
     439
     452
     427
     429
     434
     430
     402
     407
     411
     409
     412
     436
     467
     403
     384
     413
     418
     412
     440
     389
     387
     400
     405
     397
     377
     361
     397
     385
     404
     393
     375
     378
     374
     405
     372
     327
     371
     383
     336
     378
     383
     364
     345
     348
     375
     357
     355
     371
     331
     345
     356
     380
     316
     312
     344
     359
     325
     307
     362
     341
     326
     344
     302
     324
     326
     288
     312
     309
     325
     286
     297
     324
     333
     330
     285
     293
     323
     320
     283
     290
     318
     282
     276
     271
     268
     279
     301
     269
     264
     280
     290
     262
     265
     268
     268
     267
     258
     276
     259
     271
     279
     270
     248
     256
     248
     266
     237
     260
     220
     261
     235
     246
     217
     246
     242
     247
     261
     222
     222
     231
     219
     214
     250
     194
     227
     210
     229
     224
     219
     240
     248
     220
     238
     209
     237
     203
     219
     192
     186
     204
     225
     204
     205
     227
     183
     185
     222
     183
     200
     210
     217
     219
     191
     196
     200
     197
     192
     202
     219
     200
     181
     201
     201
     192
     178
     216
     197
     152
     178
     217
     172
     213
     195
     195
     193
     192
     196
     161
     161
     193
     183
     175
     198
     189
     189
     179
     176
     183
     186
     195
     168
     207
     200
     193
     219
     188
     191
     159
     194
     173
     202
     167
     169
     196
     179
     200
     153
     169
     172
     184
     186
     208
     220
     169
     212
     208
     196
     188
     189
     179
     186
     166
     182
     183
     184
     193
     202
     177
     206
     173
     189
     178
     185
     185
     211
     202
     198
     169
     170
     213
     219
     189
     191
     188
     203
     179
     189
     200
     203
     187
     205
     186
     213
     228
     179
     198
     183
     170
     220
     198
     232
     188
     190
     207
     209
     209
     205
     221
     203
     218
     238
     202
     214
     195
     209
     215
     216
     212
     226
     227
     195
     235
     206
     229
     210
     233
     245
     210
     243
     219
     264
     252
     226
     243
     212
     230
     256
     217
     237
     235
     252
     254
     235
     276
     220
     243
     238
     244
     267
     251
     242
     294
     242
     259
     264
     237
     269
     261
     265
     252
     240
     286
     235
     278
     268
     288
     292
     288
     277
     281
     277
     267
     304
     285
     279
     276
     298
     269
     299
     293
     280
     333
     280
     312
     293
     292
     306
     283
     323
     341
     294
     339
     311
     295
     315
     313
     350
     312
     338
     331
     339
     312
     343
     325
     336
     311
     338
     323
     334
     366
     331
     346
     342
     341
     356
     369
     352
     321
     361
     351
     379
     381
     338
     352
     364
     358
     386
     368
     357
     391
     348
     355
     395
     381
     400
     387
     387
     325
     383
     403
     412
     383
     347
     381
     382
     373
     391
     362
     418
     401
     365
     381
     391
     361
     389
     410
     406
     424
     408
     393
     419
     378
     405
     419
     417
     377
     430
     424
     451
     379
     420
     421
     418
     440
     428
     422
     398
     453
     430
     424
     430
     474
     425
     432
     452
     424
     426
     445
     448
     438
     442
     407
     420
     434
     481
     428
     489
     465
     451
     455
     436
     444
     443
     458
     442
     504
     431
     471
     518
     443
     438
     454
     478
     476
     462
     475
     449
     500
     473
     477
     441
     496
     495
     480
     450
     469
     464
     498
     455
     482
     469
     439
     471
     489
     485
     467
     483
     518
     489
     453
     501
     495
     489
     482
     483
     497
     468
     471
     436
     468
     488
     498
     505
     453
     464
     471
     455
     436
     487
     459
     515
     508
     485
     459
     519
     499
     512
     455
     500
     463
     492
     454
     480
     456
     484
     468
     495
     493
     476
     471
     462
     452
     462
     472
     485
     498
     481
     508
     517
     454
     488
     527
     461
     484
     465
     479
     461
     441
     496
     446
     473
     479
     489
     450
     475
     477
     460
     480
     477
     451
     455
     446
     457
     464
     450
     504
     481
     442
     444
     450
     436
     430
     448
     483
     448
     444
     479
     458
     439
     465
     442
     459
     432
     420
     451
     430
     424
     454
     472
     470
     454
     462
     412
     392
     421
     433
     445
     438
     468
     421
     466
     430
     430
     420
     443
     443
     386
     402
     433
     408
     429
     452
     458
     411
     402
     407
     419
     453
     411
     402
     425
     405
     386
     425
     418
     426
     375
     401
     394
     380
     396
     394
     393
     387
     397
     397
     404
     379
     320
     379
     356
     359
     373
     325
     363
     403
     374
     371
     349
     351
     371
     347
     392
     350
     357
     364
     331
     366
     341
     357
     373
     352
     377
     348
     357
     346
     343
     333
     341
     337
     324
     311
     365
     333
     305
     324
     334
     299
     318
     323
     305
     329
     311
     295
     333
     310
     317
     261
     314
     286
     333
     281
     283
     260
     317
     269
     301
     310
     299
     303
     298
     276
     278
     267
     272
     269
     298
     245
     258
     257
     300
     283
     266
     264
     257
     266
     262
     249
     254
     272
     238
     251
     262
     248
     224
     255
     231
     250
     244
     227
     205
     246
     238
     249
     219
     239
     258
     223
     190
     234
     194
     213
     248
     216
     209
     215
     225
     217
     210
     187
     198
     177
     207
     248
     184
     208
     185
     164
     174
     209
     182
     186
     193
     174
     188
     195
     179
     157
     179
     180
     188
     170
     176
     178
     179
     187
     181
     177
     179
     164
     168
     169
     162
     155
     156
     147
     184
     178
     164
     159
     137
     143
     154
     167
     150
     166
     139
     164
     145
     158
     135
     140
     135
     147
     129
     138
     123
     142
     138
     134
     110
     131
     131
     126
     115
     110
     136
     110
     111
     120
     126
     114
     130
     108
     123
      89
     113
     112
     102
     108
     114
      92
     100
      89
     102
      98
     109
      96
     111
      94
      98
     115
      89
      85
     106
     102
      85
     109
     104
      72
      95
      93
      94
      90
      81
      75
      85
     104
      74
      88
      91
      76
      88
      84
      73
      69
      71
      91
      67
      59
      77
      73
      70
      73
      80
      66
      83
      66
      70
      78
      68
      74
      73
      62
      65
      49
      52
      72
      46
      75
      68
      60
      62
      51
      57
      67
      53
      58
      67
      45
      49
      62
      70
      54
      54
      53
      65
      53
      69
      60
      57
      55
      49
      53
      44
      55
      50
      47
      39
      49
      53
      57
      49
      59
      56
      52
      51
      47
      42
      51
      49
      36
      44
      38
      57
      36
      46
      37
      52
      35
      34
      46
      33
      36
      40
      36
      49
      32
      42
      35
      32
      48
      46
      34
      23
      44
      23
      21
      28
      47
      31
      32
      38
      40
      37
      35
      34
      31
      35
      26
      28
      24
      35
      38
      30
      30
      31
      29
      38
      31
      32
      23
      21
      33
      32
      28
      27
      29
      23
      25
      22
      29
      28
      22
      32
      25
      20
      23
      29
      17
      25
      32
      23
      19
      22
      30
      24
      17
      26
      20
      23
      22
      21
      27
      25
      18
      28
      23
      27
      29
      21
      21
      21
      16
      20
      13
      16
      16
      17
      21
      28
      16
      18
      17
      16
      21
      23
      24
      20
      20
      10
      23
      12
      28
      25
      16
      22
      17
      18
      21
      16
      21
      19
      18
      13
      14
      19
      13
      18
      13
      13
      16
      16
      18
      13
      21
      11
      13
      10
      16
      12
      15
      12
      12
      12
      11
       9
      15
      15
      14
      19
      10
      15
      15
      14
       6
      13
      12
      22
      10
      11
      12
       9
      10
       7
      16
       6
       9
      20
      11
      19
      16
      15
      10
      10
      14
      15
      13
       8
      14
       9
      15
       9
      11
      14
      18
      10
      13
      14
      13
      11
      15
      15
      12
      16
      12
      12
      17
      14
      13
      15
      11
      10
      12
      21
      16
       7
      10
       9
      15
      13
      12
      14
       9
      11
      12
      11
      11
      20
      10
      10
      13
      16
       7
      10
      15
      13
      16
      14
      12
      10
      12
      12
      14
      18
      12
       8
       8
      10
      12
       7
      10
      11
      13
      11
       7
      13
      11
      13
      15
      10
      16
      11
      13
       6
       9
       6
      16
      12
      12
      11
      17
       6
      12
      11
      11
      14
      10
       9
      15
      18
      13
       8
       8
      16
       9
       8
       8
      13
       8
       8
       5
      14
      14
      15
      13
      13
       7
      10
       8
      14
       8
      12
       9
       5
      10
       9
       7
       4
      12
       8
       7
      11
      15
      16
       5
      12
       8
       5
      13
      12
      10
       6
       5
      12
      10
      10
      12
       8
      11
      14
       8
       7
      13
      12
      14
       9
       9
      12
      10
      13
       9
      11
      10
      10
      18
      12
      10
       9
       7
      13
      14
      13
       9
       8
      12
      10
      17
       8
      10
      11
       8
       7
       4
      10
      12
      14
      13
      11
       9
       7
       8
      15
      12
       8
      12
       9
      11
       7
       9
      21
       7
      14
      11
       9
       9
      11
      14
       6
       8
      14
      10
       7
       3
      10
       7
      11
      14
      11
      12
       8
      16
       2
      10
      10
      13
       8
      15
      12
      10
       9
       8
      11
       9
       6
       6
      11
      11
      12
       8
      12
      15
       7
       7
       6
       6
       8
       5
      14
      15
       6
       8
      13
      11
       7
       5
      10
      10
      10
      11
      16
      14
       6
      11
       7
       9
      12
       9
      13
       8
       5
       9
      10
       9
      12
      10
       9
       8
      10
      11
      12
       6
       8
      10
      10
      12
      13
      13
       8
       9
       5
       9
       7
       6
       8
       9
       8
      14
       8
       7
       5
       7
       2
       8
       9
      10
      13
       9
      12
       7
       7
       8
       7
      11
      18
       9
      10
       3
      11
       6
       7
      11
      13
       5
       6
       9
       9
       6
       6
      11
       9
       8
      12
       6
       5
       5
      13
      14
      12
       5
      11
       9
      16
      10
       7
       7
       5
       9
      13
       9
       6
       9
       8
       8
       8
      11
       8
       5
       9
       7
       7
       8
       8
       8
       8
       8
       9
       7
      10
       5
      14
       7
       9
       8
       7
      10
       9
       8
      10
       8
       8
       4
      13
       7
       6
      10
      11
       8
       7
      11
       6
      13
       8
      10
       7
      12
      11
       9
      11
       6
       9
       8
       6
      10
       7
      15
      11
      11
      10
      13
       5
       8
      10
       8
       7
      14
       8
      10
       5
      11
      10
      12
       7
       2
       9
      12
       6
      12
      12
      10
      10
       6
       4
      10
       5
       8
      12
      10
       5
       7
       7
       7
       9
       9
       6
       7
       8
       8
       6
       8
       8
      10
      11
       9
      12
       5
      10
       7
      11
      12
       5
       8
       7
       7
      10
      13
       8
      12
       2
      11
       5
      12
      11
      10
       9
       8
      10
      10
       8
      17
       6
      10
       5
       8
       7
       9
       9
      12
      11
      13
      16
      11
       9
       9
       7
      11
       6
       6
       8
      10
      10
       9
       8
       9
       7
       7
       4
      14
       8
       6
      12
      10
       8
       3
       9
       6
      11
      12
      10
       7
      10
       6
       9
      13
       6
       5
       8
       9
       9
       7
       7
      10
       6
       9
       5
       7
       7
       5
       5
       5
      11
      11
       8
       4
       8
       9
       8
       6
       8
       7
       5
       9
       8
       8
       7
       7
       6
       8
      11
      12
       9
       5
       3
       8
       7
       8
      11
       3
       7
       5
       5
       8
      12
       6
      10
      11
       6
       9
       7
       9
       7
      12
       8
       9
       5
       6
       5
       9
       9
       6
       9
       5
       3
       5
       7
      10
      12
       7
       5
       8
      10
      10
       6
      10
       8
       5
       9
       7
       8
       2
       7
       9
      10
      11
       7
       7
      10
       7
       3
       7
       8
      11
       8
       9
       9
       6
       5
       5
       4
       6
       9
       9
       9
       8
      10
       5
       6
       7
      11
       4
      10
       6
       9
      10
       7
       7
       9
       5
       9
       5
       6
       7
       8
       3
      13
       8
      10
       7
       7
       5
       4
       5
      15
       8
       8
       5
       4
       8
       5
       9
       8
       9
      11
      11
       8
      11
       8
       4
      13
       8
       5
       5
      11
       8
       3
       8
       5
       8
       4
       5
       3
       6
       7
       8
       7
       7
       8
       7
       5
       8
       7
       6
       9
       8
       8
       6
       3
      10
       4
       7
       7
      13
       9
       6
      12
       9
       6
       1
      10
      10
       9
       8
       7
       6
       5
      12
      12
       7
      11
       9
       4
       8
       9
       7
       7
      10
       7
       6
      10
       5
       5
       6
       6
       8
       5
       7
      11
       6
       9
       6
       3
       6
       8
       8
       9
       5
       7
       6
       7
       8
       5
       3
      10
       9
       5
       7
      11
       9
       7
       5
      12
       6
      12
       5
       8
       7
       9
      13
       7
       7
       2
       4
       7
       7
       9
       5
       3
       4
       5
       7
       4
       7
       6
       4
       6
       7
      11
       4
       9
       5
      10
      12
       8
       4
      10
       9
       9
      10
       5
       6
       5
       6
       8
      10
       5
      13
      10
       7
      11
       5
       3
      11
       8
       8
      10
       3
       7
       6
       7
       5
       9
       6
      11
      10
       7
       6
      11
       2
      11
       1
       8
       8
       8
       8
       6
       6
       7
      11
       6
       4
       5
       2
       7
       7
       8
       9
      10
       7
       8
       3
       8
       3
       4
       2
       7
       5
      14
       3
       8
       9
       9
       6
      10
      16
       6
       1
       5
       7
       8
       5
       8
       9
       5
       3
       7
       6
      12
      12
       8
       5
       2
       5
       9
       8
       5
       4
       4
       6
       7
       7
       3
      11
       4
       5
       5
       3
      11
       6
       4
       6
      11
       8
       9
      10
       6
       2
      11
       2
       5
       6
       9
       1
       7
       3
      11
       8
       9
       4
       8
       5
       6
       5
       5
       7
       7
       9
       9
       3
      11
      10
       7
       4
       4
       6
       9
       8
       5
       6
       6
       7
       8
       3
       7
       8
      10
       8
       7
       9
       9
      12
       6
       7
       6
       7
      10
       5
       8
       5
       9
       9
       7
       6
       6
       9
       3
       4
       9
       5
       6
       8
       7
       7
       7
      11
       6
       4
       5
       5
      10
       7
      12
       4
       8
      12
       3
       2
       6
       5
       8
      12
       9
       4
       6
       3
       6
       9
       7
       9
      10
       5
       4
      12
       8
       6
       6
       7
       0
       5
       7
      10
       9
       4
       3
       7
       6
       6
       9
       4
       8
       4
       5
       7
       8
       8
       8
       7
       5
       6
       8
       8
       6
      11
      10
       6
       6
       2
      11
       8
       8
       8
      11
      11
       7
       5
       9
       6
       2
       6
       8
       9
       3
       1
       4
       6
       9
       5
       5
       8
       4
       6
       3
      13
       8
       6
       6
      10
       2
       5
       6
      10
       5
       4
      12
       2
       8
       7
       5
       4
       7
      10
       6
       4
       6
       6
       4
       6
       6
       4
       4
       7
       6
       8
       2
       6
       6
      10
       8
       4
       2
       6
       6
       7
       5
       7
       4
       8
       4
       8
       3
       5
       4
       5
       6
       5
       3
       7
       3
       2
       2
       9
       8
       4
       6
       7
       9
       6
       3
       8
       4
       4
       6
       6
       4
       6
       6
       1
       6
       4
      10
       4
       5
       7
       3
      11
       1
       2
      10
       6
       6
       8
       5
       7
       6
       4
       6
       8
       6
       5
       7
       6
       5
       6
       6
       3
       9
       9
       4
       8
       3
       8
       6
       9
       5
       8
      11
       9
       5
       4
       8
       6
       6
       9
       6
      12
      11
       9
       4
       6
       5
       8
       4
       9
       9
       6
       4
       5
       2
       5
      13
       6
       5
       4
       4
       5
       8
       4
       4
       1
       9
       7
       8
       8
       7
       6
       8
       9
       6
       8
       5
       6
      10
      10
       8
       5
       9
       8
       4
       7
       7
       4
       8
       8
       3
       4
       8
      12
       2
       7
       7
       4
       7
       7
       6
       5
       2
       5
       0
       7
       2
       4
       9
       4
       3
       3
       7
       5
       1
       6
       7
       4
      11
       7
       6
       5
       3
       5
       7
       8
       6
       3
       2
      13
       8
       6
       5
       5
       8
       2
       4
       5
      12
       7
       6
       4
       4
       6
       4
       5
       6
       4
       5
       7
       5
       5
       6
       3
       5
       6
       3
       6
       6
       8
       8
       6
       7
       4
       4
       4
       2
       7
       4
       4
       5
       8
      12
       5
       2
       8
       7
       3
       4
       3
       6
       7
       8
       9
       5
       6
       6
       5
       6
       7
       6
       6
       4
       5
       2
       4
       5
       3
       8
       3
      11
       5
       6
       3
       4
       2
       5
       6
       7
       4
       9
       6
       6
       6
      10
       5
       3
       7
       8
       6
       5
       1
       3
       4
       9
       9
       5
       6
       7
       4
       7
       4
       5
       9
      10
       3
       4
       5
       9
       8
       2
       2
       4
       4
       4
       8
       4
       5
       9
       4
       6
       5
       6
       4
       6
       7
       9
       7
       4
       6
       3
       5
       9
       3
       4
       3
       6
       6
      13
       8
       6
       5
       5
       8
       4
       7
       5
       5
       8
       4
       8
       5
       8
       7
       3
       3
       4
       5
       4
       3
       4
       5
       1
       7
       5
       0
       9
       8
       5
       8
       2
       6
       4
       9
       4
       2
       6
       8
       6
       2
       9
       7
       8
       3
       5
       5
       3
      13
       2
       4
       7
       4
       8
       6
       7
       4
       4
       6
       6
       2
       6
       6
       4
       3
       8
       8
       9
       5
       5
       8
       5
       7
       9
       8
       5
       5
       5
       5
       4
       4
       7
       4
       4
       3
       4
      10
       6
       2
       2
      10
       4
       6
       4
       8
       5
       4
       9
       5
       5
       8
       6
       2
       7
       7
       2
       7
       7
       3
       3
       1
       2
       6
       3
       8
       6
       4
       1
       6
       7
       5
       4
       2
       3
       3
       7
      11
       5
       2
      12
       3
       4
       3
       2
       7
       1
       3
       2
       1
       6
       3
       2
       3
       3
       1
       2
       3
       1
       0
       3
       4
       1
       3
       2
       5
       0
       0
       1
       3
       1
       2
       1
       1
       4
       3
       1
       0
       1
       0
       0
       1
       4
       1
       1
       1
       2
       1
       0
       1
       2
       1
       0
       0
       1
       1
       0
       0
       1
       0
       0
       0
       0
       0
       1
       0
       3
       0
       0
       0
       2
       2
       2
       0
       0
       0
       0
       1
       0
       0
       0
       0
       0
       0
       0
       0
       1
       0
       0
       0
       0
       1
       0
       0
       0
       0
       0
       0
       0
       0
       0
       0
       0
       0
       0
       0
       0
       0
       0
       0
       0
       0
       0
       0
       0
       0
       0
       0
       0
       0
       0
       0
       0
       0
       0
       0
       0
       0
       0
       0
       0
       0
       0
       0
       0
       0
       0
       0
       0
       0
       0
       0
       0
       1
       0
       0
       0
       0
       0
       0
       0
       0
       0
       0
       0
       0
       0
       0
       0
       0
       0
       0
       0
       0
       0
       0
       0
       0
       0
       0
       0
       0
       0
       0
       0
       0
       0
       0
       0
       0
       0
       0
       0
       0
       0
       0
       0
       0
       0
       0
       0
       0
       0
       0
       0
       0
       0
       0
       0
       0
       0
       0
       0
       0
       0
       0
       0
       0
       0
       0
       0
       0
       0
       0
       0
       0
       0
       0
       0
       0
       0
       0
       0
       0
       0
       0
       0
       0
       0
       0
       0
       0
       0
       0
       0
       0
       0
       0
       0
       0
       0
       0
       0
       0
       0
       0
       0
       0
       0
       0
       0
       0
       0
       0
       0
       0
       0
       0
       0
       0
       0
       0
       0
       0
       0
       0
       0
       0
       0
       0
       0
       0
       0
       0
       0
       0
       0
       0
       0
       0
       0
       0
$ROI:
1
5540 6134
$PRESETS:
Live Time
180
0
$ENER_FIT:
0.000000 0.227554
$MCA_CAL:
3
0.000000E+000 2.275539E-001 0.000000E+000 keV
$SHAPE_CAL:
3
3.368824E+002 0.000000E+000 0.000000E+000
