$SPEC_ID:
No sample description was entered.
$SPEC_REM:
DET# 3
DETDESC# FP-GAMMA2 MCB 129
AP# Maestro Version 7.01
$DATE_MEA:
12/04/2013 12:56:36
$MEAS_TIM:
166 180
$DATA:
0 8191
       0
       0
       0
       0
       0
       0
       0
       0
       0
       2
       2
       1
       1
       0
       2
       4
       2
       2
       5
       3
       3
       1
       5
       6
       3
       4
       3
       4
       5
       5
      10
       2
       6
       3
       6
       9
      12
       6
       7
      10
       6
      13
       7
      14
      12
      10
       7
       9
       6
      11
       8
      15
       7
      23
      56
     101
      73
      49
      46
      59
      82
     371
     877
     862
     808
     714
     730
     653
     519
     549
     485
     501
     455
     458
     447
     396
     441
     386
     374
     396
     413
     377
     388
     348
     366
     368
     354
     368
     330
     383
     336
     352
     358
     389
     368
     322
     382
     342
     337
     337
     364
     387
     368
     372
     349
     374
     352
     357
     327
     377
     354
     349
     358
     352
     358
     375
     360
     365
     361
     398
     374
     343
     353
     411
     358
     369
     376
     353
     355
     342
     361
     364
     391
     358
     359
     376
     364
     371
     357
     384
     368
     334
     360
     359
     390
     394
     375
     357
     407
     385
     366
     373
     402
     379
     384
     376
     365
     373
     373
     339
     404
     333
     410
     394
     420
     364
     346
     399
     379
     388
     393
     403
     383
     405
     377
     398
     382
     407
     391
     380
     354
     392
     402
     386
     374
     377
     418
     395
     357
     386
     378
     379
     412
     378
     396
     386
     367
     392
     404
     392
     401
     437
     429
     452
     384
     421
     373
     391
     384
     364
     428
     430
     394
     384
     382
     413
     410
     442
     382
     439
     413
     373
     410
     421
     405
     432
     391
     404
     410
     408
     406
     420
     430
     387
     395
     410
     399
     419
     404
     414
     449
     415
     401
     408
     423
     409
     391
     425
     426
     445
     408
     398
     423
     435
     403
     419
     436
     439
     422
     401
     414
     417
     401
     451
     420
     399
     386
     383
     437
     384
     418
     386
     410
     411
     397
     418
     456
     397
     371
     422
     405
     442
     402
     444
     418
     438
     437
     448
     402
     418
     452
     450
     434
     411
     434
     415
     432
     419
     403
     463
     401
     436
     424
     429
     421
     481
     438
     449
     420
     450
     462
     444
     417
     403
     453
     434
     481
     469
     458
     467
     452
     479
     468
     437
     435
     479
     465
     491
     457
     478
     457
     468
     500
     482
     490
     488
     519
     488
     549
     533
     575
     517
     522
     537
     531
     553
     554
     551
     563
     551
     520
     555
     570
     546
     588
     618
     613
     574
     590
     607
     615
     625
     584
     627
     578
     639
     622
     631
     639
     685
     611
     660
     616
     668
     619
     641
     707
     646
     619
     638
     640
     629
     610
     668
     630
     656
     634
     651
     635
     707
     654
     653
     666
     650
     639
     614
     691
     605
     609
     574
     602
     642
     603
     635
     632
     580
     609
     562
     603
     556
     629
     595
     596
     593
     607
     587
     565
     571
     570
     566
     563
     552
     552
     551
     556
     544
     521
     571
     557
     558
     532
     501
     597
     513
     498
     551
     523
     504
     558
     507
     510
     508
     526
     506
     476
     468
     501
     457
     496
     482
     514
     472
     465
     499
     492
     470
     472
     462
     458
     445
     446
     449
     465
     471
     481
     442
     442
     473
     450
     493
     460
     483
     452
     419
     460
     417
     440
     456
     411
     394
     395
     420
     416
     422
     422
     424
     437
     416
     428
     396
     437
     425
     397
     407
     429
     458
     373
     380
     432
     409
     403
     408
     385
     376
     388
     429
     420
     422
     419
     396
     406
     381
     382
     378
     393
     442
     411
     404
     418
     415
     394
     376
     424
     390
     394
     397
     407
     387
     370
     410
     381
     386
     400
     403
     402
     385
     380
     382
     389
     394
     412
     399
     427
     379
     399
     397
     416
     405
     380
     369
     394
     422
     419
     387
     409
     390
     376
     412
     365
     397
     403
     427
     410
     386
     424
     375
     384
     406
     438
     391
     387
     367
     383
     358
     403
     441
     417
     409
     443
     383
     423
     415
     393
     370
     413
     394
     381
     378
     409
     370
     405
     407
     391
     427
     424
     396
     384
     388
     445
     399
     406
     443
     381
     408
     407
     388
     431
     412
     400
     403
     379
     387
     380
     432
     394
     408
     410
     441
     416
     433
     400
     408
     401
     448
     418
     453
     408
     435
     439
     416
     374
     448
     424
     392
     413
     438
     379
     385
     424
     420
     453
     374
     413
     424
     421
     437
     418
     438
     422
     364
     411
     427
     416
     427
     406
     411
     400
     386
     398
     401
     416
     403
     404
     424
     434
     440
     399
     416
     412
     428
     404
     427
     363
     401
     409
     422
     440
     427
     393
     428
     436
     437
     431
     411
     402
     435
     413
     426
     419
     419
     386
     427
     404
     413
     415
     386
     418
     436
     423
     370
     402
     419
     416
     408
     422
     419
     371
     457
     420
     412
     408
     415
     389
     418
     419
     441
     395
     427
     402
     428
     382
     453
     452
     419
     399
     401
     423
     411
     413
     388
     404
     404
     436
     450
     443
     442
     441
     415
     420
     421
     402
     446
     399
     413
     443
     430
     421
     451
     421
     417
     391
     413
     413
     425
     444
     450
     414
     440
     399
     460
     395
     411
     428
     423
     441
     426
     431
     405
     458
     393
     454
     445
     448
     448
     477
     412
     449
     456
     428
     365
     437
     427
     403
     410
     422
     426
     444
     447
     434
     445
     449
     459
     421
     438
     395
     425
     432
     447
     406
     444
     449
     443
     432
     464
     413
     409
     427
     408
     452
     420
     433
     414
     462
     433
     439
     431
     458
     450
     387
     425
     467
     442
     426
     429
     447
     407
     493
     460
     427
     458
     415
     465
     408
     448
     465
     426
     436
     467
     427
     426
     452
     438
     460
     443
     414
     466
     428
     471
     487
     417
     438
     435
     455
     471
     483
     496
     436
     450
     399
     466
     451
     408
     463
     417
     431
     443
     445
     469
     455
     428
     469
     433
     464
     448
     456
     440
     452
     431
     470
     434
     429
     445
     478
     458
     480
     495
     428
     493
     453
     469
     428
     456
     482
     481
     447
     434
     463
     468
     451
     450
     436
     482
     479
     478
     470
     492
     467
     422
     441
     471
     467
     471
     479
     442
     454
     478
     467
     498
     429
     489
     480
     496
     471
     474
     480
     462
     483
     472
     472
     458
     497
     440
     516
     498
     473
     462
     491
     489
     496
     461
     466
     511
     491
     475
     488
     483
     479
     469
     455
     533
     503
     546
     486
     503
     505
     471
     522
     500
     507
     499
     500
     527
     507
     488
     514
     519
     493
     446
     505
     492
     492
     493
     511
     482
     518
     521
     494
     533
     495
     489
     468
     534
     504
     500
     518
     575
     490
     548
     494
     498
     554
     528
     509
     538
     525
     509
     511
     520
     483
     501
     486
     527
     529
     569
     554
     484
     554
     501
     522
     549
     508
     495
     500
     498
     538
     509
     544
     533
     511
     514
     536
     530
     477
     563
     545
     557
     527
     547
     530
     528
     557
     514
     546
     497
     525
     490
     553
     476
     557
     562
     523
     527
     541
     535
     560
     546
     547
     536
     510
     510
     528
     548
     540
     568
     550
     529
     516
     545
     524
     513
     570
     515
     586
     506
     555
     494
     541
     556
     543
     577
     556
     524
     518
     525
     524
     492
     539
     561
     517
     520
     519
     529
     530
     559
     537
     515
     558
     535
     484
     522
     578
     516
     534
     542
     517
     522
     513
     515
     510
     547
     503
     531
     497
     506
     535
     496
     548
     542
     522
     579
     504
     520
     579
     514
     479
     528
     545
     565
     506
     520
     492
     453
     555
     491
     524
     527
     518
     547
     553
     518
     525
     545
     509
     486
     519
     538
     554
     501
     492
     576
     502
     499
     519
     503
     466
     527
     510
     534
     509
     534
     496
     574
     569
     514
     514
     529
     538
     478
     497
     502
     498
     487
     502
     495
     546
     513
     517
     523
     479
     525
     531
     523
     519
     504
     510
     526
     525
     514
     470
     493
     496
     489
     499
     464
     530
     478
     507
     520
     521
     492
     511
     530
     501
     539
     491
     507
     484
     521
     471
     501
     468
     468
     474
     518
     486
     494
     505
     510
     497
     490
     497
     520
     479
     488
     475
     495
     505
     529
     498
     457
     494
     495
     452
     468
     501
     485
     525
     493
     505
     503
     477
     500
     531
     486
     472
     493
     471
     464
     520
     473
     475
     477
     516
     495
     485
     450
     451
     521
     490
     484
     489
     503
     504
     513
     513
     453
     496
     523
     460
     479
     509
     491
     484
     559
     486
     472
     512
     444
     472
     513
     481
     488
     515
     485
     490
     507
     484
     507
     465
     489
     460
     517
     475
     498
     506
     458
     475
     498
     429
     525
     441
     499
     483
     457
     486
     478
     471
     448
     443
     492
     465
     481
     497
     468
     451
     517
     450
     465
     472
     438
     518
     452
     481
     458
     468
     447
     464
     503
     525
     456
     474
     449
     440
     490
     487
     490
     487
     482
     464
     499
     493
     448
     483
     438
     497
     455
     484
     446
     453
     479
     452
     486
     485
     472
     479
     450
     470
     464
     489
     474
     489
     461
     479
     435
     441
     510
     425
     480
     470
     484
     458
     449
     483
     463
     491
     463
     479
     464
     447
     476
     436
     474
     458
     467
     483
     478
     460
     459
     480
     446
     452
     444
     440
     500
     427
     428
     457
     468
     460
     485
     466
     427
     460
     438
     479
     445
     465
     463
     444
     423
     426
     491
     420
     464
     467
     474
     442
     422
     435
     438
     425
     439
     456
     451
     408
     484
     490
     447
     466
     432
     473
     463
     445
     430
     447
     458
     474
     486
     448
     437
     451
     414
     449
     471
     447
     484
     427
     427
     428
     448
     456
     474
     410
     427
     428
     434
     476
     426
     447
     432
     469
     438
     426
     441
     427
     425
     477
     462
     438
     459
     438
     439
     442
     455
     447
     434
     468
     463
     429
     460
     449
     453
     431
     503
     449
     447
     445
     422
     467
     419
     461
     415
     418
     475
     433
     425
     409
     449
     443
     502
     444
     471
     443
     485
     419
     445
     451
     448
     434
     450
     472
     467
     431
     454
     414
     452
     450
     440
     427
     460
     435
     468
     438
     455
     450
     492
     441
     449
     443
     403
     438
     421
     402
     455
     413
     431
     407
     492
     431
     440
     434
     440
     420
     445
     435
     404
     409
     431
     432
     442
     468
     424
     422
     442
     455
     420
     431
     449
     453
     421
     479
     450
     459
     425
     445
     412
     378
     406
     419
     416
     411
     437
     445
     431
     410
     454
     440
     407
     439
     428
     412
     421
     434
     430
     449
     389
     404
     396
     453
     446
     448
     420
     427
     419
     439
     424
     440
     385
     403
     404
     389
     448
     419
     396
     391
     402
     403
     435
     410
     382
     430
     441
     438
     399
     404
     378
     423
     429
     380
     409
     390
     411
     414
     437
     392
     411
     448
     389
     413
     402
     445
     371
     405
     417
     400
     393
     455
     422
     400
     418
     400
     416
     421
     403
     440
     413
     404
     417
     442
     407
     417
     429
     426
     462
     437
     435
     384
     404
     431
     471
     434
     374
     405
     425
     366
     420
     394
     416
     415
     395
     421
     416
     400
     417
     404
     372
     415
     408
     430
     387
     403
     397
     431
     392
     439
     418
     407
     432
     408
     387
     414
     435
     420
     415
     404
     433
     421
     408
     400
     416
     425
     422
     409
     405
     403
     405
     410
     415
     376
     381
     423
     385
     400
     392
     389
     399
     421
     411
     393
     408
     408
     418
     395
     405
     389
     404
     389
     381
     395
     423
     392
     390
     409
     392
     426
     417
     371
     377
     401
     422
     450
     427
     409
     401
     411
     418
     419
     372
     399
     407
     428
     403
     389
     389
     407
     433
     415
     462
     419
     393
     384
     437
     403
     414
     380
     393
     397
     421
     389
     381
     391
     438
     396
     393
     433
     418
     391
     414
     453
     394
     411
     392
     385
     390
     398
     417
     429
     423
     380
     422
     402
     377
     395
     394
     411
     393
     446
     422
     414
     372
     369
     389
     406
     398
     393
     394
     420
     409
     420
     408
     399
     397
     398
     390
     409
     424
     411
     416
     398
     387
     420
     384
     392
     403
     397
     388
     396
     422
     416
     403
     372
     405
     355
     407
     388
     398
     379
     423
     394
     384
     391
     373
     386
     386
     399
     402
     406
     350
     403
     416
     404
     382
     418
     382
     388
     409
     424
     446
     401
     402
     409
     412
     381
     417
     417
     403
     403
     383
     419
     402
     385
     392
     405
     413
     416
     369
     402
     368
     391
     369
     389
     406
     418
     448
     413
     388
     385
     405
     374
     364
     403
     408
     417
     392
     410
     414
     407
     423
     370
     350
     381
     396
     396
     388
     365
     410
     430
     413
     408
     387
     415
     384
     412
     380
     399
     385
     398
     433
     351
     379
     383
     399
     404
     394
     418
     362
     404
     381
     368
     396
     414
     392
     395
     377
     362
     381
     423
     375
     430
     384
     424
     383
     381
     396
     407
     382
     393
     428
     411
     425
     395
     416
     411
     349
     399
     403
     420
     399
     403
     377
     406
     385
     421
     388
     378
     386
     388
     375
     434
     382
     418
     410
     401
     365
     403
     436
     355
     382
     390
     402
     383
     398
     427
     378
     387
     400
     374
     376
     403
     414
     387
     411
     346
     390
     391
     405
     403
     373
     399
     374
     382
     383
     402
     418
     420
     392
     399
     365
     416
     390
     417
     432
     412
     372
     426
     401
     386
     393
     384
     427
     417
     392
     393
     398
     345
     377
     397
     389
     361
     410
     391
     383
     386
     398
     382
     390
     403
     404
     390
     378
     376
     406
     393
     401
     395
     387
     358
     389
     397
     334
     412
     396
     394
     414
     356
     389
     427
     423
     392
     382
     392
     396
     375
     392
     397
     380
     400
     416
     359
     361
     446
     400
     393
     403
     399
     425
     415
     369
     406
     371
     421
     366
     404
     412
     413
     393
     418
     387
     413
     394
     413
     410
     424
     370
     421
     403
     397
     414
     387
     385
     376
     402
     427
     381
     380
     395
     421
     379
     359
     400
     410
     383
     373
     387
     386
     467
     393
     364
     406
     412
     387
     375
     407
     399
     415
     415
     371
     375
     395
     382
     369
     420
     386
     407
     385
     405
     410
     389
     420
     383
     389
     383
     402
     420
     400
     385
     416
     398
     422
     431
     383
     387
     395
     418
     372
     396
     386
     383
     416
     375
     395
     390
     402
     396
     376
     400
     398
     365
     392
     412
     413
     397
     371
     352
     390
     408
     430
     432
     374
     408
     387
     406
     410
     402
     402
     388
     400
     412
     370
     426
     394
     428
     397
     386
     372
     409
     393
     403
     385
     392
     392
     416
     382
     370
     418
     380
     377
     392
     397
     378
     399
     382
     382
     414
     366
     391
     411
     392
     394
     399
     422
     385
     390
     376
     365
     390
     439
     367
     399
     371
     426
     391
     431
     376
     364
     401
     417
     424
     376
     414
     414
     389
     376
     433
     426
     395
     413
     397
     388
     387
     378
     391
     405
     396
     379
     360
     382
     392
     357
     388
     413
     409
     397
     361
     383
     405
     383
     431
     400
     397
     371
     421
     381
     353
     398
     396
     400
     372
     411
     400
     393
     391
     389
     410
     399
     403
     402
     395
     420
     373
     387
     417
     367
     416
     390
     383
     396
     377
     385
     420
     394
     370
     399
     408
     396
     351
     416
     406
     405
     391
     398
     362
     374
     414
     428
     425
     395
     383
     415
     390
     427
     376
     375
     401
     406
     409
     406
     406
     423
     398
     404
     389
     428
     367
     408
     416
     361
     424
     413
     369
     386
     382
     375
     368
     374
     422
     367
     382
     405
     417
     387
     399
     365
     364
     416
     428
     372
     395
     394
     399
     398
     419
     403
     411
     389
     380
     403
     373
     369
     403
     382
     393
     380
     359
     399
     402
     385
     405
     386
     356
     402
     381
     391
     360
     398
     405
     367
     383
     417
     407
     407
     415
     387
     362
     408
     433
     400
     378
     384
     407
     382
     423
     406
     417
     434
     391
     374
     380
     349
     435
     395
     399
     398
     399
     434
     387
     403
     413
     399
     400
     409
     402
     390
     402
     374
     372
     378
     355
     400
     344
     394
     410
     404
     398
     392
     390
     384
     378
     369
     413
     378
     421
     402
     365
     419
     385
     390
     408
     384
     391
     365
     390
     417
     402
     360
     402
     371
     400
     430
     373
     365
     447
     374
     355
     350
     400
     368
     395
     435
     400
     422
     407
     389
     380
     381
     360
     384
     366
     404
     397
     408
     390
     418
     384
     403
     390
     391
     407
     377
     390
     381
     382
     399
     373
     374
     387
     379
     420
     371
     389
     368
     377
     393
     368
     396
     376
     421
     379
     387
     381
     408
     387
     396
     380
     366
     397
     363
     373
     357
     401
     370
     385
     371
     400
     399
     390
     399
     396
     423
     385
     377
     360
     372
     370
     412
     395
     427
     414
     409
     359
     411
     368
     406
     394
     343
     421
     393
     379
     352
     426
     407
     402
     418
     387
     361
     374
     390
     406
     407
     381
     402
     373
     370
     393
     402
     399
     385
     423
     377
     422
     378
     393
     385
     387
     408
     356
     369
     373
     393
     408
     345
     416
     390
     424
     380
     371
     401
     399
     349
     362
     394
     426
     354
     369
     385
     399
     387
     393
     399
     423
     375
     382
     395
     402
     409
     366
     434
     395
     382
     378
     364
     415
     390
     428
     385
     402
     391
     396
     354
     387
     373
     365
     407
     394
     403
     427
     423
     389
     388
     376
     402
     363
     370
     356
     389
     413
     400
     387
     395
     380
     389
     380
     383
     390
     426
     361
     402
     381
     416
     361
     374
     391
     404
     365
     364
     376
     386
     417
     384
     372
     375
     375
     394
     377
     371
     396
     379
     402
     375
     387
     436
     374
     403
     407
     362
     379
     382
     398
     388
     406
     396
     398
     368
     419
     444
     405
     386
     375
     407
     351
     357
     369
     377
     420
     416
     386
     360
     416
     354
     386
     363
     396
     398
     435
     375
     392
     413
     391
     388
     373
     375
     425
     391
     372
     390
     370
     360
     367
     409
     407
     397
     385
     408
     375
     396
     392
     374
     369
     392
     387
     361
     419
     388
     377
     385
     401
     387
     373
     407
     388
     364
     428
     396
     385
     382
     396
     422
     359
     412
     425
     392
     380
     386
     386
     380
     397
     401
     355
     397
     402
     358
     394
     388
     402
     387
     369
     381
     384
     380
     371
     385
     391
     424
     396
     415
     422
     363
     409
     380
     368
     405
     373
     369
     384
     391
     404
     378
     397
     402
     382
     376
     386
     391
     382
     422
     368
     380
     395
     382
     417
     390
     361
     396
     412
     379
     399
     360
     368
     428
     366
     377
     401
     405
     385
     385
     408
     396
     401
     372
     378
     337
     396
     428
     402
     403
     381
     401
     420
     365
     366
     357
     415
     387
     394
     378
     358
     406
     372
     396
     375
     407
     351
     364
     353
     383
     389
     360
     365
     376
     362
     379
     415
     410
     416
     369
     393
     415
     423
     414
     396
     391
     379
     394
     331
     398
     385
     375
     389
     391
     379
     402
     394
     402
     401
     397
     383
     434
     402
     361
     368
     378
     400
     403
     345
     404
     415
     404
     403
     393
     408
     378
     400
     413
     364
     439
     420
     391
     358
     378
     389
     393
     408
     422
     401
     376
     398
     396
     395
     405
     408
     416
     374
     381
     368
     377
     363
     407
     420
     416
     387
     397
     384
     380
     414
     377
     395
     402
     428
     407
     402
     372
     416
     379
     343
     387
     379
     386
     382
     390
     391
     422
     397
     393
     419
     394
     393
     404
     353
     390
     394
     397
     389
     399
     374
     412
     389
     370
     394
     390
     346
     384
     405
     370
     403
     370
     380
     377
     394
     405
     394
     399
     370
     345
     392
     424
     384
     403
     381
     385
     390
     419
     392
     371
     399
     373
     406
     385
     398
     388
     394
     417
     352
     394
     416
     386
     433
     367
     372
     400
     405
     358
     384
     404
     397
     374
     411
     409
     402
     423
     385
     397
     408
     384
     388
     409
     402
     400
     404
     444
     386
     414
     378
     373
     409
     402
     387
     382
     399
     407
     400
     390
     378
     399
     391
     418
     428
     389
     394
     363
     407
     400
     395
     403
     416
     410
     430
     375
     402
     402
     401
     406
     425
     395
     395
     389
     374
     406
     353
     425
     396
     394
     395
     398
     384
     405
     371
     374
     393
     432
     388
     444
     407
     372
     395
     381
     390
     379
     411
     409
     413
     384
     385
     401
     402
     399
     382
     390
     412
     439
     389
     428
     397
     413
     407
     403
     388
     401
     390
     415
     428
     389
     453
     419
     375
     368
     383
     414
     425
     401
     406
     369
     371
     357
     391
     412
     384
     417
     401
     373
     384
     385
     416
     409
     377
     407
     379
     392
     408
     404
     394
     389
     404
     393
     406
     381
     416
     406
     423
     393
     405
     411
     408
     410
     388
     400
     393
     405
     352
     411
     384
     430
     420
     415
     415
     420
     396
     382
     389
     375
     402
     396
     408
     406
     365
     404
     428
     383
     398
     439
     405
     411
     392
     380
     406
     382
     373
     378
     369
     404
     417
     371
     369
     399
     390
     430
     406
     388
     419
     390
     362
     395
     405
     380
     385
     376
     370
     390
     380
     381
     402
     384
     390
     419
     418
     385
     420
     402
     370
     378
     378
     367
     404
     415
     420
     387
     398
     408
     383
     385
     454
     397
     380
     434
     428
     417
     394
     370
     409
     436
     375
     422
     388
     383
     397
     403
     384
     414
     406
     373
     416
     410
     406
     372
     367
     423
     385
     385
     410
     393
     376
     422
     426
     371
     395
     426
     433
     396
     397
     341
     385
     420
     384
     425
     424
     382
     447
     441
     393
     388
     411
     410
     393
     359
     443
     420
     381
     402
     386
     382
     413
     372
     442
     411
     429
     389
     401
     376
     382
     383
     402
     417
     434
     418
     430
     401
     422
     422
     388
     404
     405
     394
     401
     367
     400
     385
     397
     399
     397
     403
     397
     364
     418
     379
     387
     366
     401
     413
     389
     409
     399
     420
     431
     427
     422
     389
     375
     366
     390
     387
     370
     416
     371
     406
     412
     391
     381
     377
     407
     366
     379
     447
     408
     360
     379
     402
     402
     434
     396
     451
     371
     389
     395
     381
     395
     424
     433
     392
     388
     385
     395
     438
     401
     462
     382
     430
     406
     394
     387
     436
     413
     358
     417
     433
     389
     394
     430
     413
     434
     416
     405
     385
     414
     423
     374
     383
     422
     412
     375
     407
     426
     408
     404
     417
     413
     428
     404
     399
     435
     391
     428
     409
     429
     430
     407
     392
     431
     435
     440
     408
     402
     397
     399
     395
     381
     463
     420
     415
     402
     440
     427
     407
     415
     420
     390
     410
     424
     419
     421
     436
     412
     413
     448
     425
     387
     390
     399
     405
     422
     384
     396
     426
     385
     355
     368
     417
     406
     406
     407
     388
     388
     396
     422
     417
     426
     408
     395
     406
     426
     410
     410
     415
     413
     420
     382
     424
     414
     392
     410
     410
     410
     382
     399
     430
     445
     406
     437
     396
     424
     420
     431
     423
     419
     387
     409
     410
     421
     386
     469
     448
     395
     387
     393
     426
     379
     387
     449
     385
     379
     407
     425
     413
     427
     386
     403
     419
     395
     404
     404
     383
     436
     386
     428
     394
     433
     420
     501
     409
     407
     401
     408
     426
     414
     398
     393
     431
     385
     415
     436
     411
     396
     379
     411
     375
     461
     413
     421
     454
     439
     434
     397
     351
     410
     409
     411
     407
     403
     431
     419
     400
     394
     438
     425
     454
     454
     422
     414
     456
     425
     419
     418
     394
     423
     438
     425
     419
     409
     415
     421
     410
     448
     412
     453
     441
     445
     439
     425
     441
     438
     424
     425
     415
     385
     386
     454
     397
     392
     414
     420
     432
     442
     362
     426
     404
     441
     406
     421
     442
     392
     424
     401
     367
     446
     451
     397
     419
     427
     401
     395
     393
     460
     436
     430
     416
     403
     456
     450
     466
     424
     443
     391
     432
     402
     432
     441
     452
     439
     447
     410
     424
     434
     394
     415
     428
     394
     454
     437
     398
     425
     428
     460
     420
     437
     417
     451
     417
     413
     405
     395
     425
     453
     427
     402
     444
     425
     449
     460
     422
     417
     406
     406
     425
     417
     393
     438
     474
     448
     465
     435
     438
     418
     428
     440
     415
     448
     425
     426
     411
     421
     478
     433
     453
     430
     436
     437
     434
     416
     402
     420
     419
     443
     415
     390
     444
     457
     414
     458
     408
     417
     435
     438
     427
     461
     459
     449
     436
     444
     447
     449
     404
     424
     463
     424
     448
     422
     421
     431
     423
     417
     434
     453
     460
     394
     441
     449
     456
     420
     463
     461
     487
     445
     435
     433
     443
     473
     452
     436
     438
     451
     428
     408
     421
     418
     424
     442
     427
     418
     456
     443
     401
     442
     417
     478
     449
     459
     464
     428
     467
     413
     449
     400
     442
     447
     456
     423
     409
     424
     465
     418
     443
     460
     472
     453
     426
     463
     441
     424
     442
     440
     458
     452
     414
     470
     444
     457
     444
     475
     426
     463
     446
     451
     494
     431
     459
     463
     427
     461
     431
     442
     438
     460
     425
     449
     406
     417
     427
     440
     446
     452
     439
     413
     463
     448
     414
     407
     404
     412
     447
     426
     455
     410
     405
     464
     459
     429
     454
     422
     455
     424
     449
     405
     418
     436
     396
     422
     434
     455
     449
     465
     443
     404
     467
     440
     445
     465
     451
     446
     448
     437
     424
     426
     418
     424
     427
     432
     447
     402
     414
     414
     422
     427
     443
     457
     423
     458
     439
     431
     457
     454
     443
     461
     454
     444
     469
     409
     435
     455
     468
     436
     413
     406
     429
     456
     464
     444
     450
     411
     439
     432
     442
     405
     451
     446
     460
     397
     452
     419
     444
     437
     413
     436
     398
     433
     440
     403
     451
     428
     446
     468
     473
     413
     443
     422
     444
     422
     444
     433
     410
     415
     426
     420
     451
     408
     445
     438
     480
     435
     431
     415
     462
     445
     399
     428
     440
     425
     446
     396
     407
     412
     387
     418
     427
     397
     429
     432
     419
     460
     390
     419
     472
     447
     449
     398
     441
     430
     412
     412
     444
     412
     396
     404
     434
     454
     413
     421
     421
     404
     414
     416
     405
     396
     435
     414
     386
     391
     448
     423
     407
     420
     414
     402
     411
     425
     405
     459
     409
     419
     428
     391
     419
     435
     391
     424
     408
     409
     390
     386
     438
     428
     401
     440
     413
     405
     416
     385
     408
     416
     461
     401
     401
     402
     393
     422
     416
     431
     415
     370
     392
     405
     416
     396
     398
     387
     393
     366
     405
     475
     401
     386
     372
     391
     394
     429
     399
     404
     426
     424
     421
     393
     377
     401
     404
     363
     432
     391
     409
     440
     387
     365
     419
     383
     374
     376
     408
     363
     372
     420
     350
     382
     392
     352
     398
     424
     382
     408
     438
     372
     387
     396
     372
     371
     393
     395
     415
     391
     385
     384
     391
     380
     359
     389
     426
     349
     403
     384
     373
     376
     386
     378
     383
     343
     396
     372
     393
     400
     349
     366
     383
     362
     395
     396
     384
     354
     389
     352
     404
     389
     385
     320
     381
     361
     387
     405
     391
     374
     373
     366
     354
     381
     369
     335
     359
     391
     370
     361
     322
     342
     385
     357
     367
     359
     337
     337
     374
     337
     349
     369
     354
     357
     382
     365
     341
     326
     360
     390
     377
     340
     385
     359
     362
     356
     334
     345
     348
     326
     344
     356
     372
     357
     367
     373
     345
     347
     339
     332
     355
     358
     359
     384
     325
     385
     340
     361
     320
     357
     355
     357
     344
     304
     365
     360
     372
     342
     356
     353
     343
     341
     325
     348
     345
     321
     335
     357
     332
     313
     373
     335
     336
     340
     326
     340
     338
     348
     314
     351
     306
     334
     337
     317
     310
     342
     324
     326
     345
     333
     349
     370
     316
     329
     317
     344
     323
     360
     364
     313
     316
     368
     316
     336
     336
     300
     340
     332
     340
     327
     318
     294
     331
     334
     301
     328
     317
     331
     318
     297
     345
     307
     344
     323
     302
     292
     328
     333
     320
     306
     315
     296
     327
     343
     321
     348
     331
     323
     334
     322
     311
     367
     321
     317
     320
     315
     318
     317
     297
     339
     340
     330
     317
     345
     314
     335
     309
     319
     324
     291
     293
     318
     307
     284
     302
     308
     303
     290
     307
     258
     337
     309
     315
     310
     316
     302
     327
     318
     290
     313
     333
     326
     315
     320
     314
     338
     344
     293
     295
     302
     320
     305
     361
     299
     340
     295
     341
     289
     298
     296
     334
     300
     306
     310
     328
     291
     337
     312
     342
     295
     288
     275
     292
     338
     308
     293
     305
     306
     336
     296
     327
     294
     312
     305
     295
     286
     305
     289
     314
     289
     277
     295
     315
     305
     266
     282
     314
     306
     311
     291
     315
     291
     336
     327
     289
     306
     333
     302
     299
     306
     340
     275
     313
     275
     303
     330
     300
     299
     308
     314
     300
     336
     298
     302
     323
     315
     311
     304
     294
     306
     322
     320
     291
     309
     301
     290
     287
     302
     269
     327
     325
     277
     313
     344
     309
     288
     301
     277
     308
     287
     274
     281
     310
     273
     299
     279
     272
     308
     275
     281
     300
     280
     279
     299
     266
     311
     298
     312
     286
     315
     281
     283
     301
     308
     313
     292
     299
     268
     285
     311
     303
     301
     287
     270
     321
     274
     296
     300
     288
     263
     287
     317
     303
     296
     295
     276
     298
     267
     303
     274
     291
     320
     284
     284
     277
     284
     313
     296
     280
     278
     297
     281
     312
     315
     312
     265
     292
     309
     289
     280
     292
     291
     277
     289
     278
     297
     296
     258
     250
     276
     290
     297
     306
     268
     293
     285
     265
     289
     307
     244
     306
     299
     285
     268
     278
     262
     287
     309
     282
     298
     255
     281
     264
     272
     256
     248
     268
     292
     291
     303
     299
     273
     291
     239
     287
     264
     303
     280
     276
     267
     285
     260
     282
     299
     266
     289
     283
     261
     302
     264
     284
     255
     275
     303
     282
     270
     268
     255
     275
     287
     278
     264
     256
     263
     272
     287
     269
     270
     252
     259
     282
     288
     279
     291
     278
     286
     283
     263
     271
     274
     259
     238
     290
     255
     278
     277
     262
     268
     262
     258
     278
     288
     245
     277
     256
     254
     250
     254
     238
     287
     276
     251
     255
     252
     240
     299
     265
     242
     244
     273
     292
     273
     278
     290
     256
     263
     248
     267
     251
     256
     262
     232
     256
     216
     250
     258
     273
     270
     252
     220
     271
     258
     226
     246
     234
     267
     278
     223
     257
     251
     250
     243
     256
     269
     263
     235
     271
     260
     253
     221
     244
     231
     270
     244
     261
     261
     242
     277
     241
     230
     238
     220
     242
     228
     244
     228
     246
     247
     264
     251
     228
     233
     261
     226
     253
     226
     250
     239
     248
     239
     227
     228
     229
     266
     269
     223
     233
     210
     234
     232
     270
     228
     246
     272
     236
     233
     220
     236
     233
     256
     211
     250
     242
     214
     216
     242
     229
     219
     205
     272
     256
     224
     196
     223
     221
     225
     238
     274
     232
     229
     237
     227
     246
     214
     251
     222
     244
     233
     232
     229
     197
     225
     233
     253
     235
     240
     226
     247
     227
     231
     259
     230
     223
     225
     243
     222
     236
     244
     225
     257
     264
     249
     245
     246
     214
     237
     249
     234
     252
     238
     235
     285
     230
     256
     239
     227
     222
     238
     267
     233
     234
     224
     223
     258
     259
     230
     213
     235
     244
     235
     218
     217
     275
     265
     224
     195
     214
     233
     230
     236
     242
     242
     231
     236
     238
     229
     236
     250
     235
     247
     217
     230
     249
     244
     248
     249
     258
     244
     243
     230
     271
     240
     257
     268
     248
     266
     255
     261
     233
     251
     249
     284
     245
     224
     263
     247
     255
     247
     270
     237
     258
     299
     237
     260
     228
     244
     267
     258
     278
     278
     241
     242
     263
     264
     267
     230
     269
     276
     300
     275
     283
     253
     232
     273
     258
     306
     262
     265
     254
     239
     260
     261
     265
     294
     274
     289
     270
     289
     290
     290
     274
     283
     281
     278
     265
     260
     301
     285
     279
     278
     297
     274
     279
     266
     280
     311
     290
     332
     317
     319
     293
     316
     290
     299
     311
     323
     318
     307
     258
     312
     316
     306
     316
     291
     324
     295
     330
     343
     315
     317
     317
     339
     296
     320
     330
     328
     335
     318
     333
     327
     372
     344
     342
     350
     372
     347
     372
     346
     341
     347
     334
     323
     340
     334
     360
     371
     330
     374
     371
     359
     365
     347
     354
     350
     343
     378
     371
     352
     360
     360
     381
     394
     380
     354
     412
     396
     392
     383
     371
     393
     389
     424
     368
     354
     391
     394
     393
     401
     391
     399
     429
     432
     424
     402
     430
     394
     416
     439
     432
     388
     415
     430
     473
     438
     423
     406
     420
     415
     403
     435
     409
     452
     434
     427
     428
     435
     443
     429
     418
     417
     433
     440
     407
     439
     464
     434
     451
     427
     444
     431
     459
     482
     485
     440
     455
     495
     494
     476
     397
     448
     482
     463
     460
     496
     450
     511
     467
     497
     461
     463
     490
     534
     474
     531
     470
     511
     534
     534
     511
     467
     529
     478
     509
     470
     449
     502
     506
     490
     504
     457
     522
     521
     499
     509
     489
     493
     482
     488
     502
     501
     500
     552
     486
     514
     482
     532
     551
     482
     518
     512
     574
     525
     513
     535
     502
     470
     534
     519
     499
     508
     523
     514
     529
     501
     550
     474
     532
     539
     511
     539
     499
     524
     534
     534
     566
     557
     508
     542
     527
     526
     518
     534
     534
     563
     495
     527
     531
     542
     539
     544
     541
     573
     520
     514
     510
     531
     548
     520
     522
     496
     564
     508
     512
     538
     531
     512
     529
     512
     505
     529
     529
     491
     491
     542
     555
     515
     569
     546
     563
     491
     534
     530
     516
     555
     507
     516
     519
     520
     538
     541
     521
     530
     500
     510
     539
     529
     511
     481
     487
     541
     531
     502
     489
     531
     468
     530
     511
     520
     526
     479
     514
     498
     468
     476
     528
     498
     508
     493
     501
     535
     517
     475
     496
     430
     506
     448
     481
     498
     520
     519
     492
     456
     481
     458
     504
     433
     459
     497
     473
     471
     463
     466
     451
     465
     474
     430
     458
     453
     473
     488
     445
     429
     480
     444
     451
     444
     458
     447
     454
     456
     467
     462
     384
     427
     416
     404
     455
     414
     431
     429
     453
     406
     422
     415
     411
     420
     382
     437
     436
     411
     393
     390
     417
     439
     398
     409
     364
     408
     438
     420
     415
     359
     388
     396
     356
     374
     394
     391
     374
     394
     395
     387
     357
     363
     362
     370
     361
     364
     376
     374
     360
     370
     330
     337
     376
     333
     308
     377
     350
     342
     334
     329
     343
     318
     321
     352
     333
     330
     318
     356
     334
     303
     286
     327
     322
     337
     291
     305
     267
     309
     301
     311
     279
     274
     274
     301
     306
     297
     293
     276
     277
     311
     263
     276
     273
     252
     261
     273
     269
     259
     257
     267
     260
     280
     259
     242
     235
     248
     277
     257
     274
     229
     255
     239
     282
     257
     273
     238
     251
     238
     251
     247
     266
     234
     242
     269
     233
     231
     242
     239
     219
     239
     205
     229
     264
     249
     220
     263
     216
     229
     195
     211
     215
     192
     205
     199
     196
     222
     192
     194
     191
     225
     185
     191
     223
     188
     201
     203
     204
     200
     222
     212
     170
     203
     211
     203
     189
     177
     213
     175
     182
     186
     213
     222
     180
     163
     168
     198
     183
     205
     183
     209
     188
     196
     188
     184
     173
     169
     163
     185
     184
     192
     164
     170
     173
     182
     128
     151
     190
     178
     176
     156
     136
     152
     163
     164
     165
     178
     147
     188
     182
     152
     167
     154
     167
     125
     164
     142
     168
     148
     176
     152
     165
     164
     141
     163
     160
     159
     188
     169
     153
     145
     148
     160
     157
     154
     138
     164
     142
     177
     153
     153
     158
     143
     152
     158
     167
     144
     177
     147
     147
     167
     163
     154
     162
     164
     174
     154
     164
     143
     172
     158
     167
     171
     172
     131
     164
     155
     164
     174
     182
     157
     150
     185
     129
     172
     146
     165
     153
     155
     157
     171
     156
     150
     155
     174
     183
     169
     150
     180
     155
     151
     148
     184
     186
     200
     153
     185
     168
     173
     171
     175
     174
     181
     178
     195
     169
     189
     162
     184
     176
     191
     175
     164
     209
     183
     181
     168
     179
     182
     198
     193
     187
     144
     180
     196
     188
     199
     190
     178
     197
     217
     228
     238
     210
     201
     212
     205
     227
     210
     234
     225
     209
     197
     182
     224
     215
     207
     226
     243
     201
     200
     223
     232
     224
     217
     214
     217
     227
     218
     226
     220
     209
     210
     237
     225
     209
     213
     228
     233
     247
     244
     229
     232
     259
     250
     265
     244
     258
     251
     264
     245
     266
     266
     257
     251
     265
     231
     290
     265
     216
     251
     263
     255
     266
     259
     266
     266
     269
     276
     249
     277
     270
     271
     293
     275
     264
     284
     302
     296
     285
     279
     311
     278
     261
     286
     300
     313
     295
     295
     294
     296
     302
     278
     295
     311
     305
     298
     288
     286
     286
     294
     307
     346
     251
     313
     293
     343
     333
     325
     336
     330
     306
     331
     322
     343
     337
     343
     334
     328
     387
     304
     347
     344
     328
     334
     314
     338
     344
     324
     341
     344
     323
     331
     350
     362
     335
     360
     333
     377
     395
     355
     358
     348
     374
     343
     372
     364
     369
     353
     356
     367
     356
     378
     405
     382
     381
     352
     364
     355
     372
     416
     395
     370
     376
     381
     371
     390
     389
     364
     403
     403
     371
     377
     363
     393
     385
     413
     386
     398
     369
     386
     378
     396
     367
     364
     383
     432
     396
     364
     407
     415
     409
     352
     343
     384
     389
     405
     411
     417
     390
     433
     448
     421
     381
     363
     359
     417
     378
     388
     400
     385
     401
     428
     394
     364
     432
     414
     413
     417
     422
     442
     434
     409
     400
     440
     435
     373
     410
     419
     418
     410
     446
     420
     421
     403
     396
     397
     385
     376
     437
     398
     460
     419
     400
     416
     377
     442
     421
     411
     399
     387
     418
     390
     417
     377
     392
     376
     443
     403
     381
     418
     422
     427
     430
     389
     426
     393
     403
     382
     405
     419
     396
     386
     380
     440
     401
     436
     392
     400
     388
     401
     396
     392
     383
     394
     378
     421
     390
     365
     364
     389
     390
     422
     376
     398
     406
     373
     382
     406
     386
     397
     345
     376
     381
     379
     421
     367
     401
     367
     365
     326
     384
     391
     404
     414
     376
     391
     383
     398
     351
     356
     339
     368
     361
     381
     367
     375
     338
     336
     358
     367
     365
     365
     317
     345
     372
     333
     368
     385
     346
     326
     313
     311
     367
     333
     321
     340
     321
     318
     330
     322
     312
     336
     316
     326
     333
     317
     330
     292
     290
     330
     339
     335
     324
     302
     306
     302
     283
     289
     282
     344
     291
     278
     318
     315
     332
     295
     291
     304
     291
     328
     258
     304
     294
     291
     256
     303
     277
     293
     311
     273
     305
     240
     281
     279
     276
     294
     250
     251
     263
     251
     247
     270
     236
     276
     259
     239
     239
     257
     271
     256
     246
     241
     240
     229
     244
     244
     244
     233
     243
     224
     245
     249
     218
     240
     235
     228
     230
     231
     239
     238
     239
     186
     216
     232
     202
     223
     216
     215
     203
     200
     237
     220
     208
     218
     174
     221
     201
     216
     181
     224
     169
     208
     194
     181
     186
     182
     187
     184
     207
     166
     186
     219
     175
     170
     181
     205
     156
     174
     179
     197
     152
     168
     168
     152
     181
     159
     167
     156
     152
     155
     135
     176
     168
     149
     136
     163
     147
     119
     142
     160
     154
     153
     142
     134
     124
     142
     149
     155
     136
     123
     144
     144
     131
     142
     127
     140
     137
     126
     109
     124
     128
     132
     138
     121
     128
     109
     125
      99
      95
     115
     112
     122
     108
     124
     103
     104
     110
     103
     106
      98
     113
     100
     123
      96
     116
     105
     118
      94
     106
      71
     104
      93
      98
      91
      91
      92
     100
      89
     100
      86
     101
      73
      80
      74
      99
      85
      94
      76
      81
      85
      76
      77
      80
      95
      78
      81
      70
      71
      51
      82
      76
      66
      70
      79
      63
      68
      73
      73
      62
      65
      63
      75
      69
      71
      77
      53
      65
      78
      70
      65
      66
      69
      55
      59
      42
      66
      76
      47
      52
      57
      59
      65
      62
      60
      52
      48
      50
      55
      57
      50
      54
      53
      37
      55
      68
      40
      46
      49
      49
      46
      52
      60
      49
      36
      44
      46
      47
      53
      35
      50
      46
      28
      39
      40
      42
      44
      32
      36
      29
      36
      44
      40
      30
      33
      46
      35
      34
      30
      27
      31
      40
      30
      27
      37
      42
      31
      35
      29
      33
      35
      27
      27
      22
      35
      29
      34
      24
      25
      28
      41
      33
      31
      23
      30
      30
      14
      25
      19
      24
      31
      23
      29
      27
      20
      20
      18
      27
      17
      18
      22
      20
      20
      24
      33
      14
      30
      15
      32
      18
      23
      20
      16
      30
      18
      22
      25
      14
      19
      20
      21
      17
      25
      26
      17
      19
      25
      17
      20
      16
      23
      16
      19
      23
      24
      17
      21
      14
      16
      15
      21
      17
      16
      17
      28
      16
      22
      15
      21
       9
      10
      16
      10
      12
      17
      10
      15
      11
      19
      18
      19
      21
      14
      15
      14
      12
      19
      13
      14
       7
      16
      12
      12
      12
      15
      17
       8
      10
      17
      13
      14
      13
      16
      12
      11
       9
       9
       8
       8
      14
      20
      11
       9
      21
       8
       8
      12
      12
      16
      10
       8
      17
      13
      12
       7
       5
       9
      15
      16
       7
       4
      12
       9
       7
       6
      12
      13
      12
       9
      12
       7
      10
       9
       9
      15
      16
      12
       9
       5
      11
       9
       7
       6
       7
       3
      10
       9
      13
       8
      11
       7
       8
       7
      10
       8
       7
       6
      11
       5
      12
       8
      14
      13
      11
       2
       9
      13
      10
      13
      11
      10
       8
       7
       5
      14
       9
      10
      16
      12
       9
      15
      13
       9
       7
       6
      11
       8
       5
      14
      12
       8
       9
       6
       7
       4
       6
       5
      10
      10
       9
       7
       4
      11
      11
       5
      13
      10
      15
       7
       9
       3
       9
       5
       7
       7
       5
       7
       5
      11
      11
       7
       8
      12
      12
       6
       4
       9
       5
       2
       2
       6
      10
       5
       7
       7
       9
       9
       9
      12
       9
       7
       8
       5
      10
       7
      12
       5
       7
       6
      12
      10
       5
       9
       5
       9
       7
      10
       6
       7
       7
       7
       6
       4
      14
      11
      17
       7
       5
      10
       6
       2
       8
       5
       7
      11
       7
       9
       3
       7
       8
       4
       7
       7
       9
       9
      10
       5
       6
      10
       4
      12
       7
      10
       9
       9
      13
       6
       7
      11
       8
       7
      11
       6
       8
       6
       6
       7
      11
      13
       7
       4
       3
       9
       3
       9
       6
       8
       5
       2
       9
       5
       6
      10
       2
       8
       8
       8
      11
       8
       6
       7
      12
       6
      10
       3
       8
       5
       2
      11
       2
       3
       6
       7
       7
       3
       8
       8
      12
       4
       7
       7
       6
       8
       5
       8
       7
       5
       8
       6
       8
       5
       6
       4
       9
       5
       3
       8
       6
       8
       4
       7
       6
       6
      10
      10
       9
      10
       5
       3
       5
       8
       5
       4
       5
       2
       6
       9
      11
      10
       4
       6
       9
       1
       9
      13
       6
       6
       8
       5
       5
       3
       6
       5
       8
       6
       6
       4
       5
       8
       6
       6
      11
       7
       5
       8
       5
       9
       4
       4
       2
       7
       9
      12
       5
       5
       5
       6
       7
       6
       7
       4
      10
       5
       6
      12
       7
       3
       8
       5
       7
       7
       4
       8
      13
       5
       4
       7
       7
       7
       6
       7
      11
       5
       7
       4
       4
       7
       7
       2
       7
       5
       7
       5
      12
       7
       5
       2
       8
       5
       6
       5
       7
       6
       5
       2
      10
       9
       6
       4
       7
       8
       4
       7
       6
       2
       8
      10
       6
       7
       7
       9
       5
       6
       4
       3
       5
       4
       9
       7
       8
       7
       1
       6
       6
      10
       6
       5
       9
       8
       6
      10
       7
      11
       6
       4
       7
       5
       2
       7
       5
       3
       6
       3
       4
       8
       7
       4
       3
      10
       7
       1
       4
      13
       9
      14
       3
       5
       5
      13
       8
       8
       7
       3
       9
       9
      13
       4
       7
       7
       5
       4
       6
       7
       8
       2
       7
       6
       9
       4
       8
       6
       7
       6
       3
       8
      11
       8
       4
       6
       5
       8
       6
       6
       6
       5
       4
       3
       4
       6
       3
       6
       8
       7
       8
       8
       6
       8
       9
       3
       5
       8
       9
       9
       4
      10
       7
       5
       9
       4
       5
       6
       6
       4
       8
       6
       8
       7
      10
       5
       8
      10
       5
       5
       6
       7
       8
       7
       2
       9
       5
       6
       4
       9
       4
       9
       5
       6
       8
       6
       7
       7
       3
       5
       6
       6
      11
       4
       8
       7
       9
       8
       8
      15
       3
      10
       7
       7
       6
       8
       6
       6
       9
       5
       5
       7
       7
       6
      10
       7
       4
       2
       9
       9
      11
       4
       6
       4
       5
       5
       6
       7
       3
       7
       5
       6
       2
       6
       4
       5
       7
       6
       7
       6
       2
       6
       5
       4
       4
       6
       5
       7
       5
       9
       5
       5
       5
       7
       5
       5
       5
       4
       4
       8
       4
       6
       7
       3
       7
       4
       4
       8
       5
       3
       7
       6
       5
       6
       5
       4
       8
       7
       6
       6
       6
       4
       8
       6
       4
       3
       6
       5
       7
       5
       6
      11
       8
       6
       4
       1
       7
      10
       4
       5
       4
       7
       1
       5
       1
       3
       6
      10
      10
       7
       6
       8
       5
       6
       6
      10
       4
       5
       2
       5
      10
      11
       3
       5
       6
       4
       5
       7
       6
       7
       6
       5
       7
       4
       6
       4
       2
       5
       5
       2
       8
       5
       2
       4
       8
       7
       7
       7
       7
       6
       3
       4
       8
      11
       9
       8
       3
       3
       5
       1
       9
       4
       8
       4
       8
       5
       5
       5
       4
      10
       8
       5
       7
       5
       4
       2
       6
       4
       5
       5
       6
       4
       3
       1
       4
       7
       5
       8
       3
      12
       4
       8
       5
       4
       6
       4
       3
       6
       6
       5
       3
       7
       7
       8
       6
       4
       6
       3
      11
       2
       2
       7
       3
       7
       5
       3
       7
       5
      11
       5
       7
       6
       5
       2
       4
       8
       5
       5
      12
       2
       3
       5
       6
      10
       6
       7
       4
       3
       7
       5
       9
       4
       7
       6
       3
       6
       9
       6
       6
       7
       5
       4
       4
       6
       4
       5
       4
       5
       4
       8
       8
       3
       7
       8
       6
       8
       5
       8
       8
       2
       3
       6
       7
       6
       2
       6
       1
       8
       6
       7
       6
       7
       5
       2
       6
       7
       3
       5
       4
       5
       7
       6
       9
       5
       5
       7
       7
       2
       7
       9
       7
       7
       7
       4
       3
       8
       4
       8
       5
       4
       2
       7
       6
       5
       5
       8
       5
       5
       6
       1
       7
       2
       1
      11
       6
       0
       2
       7
       3
       8
       5
       2
       8
       4
       5
       6
       8
       5
       6
       2
       6
       6
       3
       1
       3
       3
       3
       7
       7
       5
       3
       4
       3
       6
       5
       2
       4
       5
       5
       2
       4
       7
       1
      12
       2
       8
       6
       6
       7
       5
       1
       3
       2
       6
       3
       4
       5
       5
       3
       7
      10
       7
       3
       4
       8
       3
       5
       2
       6
       5
       4
       7
       0
       5
       4
       6
       4
       3
       6
       6
       3
       7
       7
       1
       4
       4
       3
       2
       3
       5
       4
       7
       9
       3
       8
       4
       3
       8
       4
       6
       6
       6
       7
       7
       3
       7
       5
       4
       4
       1
       8
       5
       6
       4
       4
       7
       3
       5
       3
       4
       4
       5
       3
       4
       8
       2
       7
       9
       8
       3
       2
       9
       2
       3
       7
       7
       3
       7
       6
       6
       6
       4
       9
       4
       6
       4
       4
       2
       4
       6
       6
       3
       6
       8
       4
       6
       4
       7
       3
       4
       8
       2
       3
       3
       5
       9
       3
       9
       6
       4
       1
       6
       8
       5
       3
       6
       8
       3
       7
       3
       5
       3
       4
      10
       3
       2
       3
       7
       7
       5
       4
       5
       4
       3
       4
       5
       5
       4
       3
       2
       3
       3
       3
       4
      10
       5
       4
       5
       3
       4
       3
       7
       5
       7
       7
       4
       4
       8
       6
       7
       2
       8
       6
       2
       9
       4
       5
       5
       4
       8
       4
       5
       5
       3
       9
       3
       5
       4
       9
       7
       8
       5
       5
       2
       9
      11
       6
       5
       5
       6
       6
       5
       6
       2
       4
       4
       5
       4
       4
       5
       6
       1
       3
       3
       4
       4
       5
      11
       2
       5
       6
       8
       7
       2
       4
       9
       7
       4
       1
       3
       3
       5
       3
       5
       7
       5
       0
       7
       1
       7
       3
       8
       5
       3
       9
       5
       3
       4
       6
       3
       5
       5
       4
      11
       4
       7
       5
       2
       3
       4
       4
       1
       5
       4
       5
       6
       2
       6
       4
      10
       4
       3
       6
       3
       6
       7
       7
       0
       7
       5
       3
       6
       7
       1
       5
       6
       7
       7
       2
       6
       5
       2
       6
       6
       5
       3
       2
       3
       5
       2
       7
       7
       6
       5
       4
       7
       2
       3
       3
       5
       4
       2
       2
       4
       7
       5
       4
       5
       4
       5
       6
       4
       5
       5
       3
       2
       0
       8
       3
       2
       2
       6
       7
       2
       5
       5
       5
       3
       8
       0
       6
       3
       3
       8
       6
       4
       3
       9
       6
       3
       3
       3
       1
       2
       8
       6
       2
       5
       8
       2
       5
       3
       1
       7
       4
       3
       5
       5
       4
       3
       4
       7
       4
       8
       1
       3
       5
       8
       1
       5
       4
       5
       2
       7
       9
       3
       3
       2
       9
       2
       2
       5
       5
       1
       5
       3
       7
       7
       5
       5
       4
       3
       2
       2
       7
       4
       5
       6
       1
       8
       5
       3
       0
       7
       3
       4
       2
       7
       2
       1
       2
       3
       5
      10
       2
       5
       5
       6
       3
       9
       4
       5
       6
       6
       4
       3
       8
       4
       4
       4
       3
       3
       5
       2
       2
       3
       5
       4
       5
       3
       4
       3
       3
       6
       3
       6
       3
       4
       2
       5
       2
       4
       5
       3
       2
       2
       1
       0
       4
       1
       0
       1
       4
       3
       3
       5
       7
       2
       0
       4
       4
       5
       3
       0
       2
       3
       5
       3
       5
       1
       3
       4
       5
       6
       7
       2
       4
       6
       5
       1
       4
       1
       3
       6
       1
       5
       5
       0
       2
       9
       2
       3
       2
       6
       5
       3
       1
       4
       4
       3
       6
       3
       7
       3
       6
       1
       6
       5
       2
       3
       4
       3
       2
       4
       5
       6
       4
       1
       5
       6
       1
       5
       4
       5
       2
       5
       6
       6
       0
       4
       2
       6
       3
       2
       8
       5
       4
       1
       4
       2
       3
       4
       2
       5
       7
       3
       3
       3
       6
       4
       7
       4
       3
       3
       7
       2
       8
       8
       1
       7
       5
       4
       2
       4
       1
       2
       3
       2
       4
       5
       3
       7
       2
       5
       4
       1
       7
       5
       4
       2
       3
       4
       3
       3
       3
       1
       7
       2
       2
       4
       1
       2
       3
       5
       4
       5
       3
       4
       4
       3
       2
       7
       5
       5
       4
       6
       3
       2
       3
       3
       2
       4
       3
       4
       3
       4
       2
       3
       5
       4
       4
       1
       2
       7
       2
       5
       8
       2
       1
       0
       6
       4
       1
       3
       7
       1
       1
       3
       1
       2
       7
       5
       4
       1
       1
       4
       5
       3
       2
       1
       5
       4
       3
       0
       1
       2
       2
       3
       4
       7
       1
       4
       4
       3
       3
       2
       3
       2
       2
       0
       4
       2
       3
       4
       4
       2
       1
       0
       0
       1
       2
       0
       4
       1
       2
       0
       2
       0
       1
       2
       0
       1
       1
       1
       1
       2
       1
       1
       0
       1
       1
       0
       1
       0
       0
       1
       0
       4
       0
       1
       1
       1
       0
       1
       0
       0
       1
       1
       0
       0
       0
       0
       0
       1
       1
       0
       0
       0
       0
       1
       0
       0
       1
       0
       0
       0
       0
       0
       0
       0
       0
       0
       1
       0
       0
       0
       0
       0
       0
       0
       0
       0
       0
       0
       0
       0
       0
       1
       1
       1
       0
       0
       0
       0
       0
       0
       0
       0
       0
       0
       0
       0
       0
       0
       0
       0
       0
       0
       1
       0
       0
       0
       0
       0
       0
       0
       0
       0
       0
       0
       0
       0
       0
       0
       0
       0
       0
       0
       0
       0
       0
       0
       0
       0
       0
       0
       0
       0
       0
       0
       0
       0
       0
       0
       0
       0
       0
       0
       0
       0
       0
       0
       0
       0
       0
       0
       0
       0
       0
       0
       0
       0
       0
       0
       0
       0
       0
       0
       0
       0
       0
       0
       0
       0
       0
       0
       0
       0
       0
       0
       0
       0
       0
       0
       0
       0
       0
       0
       0
       0
       0
       0
       0
       0
       0
       0
       0
       0
       0
       0
       0
       0
       0
       0
       0
       0
       0
       0
       0
       0
       0
       0
       0
       0
       0
       0
       0
       0
       0
       0
       0
       0
       0
       0
       0
       0
       0
       0
       0
       0
       0
       0
       0
       0
       0
       0
       0
       0
       0
       0
       0
       0
       0
       0
       0
       0
       0
       0
       0
       0
       0
       0
       0
       0
       0
       0
       0
       0
       0
       0
       0
       0
       0
       0
       0
       0
       0
       0
       0
       0
       0
       0
       0
       0
$ROI:
1
5540 6134
$PRESETS:
Live Time
180
0
$ENER_FIT:
0.000000 0.227554
$MCA_CAL:
3
0.000000E+000 2.275539E-001 0.000000E+000 keV
$SHAPE_CAL:
3
3.368824E+002 0.000000E+000 0.000000E+000
