0,000000 -0,158961 
0,100000 -0,098501 
0,200000 -0,071194 
0,300000 -0,057018 
0,400000 -0,049146 
0,500000 -0,044744 
0,600000 -0,041606 
0,700000 -0,039635 
0,800000 -0,038800 
0,900000 -0,038093 
1,000000 -0,037777 
1,100000 -0,037702 
1,200000 -0,037401 
1,300000 -0,037017 
1,400000 -0,037132 
1,500000 -0,037009 
1,600000 -0,036741 
1,700000 -0,036749 
1,800000 -0,036597 
1,900000 -0,034118 
2,000000 -0,030281 
2,100000 -0,029006 
2,200000 -0,027445 
2,300000 -0,026103 
2,400000 -0,025425 
2,500000 -0,024874 
2,600000 -0,024896 
2,700000 -0,025728 
2,800000 -0,031826 
2,900000 -0,047248 
3,000000 -0,056128 
3,100000 -0,046490 
3,200000 -0,035809 
3,300000 -0,029981 
3,400000 -0,027690 
3,500000 -0,025679 
3,600000 -0,024941 
3,700000 -0,024352 
3,800000 -0,024202 
3,900000 -0,023927 
4,000000 -0,023934 
4,100000 -0,023839 
4,200000 -0,023987 
4,300000 -0,023888 
4,400000 -0,023814 
4,500000 -0,023893 
4,600000 -0,023842 
4,700000 -0,023811 
4,800000 -0,023852 
4,900000 -0,023757 
5,000000 -0,023588 
5,100000 -0,023629 
5,200000 -0,023693 
5,300000 -0,023780 
5,400000 -0,023749 
5,500000 -0,023623 
5,600000 -0,023769 
5,700000 -0,023739 
5,800000 -0,023795 
5,900000 -0,023718 
6,000000 -0,023517 
6,100000 -0,023530 
6,200000 -0,023708 
6,300000 -0,023789 
6,400000 -0,023710 
6,500000 -0,023750 
6,600000 -0,023621 
6,700000 -0,023837 
6,800000 -0,023707 
6,900000 -0,023729 
7,000000 -0,023596 
7,100000 -0,023522 
7,200000 -0,023775 
7,300000 -0,023800 
7,400000 -0,023725 
7,500000 -0,023573 
7,600000 -0,023636 
7,700000 -0,023656 
7,800000 -0,023729 
7,900000 -0,023615 
8,000000 -0,023595 
8,100000 -0,023765 
8,200000 -0,023735 
8,300000 -0,023739 
8,400000 -0,023636 
8,500000 -0,023893 
8,600000 -0,023848 
8,700000 -0,023649 
8,800000 -0,023774 
8,900000 -0,023675 
9,000000 -0,023741 
9,100000 -0,023594 
9,200000 -0,023774 
9,300000 -0,023718 
9,400000 -0,023615 
9,500000 -0,023701 
9,600000 -0,023582 
9,700000 -0,023636 
9,800000 -0,023771 
9,900000 -0,023759 
10,000000 -0,023722 
10,100000 -0,023759 
10,200000 -0,023638 
10,300000 -0,023601 
10,400000 -0,023821 
10,500000 -0,023787 
10,600000 -0,023687 
10,700000 -0,023696 
10,800000 -0,023775 
10,900000 -0,023798 
11,000000 -0,023682 
11,100000 -0,023744 
11,200000 -0,023701 
11,300000 -0,023844 
11,400000 -0,023775 
11,500000 -0,023758 
11,600000 -0,023683 
11,700000 -0,023716 
11,800000 -0,023743 
11,900000 -0,023776 
12,000000 -0,023992 
12,100000 -0,024482 
12,200000 -0,026553 
12,300000 -0,028388 
12,400000 -0,029327 
12,500000 -0,029415 
12,600000 -0,028288 
12,700000 -0,026388 
12,800000 -0,025062 
12,900000 -0,024505 
13,000000 -0,024586 
13,100000 -0,025596 
13,200000 -0,027729 
13,300000 -0,029569 
13,400000 -0,030818 
13,500000 -0,030674 
13,600000 -0,028779 
13,700000 -0,027026 
13,800000 -0,025591 
13,900000 -0,025592 
14,000000 -0,027732 
14,100000 -0,032612 
14,200000 -0,041186 
14,300000 -0,048661 
14,400000 -0,052064 
14,500000 -0,050389 
14,600000 -0,042575 
14,700000 -0,035034 
14,800000 -0,030848 
14,900000 -0,030773 
15,000000 -0,038039 
15,100000 -0,058353 
15,200000 -0,087871 
15,300000 -0,113001 
15,400000 -0,121515 
15,500000 -0,114609 
15,600000 -0,087589 
15,700000 -0,060238 
15,800000 -0,044350 
15,900000 -0,037163 
16,000000 -0,035381 
16,100000 -0,040184 
16,200000 -0,047732 
16,300000 -0,053592 
16,400000 -0,054626 
16,500000 -0,051543 
16,600000 -0,042854 
16,700000 -0,034894 
16,800000 -0,030239 
16,900000 -0,028743 
17,000000 -0,030974 
17,100000 -0,036342 
17,200000 -0,041783 
17,300000 -0,045335 
17,400000 -0,045461 
17,500000 -0,041680 
17,600000 -0,035079 
17,700000 -0,030305 
17,800000 -0,029159 
17,900000 -0,033182 
18,000000 -0,045276 
18,100000 -0,065868 
18,200000 -0,084955 
18,300000 -0,096458 
18,400000 -0,097388 
18,500000 -0,083292 
18,600000 -0,059635 
18,700000 -0,043584 
18,800000 -0,034869 
18,900000 -0,030409 
19,000000 -0,028491 
19,100000 -0,028001 
19,200000 -0,027813 
19,300000 -0,027778 
19,400000 -0,027361 
19,500000 -0,026699 
19,600000 -0,025572 
19,700000 -0,025482 
19,800000 -0,026654 
19,900000 -0,028934 
20,000000 -0,035350 
20,100000 -0,042747 
20,200000 -0,048459 
20,300000 -0,051180 
20,400000 -0,051016 
20,500000 -0,044205 
20,600000 -0,035455 
20,700000 -0,029977 
20,800000 -0,027451 
20,900000 -0,025658 
21,000000 -0,024747 
21,100000 -0,024437 
21,200000 -0,024371 
21,300000 -0,024241 
21,400000 -0,024095 
21,500000 -0,024111 
21,600000 -0,023797 
21,700000 -0,023969 
21,800000 -0,023975 
21,900000 -0,023927 
22,000000 -0,023995 
22,100000 -0,023999 
22,200000 -0,023984 
22,300000 -0,023980 
22,400000 -0,023909 
22,500000 -0,023867 
22,600000 -0,023931 
22,700000 -0,023925 
22,800000 -0,023910 
22,900000 -0,023782 
23,000000 -0,023739 
23,100000 -0,023913 
23,200000 -0,023867 
23,300000 -0,023779 
23,400000 -0,023739 
23,500000 -0,023823 
23,600000 -0,023856 
23,700000 -0,023960 
23,800000 -0,023978 
23,900000 -0,024311 
24,000000 -0,024971 
24,100000 -0,025879 
24,200000 -0,026366 
24,300000 -0,026459 
24,400000 -0,026134 
24,500000 -0,025386 
24,600000 -0,024701 
24,700000 -0,024370 
24,800000 -0,024804 
24,900000 -0,026624 
25,000000 -0,029201 
25,100000 -0,031866 
25,200000 -0,033536 
25,300000 -0,033804 
25,400000 -0,033286 
25,500000 -0,030977 
25,600000 -0,028443 
25,700000 -0,028152 
25,800000 -0,030124 
25,900000 -0,039092 
26,000000 -0,052093 
26,100000 -0,063163 
26,200000 -0,070234 
26,300000 -0,071823 
26,400000 -0,068406 
26,500000 -0,058859 
26,600000 -0,045057 
26,700000 -0,037159 
26,800000 -0,035413 
26,900000 -0,041330 
27,000000 -0,051817 
27,100000 -0,061430 
27,200000 -0,067100 
27,300000 -0,068011 
27,400000 -0,065284 
27,500000 -0,056540 
27,600000 -0,047091 
27,700000 -0,048742 
27,800000 -0,067878 
27,900000 -0,120435 
28,000000 -0,186913 
28,100000 -0,236372 
28,200000 -0,264430 
28,300000 -0,261542 
28,400000 -0,234821 
28,500000 -0,170149 
28,600000 -0,106778 
28,700000 -0,070036 
28,800000 -0,052717 
28,900000 -0,046167 
29,000000 -0,044783 
29,100000 -0,045147 
29,200000 -0,045080 
29,300000 -0,043837 
29,400000 -0,041689 
29,500000 -0,036917 
29,600000 -0,031482 
29,700000 -0,028571 
29,800000 -0,027143 
29,900000 -0,026703 
30,000000 -0,027219 
30,100000 -0,027709 
30,200000 -0,028003 
30,300000 -0,027743 
30,400000 -0,027118 
30,500000 -0,026124 
30,600000 -0,025056 
30,700000 -0,024872 
30,800000 -0,025197 
30,900000 -0,027690 
31,000000 -0,029488 
31,100000 -0,031009 
31,200000 -0,032232 
31,300000 -0,032188 
31,400000 -0,031055 
31,500000 -0,029037 
31,600000 -0,027030 
31,700000 -0,025920 
31,800000 -0,026418 
31,900000 -0,028311 
32,000000 -0,029759 
32,100000 -0,031151 
32,200000 -0,032076 
32,300000 -0,031516 
32,400000 -0,030214 
32,500000 -0,028311 
32,600000 -0,026306 
32,700000 -0,024844 
32,800000 -0,024453 
32,900000 -0,024374 
33,000000 -0,024360 
33,100000 -0,024341 
33,200000 -0,024328 
33,300000 -0,024371 
33,400000 -0,024281 
33,500000 -0,024153 
33,600000 -0,024025 
33,700000 -0,023820 
33,800000 -0,023921 
33,900000 -0,023975 
34,000000 -0,023990 
34,100000 -0,023998 
34,200000 -0,024279 
34,300000 -0,024299 
34,400000 -0,024257 
34,500000 -0,024014 
34,600000 -0,023711 
34,700000 -0,023770 
34,800000 -0,023594 
34,900000 -0,023643 
35,000000 -0,023674 
35,100000 -0,023672 
35,200000 -0,023614 
35,300000 -0,023691 
35,400000 -0,023584 
35,500000 -0,023746 
35,600000 -0,023687 
35,700000 -0,023741 
35,800000 -0,023870 
35,900000 -0,024393 
36,000000 -0,024804 
36,100000 -0,025276 
36,200000 -0,025361 
36,300000 -0,025395 
36,400000 -0,025067 
36,500000 -0,024522 
36,600000 -0,024171 
36,700000 -0,024135 
36,800000 -0,024630 
36,900000 -0,026516 
37,000000 -0,028014 
37,100000 -0,028897 
37,200000 -0,029319 
37,300000 -0,029324 
37,400000 -0,028510 
37,500000 -0,027193 
37,600000 -0,025435 
37,700000 -0,024911 
37,800000 -0,025502 
37,900000 -0,027069 
38,000000 -0,028755 
38,100000 -0,029792 
38,200000 -0,030500 
38,300000 -0,030273 
38,400000 -0,029421 
38,500000 -0,027874 
38,600000 -0,026048 
38,700000 -0,025477 
38,800000 -0,027133 
38,900000 -0,030467 
39,000000 -0,034578 
39,100000 -0,037864 
39,200000 -0,039015 
39,300000 -0,038770 
39,400000 -0,037357 
39,500000 -0,032986 
39,600000 -0,029114 
39,700000 -0,027398 
39,800000 -0,026980 
39,900000 -0,029060 
40,000000 -0,032243 
40,100000 -0,034106 
40,200000 -0,035425 
40,300000 -0,034982 
40,400000 -0,033476 
40,500000 -0,030478 
40,600000 -0,027761 
40,700000 -0,026530 
40,800000 -0,026229 
40,900000 -0,029283 
41,000000 -0,033133 
41,100000 -0,036045 
41,200000 -0,037463 
41,300000 -0,037570 
41,400000 -0,035728 
41,500000 -0,032213 
41,600000 -0,028996 
41,700000 -0,027725 
41,800000 -0,028024 
41,900000 -0,032375 
42,000000 -0,038370 
42,100000 -0,042213 
42,200000 -0,043886 
42,300000 -0,044007 
42,400000 -0,041816 
42,500000 -0,037425 
42,600000 -0,034651 
42,700000 -0,038461 
42,800000 -0,049582 
42,900000 -0,100864 
43,000000 -0,161366 
43,100000 -0,203305 
43,200000 -0,225823 
43,300000 -0,223091 
43,400000 -0,192979 
43,500000 -0,135740 
43,600000 -0,086552 
43,700000 -0,059960 
43,800000 -0,046260 
43,900000 -0,042510 
44,000000 -0,042155 
44,100000 -0,042479 
44,200000 -0,042280 
44,300000 -0,040466 
44,400000 -0,037821 
44,500000 -0,032701 
44,600000 -0,028933 
44,700000 -0,027103 
44,800000 -0,025614 
44,900000 -0,025642 
45,000000 -0,026149 
45,100000 -0,026568 
45,200000 -0,026758 
45,300000 -0,026609 
45,400000 -0,026059 
45,500000 -0,025074 
45,600000 -0,024648 
45,700000 -0,024351 
45,800000 -0,024321 
45,900000 -0,024242 
46,000000 -0,024308 
46,100000 -0,024517 
46,200000 -0,024570 
46,300000 -0,024753 
46,400000 -0,024592 
46,500000 -0,024358 
46,600000 -0,024180 
46,700000 -0,024214 
46,800000 -0,024047 
46,900000 -0,024445 
47,000000 -0,025192 
47,100000 -0,025782 
47,200000 -0,026206 
47,300000 -0,026010 
47,400000 -0,025308 
47,500000 -0,024624 
47,600000 -0,024311 
47,700000 -0,024158 
47,800000 -0,024022 
47,900000 -0,024041 
48,000000 -0,024151 
48,100000 -0,024015 
48,200000 -0,024112 
48,300000 -0,024109 
48,400000 -0,024070 
48,500000 -0,023843 
48,600000 -0,023901 
48,700000 -0,023977 
48,800000 -0,023913 
48,900000 -0,023960 
49,000000 -0,024078 
49,100000 -0,024206 
49,200000 -0,024167 
49,300000 -0,024297 
49,400000 -0,024165 
49,500000 -0,024136 
49,600000 -0,023871 
49,700000 -0,024074 
49,800000 -0,023985 
49,900000 -0,024270 
50,000000 -0,024912 
50,100000 -0,025498 
50,200000 -0,025982 
50,300000 -0,025853 
50,400000 -0,025471 
50,500000 -0,024770 
50,600000 -0,024312 
50,700000 -0,024081 
50,800000 -0,024143 
50,900000 -0,024203 
51,000000 -0,024377 
51,100000 -0,024709 
51,200000 -0,024936 
51,300000 -0,024964 
51,400000 -0,024726 
51,500000 -0,024417 
51,600000 -0,024232 
51,700000 -0,023989 
51,800000 -0,024043 
51,900000 -0,024011 
52,000000 -0,024137 
52,100000 -0,024157 
52,200000 -0,024422 
52,300000 -0,024322 
52,400000 -0,024390 
52,500000 -0,024168 
52,600000 -0,024118 
52,700000 -0,023947 
52,800000 -0,023822 
52,900000 -0,024111 
53,000000 -0,024213 
53,100000 -0,024345 
53,200000 -0,024355 
53,300000 -0,024478 
53,400000 -0,024309 
53,500000 -0,024294 
53,600000 -0,024184 
53,700000 -0,023962 
53,800000 -0,023934 
53,900000 -0,023879 
54,000000 -0,024024 
54,100000 -0,024079 
54,200000 -0,024036 
54,300000 -0,023943 
54,400000 -0,024082 
54,500000 -0,024174 
54,600000 -0,023875 
54,700000 -0,023891 
54,800000 -0,024020 
54,900000 -0,023797 
55,000000 -0,023990 
55,100000 -0,024241 
55,200000 -0,024295 
55,300000 -0,024341 
55,400000 -0,024228 
55,500000 -0,024158 
55,600000 -0,024008 
55,700000 -0,023809 
55,800000 -0,023872 
55,900000 -0,023902 
56,000000 -0,023934 
56,100000 -0,024185 
56,200000 -0,024062 
56,300000 -0,023987 
56,400000 -0,024163 
56,500000 -0,024099 
56,600000 -0,023920 
56,700000 -0,023989 
56,800000 -0,023954 
56,900000 -0,024056 
57,000000 -0,024232 
57,100000 -0,024458 
57,200000 -0,024642 
57,300000 -0,024716 
57,400000 -0,024684 
57,500000 -0,024495 
57,600000 -0,024560 
57,700000 -0,024615 
57,800000 -0,025970 
57,900000 -0,028566 
58,000000 -0,037199 
58,100000 -0,049738 
58,200000 -0,059960 
58,300000 -0,064141 
58,400000 -0,061690 
58,500000 -0,053117 
58,600000 -0,041144 
58,700000 -0,033231 
58,800000 -0,029089 
58,900000 -0,027268 
59,000000 -0,026042 
59,100000 -0,025448 
59,200000 -0,025474 
59,300000 -0,025360 
59,400000 -0,025029 
59,500000 -0,024766 
59,600000 -0,024334 
59,700000 -0,024252 
59,800000 -0,023977 
59,900000 -0,023875 
60,000000 -0,023893 
60,100000 -0,023911 
60,200000 -0,024041 
60,300000 -0,024031 
60,400000 -0,023900 
60,500000 -0,023864 
60,600000 -0,023863 
60,700000 -0,023772 
60,800000 -0,023834 
60,900000 -0,023655 
61,000000 -0,023872 
61,100000 -0,023876 
61,200000 -0,023951 
61,300000 -0,023765 
61,400000 -0,023781 
61,500000 -0,023877 
61,600000 -0,024067 
61,700000 -0,023762 
61,800000 -0,023827 
61,900000 -0,024013 
62,000000 -0,023808 
62,100000 -0,023938 
62,200000 -0,024008 
62,300000 -0,023916 
62,400000 -0,024033 
62,500000 -0,023827 
62,600000 -0,023890 
62,700000 -0,023880 
62,800000 -0,023949 
62,900000 -0,023742 
63,000000 -0,023763 
63,100000 -0,023649 
63,200000 -0,023744 
63,300000 -0,023628 
63,400000 -0,023698 
63,500000 -0,023701 
63,600000 -0,023632 
63,700000 -0,023643 
63,800000 -0,023739 
63,900000 -0,023628 
64,000000 -0,023721 
64,100000 -0,023794 
64,200000 -0,023746 
64,300000 -0,023709 
64,400000 -0,023809 
64,500000 -0,023812 
64,600000 -0,023753 
64,700000 -0,023782 
64,800000 -0,023737 
64,900000 -0,023832 
65,000000 -0,023704 
65,100000 -0,023703 
65,200000 -0,023751 
65,300000 -0,023843 
65,400000 -0,023888 
65,500000 -0,023888 
65,600000 -0,023827 
65,700000 -0,023684 
65,800000 -0,023813 
65,900000 -0,023837 
66,000000 -0,023764 
66,100000 -0,024038 
66,200000 -0,024117 
66,300000 -0,024146 
66,400000 -0,024221 
66,500000 -0,024041 
66,600000 -0,023825 
66,700000 -0,023817 
66,800000 -0,023924 
66,900000 -0,023984 
67,000000 -0,023911 
67,100000 -0,023678 
67,200000 -0,023811 
67,300000 -0,024036 
67,400000 -0,023934 
67,500000 -0,023903 
67,600000 -0,023741 
67,700000 -0,023867 
67,800000 -0,023904 
67,900000 -0,023752 
68,000000 -0,023802 
68,100000 -0,023730 
68,200000 -0,023708 
68,300000 -0,023774 
68,400000 -0,023847 
68,500000 -0,023827 
68,600000 -0,023757 
68,700000 -0,023892 
68,800000 -0,023844 
68,900000 -0,024047 
69,000000 -0,024612 
69,100000 -0,025896 
69,200000 -0,027598 
69,300000 -0,028420 
69,400000 -0,028322 
69,500000 -0,026868 
69,600000 -0,025710 
69,700000 -0,024936 
69,800000 -0,024267 
69,900000 -0,023765 
70,000000 -0,023707 
70,100000 -0,023818 
70,200000 -0,023866 
70,300000 -0,023881 
70,400000 -0,023782 
70,500000 -0,023587 
70,600000 -0,023400 
70,700000 -0,023610 
70,800000 -0,023397 
70,900000 -0,023507 
71,000000 -0,023511 
71,100000 -0,023366 
71,200000 -0,023517 
71,300000 -0,023425 
71,400000 -0,023558 
71,500000 -0,023656 
71,600000 -0,023372 
71,700000 -0,023529 
71,800000 -0,023293 
71,900000 -0,023433 
72,000000 -0,023313 
72,100000 -0,023506 
72,200000 -0,023470 
72,300000 -0,023605 
72,400000 -0,023540 
72,500000 -0,023402 
72,600000 -0,023434 
72,700000 -0,023369 
72,800000 -0,023482 
72,900000 -0,023660 
73,000000 -0,023469 
73,100000 -0,023275 
73,200000 -0,023560 
73,300000 -0,023415 
73,400000 -0,023358 
73,500000 -0,023561 
73,600000 -0,023585 
73,700000 -0,023475 
73,800000 -0,023674 
73,900000 -0,023389 
74,000000 -0,023590 
74,100000 -0,023556 
74,200000 -0,023715 
74,300000 -0,023507 
74,400000 -0,023580 
74,500000 -0,023830 
74,600000 -0,023852 
74,700000 -0,023750 
74,800000 -0,023634 
74,900000 -0,023543 
75,000000 -0,023601 
75,100000 -0,023557 
75,200000 -0,023583 
75,300000 -0,023488 
75,400000 -0,023545 
75,500000 -0,023580 
75,600000 -0,023627 
75,700000 -0,023469 
75,800000 -0,023598 
75,900000 -0,023345 
76,000000 -0,023436 
76,100000 -0,023554 
76,200000 -0,023571 
76,300000 -0,023499 
76,400000 -0,023394 
76,500000 -0,023505 
76,600000 -0,023579 
76,700000 -0,023370 
76,800000 -0,023337 
76,900000 -0,023724 
77,000000 -0,023894 
77,100000 -0,023785 
77,200000 -0,023857 
77,300000 -0,023761 
77,400000 -0,023735 
77,500000 -0,023819 
77,600000 -0,023859 
77,700000 -0,023838 
77,800000 -0,023698 
77,900000 -0,023812 
78,000000 -0,023801 
78,100000 -0,023761 
78,200000 -0,023918 
78,300000 -0,023815 
78,400000 -0,023782 
78,500000 -0,023904 
78,600000 -0,023883 
78,700000 -0,023803 
78,800000 -0,023809 
78,900000 -0,023748 
79,000000 -0,023815 
79,100000 -0,023699 
79,200000 -0,023841 
79,300000 -0,023595 
79,400000 -0,023776 
79,500000 -0,023769 
79,600000 -0,023688 
79,700000 -0,023879 
79,800000 -0,023835 
79,900000 -0,023656 
80,000000 -0,023611 
80,100000 -0,023778 
80,200000 -0,023731 
80,300000 -0,023823 
80,400000 -0,023725 
80,500000 -0,023647 
80,600000 -0,023653 
80,700000 -0,023716 
80,800000 -0,023726 
80,900000 -0,023646 
81,000000 -0,023649 
81,100000 -0,023771 
81,200000 -0,023839 
81,300000 -0,023704 
81,400000 -0,023722 
81,500000 -0,023821 
81,600000 -0,023863 
81,700000 -0,023785 
81,800000 -0,023713 
81,900000 -0,023606 
82,000000 -0,023717 
82,100000 -0,023602 
82,200000 -0,023817 
82,300000 -0,023887 
82,400000 -0,023741 
82,500000 -0,023932 
82,600000 -0,023873 
82,700000 -0,023740 
82,800000 -0,023731 
82,900000 -0,023807 
83,000000 -0,023802 
83,100000 -0,023663 
83,200000 -0,023721 
83,300000 -0,023721 
83,400000 -0,023738 
83,500000 -0,023741 
83,600000 -0,023757 
83,700000 -0,023803 
83,800000 -0,023749 
83,900000 -0,023708 
84,000000 -0,023809 
84,100000 -0,023743 
84,200000 -0,023857 
84,300000 -0,023725 
84,400000 -0,023797 
84,500000 -0,023802 
84,600000 -0,023583 
84,700000 -0,023657 
84,800000 -0,023861 
84,900000 -0,023801 
85,000000 -0,023748 
85,100000 -0,023768 
85,200000 -0,023794 
85,300000 -0,023728 
85,400000 -0,023763 
85,500000 -0,023896 
85,600000 -0,023707 
85,700000 -0,023715 
85,800000 -0,023756 
85,900000 -0,023779 
86,000000 -0,023701 
86,100000 -0,023748 
86,200000 -0,023690 
86,300000 -0,023769 
86,400000 -0,023829 
86,500000 -0,023918 
86,600000 -0,023680 
86,700000 -0,023758 
86,800000 -0,023818 
86,900000 -0,023756 
87,000000 -0,023729 
87,100000 -0,023755 
87,200000 -0,023674 
87,300000 -0,023764 
87,400000 -0,023716 
87,500000 -0,023691 
87,600000 -0,023708 
87,700000 -0,023677 
87,800000 -0,023834 
87,900000 -0,023803 
88,000000 -0,023765 
88,100000 -0,023848 
88,200000 -0,023814 
88,300000 -0,023748 
88,400000 -0,023780 
88,500000 -0,023646 
88,600000 -0,023729 
88,700000 -0,023751 
88,800000 -0,023729 
88,900000 -0,023745 
89,000000 -0,023811 
89,100000 -0,023785 
89,200000 -0,023773 
89,300000 -0,023718 
89,400000 -0,023778 
89,500000 -0,023807 
89,600000 -0,023866 
89,700000 -0,023645 
89,800000 -0,023883 
89,900000 -0,023780 
90,000000 -0,023692 
90,100000 -0,023613 
90,200000 -0,023731 
90,300000 -0,023785 
90,400000 -0,023771 
90,500000 -0,023877 
90,600000 -0,023821 
90,700000 -0,023793 
90,800000 -0,023704 
90,900000 -0,023813 
91,000000 -0,023635 
91,100000 -0,023785 
91,200000 -0,023654 
91,300000 -0,023798 
91,400000 -0,023791 
91,500000 -0,023766 
91,600000 -0,023627 
91,700000 -0,023660 
91,800000 -0,023727 
91,900000 -0,023816 
92,000000 -0,023827 
92,100000 -0,023775 
92,200000 -0,023859 
92,300000 -0,023710 
92,400000 -0,023668 
92,500000 -0,023917 
92,600000 -0,023752 
92,700000 -0,023772 
92,800000 -0,023726 
92,900000 -0,023740 
93,000000 -0,023743 
93,100000 -0,023625 
93,200000 -0,023718 
93,300000 -0,023731 
93,400000 -0,023824 
93,500000 -0,023695 
93,600000 -0,023841 
93,700000 -0,023675 
93,800000 -0,023622 
93,900000 -0,023664 
94,000000 -0,023678 
94,100000 -0,023791 
94,200000 -0,023695 
94,300000 -0,023705 
94,400000 -0,023681 
94,500000 -0,023897 
94,600000 -0,023856 
94,700000 -0,023755 
94,800000 -0,023700 
94,900000 -0,023692 
95,000000 -0,023741 
95,100000 -0,023593 
95,200000 -0,023811 
95,300000 -0,023760 
95,400000 -0,023732 
95,500000 -0,023670 
95,600000 -0,023716 
95,700000 -0,023915 
95,800000 -0,023698 
95,900000 -0,023618 
96,000000 -0,023763 
96,100000 -0,023941 
96,200000 -0,023809 
96,300000 -0,023759 
96,400000 -0,023763 
96,500000 -0,023672 
96,600000 -0,023793 
96,700000 -0,023845 
96,800000 -0,023802 
96,900000 -0,023705 
97,000000 -0,023776 
97,100000 -0,023891 
97,200000 -0,023686 
97,300000 -0,023682 
97,400000 -0,023668 
97,500000 -0,023940 
97,600000 -0,023876 
97,700000 -0,023875 
97,800000 -0,023707 
97,900000 -0,023741 
98,000000 -0,023808 
98,100000 -0,023774 
98,200000 -0,023791 
98,300000 -0,023701 
98,400000 -0,023694 
98,500000 -0,023832 
98,600000 -0,023852 
98,700000 -0,023803 
98,800000 -0,023839 
98,900000 -0,023692 
99,000000 -0,023708 
99,100000 -0,023682 
99,200000 -0,023854 
99,300000 -0,023740 
99,400000 -0,023844 
99,500000 -0,023692 
99,600000 -0,023820 
99,700000 -0,023846 
99,800000 -0,023769 
99,900000 -0,023652 
100,000000 -0,023737 
