0,000000 -0,153235 
0,100000 -0,095419 
0,200000 -0,067429 
0,300000 -0,054254 
0,400000 -0,047651 
0,500000 -0,043240 
0,600000 -0,040404 
0,700000 -0,039028 
0,800000 -0,038212 
0,900000 -0,037795 
1,000000 -0,037332 
1,100000 -0,036851 
1,200000 -0,036805 
1,300000 -0,036695 
1,400000 -0,036808 
1,500000 -0,036348 
1,600000 -0,036322 
1,700000 -0,035896 
1,800000 -0,036059 
1,900000 -0,033612 
2,000000 -0,030029 
2,100000 -0,028800 
2,200000 -0,027711 
2,300000 -0,026075 
2,400000 -0,025082 
2,500000 -0,024781 
2,600000 -0,024969 
2,700000 -0,025486 
2,800000 -0,031277 
2,900000 -0,045166 
3,000000 -0,054126 
3,100000 -0,045001 
3,200000 -0,034833 
3,300000 -0,029592 
3,400000 -0,027128 
3,500000 -0,025449 
3,600000 -0,024755 
3,700000 -0,024373 
3,800000 -0,024216 
3,900000 -0,024055 
4,000000 -0,023942 
4,100000 -0,023876 
4,200000 -0,023943 
4,300000 -0,023988 
4,400000 -0,023856 
4,500000 -0,023755 
4,600000 -0,023748 
4,700000 -0,023766 
4,800000 -0,023718 
4,900000 -0,023808 
5,000000 -0,023735 
5,100000 -0,023847 
5,200000 -0,023801 
5,300000 -0,023753 
5,400000 -0,023902 
5,500000 -0,023807 
5,600000 -0,023745 
5,700000 -0,023692 
5,800000 -0,023807 
5,900000 -0,023925 
6,000000 -0,023826 
6,100000 -0,023705 
6,200000 -0,023700 
6,300000 -0,023774 
6,400000 -0,023835 
6,500000 -0,023840 
6,600000 -0,023842 
6,700000 -0,023724 
6,800000 -0,023759 
6,900000 -0,023797 
7,000000 -0,023734 
7,100000 -0,023756 
7,200000 -0,023777 
7,300000 -0,023872 
7,400000 -0,023890 
7,500000 -0,023822 
7,600000 -0,023826 
7,700000 -0,023754 
7,800000 -0,023899 
7,900000 -0,023681 
8,000000 -0,023920 
8,100000 -0,023886 
8,200000 -0,023725 
8,300000 -0,023912 
8,400000 -0,023902 
8,500000 -0,023761 
8,600000 -0,023787 
8,700000 -0,023846 
8,800000 -0,023708 
8,900000 -0,023850 
9,000000 -0,024000 
9,100000 -0,023807 
9,200000 -0,023765 
9,300000 -0,023740 
9,400000 -0,023785 
9,500000 -0,023813 
9,600000 -0,023888 
9,700000 -0,023836 
9,800000 -0,023741 
9,900000 -0,023953 
10,000000 -0,023825 
10,100000 -0,023838 
10,200000 -0,023761 
10,300000 -0,023780 
10,400000 -0,023781 
10,500000 -0,023833 
10,600000 -0,023925 
10,700000 -0,023867 
10,800000 -0,023800 
10,900000 -0,023739 
11,000000 -0,023804 
11,100000 -0,024007 
11,200000 -0,023769 
11,300000 -0,023791 
11,400000 -0,023876 
11,500000 -0,023875 
11,600000 -0,023670 
11,700000 -0,023891 
11,800000 -0,023817 
11,900000 -0,023758 
12,000000 -0,024013 
12,100000 -0,024537 
12,200000 -0,026326 
12,300000 -0,028289 
12,400000 -0,029138 
12,500000 -0,029335 
12,600000 -0,028150 
12,700000 -0,026023 
12,800000 -0,024890 
12,900000 -0,024632 
13,000000 -0,024570 
13,100000 -0,025241 
13,200000 -0,027786 
13,300000 -0,029430 
13,400000 -0,030618 
13,500000 -0,030363 
13,600000 -0,028844 
13,700000 -0,027127 
13,800000 -0,025731 
13,900000 -0,025594 
14,000000 -0,027514 
14,100000 -0,032339 
14,200000 -0,040760 
14,300000 -0,047773 
14,400000 -0,051233 
14,500000 -0,049667 
14,600000 -0,042260 
14,700000 -0,034854 
14,800000 -0,030329 
14,900000 -0,030606 
15,000000 -0,037282 
15,100000 -0,056839 
15,200000 -0,084962 
15,300000 -0,109097 
15,400000 -0,118477 
15,500000 -0,111748 
15,600000 -0,086219 
15,700000 -0,059322 
15,800000 -0,043796 
15,900000 -0,036728 
16,000000 -0,034888 
16,100000 -0,039404 
16,200000 -0,046721 
16,300000 -0,052504 
16,400000 -0,053667 
16,500000 -0,050197 
16,600000 -0,041743 
16,700000 -0,033909 
16,800000 -0,029673 
16,900000 -0,028625 
17,000000 -0,030539 
17,100000 -0,035835 
17,200000 -0,040918 
17,300000 -0,044039 
17,400000 -0,044047 
17,500000 -0,040927 
17,600000 -0,034579 
17,700000 -0,029861 
17,800000 -0,028914 
17,900000 -0,032676 
18,000000 -0,044374 
18,100000 -0,064208 
18,200000 -0,082397 
18,300000 -0,093058 
18,400000 -0,094654 
18,500000 -0,080973 
18,600000 -0,058188 
18,700000 -0,042805 
18,800000 -0,034751 
18,900000 -0,030019 
19,000000 -0,028344 
19,100000 -0,027839 
19,200000 -0,027791 
19,300000 -0,027686 
19,400000 -0,027337 
19,500000 -0,026860 
19,600000 -0,025815 
19,700000 -0,025649 
19,800000 -0,026650 
19,900000 -0,028853 
20,000000 -0,035378 
20,100000 -0,042487 
20,200000 -0,048250 
20,300000 -0,051014 
20,400000 -0,050459 
20,500000 -0,044297 
20,600000 -0,035767 
20,700000 -0,029996 
20,800000 -0,027657 
20,900000 -0,025820 
21,000000 -0,024807 
21,100000 -0,024250 
21,200000 -0,024322 
21,300000 -0,024133 
21,400000 -0,024173 
21,500000 -0,024038 
21,600000 -0,023938 
21,700000 -0,023974 
21,800000 -0,024015 
21,900000 -0,023932 
22,000000 -0,023941 
22,100000 -0,023990 
22,200000 -0,023981 
22,300000 -0,023945 
22,400000 -0,023994 
22,500000 -0,023865 
22,600000 -0,023843 
22,700000 -0,023930 
22,800000 -0,023862 
22,900000 -0,023830 
23,000000 -0,023747 
23,100000 -0,023719 
23,200000 -0,023761 
23,300000 -0,023668 
23,400000 -0,023597 
23,500000 -0,023792 
23,600000 -0,023928 
23,700000 -0,023775 
23,800000 -0,024025 
23,900000 -0,024305 
24,000000 -0,025067 
24,100000 -0,026096 
24,200000 -0,026367 
24,300000 -0,026587 
24,400000 -0,026182 
24,500000 -0,025473 
24,600000 -0,024745 
24,700000 -0,024360 
24,800000 -0,024927 
24,900000 -0,026867 
25,000000 -0,029516 
25,100000 -0,032025 
25,200000 -0,033313 
25,300000 -0,033798 
25,400000 -0,033249 
25,500000 -0,030933 
25,600000 -0,028384 
25,700000 -0,028333 
25,800000 -0,030273 
25,900000 -0,039117 
26,000000 -0,051774 
26,100000 -0,062882 
26,200000 -0,069497 
26,300000 -0,071209 
26,400000 -0,068187 
26,500000 -0,058666 
26,600000 -0,044980 
26,700000 -0,037050 
26,800000 -0,035245 
26,900000 -0,040818 
27,000000 -0,050722 
27,100000 -0,059598 
27,200000 -0,064613 
27,300000 -0,066199 
27,400000 -0,062990 
27,500000 -0,054878 
27,600000 -0,046123 
27,700000 -0,048039 
27,800000 -0,066716 
27,900000 -0,117735 
28,000000 -0,182713 
28,100000 -0,231961 
28,200000 -0,257326 
28,300000 -0,255915 
28,400000 -0,228311 
28,500000 -0,167327 
28,600000 -0,104498 
28,700000 -0,069090 
28,800000 -0,052240 
28,900000 -0,046090 
29,000000 -0,044316 
29,100000 -0,044098 
29,200000 -0,044329 
29,300000 -0,043288 
29,400000 -0,040867 
29,500000 -0,036400 
29,600000 -0,031153 
29,700000 -0,028337 
29,800000 -0,026853 
29,900000 -0,026697 
30,000000 -0,026843 
30,100000 -0,027294 
30,200000 -0,027569 
30,300000 -0,027504 
30,400000 -0,027033 
30,500000 -0,026013 
30,600000 -0,025087 
30,700000 -0,024785 
30,800000 -0,025243 
30,900000 -0,027317 
31,000000 -0,029217 
31,100000 -0,030519 
31,200000 -0,031718 
31,300000 -0,031566 
31,400000 -0,030781 
31,500000 -0,028902 
31,600000 -0,026838 
31,700000 -0,025889 
31,800000 -0,026353 
31,900000 -0,028158 
32,000000 -0,029907 
32,100000 -0,031482 
32,200000 -0,032088 
32,300000 -0,031957 
32,400000 -0,030510 
32,500000 -0,028229 
32,600000 -0,026291 
32,700000 -0,024784 
32,800000 -0,024369 
32,900000 -0,024330 
33,000000 -0,024349 
33,100000 -0,024528 
33,200000 -0,024363 
33,300000 -0,024435 
33,400000 -0,024318 
33,500000 -0,024234 
33,600000 -0,024007 
33,700000 -0,023869 
33,800000 -0,023943 
33,900000 -0,024069 
34,000000 -0,024364 
34,100000 -0,024311 
34,200000 -0,024365 
34,300000 -0,024158 
34,400000 -0,024136 
34,500000 -0,024004 
34,600000 -0,024047 
34,700000 -0,023892 
34,800000 -0,023879 
34,900000 -0,023841 
35,000000 -0,023959 
35,100000 -0,023899 
35,200000 -0,023954 
35,300000 -0,023780 
35,400000 -0,023871 
35,500000 -0,023691 
35,600000 -0,023876 
35,700000 -0,023884 
35,800000 -0,024100 
35,900000 -0,024398 
36,000000 -0,024999 
36,100000 -0,025007 
36,200000 -0,025213 
36,300000 -0,025236 
36,400000 -0,025141 
36,500000 -0,024611 
36,600000 -0,024380 
36,700000 -0,024229 
36,800000 -0,024773 
36,900000 -0,026426 
37,000000 -0,028010 
37,100000 -0,028909 
37,200000 -0,029333 
37,300000 -0,029234 
37,400000 -0,028701 
37,500000 -0,026904 
37,600000 -0,025437 
37,700000 -0,024941 
37,800000 -0,025329 
37,900000 -0,027095 
38,000000 -0,028748 
38,100000 -0,029685 
38,200000 -0,030327 
38,300000 -0,030199 
38,400000 -0,029321 
38,500000 -0,027817 
38,600000 -0,026135 
38,700000 -0,025430 
38,800000 -0,026957 
38,900000 -0,030267 
39,000000 -0,034453 
39,100000 -0,037914 
39,200000 -0,038969 
39,300000 -0,038605 
39,400000 -0,037041 
39,500000 -0,032916 
39,600000 -0,028848 
39,700000 -0,027302 
39,800000 -0,026800 
39,900000 -0,029087 
40,000000 -0,032136 
40,100000 -0,034146 
40,200000 -0,035121 
40,300000 -0,034596 
40,400000 -0,033230 
40,500000 -0,029883 
40,600000 -0,027772 
40,700000 -0,026374 
40,800000 -0,026346 
40,900000 -0,029179 
41,000000 -0,032913 
41,100000 -0,035734 
41,200000 -0,037258 
41,300000 -0,037247 
41,400000 -0,035209 
41,500000 -0,031739 
41,600000 -0,028602 
41,700000 -0,027558 
41,800000 -0,028022 
41,900000 -0,032429 
42,000000 -0,038043 
42,100000 -0,041713 
42,200000 -0,043525 
42,300000 -0,043664 
42,400000 -0,041527 
42,500000 -0,037093 
42,600000 -0,034389 
42,700000 -0,038281 
42,800000 -0,049271 
42,900000 -0,100090 
43,000000 -0,159095 
43,100000 -0,200921 
43,200000 -0,221195 
43,300000 -0,217953 
43,400000 -0,188433 
43,500000 -0,132851 
43,600000 -0,084927 
43,700000 -0,058577 
43,800000 -0,045696 
43,900000 -0,042141 
44,000000 -0,041668 
44,100000 -0,041767 
44,200000 -0,041371 
44,300000 -0,039709 
44,400000 -0,037158 
44,500000 -0,032441 
44,600000 -0,028500 
44,700000 -0,026630 
44,800000 -0,025664 
44,900000 -0,025559 
45,000000 -0,026079 
45,100000 -0,026697 
45,200000 -0,026649 
45,300000 -0,026259 
45,400000 -0,025945 
45,500000 -0,025089 
45,600000 -0,024597 
45,700000 -0,024236 
45,800000 -0,024253 
45,900000 -0,024198 
46,000000 -0,024304 
46,100000 -0,024322 
46,200000 -0,024306 
46,300000 -0,024594 
46,400000 -0,024333 
46,500000 -0,024152 
46,600000 -0,024002 
46,700000 -0,023959 
46,800000 -0,024145 
46,900000 -0,024544 
47,000000 -0,025241 
47,100000 -0,025526 
47,200000 -0,026061 
47,300000 -0,026031 
47,400000 -0,025414 
47,500000 -0,024690 
47,600000 -0,024221 
47,700000 -0,023944 
47,800000 -0,023910 
47,900000 -0,023975 
48,000000 -0,024067 
48,100000 -0,024100 
48,200000 -0,023945 
48,300000 -0,024028 
48,400000 -0,023798 
48,500000 -0,023968 
48,600000 -0,023938 
48,700000 -0,023951 
48,800000 -0,023854 
48,900000 -0,023909 
49,000000 -0,024088 
49,100000 -0,024333 
49,200000 -0,024293 
49,300000 -0,024373 
49,400000 -0,024289 
49,500000 -0,024050 
49,600000 -0,024094 
49,700000 -0,024017 
49,800000 -0,023918 
49,900000 -0,024245 
50,000000 -0,024884 
50,100000 -0,025487 
50,200000 -0,026076 
50,300000 -0,026144 
50,400000 -0,025628 
50,500000 -0,024830 
50,600000 -0,024354 
50,700000 -0,024114 
50,800000 -0,024169 
50,900000 -0,024143 
51,000000 -0,024561 
51,100000 -0,024822 
51,200000 -0,024911 
51,300000 -0,024928 
51,400000 -0,024890 
51,500000 -0,024297 
51,600000 -0,024012 
51,700000 -0,023979 
51,800000 -0,024040 
51,900000 -0,024069 
52,000000 -0,024104 
52,100000 -0,024275 
52,200000 -0,024300 
52,300000 -0,024526 
52,400000 -0,024439 
52,500000 -0,024097 
52,600000 -0,024024 
52,700000 -0,023891 
52,800000 -0,023937 
52,900000 -0,023920 
53,000000 -0,024155 
53,100000 -0,024170 
53,200000 -0,024476 
53,300000 -0,024469 
53,400000 -0,024365 
53,500000 -0,024169 
53,600000 -0,024025 
53,700000 -0,024018 
53,800000 -0,023958 
53,900000 -0,023823 
54,000000 -0,023823 
54,100000 -0,023961 
54,200000 -0,024066 
54,300000 -0,024048 
54,400000 -0,024110 
54,500000 -0,023882 
54,600000 -0,023852 
54,700000 -0,023843 
54,800000 -0,023844 
54,900000 -0,024013 
55,000000 -0,023942 
55,100000 -0,024176 
55,200000 -0,024326 
55,300000 -0,024223 
55,400000 -0,024272 
55,500000 -0,024150 
55,600000 -0,023923 
55,700000 -0,024022 
55,800000 -0,023732 
55,900000 -0,023875 
56,000000 -0,024007 
56,100000 -0,024057 
56,200000 -0,024104 
56,300000 -0,024139 
56,400000 -0,024093 
56,500000 -0,023932 
56,600000 -0,023946 
56,700000 -0,023854 
56,800000 -0,023779 
56,900000 -0,023994 
57,000000 -0,024210 
57,100000 -0,024367 
57,200000 -0,024653 
57,300000 -0,024899 
57,400000 -0,024725 
57,500000 -0,024569 
57,600000 -0,024503 
57,700000 -0,024984 
57,800000 -0,025958 
57,900000 -0,028626 
58,000000 -0,037087 
58,100000 -0,049506 
58,200000 -0,059842 
58,300000 -0,063682 
58,400000 -0,061589 
58,500000 -0,052498 
58,600000 -0,040822 
58,700000 -0,033074 
58,800000 -0,028871 
58,900000 -0,026969 
59,000000 -0,025840 
59,100000 -0,025740 
59,200000 -0,025634 
59,300000 -0,025536 
59,400000 -0,025042 
59,500000 -0,024609 
59,600000 -0,024415 
59,700000 -0,024167 
59,800000 -0,023879 
59,900000 -0,023867 
60,000000 -0,024011 
60,100000 -0,024029 
60,200000 -0,023987 
60,300000 -0,023948 
60,400000 -0,023972 
60,500000 -0,023987 
60,600000 -0,023885 
60,700000 -0,023648 
60,800000 -0,023801 
60,900000 -0,024038 
61,000000 -0,023862 
61,100000 -0,023931 
61,200000 -0,023955 
61,300000 -0,023998 
61,400000 -0,024009 
61,500000 -0,024022 
61,600000 -0,023978 
61,700000 -0,023775 
61,800000 -0,023873 
61,900000 -0,023913 
62,000000 -0,023913 
62,100000 -0,023816 
62,200000 -0,023831 
62,300000 -0,023799 
62,400000 -0,023851 
62,500000 -0,023845 
62,600000 -0,023846 
62,700000 -0,023814 
62,800000 -0,023723 
62,900000 -0,023718 
63,000000 -0,023837 
63,100000 -0,023865 
63,200000 -0,023882 
63,300000 -0,023999 
63,400000 -0,023779 
63,500000 -0,023575 
63,600000 -0,023750 
63,700000 -0,023969 
63,800000 -0,023749 
63,900000 -0,023654 
64,000000 -0,023882 
64,100000 -0,023842 
64,200000 -0,023874 
64,300000 -0,024126 
64,400000 -0,023965 
64,500000 -0,023900 
64,600000 -0,023764 
64,700000 -0,023784 
64,800000 -0,023686 
64,900000 -0,023759 
65,000000 -0,023682 
65,100000 -0,023822 
65,200000 -0,023728 
65,300000 -0,023732 
65,400000 -0,023786 
65,500000 -0,023786 
65,600000 -0,023814 
65,700000 -0,023685 
65,800000 -0,023741 
65,900000 -0,023821 
66,000000 -0,023927 
66,100000 -0,024147 
66,200000 -0,024317 
66,300000 -0,024317 
66,400000 -0,024074 
66,500000 -0,024042 
66,600000 -0,024139 
66,700000 -0,024094 
66,800000 -0,024054 
66,900000 -0,023915 
67,000000 -0,023698 
67,100000 -0,023851 
67,200000 -0,023927 
67,300000 -0,023896 
67,400000 -0,023894 
67,500000 -0,023909 
67,600000 -0,023877 
67,700000 -0,023848 
67,800000 -0,023862 
67,900000 -0,023875 
68,000000 -0,023768 
68,100000 -0,023803 
68,200000 -0,023877 
68,300000 -0,023840 
68,400000 -0,023828 
68,500000 -0,023917 
68,600000 -0,024201 
68,700000 -0,024084 
68,800000 -0,024037 
68,900000 -0,024025 
69,000000 -0,024649 
69,100000 -0,026017 
69,200000 -0,027836 
69,300000 -0,028568 
69,400000 -0,028226 
69,500000 -0,026625 
69,600000 -0,025099 
69,700000 -0,024461 
69,800000 -0,024182 
69,900000 -0,023965 
70,000000 -0,023885 
70,100000 -0,023865 
70,200000 -0,023857 
70,300000 -0,024026 
70,400000 -0,023866 
70,500000 -0,023813 
70,600000 -0,023832 
70,700000 -0,023831 
70,800000 -0,023808 
70,900000 -0,023858 
71,000000 -0,023661 
71,100000 -0,023884 
71,200000 -0,024052 
71,300000 -0,023836 
71,400000 -0,023763 
71,500000 -0,023674 
71,600000 -0,023847 
71,700000 -0,023914 
71,800000 -0,023784 
71,900000 -0,023876 
72,000000 -0,023935 
72,100000 -0,023899 
72,200000 -0,023869 
72,300000 -0,023775 
72,400000 -0,023804 
72,500000 -0,023777 
72,600000 -0,023720 
72,700000 -0,023806 
72,800000 -0,023866 
72,900000 -0,023748 
73,000000 -0,023761 
73,100000 -0,023895 
73,200000 -0,023715 
73,300000 -0,023861 
73,400000 -0,023870 
73,500000 -0,023917 
73,600000 -0,023808 
73,700000 -0,023849 
73,800000 -0,023847 
73,900000 -0,023852 
74,000000 -0,023769 
74,100000 -0,023910 
74,200000 -0,023853 
74,300000 -0,023817 
74,400000 -0,023951 
74,500000 -0,023871 
74,600000 -0,023752 
74,700000 -0,023793 
74,800000 -0,023698 
74,900000 -0,023748 
75,000000 -0,023896 
75,100000 -0,023881 
75,200000 -0,023874 
75,300000 -0,023873 
75,400000 -0,023930 
75,500000 -0,023948 
75,600000 -0,023730 
75,700000 -0,023739 
75,800000 -0,023635 
75,900000 -0,023843 
76,000000 -0,023717 
76,100000 -0,023698 
76,200000 -0,023720 
76,300000 -0,023699 
76,400000 -0,023918 
76,500000 -0,023940 
76,600000 -0,023833 
76,700000 -0,023700 
76,800000 -0,023632 
76,900000 -0,023893 
77,000000 -0,023857 
77,100000 -0,023804 
77,200000 -0,023800 
77,300000 -0,023843 
77,400000 -0,023839 
77,500000 -0,023857 
77,600000 -0,023790 
77,700000 -0,023799 
77,800000 -0,023732 
77,900000 -0,023726 
78,000000 -0,023877 
78,100000 -0,023662 
78,200000 -0,023777 
78,300000 -0,023742 
78,400000 -0,023818 
78,500000 -0,023831 
78,600000 -0,023768 
78,700000 -0,023687 
78,800000 -0,023687 
78,900000 -0,023815 
79,000000 -0,023847 
79,100000 -0,023670 
79,200000 -0,023786 
79,300000 -0,023760 
79,400000 -0,023842 
79,500000 -0,023621 
79,600000 -0,023809 
79,700000 -0,023819 
79,800000 -0,023859 
79,900000 -0,023808 
80,000000 -0,023877 
80,100000 -0,023868 
80,200000 -0,023707 
80,300000 -0,023783 
80,400000 -0,023646 
80,500000 -0,023745 
80,600000 -0,023814 
80,700000 -0,023727 
80,800000 -0,023637 
80,900000 -0,023737 
81,000000 -0,023956 
81,100000 -0,023949 
81,200000 -0,023807 
81,300000 -0,023889 
81,400000 -0,023841 
81,500000 -0,023954 
81,600000 -0,023992 
81,700000 -0,023841 
81,800000 -0,023661 
81,900000 -0,023689 
82,000000 -0,023527 
82,100000 -0,023888 
82,200000 -0,023860 
82,300000 -0,023847 
82,400000 -0,023737 
82,500000 -0,023833 
82,600000 -0,023846 
82,700000 -0,023858 
82,800000 -0,023810 
82,900000 -0,023724 
83,000000 -0,023883 
83,100000 -0,023708 
83,200000 -0,023865 
83,300000 -0,023790 
83,400000 -0,023820 
83,500000 -0,023682 
83,600000 -0,023841 
83,700000 -0,023942 
83,800000 -0,023976 
83,900000 -0,023791 
84,000000 -0,023794 
84,100000 -0,023808 
84,200000 -0,023914 
84,300000 -0,023802 
84,400000 -0,023694 
84,500000 -0,023723 
84,600000 -0,023768 
84,700000 -0,023831 
84,800000 -0,023919 
84,900000 -0,023825 
85,000000 -0,023937 
85,100000 -0,023901 
85,200000 -0,023864 
85,300000 -0,023833 
85,400000 -0,023881 
85,500000 -0,023820 
85,600000 -0,023943 
85,700000 -0,024049 
85,800000 -0,023909 
85,900000 -0,023749 
86,000000 -0,023729 
86,100000 -0,023735 
86,200000 -0,023808 
86,300000 -0,023897 
86,400000 -0,023901 
86,500000 -0,023727 
86,600000 -0,023616 
86,700000 -0,023883 
86,800000 -0,023764 
86,900000 -0,023856 
87,000000 -0,023889 
87,100000 -0,023765 
87,200000 -0,023873 
87,300000 -0,024008 
87,400000 -0,023976 
87,500000 -0,023851 
87,600000 -0,023823 
87,700000 -0,023923 
87,800000 -0,023965 
87,900000 -0,023920 
88,000000 -0,023882 
88,100000 -0,024080 
88,200000 -0,024044 
88,300000 -0,023982 
88,400000 -0,024043 
88,500000 -0,023942 
88,600000 -0,023897 
88,700000 -0,024074 
88,800000 -0,023919 
88,900000 -0,023983 
89,000000 -0,023996 
89,100000 -0,023870 
89,200000 -0,024053 
89,300000 -0,023946 
89,400000 -0,023880 
89,500000 -0,023937 
89,600000 -0,023924 
89,700000 -0,023913 
89,800000 -0,024028 
89,900000 -0,024057 
90,000000 -0,023890 
90,100000 -0,023747 
90,200000 -0,024072 
90,300000 -0,023799 
90,400000 -0,024074 
90,500000 -0,023898 
90,600000 -0,023885 
90,700000 -0,023983 
90,800000 -0,023972 
90,900000 -0,023956 
91,000000 -0,023856 
91,100000 -0,023928 
91,200000 -0,023930 
91,300000 -0,023912 
91,400000 -0,023938 
91,500000 -0,023963 
91,600000 -0,024139 
91,700000 -0,024054 
91,800000 -0,023880 
91,900000 -0,024005 
92,000000 -0,023984 
92,100000 -0,024019 
92,200000 -0,024016 
92,300000 -0,023883 
92,400000 -0,024007 
92,500000 -0,023994 
92,600000 -0,023845 
92,700000 -0,023829 
92,800000 -0,023908 
92,900000 -0,024117 
93,000000 -0,023806 
93,100000 -0,023957 
93,200000 -0,023869 
93,300000 -0,023845 
93,400000 -0,023961 
93,500000 -0,023938 
93,600000 -0,023895 
93,700000 -0,023933 
93,800000 -0,023967 
93,900000 -0,023868 
94,000000 -0,023985 
94,100000 -0,023931 
94,200000 -0,023922 
94,300000 -0,023818 
94,400000 -0,023921 
94,500000 -0,023895 
94,600000 -0,023906 
94,700000 -0,023996 
94,800000 -0,023952 
94,900000 -0,023956 
95,000000 -0,023895 
95,100000 -0,024019 
95,200000 -0,023995 
95,300000 -0,023852 
95,400000 -0,023927 
95,500000 -0,024104 
95,600000 -0,023933 
95,700000 -0,023834 
95,800000 -0,023847 
95,900000 -0,023984 
96,000000 -0,023871 
96,100000 -0,024051 
96,200000 -0,023884 
96,300000 -0,023785 
96,400000 -0,023816 
96,500000 -0,023874 
96,600000 -0,023894 
96,700000 -0,023849 
96,800000 -0,023924 
96,900000 -0,023904 
97,000000 -0,024016 
97,100000 -0,023830 
97,200000 -0,023875 
97,300000 -0,023864 
97,400000 -0,023948 
97,500000 -0,023920 
97,600000 -0,023875 
97,700000 -0,023805 
97,800000 -0,023755 
97,900000 -0,023828 
98,000000 -0,023837 
98,100000 -0,023900 
98,200000 -0,023876 
98,300000 -0,023943 
98,400000 -0,023987 
98,500000 -0,023815 
98,600000 -0,023975 
98,700000 -0,023877 
98,800000 -0,023990 
98,900000 -0,023828 
99,000000 -0,023922 
99,100000 -0,023963 
99,200000 -0,023850 
99,300000 -0,023925 
99,400000 -0,023864 
99,500000 -0,023858 
99,600000 -0,023886 
99,700000 -0,023907 
99,800000 -0,023795 
99,900000 -0,023703 
100,000000 -0,023837 
