0,000000 -0,032334 
0,100000 -0,035024 
0,200000 -0,036514 
0,300000 -0,037286 
0,400000 -0,037442 
0,500000 -0,037570 
0,600000 -0,037507 
0,700000 -0,037522 
0,800000 -0,037701 
0,900000 -0,037673 
1,000000 -0,037821 
1,100000 -0,037790 
1,200000 -0,037808 
1,300000 -0,037802 
1,400000 -0,037765 
1,500000 -0,037722 
1,600000 -0,037452 
1,700000 -0,037326 
1,800000 -0,037554 
1,900000 -0,034269 
2,000000 -0,029131 
2,100000 -0,027273 
2,200000 -0,025489 
2,300000 -0,024179 
2,400000 -0,023518 
2,500000 -0,023228 
2,600000 -0,022932 
2,700000 -0,022879 
2,800000 -0,023498 
2,900000 -0,025023 
3,000000 -0,025595 
3,100000 -0,024392 
3,200000 -0,023477 
3,300000 -0,023105 
3,400000 -0,022811 
3,500000 -0,022730 
3,600000 -0,022556 
3,700000 -0,022707 
3,800000 -0,022519 
3,900000 -0,022367 
4,000000 -0,022582 
4,100000 -0,022622 
4,200000 -0,022517 
4,300000 -0,022438 
4,400000 -0,022452 
4,500000 -0,022566 
4,600000 -0,022486 
4,700000 -0,022510 
4,800000 -0,022458 
4,900000 -0,022527 
5,000000 -0,022629 
5,100000 -0,022506 
5,200000 -0,022482 
5,300000 -0,022513 
5,400000 -0,022655 
5,500000 -0,022567 
5,600000 -0,022575 
5,700000 -0,022484 
5,800000 -0,022354 
5,900000 -0,022594 
6,000000 -0,022665 
6,100000 -0,022563 
6,200000 -0,022665 
6,300000 -0,022624 
6,400000 -0,022554 
6,500000 -0,022496 
6,600000 -0,022663 
6,700000 -0,022710 
6,800000 -0,022516 
6,900000 -0,022541 
7,000000 -0,022501 
7,100000 -0,022593 
7,200000 -0,022686 
7,300000 -0,022606 
7,400000 -0,022379 
7,500000 -0,022455 
7,600000 -0,022604 
7,700000 -0,022399 
7,800000 -0,022409 
7,900000 -0,022390 
8,000000 -0,022459 
8,100000 -0,022491 
8,200000 -0,022379 
8,300000 -0,022308 
8,400000 -0,022548 
8,500000 -0,022508 
8,600000 -0,022397 
8,700000 -0,022513 
8,800000 -0,022617 
8,900000 -0,022521 
9,000000 -0,022534 
9,100000 -0,022493 
9,200000 -0,022533 
9,300000 -0,022480 
9,400000 -0,022516 
9,500000 -0,022706 
9,600000 -0,022444 
9,700000 -0,022575 
9,800000 -0,022595 
9,900000 -0,022592 
10,000000 -0,022763 
10,100000 -0,022548 
10,200000 -0,022693 
10,300000 -0,022790 
10,400000 -0,022491 
10,500000 -0,022634 
10,600000 -0,022624 
10,700000 -0,022750 
10,800000 -0,022524 
10,900000 -0,022460 
11,000000 -0,022499 
11,100000 -0,022660 
11,200000 -0,022668 
11,300000 -0,022655 
11,400000 -0,022558 
11,500000 -0,022492 
11,600000 -0,022557 
11,700000 -0,022591 
11,800000 -0,022646 
11,900000 -0,022721 
12,000000 -0,022801 
12,100000 -0,022877 
12,200000 -0,023137 
12,300000 -0,023693 
12,400000 -0,023965 
12,500000 -0,023844 
12,600000 -0,023617 
12,700000 -0,023156 
12,800000 -0,022882 
12,900000 -0,022920 
13,000000 -0,022745 
13,100000 -0,022764 
13,200000 -0,022715 
13,300000 -0,022966 
13,400000 -0,024229 
13,500000 -0,026272 
13,600000 -0,028048 
13,700000 -0,029284 
13,800000 -0,029393 
13,900000 -0,028313 
14,000000 -0,026261 
14,100000 -0,024752 
14,200000 -0,024161 
14,300000 -0,024199 
14,400000 -0,023883 
14,500000 -0,023656 
14,600000 -0,023670 
14,700000 -0,023146 
14,800000 -0,022879 
14,900000 -0,022560 
15,000000 -0,022653 
15,100000 -0,022612 
15,200000 -0,022804 
15,300000 -0,022897 
15,400000 -0,022773 
15,500000 -0,022904 
15,600000 -0,022818 
15,700000 -0,022566 
15,800000 -0,022564 
15,900000 -0,022980 
16,000000 -0,023020 
16,100000 -0,023298 
16,200000 -0,023922 
16,300000 -0,024302 
16,400000 -0,024414 
16,500000 -0,024044 
16,600000 -0,023563 
16,700000 -0,023246 
16,800000 -0,022942 
16,900000 -0,023318 
17,000000 -0,024102 
17,100000 -0,026389 
17,200000 -0,028173 
17,300000 -0,029452 
17,400000 -0,030077 
17,500000 -0,028932 
17,600000 -0,026708 
17,700000 -0,025096 
17,800000 -0,024619 
17,900000 -0,026249 
18,000000 -0,030983 
18,100000 -0,038809 
18,200000 -0,046777 
18,300000 -0,052911 
18,400000 -0,055213 
18,500000 -0,050503 
18,600000 -0,039957 
18,700000 -0,032283 
18,800000 -0,028140 
18,900000 -0,026052 
19,000000 -0,024927 
19,100000 -0,024376 
19,200000 -0,024347 
19,300000 -0,024154 
19,400000 -0,024307 
19,500000 -0,024554 
19,600000 -0,025581 
19,700000 -0,029656 
19,800000 -0,046060 
19,900000 -0,085556 
20,000000 -0,155102 
20,100000 -0,244793 
20,200000 -0,326605 
20,300000 -0,377139 
20,400000 -0,376129 
20,500000 -0,264326 
20,600000 -0,153445 
20,700000 -0,095107 
20,800000 -0,065060 
20,900000 -0,049536 
21,000000 -0,039361 
21,100000 -0,033350 
21,200000 -0,029609 
21,300000 -0,027415 
21,400000 -0,026042 
21,500000 -0,024905 
21,600000 -0,024141 
21,700000 -0,023674 
21,800000 -0,023535 
21,900000 -0,023386 
22,000000 -0,023226 
22,100000 -0,023181 
22,200000 -0,023099 
22,300000 -0,023082 
22,400000 -0,023091 
22,500000 -0,022996 
22,600000 -0,022906 
22,700000 -0,023038 
22,800000 -0,022974 
22,900000 -0,022607 
23,000000 -0,022734 
23,100000 -0,022806 
23,200000 -0,022582 
23,300000 -0,022718 
23,400000 -0,022698 
23,500000 -0,022676 
23,600000 -0,022680 
23,700000 -0,022707 
23,800000 -0,022871 
23,900000 -0,022639 
24,000000 -0,022557 
24,100000 -0,022589 
24,200000 -0,022701 
24,300000 -0,022735 
24,400000 -0,022793 
24,500000 -0,022672 
24,600000 -0,022552 
24,700000 -0,022475 
24,800000 -0,022509 
24,900000 -0,022587 
25,000000 -0,022602 
25,100000 -0,022684 
25,200000 -0,022504 
25,300000 -0,022830 
25,400000 -0,022868 
25,500000 -0,022680 
25,600000 -0,022714 
25,700000 -0,022490 
25,800000 -0,022669 
25,900000 -0,022971 
26,000000 -0,023111 
26,100000 -0,023291 
26,200000 -0,023471 
26,300000 -0,023250 
26,400000 -0,023335 
26,500000 -0,023140 
26,600000 -0,023035 
26,700000 -0,022922 
26,800000 -0,022840 
26,900000 -0,022967 
27,000000 -0,023472 
27,100000 -0,023952 
27,200000 -0,024149 
27,300000 -0,024265 
27,400000 -0,024302 
27,500000 -0,024285 
27,600000 -0,024340 
27,700000 -0,026502 
27,800000 -0,032014 
27,900000 -0,043265 
28,000000 -0,058345 
28,100000 -0,073094 
28,200000 -0,083365 
28,300000 -0,087049 
28,400000 -0,084187 
28,500000 -0,068453 
28,600000 -0,050057 
28,700000 -0,038365 
28,800000 -0,031873 
28,900000 -0,028254 
29,000000 -0,026674 
29,100000 -0,025742 
29,200000 -0,024981 
29,300000 -0,024771 
29,400000 -0,024154 
29,500000 -0,023731 
29,600000 -0,023311 
29,700000 -0,023136 
29,800000 -0,023196 
29,900000 -0,023273 
30,000000 -0,023488 
30,100000 -0,023502 
30,200000 -0,023653 
30,300000 -0,023722 
30,400000 -0,023746 
30,500000 -0,023398 
30,600000 -0,023104 
30,700000 -0,023066 
30,800000 -0,023079 
30,900000 -0,023473 
31,000000 -0,024040 
31,100000 -0,024550 
31,200000 -0,024811 
31,300000 -0,024802 
31,400000 -0,024728 
31,500000 -0,024074 
31,600000 -0,023451 
31,700000 -0,023271 
31,800000 -0,023259 
31,900000 -0,023183 
32,000000 -0,023278 
32,100000 -0,023508 
32,200000 -0,023806 
32,300000 -0,023764 
32,400000 -0,023684 
32,500000 -0,023256 
32,600000 -0,023005 
32,700000 -0,022747 
32,800000 -0,022804 
32,900000 -0,022895 
33,000000 -0,022656 
33,100000 -0,022702 
33,200000 -0,022676 
33,300000 -0,022830 
33,400000 -0,022625 
33,500000 -0,022812 
33,600000 -0,022723 
33,700000 -0,022516 
33,800000 -0,022690 
33,900000 -0,022470 
34,000000 -0,022699 
34,100000 -0,022565 
34,200000 -0,022487 
34,300000 -0,022603 
34,400000 -0,022562 
34,500000 -0,022634 
34,600000 -0,022522 
34,700000 -0,022474 
34,800000 -0,022422 
34,900000 -0,022572 
35,000000 -0,022653 
35,100000 -0,022729 
35,200000 -0,022625 
35,300000 -0,022442 
35,400000 -0,022569 
35,500000 -0,022655 
35,600000 -0,022749 
35,700000 -0,022832 
35,800000 -0,023446 
35,900000 -0,024302 
36,000000 -0,025557 
36,100000 -0,026691 
36,200000 -0,027092 
36,300000 -0,027313 
36,400000 -0,026459 
36,500000 -0,024939 
36,600000 -0,023824 
36,700000 -0,023356 
36,800000 -0,023162 
36,900000 -0,022944 
37,000000 -0,022823 
37,100000 -0,022638 
37,200000 -0,022721 
37,300000 -0,022518 
37,400000 -0,022582 
37,500000 -0,022573 
37,600000 -0,022734 
37,700000 -0,022553 
37,800000 -0,022682 
37,900000 -0,023072 
38,000000 -0,023227 
38,100000 -0,023230 
38,200000 -0,023472 
38,300000 -0,023234 
38,400000 -0,023348 
38,500000 -0,023262 
38,600000 -0,023079 
38,700000 -0,023006 
38,800000 -0,023150 
38,900000 -0,023381 
39,000000 -0,023621 
39,100000 -0,024180 
39,200000 -0,025157 
39,300000 -0,027003 
39,400000 -0,029945 
39,500000 -0,037531 
39,600000 -0,059518 
39,700000 -0,121643 
39,800000 -0,272252 
39,900000 -0,654319 
40,000000 -1,106436 
40,100000 -1,413630 
40,200000 -1,526093 
40,300000 -1,396082 
40,400000 -1,025291 
40,500000 -0,521841 
40,600000 -0,245087 
40,700000 -0,140288 
40,800000 -0,092825 
40,900000 -0,067044 
41,000000 -0,051644 
41,100000 -0,041896 
41,200000 -0,035848 
41,300000 -0,031857 
41,400000 -0,029082 
41,500000 -0,027705 
41,600000 -0,026228 
41,700000 -0,025398 
41,800000 -0,024478 
41,900000 -0,024425 
42,000000 -0,023890 
42,100000 -0,023681 
42,200000 -0,023628 
42,300000 -0,023532 
42,400000 -0,023481 
42,500000 -0,023307 
42,600000 -0,023277 
42,700000 -0,023195 
42,800000 -0,023162 
42,900000 -0,023114 
43,000000 -0,023039 
43,100000 -0,023144 
43,200000 -0,023055 
43,300000 -0,023219 
43,400000 -0,023152 
43,500000 -0,023097 
43,600000 -0,023107 
43,700000 -0,023130 
43,800000 -0,023575 
43,900000 -0,024777 
44,000000 -0,026747 
44,100000 -0,028175 
44,200000 -0,028877 
44,300000 -0,029077 
44,400000 -0,028213 
44,500000 -0,026248 
44,600000 -0,024520 
44,700000 -0,023769 
44,800000 -0,023357 
44,900000 -0,023121 
45,000000 -0,023196 
45,100000 -0,022941 
45,200000 -0,023074 
45,300000 -0,022944 
45,400000 -0,022930 
45,500000 -0,022841 
45,600000 -0,022623 
45,700000 -0,022505 
45,800000 -0,022810 
45,900000 -0,022770 
46,000000 -0,022775 
46,100000 -0,022840 
46,200000 -0,022784 
46,300000 -0,022545 
46,400000 -0,022863 
46,500000 -0,022765 
46,600000 -0,022573 
46,700000 -0,022581 
46,800000 -0,023066 
46,900000 -0,023341 
47,000000 -0,024111 
47,100000 -0,025031 
47,200000 -0,025530 
47,300000 -0,025646 
47,400000 -0,025190 
47,500000 -0,024315 
47,600000 -0,023473 
47,700000 -0,023148 
47,800000 -0,023002 
47,900000 -0,022941 
48,000000 -0,022716 
48,100000 -0,022803 
48,200000 -0,022783 
48,300000 -0,022796 
48,400000 -0,022794 
48,500000 -0,022629 
48,600000 -0,022573 
48,700000 -0,022451 
48,800000 -0,022570 
48,900000 -0,022539 
49,000000 -0,022288 
49,100000 -0,022453 
49,200000 -0,022663 
49,300000 -0,022652 
49,400000 -0,022737 
49,500000 -0,022407 
49,600000 -0,022521 
49,700000 -0,022562 
49,800000 -0,022792 
49,900000 -0,022999 
50,000000 -0,023239 
50,100000 -0,023325 
50,200000 -0,023653 
50,300000 -0,023668 
50,400000 -0,023458 
50,500000 -0,023132 
50,600000 -0,022900 
50,700000 -0,022589 
50,800000 -0,022667 
50,900000 -0,022636 
51,000000 -0,022853 
51,100000 -0,022849 
51,200000 -0,022818 
51,300000 -0,022836 
51,400000 -0,022822 
51,500000 -0,022713 
51,600000 -0,022621 
51,700000 -0,022702 
51,800000 -0,022543 
51,900000 -0,022546 
52,000000 -0,022496 
52,100000 -0,022650 
52,200000 -0,022562 
52,300000 -0,022558 
52,400000 -0,022647 
52,500000 -0,022524 
52,600000 -0,022606 
52,700000 -0,022570 
52,800000 -0,022635 
52,900000 -0,022694 
53,000000 -0,022712 
53,100000 -0,022537 
53,200000 -0,022706 
53,300000 -0,022626 
53,400000 -0,022688 
53,500000 -0,022574 
53,600000 -0,022584 
53,700000 -0,022614 
53,800000 -0,022578 
53,900000 -0,022619 
54,000000 -0,022695 
54,100000 -0,022597 
54,200000 -0,022566 
54,300000 -0,022592 
54,400000 -0,022557 
54,500000 -0,022609 
54,600000 -0,022445 
54,700000 -0,022520 
54,800000 -0,022480 
54,900000 -0,022579 
55,000000 -0,022732 
55,100000 -0,022630 
55,200000 -0,022634 
55,300000 -0,022703 
55,400000 -0,022551 
55,500000 -0,022600 
55,600000 -0,022614 
55,700000 -0,022581 
55,800000 -0,022573 
55,900000 -0,022736 
56,000000 -0,022504 
56,100000 -0,022622 
56,200000 -0,022589 
56,300000 -0,022533 
56,400000 -0,022495 
56,500000 -0,022438 
56,600000 -0,022625 
56,700000 -0,022719 
56,800000 -0,022621 
56,900000 -0,022490 
57,000000 -0,022550 
57,100000 -0,022620 
57,200000 -0,022648 
57,300000 -0,022774 
57,400000 -0,022647 
57,500000 -0,022572 
57,600000 -0,022519 
57,700000 -0,022552 
57,800000 -0,022614 
57,900000 -0,022647 
58,000000 -0,022485 
58,100000 -0,022572 
58,200000 -0,022487 
58,300000 -0,022644 
58,400000 -0,022609 
58,500000 -0,022623 
58,600000 -0,022690 
58,700000 -0,022650 
58,800000 -0,022558 
58,900000 -0,022570 
59,000000 -0,022643 
59,100000 -0,022503 
59,200000 -0,022609 
59,300000 -0,022482 
59,400000 -0,022483 
59,500000 -0,022465 
59,600000 -0,022726 
59,700000 -0,022659 
59,800000 -0,022704 
59,900000 -0,022590 
60,000000 -0,022759 
60,100000 -0,022609 
60,200000 -0,022794 
60,300000 -0,022686 
60,400000 -0,022734 
60,500000 -0,022695 
60,600000 -0,022696 
60,700000 -0,022831 
60,800000 -0,022702 
60,900000 -0,022572 
61,000000 -0,022644 
61,100000 -0,022541 
61,200000 -0,022697 
61,300000 -0,022647 
61,400000 -0,022599 
61,500000 -0,022449 
61,600000 -0,022549 
61,700000 -0,022494 
61,800000 -0,022428 
61,900000 -0,022708 
62,000000 -0,022689 
62,100000 -0,022361 
62,200000 -0,022423 
62,300000 -0,022621 
62,400000 -0,022750 
62,500000 -0,022568 
62,600000 -0,022510 
62,700000 -0,022623 
62,800000 -0,022703 
62,900000 -0,022575 
63,000000 -0,022752 
63,100000 -0,022767 
63,200000 -0,022596 
63,300000 -0,022569 
63,400000 -0,022498 
63,500000 -0,022697 
63,600000 -0,022600 
63,700000 -0,022448 
63,800000 -0,022530 
63,900000 -0,022702 
64,000000 -0,022637 
64,100000 -0,022737 
64,200000 -0,022600 
64,300000 -0,022548 
64,400000 -0,022473 
64,500000 -0,022552 
64,600000 -0,022522 
64,700000 -0,022622 
64,800000 -0,022604 
64,900000 -0,022637 
65,000000 -0,022460 
65,100000 -0,022683 
65,200000 -0,022755 
65,300000 -0,022746 
65,400000 -0,022652 
65,500000 -0,022670 
65,600000 -0,022465 
65,700000 -0,022567 
65,800000 -0,022682 
65,900000 -0,022798 
66,000000 -0,022887 
66,100000 -0,022899 
66,200000 -0,023285 
66,300000 -0,023265 
66,400000 -0,023325 
66,500000 -0,023114 
66,600000 -0,022849 
66,700000 -0,022708 
66,800000 -0,022730 
66,900000 -0,022829 
67,000000 -0,022811 
67,100000 -0,022810 
67,200000 -0,022453 
67,300000 -0,022451 
67,400000 -0,022380 
67,500000 -0,022672 
67,600000 -0,022830 
67,700000 -0,022550 
67,800000 -0,022592 
67,900000 -0,022728 
68,000000 -0,022808 
68,100000 -0,022817 
68,200000 -0,022802 
68,300000 -0,022632 
68,400000 -0,022644 
68,500000 -0,022508 
68,600000 -0,022632 
68,700000 -0,022741 
68,800000 -0,022754 
68,900000 -0,022776 
69,000000 -0,023040 
69,100000 -0,024124 
69,200000 -0,025478 
69,300000 -0,026383 
69,400000 -0,026721 
69,500000 -0,025816 
69,600000 -0,024191 
69,700000 -0,023482 
69,800000 -0,023222 
69,900000 -0,023045 
70,000000 -0,022993 
70,100000 -0,022668 
70,200000 -0,022762 
70,300000 -0,022665 
70,400000 -0,022596 
70,500000 -0,022701 
70,600000 -0,022554 
70,700000 -0,022361 
70,800000 -0,022582 
70,900000 -0,022692 
71,000000 -0,022481 
71,100000 -0,022636 
71,200000 -0,022633 
71,300000 -0,022516 
71,400000 -0,022620 
71,500000 -0,022678 
71,600000 -0,022601 
71,700000 -0,022409 
71,800000 -0,022472 
71,900000 -0,022570 
72,000000 -0,022579 
72,100000 -0,022741 
72,200000 -0,022742 
72,300000 -0,022492 
72,400000 -0,022427 
72,500000 -0,022491 
72,600000 -0,022391 
72,700000 -0,022619 
72,800000 -0,022654 
72,900000 -0,022448 
73,000000 -0,022604 
73,100000 -0,022665 
73,200000 -0,022660 
73,300000 -0,022578 
73,400000 -0,022603 
73,500000 -0,022394 
73,600000 -0,022550 
73,700000 -0,022540 
73,800000 -0,022616 
73,900000 -0,022640 
74,000000 -0,022561 
74,100000 -0,022693 
74,200000 -0,022718 
74,300000 -0,022714 
74,400000 -0,022649 
74,500000 -0,022540 
74,600000 -0,022763 
74,700000 -0,022728 
74,800000 -0,022573 
74,900000 -0,022644 
75,000000 -0,022484 
75,100000 -0,022541 
75,200000 -0,022705 
75,300000 -0,022670 
75,400000 -0,022618 
75,500000 -0,022554 
75,600000 -0,022514 
75,700000 -0,022529 
75,800000 -0,022355 
75,900000 -0,022752 
76,000000 -0,022671 
76,100000 -0,022451 
76,200000 -0,022611 
76,300000 -0,022693 
76,400000 -0,022418 
76,500000 -0,022525 
76,600000 -0,022706 
76,700000 -0,022778 
76,800000 -0,022694 
76,900000 -0,022471 
77,000000 -0,022486 
77,100000 -0,022566 
77,200000 -0,022636 
77,300000 -0,022434 
77,400000 -0,022674 
77,500000 -0,022653 
77,600000 -0,022693 
77,700000 -0,022733 
77,800000 -0,022791 
77,900000 -0,022798 
78,000000 -0,022754 
78,100000 -0,022580 
78,200000 -0,022665 
78,300000 -0,022778 
78,400000 -0,022628 
78,500000 -0,022846 
78,600000 -0,022779 
78,700000 -0,022648 
78,800000 -0,022752 
78,900000 -0,022756 
79,000000 -0,022668 
79,100000 -0,022616 
79,200000 -0,022684 
79,300000 -0,022576 
79,400000 -0,022609 
79,500000 -0,022740 
79,600000 -0,022488 
79,700000 -0,022489 
79,800000 -0,022504 
79,900000 -0,022563 
80,000000 -0,022750 
80,100000 -0,022687 
80,200000 -0,022712 
80,300000 -0,022589 
80,400000 -0,022332 
80,500000 -0,022541 
80,600000 -0,022673 
80,700000 -0,022744 
80,800000 -0,022722 
80,900000 -0,022651 
81,000000 -0,022738 
81,100000 -0,022708 
81,200000 -0,022712 
81,300000 -0,022937 
81,400000 -0,022739 
81,500000 -0,022744 
81,600000 -0,022694 
81,700000 -0,022785 
81,800000 -0,022848 
81,900000 -0,022604 
82,000000 -0,022525 
82,100000 -0,022591 
82,200000 -0,022578 
82,300000 -0,022782 
82,400000 -0,022840 
82,500000 -0,022556 
82,600000 -0,022540 
82,700000 -0,022430 
82,800000 -0,022644 
82,900000 -0,022647 
83,000000 -0,022549 
83,100000 -0,022551 
83,200000 -0,022650 
83,300000 -0,022589 
83,400000 -0,022592 
83,500000 -0,022872 
83,600000 -0,022407 
83,700000 -0,022533 
83,800000 -0,022585 
83,900000 -0,022522 
84,000000 -0,022620 
84,100000 -0,022615 
84,200000 -0,022672 
84,300000 -0,022621 
84,400000 -0,022564 
84,500000 -0,022729 
84,600000 -0,022603 
84,700000 -0,022719 
84,800000 -0,022638 
84,900000 -0,022507 
85,000000 -0,022683 
85,100000 -0,022711 
85,200000 -0,022657 
85,300000 -0,022698 
85,400000 -0,022510 
85,500000 -0,022659 
85,600000 -0,022510 
85,700000 -0,022500 
85,800000 -0,022636 
85,900000 -0,022631 
86,000000 -0,022520 
86,100000 -0,022601 
86,200000 -0,022505 
86,300000 -0,022565 
86,400000 -0,022776 
86,500000 -0,022542 
86,600000 -0,022562 
86,700000 -0,022454 
86,800000 -0,022658 
86,900000 -0,022787 
87,000000 -0,022645 
87,100000 -0,022677 
87,200000 -0,022514 
87,300000 -0,022597 
87,400000 -0,022574 
87,500000 -0,022433 
87,600000 -0,022574 
87,700000 -0,022555 
87,800000 -0,022683 
87,900000 -0,022807 
88,000000 -0,022735 
88,100000 -0,022636 
88,200000 -0,022669 
88,300000 -0,022634 
88,400000 -0,022434 
88,500000 -0,022766 
88,600000 -0,022729 
88,700000 -0,022573 
88,800000 -0,022621 
88,900000 -0,022492 
89,000000 -0,022715 
89,100000 -0,022729 
89,200000 -0,022523 
89,300000 -0,022604 
89,400000 -0,022548 
89,500000 -0,022427 
89,600000 -0,022570 
89,700000 -0,022790 
89,800000 -0,022646 
89,900000 -0,022524 
90,000000 -0,022583 
90,100000 -0,022493 
90,200000 -0,022482 
90,300000 -0,022605 
90,400000 -0,022795 
90,500000 -0,022512 
90,600000 -0,022525 
90,700000 -0,022618 
90,800000 -0,022447 
90,900000 -0,022783 
91,000000 -0,022602 
91,100000 -0,022580 
91,200000 -0,022418 
91,300000 -0,022582 
91,400000 -0,022591 
91,500000 -0,022441 
91,600000 -0,022787 
91,700000 -0,022557 
91,800000 -0,022513 
91,900000 -0,022503 
92,000000 -0,022718 
92,100000 -0,022527 
92,200000 -0,022506 
92,300000 -0,022620 
92,400000 -0,022511 
92,500000 -0,022690 
92,600000 -0,022578 
92,700000 -0,022468 
92,800000 -0,022486 
92,900000 -0,022608 
93,000000 -0,022605 
93,100000 -0,022593 
93,200000 -0,022662 
93,300000 -0,022515 
93,400000 -0,022518 
93,500000 -0,022578 
93,600000 -0,022536 
93,700000 -0,022710 
93,800000 -0,022563 
93,900000 -0,022487 
94,000000 -0,022402 
94,100000 -0,022669 
94,200000 -0,022488 
94,300000 -0,022667 
94,400000 -0,022634 
94,500000 -0,022545 
94,600000 -0,022677 
94,700000 -0,022448 
94,800000 -0,022647 
94,900000 -0,022714 
95,000000 -0,022575 
95,100000 -0,022511 
95,200000 -0,022544 
95,300000 -0,022545 
95,400000 -0,022688 
95,500000 -0,022576 
95,600000 -0,022640 
95,700000 -0,022619 
95,800000 -0,022627 
95,900000 -0,022765 
96,000000 -0,022745 
96,100000 -0,022701 
96,200000 -0,022686 
96,300000 -0,022437 
96,400000 -0,022670 
96,500000 -0,022595 
96,600000 -0,022769 
96,700000 -0,022651 
96,800000 -0,022469 
96,900000 -0,022718 
97,000000 -0,022776 
97,100000 -0,022702 
97,200000 -0,022657 
97,300000 -0,022750 
97,400000 -0,022820 
97,500000 -0,022847 
97,600000 -0,022822 
97,700000 -0,022891 
97,800000 -0,022652 
97,900000 -0,022620 
98,000000 -0,022627 
98,100000 -0,022644 
98,200000 -0,022719 
98,300000 -0,022846 
98,400000 -0,022621 
98,500000 -0,022463 
98,600000 -0,022436 
98,700000 -0,022423 
98,800000 -0,022609 
98,900000 -0,022730 
99,000000 -0,022726 
99,100000 -0,022687 
99,200000 -0,022574 
99,300000 -0,022682 
99,400000 -0,022665 
99,500000 -0,022735 
99,600000 -0,022615 
99,700000 -0,022597 
99,800000 -0,022594 
99,900000 -0,022495 
100,000000 -0,022721 
