0,000000 -0,032234 
0,100000 -0,034669 
0,200000 -0,035992 
0,300000 -0,036624 
0,400000 -0,037273 
0,500000 -0,037104 
0,600000 -0,037368 
0,700000 -0,037376 
0,800000 -0,037203 
0,900000 -0,037065 
1,000000 -0,037130 
1,100000 -0,037028 
1,200000 -0,037109 
1,300000 -0,036999 
1,400000 -0,036969 
1,500000 -0,037044 
1,600000 -0,036862 
1,700000 -0,036981 
1,800000 -0,036900 
1,900000 -0,033649 
2,000000 -0,029010 
2,100000 -0,027043 
2,200000 -0,025463 
2,300000 -0,024134 
2,400000 -0,023502 
2,500000 -0,023145 
2,600000 -0,022907 
2,700000 -0,022820 
2,800000 -0,023336 
2,900000 -0,025204 
3,000000 -0,025511 
3,100000 -0,024382 
3,200000 -0,023385 
3,300000 -0,023038 
3,400000 -0,022860 
3,500000 -0,022781 
3,600000 -0,022534 
3,700000 -0,022504 
3,800000 -0,022468 
3,900000 -0,022647 
4,000000 -0,022615 
4,100000 -0,022532 
4,200000 -0,022479 
4,300000 -0,022470 
4,400000 -0,022520 
4,500000 -0,022646 
4,600000 -0,022609 
4,700000 -0,022406 
4,800000 -0,022529 
4,900000 -0,022570 
5,000000 -0,022404 
5,100000 -0,022463 
5,200000 -0,022411 
5,300000 -0,022573 
5,400000 -0,022296 
5,500000 -0,022414 
5,600000 -0,022455 
5,700000 -0,022507 
5,800000 -0,022473 
5,900000 -0,022399 
6,000000 -0,022479 
6,100000 -0,022390 
6,200000 -0,022768 
6,300000 -0,022573 
6,400000 -0,022481 
6,500000 -0,022421 
6,600000 -0,022429 
6,700000 -0,022528 
6,800000 -0,022568 
6,900000 -0,022592 
7,000000 -0,022476 
7,100000 -0,022325 
7,200000 -0,022330 
7,300000 -0,022372 
7,400000 -0,022539 
7,500000 -0,022544 
7,600000 -0,022508 
7,700000 -0,022517 
7,800000 -0,022323 
7,900000 -0,022447 
8,000000 -0,022499 
8,100000 -0,022514 
8,200000 -0,022451 
8,300000 -0,022374 
8,400000 -0,022542 
8,500000 -0,022537 
8,600000 -0,022754 
8,700000 -0,022481 
8,800000 -0,022416 
8,900000 -0,022461 
9,000000 -0,022491 
9,100000 -0,022561 
9,200000 -0,022403 
9,300000 -0,022545 
9,400000 -0,022478 
9,500000 -0,022514 
9,600000 -0,022564 
9,700000 -0,022637 
9,800000 -0,022626 
9,900000 -0,022490 
10,000000 -0,022478 
10,100000 -0,022521 
10,200000 -0,022559 
10,300000 -0,022522 
10,400000 -0,022414 
10,500000 -0,022470 
10,600000 -0,022531 
10,700000 -0,022481 
10,800000 -0,022570 
10,900000 -0,022458 
11,000000 -0,022476 
11,100000 -0,022527 
11,200000 -0,022393 
11,300000 -0,022623 
11,400000 -0,022633 
11,500000 -0,022644 
11,600000 -0,022440 
11,700000 -0,022599 
11,800000 -0,022504 
11,900000 -0,022724 
12,000000 -0,022616 
12,100000 -0,023003 
12,200000 -0,023177 
12,300000 -0,023344 
12,400000 -0,023710 
12,500000 -0,023731 
12,600000 -0,023713 
12,700000 -0,023255 
12,800000 -0,022939 
12,900000 -0,022648 
13,000000 -0,022634 
13,100000 -0,022650 
13,200000 -0,022792 
13,300000 -0,023012 
13,400000 -0,024368 
13,500000 -0,026333 
13,600000 -0,028185 
13,700000 -0,029404 
13,800000 -0,029401 
13,900000 -0,028199 
14,000000 -0,026382 
14,100000 -0,024773 
14,200000 -0,024157 
14,300000 -0,023976 
14,400000 -0,023809 
14,500000 -0,023623 
14,600000 -0,023305 
14,700000 -0,022980 
14,800000 -0,022913 
14,900000 -0,022800 
15,000000 -0,022743 
15,100000 -0,022711 
15,200000 -0,022639 
15,300000 -0,022941 
15,400000 -0,022816 
15,500000 -0,022878 
15,600000 -0,022798 
15,700000 -0,022633 
15,800000 -0,022575 
15,900000 -0,022811 
16,000000 -0,023032 
16,100000 -0,023387 
16,200000 -0,023692 
16,300000 -0,024301 
16,400000 -0,024404 
16,500000 -0,024065 
16,600000 -0,023488 
16,700000 -0,023170 
16,800000 -0,023157 
16,900000 -0,023358 
17,000000 -0,024340 
17,100000 -0,026360 
17,200000 -0,028301 
17,300000 -0,029691 
17,400000 -0,030371 
17,500000 -0,028989 
17,600000 -0,026884 
17,700000 -0,025167 
17,800000 -0,024723 
17,900000 -0,026653 
18,000000 -0,031275 
18,100000 -0,039374 
18,200000 -0,047474 
18,300000 -0,053261 
18,400000 -0,056020 
18,500000 -0,050549 
18,600000 -0,040108 
18,700000 -0,032220 
18,800000 -0,028265 
18,900000 -0,025965 
19,000000 -0,025001 
19,100000 -0,024518 
19,200000 -0,024228 
19,300000 -0,024138 
19,400000 -0,024147 
19,500000 -0,024584 
19,600000 -0,025854 
19,700000 -0,030261 
19,800000 -0,047531 
19,900000 -0,088079 
20,000000 -0,161378 
20,100000 -0,253010 
20,200000 -0,334000 
20,300000 -0,382405 
20,400000 -0,378364 
20,500000 -0,266530 
20,600000 -0,156403 
20,700000 -0,096008 
20,800000 -0,065809 
20,900000 -0,048764 
21,000000 -0,038940 
21,100000 -0,033147 
21,200000 -0,029153 
21,300000 -0,027122 
21,400000 -0,025802 
21,500000 -0,024715 
21,600000 -0,024134 
21,700000 -0,023710 
21,800000 -0,023465 
21,900000 -0,023194 
22,000000 -0,023239 
22,100000 -0,022990 
22,200000 -0,022956 
22,300000 -0,023261 
22,400000 -0,022952 
22,500000 -0,022819 
22,600000 -0,022683 
22,700000 -0,022648 
22,800000 -0,022775 
22,900000 -0,022730 
23,000000 -0,022637 
23,100000 -0,022572 
23,200000 -0,022588 
23,300000 -0,022722 
23,400000 -0,022757 
23,500000 -0,022723 
23,600000 -0,022658 
23,700000 -0,022771 
23,800000 -0,022736 
23,900000 -0,022662 
24,000000 -0,022735 
24,100000 -0,022719 
24,200000 -0,022708 
24,300000 -0,022609 
24,400000 -0,022796 
24,500000 -0,022731 
24,600000 -0,022630 
24,700000 -0,022637 
24,800000 -0,022713 
24,900000 -0,022575 
25,000000 -0,022744 
25,100000 -0,022673 
25,200000 -0,022651 
25,300000 -0,022757 
25,400000 -0,022552 
25,500000 -0,022753 
25,600000 -0,022608 
25,700000 -0,022716 
25,800000 -0,022663 
25,900000 -0,022749 
26,000000 -0,022913 
26,100000 -0,023201 
26,200000 -0,023239 
26,300000 -0,023206 
26,400000 -0,023365 
26,500000 -0,023240 
26,600000 -0,022867 
26,700000 -0,022859 
26,800000 -0,022971 
26,900000 -0,022963 
27,000000 -0,023343 
27,100000 -0,023739 
27,200000 -0,023982 
27,300000 -0,024291 
27,400000 -0,024069 
27,500000 -0,023919 
27,600000 -0,024266 
27,700000 -0,026535 
27,800000 -0,031606 
27,900000 -0,041997 
28,000000 -0,056257 
28,100000 -0,069308 
28,200000 -0,078672 
28,300000 -0,081891 
28,400000 -0,078439 
28,500000 -0,064147 
28,600000 -0,047301 
28,700000 -0,036572 
28,800000 -0,030488 
28,900000 -0,027577 
29,000000 -0,026119 
29,100000 -0,025252 
29,200000 -0,024667 
29,300000 -0,024300 
29,400000 -0,024012 
29,500000 -0,023737 
29,600000 -0,023241 
29,700000 -0,023061 
29,800000 -0,022832 
29,900000 -0,023031 
30,000000 -0,023489 
30,100000 -0,023655 
30,200000 -0,023793 
30,300000 -0,023751 
30,400000 -0,023627 
30,500000 -0,023317 
30,600000 -0,023131 
30,700000 -0,023205 
30,800000 -0,023217 
30,900000 -0,023503 
31,000000 -0,023873 
31,100000 -0,024102 
31,200000 -0,024652 
31,300000 -0,024792 
31,400000 -0,024686 
31,500000 -0,023916 
31,600000 -0,023340 
31,700000 -0,023220 
31,800000 -0,022976 
31,900000 -0,023247 
32,000000 -0,023475 
32,100000 -0,023776 
32,200000 -0,024048 
32,300000 -0,023767 
32,400000 -0,023710 
32,500000 -0,023389 
32,600000 -0,022951 
32,700000 -0,022892 
32,800000 -0,022726 
32,900000 -0,022778 
33,000000 -0,022800 
33,100000 -0,022634 
33,200000 -0,022658 
33,300000 -0,022518 
33,400000 -0,022656 
33,500000 -0,022558 
33,600000 -0,022584 
33,700000 -0,022573 
33,800000 -0,022531 
33,900000 -0,022608 
34,000000 -0,022528 
34,100000 -0,022560 
34,200000 -0,022536 
34,300000 -0,022720 
34,400000 -0,022632 
34,500000 -0,022601 
34,600000 -0,022501 
34,700000 -0,022694 
34,800000 -0,022690 
34,900000 -0,022492 
35,000000 -0,022448 
35,100000 -0,022573 
35,200000 -0,022667 
35,300000 -0,022729 
35,400000 -0,022483 
35,500000 -0,022488 
35,600000 -0,022684 
35,700000 -0,022922 
35,800000 -0,023581 
35,900000 -0,024498 
36,000000 -0,025698 
36,100000 -0,026723 
36,200000 -0,026996 
36,300000 -0,027260 
36,400000 -0,026305 
36,500000 -0,024777 
36,600000 -0,023814 
36,700000 -0,023180 
36,800000 -0,022840 
36,900000 -0,022878 
37,000000 -0,022829 
37,100000 -0,022847 
37,200000 -0,022559 
37,300000 -0,022431 
37,400000 -0,022624 
37,500000 -0,022835 
37,600000 -0,022610 
37,700000 -0,022529 
37,800000 -0,022752 
37,900000 -0,022953 
38,000000 -0,023228 
38,100000 -0,023384 
38,200000 -0,023470 
38,300000 -0,023521 
38,400000 -0,023409 
38,500000 -0,023095 
38,600000 -0,023081 
38,700000 -0,023217 
38,800000 -0,023302 
38,900000 -0,023429 
39,000000 -0,023666 
39,100000 -0,024347 
39,200000 -0,025571 
39,300000 -0,027284 
39,400000 -0,030550 
39,500000 -0,038817 
39,600000 -0,065331 
39,700000 -0,129409 
39,800000 -0,285101 
39,900000 -0,676382 
40,000000 -1,128011 
40,100000 -1,426467 
40,200000 -1,533549 
40,300000 -1,401607 
40,400000 -1,021833 
40,500000 -0,517346 
40,600000 -0,245559 
40,700000 -0,140578 
40,800000 -0,092776 
40,900000 -0,066372 
41,000000 -0,051050 
41,100000 -0,041938 
41,200000 -0,035931 
41,300000 -0,031615 
41,400000 -0,028948 
41,500000 -0,027464 
41,600000 -0,026181 
41,700000 -0,025330 
41,800000 -0,024655 
41,900000 -0,024291 
42,000000 -0,023899 
42,100000 -0,023827 
42,200000 -0,023596 
42,300000 -0,023448 
42,400000 -0,023183 
42,500000 -0,023162 
42,600000 -0,023155 
42,700000 -0,023079 
42,800000 -0,023193 
42,900000 -0,022969 
43,000000 -0,023117 
43,100000 -0,022968 
43,200000 -0,023084 
43,300000 -0,023147 
43,400000 -0,023018 
43,500000 -0,023035 
43,600000 -0,023005 
43,700000 -0,023067 
43,800000 -0,023538 
43,900000 -0,024909 
44,000000 -0,026655 
44,100000 -0,027704 
44,200000 -0,028509 
44,300000 -0,028505 
44,400000 -0,027839 
44,500000 -0,025758 
44,600000 -0,024387 
44,700000 -0,023577 
44,800000 -0,023176 
44,900000 -0,023043 
45,000000 -0,023069 
45,100000 -0,022927 
45,200000 -0,022718 
45,300000 -0,022998 
45,400000 -0,023158 
45,500000 -0,023090 
45,600000 -0,022896 
45,700000 -0,022884 
45,800000 -0,022777 
45,900000 -0,022745 
46,000000 -0,022687 
46,100000 -0,022797 
46,200000 -0,022834 
46,300000 -0,022769 
46,400000 -0,022607 
46,500000 -0,022743 
46,600000 -0,022871 
46,700000 -0,022858 
46,800000 -0,023008 
46,900000 -0,023376 
47,000000 -0,024228 
47,100000 -0,024921 
47,200000 -0,025368 
47,300000 -0,025354 
47,400000 -0,025101 
47,500000 -0,024094 
47,600000 -0,023510 
47,700000 -0,023009 
47,800000 -0,022837 
47,900000 -0,022866 
48,000000 -0,022812 
48,100000 -0,022718 
48,200000 -0,022779 
48,300000 -0,022740 
48,400000 -0,022676 
48,500000 -0,022554 
48,600000 -0,022640 
48,700000 -0,022513 
48,800000 -0,022586 
48,900000 -0,022692 
49,000000 -0,022571 
49,100000 -0,022734 
49,200000 -0,022507 
49,300000 -0,022555 
49,400000 -0,022419 
49,500000 -0,022618 
49,600000 -0,022750 
49,700000 -0,022704 
49,800000 -0,022661 
49,900000 -0,022903 
50,000000 -0,023182 
50,100000 -0,023415 
50,200000 -0,023747 
50,300000 -0,023642 
50,400000 -0,023576 
50,500000 -0,023259 
50,600000 -0,022938 
50,700000 -0,022685 
50,800000 -0,022660 
50,900000 -0,022602 
51,000000 -0,022907 
51,100000 -0,022793 
51,200000 -0,023093 
51,300000 -0,023094 
51,400000 -0,023044 
51,500000 -0,022709 
51,600000 -0,022548 
51,700000 -0,022526 
51,800000 -0,022669 
51,900000 -0,022601 
52,000000 -0,022509 
52,100000 -0,022508 
52,200000 -0,022555 
52,300000 -0,022704 
52,400000 -0,022552 
52,500000 -0,022484 
52,600000 -0,022594 
52,700000 -0,022705 
52,800000 -0,022648 
52,900000 -0,022663 
53,000000 -0,022587 
53,100000 -0,022545 
53,200000 -0,022424 
53,300000 -0,022706 
53,400000 -0,022637 
53,500000 -0,022692 
53,600000 -0,022622 
53,700000 -0,022546 
53,800000 -0,022473 
53,900000 -0,022547 
54,000000 -0,022627 
54,100000 -0,022678 
54,200000 -0,022573 
54,300000 -0,022487 
54,400000 -0,022516 
54,500000 -0,022581 
54,600000 -0,022570 
54,700000 -0,022663 
54,800000 -0,022621 
54,900000 -0,022498 
55,000000 -0,022509 
55,100000 -0,022719 
55,200000 -0,022530 
55,300000 -0,022466 
55,400000 -0,022546 
55,500000 -0,022585 
55,600000 -0,022430 
55,700000 -0,022531 
55,800000 -0,022504 
55,900000 -0,022585 
56,000000 -0,022598 
56,100000 -0,022695 
56,200000 -0,022449 
56,300000 -0,022675 
56,400000 -0,022646 
56,500000 -0,022541 
56,600000 -0,022594 
56,700000 -0,022556 
56,800000 -0,022767 
56,900000 -0,022715 
57,000000 -0,022613 
57,100000 -0,022562 
57,200000 -0,022383 
57,300000 -0,022485 
57,400000 -0,022539 
57,500000 -0,022766 
57,600000 -0,022432 
57,700000 -0,022517 
57,800000 -0,022648 
57,900000 -0,022617 
58,000000 -0,022587 
58,100000 -0,022601 
58,200000 -0,022532 
58,300000 -0,022497 
58,400000 -0,022541 
58,500000 -0,022726 
58,600000 -0,022743 
58,700000 -0,022734 
58,800000 -0,022795 
58,900000 -0,022528 
59,000000 -0,022535 
59,100000 -0,022656 
59,200000 -0,022743 
59,300000 -0,022618 
59,400000 -0,022331 
59,500000 -0,022364 
59,600000 -0,022325 
59,700000 -0,022433 
59,800000 -0,022575 
59,900000 -0,022815 
60,000000 -0,022499 
60,100000 -0,022659 
60,200000 -0,022520 
60,300000 -0,022552 
60,400000 -0,022799 
60,500000 -0,022732 
60,600000 -0,022492 
60,700000 -0,022574 
60,800000 -0,022494 
60,900000 -0,022453 
61,000000 -0,022444 
61,100000 -0,022691 
61,200000 -0,022634 
61,300000 -0,022603 
61,400000 -0,022553 
61,500000 -0,022678 
61,600000 -0,022486 
61,700000 -0,022619 
61,800000 -0,022457 
61,900000 -0,022569 
62,000000 -0,022708 
62,100000 -0,022536 
62,200000 -0,022678 
62,300000 -0,022623 
62,400000 -0,022794 
62,500000 -0,022700 
62,600000 -0,022693 
62,700000 -0,022712 
62,800000 -0,022633 
62,900000 -0,022661 
63,000000 -0,022634 
63,100000 -0,022684 
63,200000 -0,022708 
63,300000 -0,022770 
63,400000 -0,022499 
63,500000 -0,022341 
63,600000 -0,022636 
63,700000 -0,022660 
63,800000 -0,022579 
63,900000 -0,022562 
64,000000 -0,022696 
64,100000 -0,022641 
64,200000 -0,022584 
64,300000 -0,022631 
64,400000 -0,022648 
64,500000 -0,022657 
64,600000 -0,022598 
64,700000 -0,022493 
64,800000 -0,022701 
64,900000 -0,022638 
65,000000 -0,022568 
65,100000 -0,022595 
65,200000 -0,022566 
65,300000 -0,022663 
65,400000 -0,022587 
65,500000 -0,022701 
65,600000 -0,022721 
65,700000 -0,022576 
65,800000 -0,022522 
65,900000 -0,022704 
66,000000 -0,022858 
66,100000 -0,023143 
66,200000 -0,023266 
66,300000 -0,023321 
66,400000 -0,023355 
66,500000 -0,023153 
66,600000 -0,023031 
66,700000 -0,022787 
66,800000 -0,022656 
66,900000 -0,022745 
67,000000 -0,022556 
67,100000 -0,022726 
67,200000 -0,022740 
67,300000 -0,022617 
67,400000 -0,022656 
67,500000 -0,022665 
67,600000 -0,022676 
67,700000 -0,022527 
67,800000 -0,022674 
67,900000 -0,022633 
68,000000 -0,022515 
68,100000 -0,022680 
68,200000 -0,022732 
68,300000 -0,022642 
68,400000 -0,022813 
68,500000 -0,022586 
68,600000 -0,022773 
68,700000 -0,022662 
68,800000 -0,022730 
68,900000 -0,023018 
69,000000 -0,023374 
69,100000 -0,024265 
69,200000 -0,025610 
69,300000 -0,026474 
69,400000 -0,026578 
69,500000 -0,025466 
69,600000 -0,023955 
69,700000 -0,023456 
69,800000 -0,023058 
69,900000 -0,022878 
70,000000 -0,022830 
70,100000 -0,022592 
70,200000 -0,022743 
70,300000 -0,022609 
70,400000 -0,022480 
70,500000 -0,022609 
70,600000 -0,022819 
70,700000 -0,022631 
70,800000 -0,022376 
70,900000 -0,022348 
71,000000 -0,022520 
71,100000 -0,022560 
71,200000 -0,022771 
71,300000 -0,022568 
71,400000 -0,022574 
71,500000 -0,022478 
71,600000 -0,022609 
71,700000 -0,022665 
71,800000 -0,022641 
71,900000 -0,022587 
72,000000 -0,022416 
72,100000 -0,022625 
72,200000 -0,022611 
72,300000 -0,022532 
72,400000 -0,022600 
72,500000 -0,022564 
72,600000 -0,022648 
72,700000 -0,022600 
72,800000 -0,022568 
72,900000 -0,022647 
73,000000 -0,022552 
73,100000 -0,022655 
73,200000 -0,022632 
73,300000 -0,022666 
73,400000 -0,022673 
73,500000 -0,022505 
73,600000 -0,022424 
73,700000 -0,022253 
73,800000 -0,022502 
73,900000 -0,022663 
74,000000 -0,022631 
74,100000 -0,022583 
74,200000 -0,022438 
74,300000 -0,022455 
74,400000 -0,022686 
74,500000 -0,022650 
74,600000 -0,022624 
74,700000 -0,022570 
74,800000 -0,022402 
74,900000 -0,022516 
75,000000 -0,022719 
75,100000 -0,022517 
75,200000 -0,022644 
75,300000 -0,022470 
75,400000 -0,022417 
75,500000 -0,022540 
75,600000 -0,022461 
75,700000 -0,022646 
75,800000 -0,022798 
75,900000 -0,022522 
76,000000 -0,022433 
76,100000 -0,022576 
76,200000 -0,022535 
76,300000 -0,022626 
76,400000 -0,022631 
76,500000 -0,022443 
76,600000 -0,022427 
76,700000 -0,022560 
76,800000 -0,022446 
76,900000 -0,022732 
77,000000 -0,022620 
77,100000 -0,022691 
77,200000 -0,022557 
77,300000 -0,022471 
77,400000 -0,022405 
77,500000 -0,022443 
77,600000 -0,022655 
77,700000 -0,022766 
77,800000 -0,022705 
77,900000 -0,022517 
78,000000 -0,022641 
78,100000 -0,022514 
78,200000 -0,022567 
78,300000 -0,022530 
78,400000 -0,022538 
78,500000 -0,022641 
78,600000 -0,022602 
78,700000 -0,022506 
78,800000 -0,022335 
78,900000 -0,022618 
79,000000 -0,022825 
79,100000 -0,022569 
79,200000 -0,022552 
79,300000 -0,022498 
79,400000 -0,022495 
79,500000 -0,022612 
79,600000 -0,022479 
79,700000 -0,022663 
79,800000 -0,022289 
79,900000 -0,022383 
80,000000 -0,022516 
80,100000 -0,022552 
80,200000 -0,022631 
80,300000 -0,022786 
80,400000 -0,022620 
80,500000 -0,022333 
80,600000 -0,022526 
80,700000 -0,022411 
80,800000 -0,022576 
80,900000 -0,022739 
81,000000 -0,022636 
81,100000 -0,022461 
81,200000 -0,022519 
81,300000 -0,022637 
81,400000 -0,022766 
81,500000 -0,022577 
81,600000 -0,022497 
81,700000 -0,022406 
81,800000 -0,022601 
81,900000 -0,022535 
82,000000 -0,022653 
82,100000 -0,022525 
82,200000 -0,022553 
82,300000 -0,022597 
82,400000 -0,022601 
82,500000 -0,022442 
82,600000 -0,022634 
82,700000 -0,022694 
82,800000 -0,022553 
82,900000 -0,022587 
83,000000 -0,022553 
83,100000 -0,022579 
83,200000 -0,022459 
83,300000 -0,022637 
83,400000 -0,022618 
83,500000 -0,022611 
83,600000 -0,022575 
83,700000 -0,022576 
83,800000 -0,022575 
83,900000 -0,022592 
84,000000 -0,022646 
84,100000 -0,022611 
84,200000 -0,022610 
84,300000 -0,022365 
84,400000 -0,022565 
84,500000 -0,022427 
84,600000 -0,022455 
84,700000 -0,022544 
84,800000 -0,022679 
84,900000 -0,022650 
85,000000 -0,022626 
85,100000 -0,022463 
85,200000 -0,022537 
85,300000 -0,022680 
85,400000 -0,022856 
85,500000 -0,022666 
85,600000 -0,022555 
85,700000 -0,022593 
85,800000 -0,022595 
85,900000 -0,022762 
86,000000 -0,022573 
86,100000 -0,022561 
86,200000 -0,022553 
86,300000 -0,022505 
86,400000 -0,022648 
86,500000 -0,022658 
86,600000 -0,022707 
86,700000 -0,022741 
86,800000 -0,022724 
86,900000 -0,022740 
87,000000 -0,022646 
87,100000 -0,022613 
87,200000 -0,022580 
87,300000 -0,022401 
87,400000 -0,022381 
87,500000 -0,022667 
87,600000 -0,022535 
87,700000 -0,022484 
87,800000 -0,022540 
87,900000 -0,022385 
88,000000 -0,022600 
88,100000 -0,022430 
88,200000 -0,022641 
88,300000 -0,022551 
88,400000 -0,022551 
88,500000 -0,022608 
88,600000 -0,022607 
88,700000 -0,022442 
88,800000 -0,022496 
88,900000 -0,022406 
89,000000 -0,022616 
89,100000 -0,022734 
89,200000 -0,022733 
89,300000 -0,022617 
89,400000 -0,022421 
89,500000 -0,022534 
89,600000 -0,022459 
89,700000 -0,022532 
89,800000 -0,022632 
89,900000 -0,022643 
90,000000 -0,022679 
90,100000 -0,022519 
90,200000 -0,022532 
90,300000 -0,022617 
90,400000 -0,022593 
90,500000 -0,022743 
90,600000 -0,022547 
90,700000 -0,022600 
90,800000 -0,022510 
90,900000 -0,022668 
91,000000 -0,022583 
91,100000 -0,022644 
91,200000 -0,022656 
91,300000 -0,022448 
91,400000 -0,022770 
91,500000 -0,022523 
91,600000 -0,022699 
91,700000 -0,022570 
91,800000 -0,022605 
91,900000 -0,022530 
92,000000 -0,022631 
92,100000 -0,022547 
92,200000 -0,022751 
92,300000 -0,022544 
92,400000 -0,022492 
92,500000 -0,022451 
92,600000 -0,022488 
92,700000 -0,022592 
92,800000 -0,022621 
92,900000 -0,022594 
93,000000 -0,022446 
93,100000 -0,022613 
93,200000 -0,022698 
93,300000 -0,022712 
93,400000 -0,022653 
93,500000 -0,022719 
93,600000 -0,022439 
93,700000 -0,022761 
93,800000 -0,022555 
93,900000 -0,022622 
94,000000 -0,022542 
94,100000 -0,022478 
94,200000 -0,022706 
94,300000 -0,022605 
94,400000 -0,022599 
94,500000 -0,022716 
94,600000 -0,022679 
94,700000 -0,022525 
94,800000 -0,022486 
94,900000 -0,022579 
95,000000 -0,022608 
95,100000 -0,022626 
95,200000 -0,022622 
95,300000 -0,022493 
95,400000 -0,022505 
95,500000 -0,022808 
95,600000 -0,022781 
95,700000 -0,022630 
95,800000 -0,022574 
95,900000 -0,022436 
96,000000 -0,022648 
96,100000 -0,022535 
96,200000 -0,022546 
96,300000 -0,022648 
96,400000 -0,022550 
96,500000 -0,022353 
96,600000 -0,022618 
96,700000 -0,022431 
96,800000 -0,022638 
96,900000 -0,022619 
97,000000 -0,022549 
97,100000 -0,022436 
97,200000 -0,022527 
97,300000 -0,022676 
97,400000 -0,022740 
97,500000 -0,022795 
97,600000 -0,022684 
97,700000 -0,022632 
97,800000 -0,022702 
97,900000 -0,022607 
98,000000 -0,022517 
98,100000 -0,022628 
98,200000 -0,022422 
98,300000 -0,022526 
98,400000 -0,022621 
98,500000 -0,022599 
98,600000 -0,022528 
98,700000 -0,022670 
98,800000 -0,022621 
98,900000 -0,022670 
99,000000 -0,022469 
99,100000 -0,022507 
99,200000 -0,022557 
99,300000 -0,022481 
99,400000 -0,022629 
99,500000 -0,022578 
99,600000 -0,022507 
99,700000 -0,022523 
99,800000 -0,022574 
99,900000 -0,022526 
100,000000 -0,022482 
