0,000000 -0,817296 
0,100000 -0,331269 
0,200000 -0,181147 
0,300000 -0,118420 
0,400000 -0,087761 
0,500000 -0,070060 
0,600000 -0,059494 
0,700000 -0,053105 
0,800000 -0,048484 
0,900000 -0,046210 
1,000000 -0,044230 
1,100000 -0,042258 
1,200000 -0,041189 
1,300000 -0,040256 
1,400000 -0,039662 
1,500000 -0,039003 
1,600000 -0,038546 
1,700000 -0,038330 
1,800000 -0,038250 
1,900000 -0,035238 
2,000000 -0,030809 
2,100000 -0,028710 
2,200000 -0,027163 
2,300000 -0,025629 
2,400000 -0,024971 
2,500000 -0,024453 
2,600000 -0,024031 
2,700000 -0,023984 
2,800000 -0,024653 
2,900000 -0,026538 
3,000000 -0,026952 
3,100000 -0,025676 
3,200000 -0,024659 
3,300000 -0,023946 
3,400000 -0,023608 
3,500000 -0,023608 
3,600000 -0,023415 
3,700000 -0,023209 
3,800000 -0,023158 
3,900000 -0,023213 
4,000000 -0,023187 
4,100000 -0,023230 
4,200000 -0,023112 
4,300000 -0,023094 
4,400000 -0,023063 
4,500000 -0,022878 
4,600000 -0,023105 
4,700000 -0,022981 
4,800000 -0,023111 
4,900000 -0,022895 
5,000000 -0,022771 
5,100000 -0,022964 
5,200000 -0,022872 
5,300000 -0,023099 
5,400000 -0,023083 
5,500000 -0,022888 
5,600000 -0,022827 
5,700000 -0,022892 
5,800000 -0,022911 
5,900000 -0,022895 
6,000000 -0,022782 
6,100000 -0,022564 
6,200000 -0,022694 
6,300000 -0,022842 
6,400000 -0,022909 
6,500000 -0,022739 
6,600000 -0,022676 
6,700000 -0,022530 
6,800000 -0,022879 
6,900000 -0,022798 
7,000000 -0,022711 
7,100000 -0,022650 
7,200000 -0,022686 
7,300000 -0,022572 
7,400000 -0,022659 
7,500000 -0,022673 
7,600000 -0,022574 
7,700000 -0,022640 
7,800000 -0,022504 
7,900000 -0,022585 
8,000000 -0,022853 
8,100000 -0,022946 
8,200000 -0,022864 
8,300000 -0,022651 
8,400000 -0,022544 
8,500000 -0,022765 
8,600000 -0,022708 
8,700000 -0,022524 
8,800000 -0,022429 
8,900000 -0,022427 
9,000000 -0,022605 
9,100000 -0,022656 
9,200000 -0,022652 
9,300000 -0,022672 
9,400000 -0,022641 
9,500000 -0,022522 
9,600000 -0,022468 
9,700000 -0,022768 
9,800000 -0,022672 
9,900000 -0,022790 
10,000000 -0,022664 
10,100000 -0,022652 
10,200000 -0,022748 
10,300000 -0,022762 
10,400000 -0,022719 
10,500000 -0,022439 
10,600000 -0,022543 
10,700000 -0,022552 
10,800000 -0,022667 
10,900000 -0,022781 
11,000000 -0,022770 
11,100000 -0,022700 
11,200000 -0,022430 
11,300000 -0,022527 
11,400000 -0,022652 
11,500000 -0,022649 
11,600000 -0,022587 
11,700000 -0,022590 
11,800000 -0,022559 
11,900000 -0,022576 
12,000000 -0,022757 
12,100000 -0,023081 
12,200000 -0,023362 
12,300000 -0,024061 
12,400000 -0,024276 
12,500000 -0,024336 
12,600000 -0,024121 
12,700000 -0,023416 
12,800000 -0,023004 
12,900000 -0,022705 
13,000000 -0,022836 
13,100000 -0,022780 
13,200000 -0,022894 
13,300000 -0,022995 
13,400000 -0,024268 
13,500000 -0,026704 
13,600000 -0,028251 
13,700000 -0,029413 
13,800000 -0,029563 
13,900000 -0,028305 
14,000000 -0,026374 
14,100000 -0,024737 
14,200000 -0,024297 
14,300000 -0,024239 
14,400000 -0,024121 
14,500000 -0,023920 
14,600000 -0,023577 
14,700000 -0,023039 
14,800000 -0,023064 
14,900000 -0,022863 
15,000000 -0,022881 
15,100000 -0,022779 
15,200000 -0,022771 
15,300000 -0,022871 
15,400000 -0,022931 
15,500000 -0,023007 
15,600000 -0,022725 
15,700000 -0,022737 
15,800000 -0,022606 
15,900000 -0,022965 
16,000000 -0,023007 
16,100000 -0,023545 
16,200000 -0,024089 
16,300000 -0,024866 
16,400000 -0,024735 
16,500000 -0,024551 
16,600000 -0,023779 
16,700000 -0,023267 
16,800000 -0,023087 
16,900000 -0,023223 
17,000000 -0,024151 
17,100000 -0,026400 
17,200000 -0,028395 
17,300000 -0,029678 
17,400000 -0,030010 
17,500000 -0,029188 
17,600000 -0,026848 
17,700000 -0,025114 
17,800000 -0,024430 
17,900000 -0,025502 
18,000000 -0,030337 
18,100000 -0,039048 
18,200000 -0,047087 
18,300000 -0,053215 
18,400000 -0,055642 
18,500000 -0,051524 
18,600000 -0,040563 
18,700000 -0,032339 
18,800000 -0,028213 
18,900000 -0,025673 
19,000000 -0,024702 
19,100000 -0,024398 
19,200000 -0,024368 
19,300000 -0,024183 
19,400000 -0,024134 
19,500000 -0,024608 
19,600000 -0,025454 
19,700000 -0,028373 
19,800000 -0,039206 
19,900000 -0,075956 
20,000000 -0,152226 
20,100000 -0,247029 
20,200000 -0,330365 
20,300000 -0,378316 
20,400000 -0,373203 
20,500000 -0,260750 
20,600000 -0,150331 
20,700000 -0,091356 
20,800000 -0,063153 
20,900000 -0,047280 
21,000000 -0,038163 
21,100000 -0,032317 
21,200000 -0,029081 
21,300000 -0,026969 
21,400000 -0,025630 
21,500000 -0,024491 
21,600000 -0,023937 
21,700000 -0,023553 
21,800000 -0,023438 
21,900000 -0,023301 
22,000000 -0,023059 
22,100000 -0,023074 
22,200000 -0,023101 
22,300000 -0,023147 
22,400000 -0,023023 
22,500000 -0,022883 
22,600000 -0,022811 
22,700000 -0,022716 
22,800000 -0,022836 
22,900000 -0,022722 
23,000000 -0,022646 
23,100000 -0,022687 
23,200000 -0,022585 
23,300000 -0,022622 
23,400000 -0,022822 
23,500000 -0,022628 
23,600000 -0,022719 
23,700000 -0,022609 
23,800000 -0,022633 
23,900000 -0,022641 
24,000000 -0,022658 
24,100000 -0,022567 
24,200000 -0,022862 
24,300000 -0,022558 
24,400000 -0,022734 
24,500000 -0,022626 
24,600000 -0,022661 
24,700000 -0,022590 
24,800000 -0,022761 
24,900000 -0,022505 
25,000000 -0,022625 
25,100000 -0,022782 
25,200000 -0,022600 
25,300000 -0,022576 
25,400000 -0,022756 
25,500000 -0,022621 
25,600000 -0,022712 
25,700000 -0,022687 
25,800000 -0,022561 
25,900000 -0,022632 
26,000000 -0,023018 
26,100000 -0,023290 
26,200000 -0,023553 
26,300000 -0,023455 
26,400000 -0,023505 
26,500000 -0,023401 
26,600000 -0,023032 
26,700000 -0,022774 
26,800000 -0,022840 
26,900000 -0,023236 
27,000000 -0,023616 
27,100000 -0,024044 
27,200000 -0,024587 
27,300000 -0,024781 
27,400000 -0,024720 
27,500000 -0,024311 
27,600000 -0,024483 
27,700000 -0,025931 
27,800000 -0,032399 
27,900000 -0,046413 
28,000000 -0,065154 
28,100000 -0,083663 
28,200000 -0,096106 
28,300000 -0,101194 
28,400000 -0,097017 
28,500000 -0,078385 
28,600000 -0,055875 
28,700000 -0,041227 
28,800000 -0,033862 
28,900000 -0,029318 
29,000000 -0,027360 
29,100000 -0,026218 
29,200000 -0,025523 
29,300000 -0,024872 
29,400000 -0,024488 
29,500000 -0,023908 
29,600000 -0,023231 
29,700000 -0,023184 
29,800000 -0,023215 
29,900000 -0,023327 
30,000000 -0,023460 
30,100000 -0,023720 
30,200000 -0,023919 
30,300000 -0,024075 
30,400000 -0,023836 
30,500000 -0,023505 
30,600000 -0,023102 
30,700000 -0,022952 
30,800000 -0,023083 
30,900000 -0,023590 
31,000000 -0,024060 
31,100000 -0,024782 
31,200000 -0,025055 
31,300000 -0,025293 
31,400000 -0,024904 
31,500000 -0,024219 
31,600000 -0,023459 
31,700000 -0,023213 
31,800000 -0,022983 
31,900000 -0,023276 
32,000000 -0,023451 
32,100000 -0,023626 
32,200000 -0,023837 
32,300000 -0,023822 
32,400000 -0,023937 
32,500000 -0,023591 
32,600000 -0,023115 
32,700000 -0,022763 
32,800000 -0,022815 
32,900000 -0,022745 
33,000000 -0,022690 
33,100000 -0,022738 
33,200000 -0,022802 
33,300000 -0,022689 
33,400000 -0,022715 
33,500000 -0,022774 
33,600000 -0,022729 
33,700000 -0,022766 
33,800000 -0,022628 
33,900000 -0,022479 
34,000000 -0,022394 
34,100000 -0,022590 
34,200000 -0,022710 
34,300000 -0,022719 
34,400000 -0,022579 
34,500000 -0,022544 
34,600000 -0,022556 
34,700000 -0,022481 
34,800000 -0,022528 
34,900000 -0,022532 
35,000000 -0,022418 
35,100000 -0,022377 
35,200000 -0,022362 
35,300000 -0,022577 
35,400000 -0,022591 
35,500000 -0,022618 
35,600000 -0,022482 
35,700000 -0,022578 
35,800000 -0,023342 
35,900000 -0,024226 
36,000000 -0,025575 
36,100000 -0,026719 
36,200000 -0,027202 
36,300000 -0,027004 
36,400000 -0,026502 
36,500000 -0,024974 
36,600000 -0,023720 
36,700000 -0,023179 
36,800000 -0,022928 
36,900000 -0,022764 
37,000000 -0,022453 
37,100000 -0,022625 
37,200000 -0,022772 
37,300000 -0,022539 
37,400000 -0,022485 
37,500000 -0,022461 
37,600000 -0,022603 
37,700000 -0,022672 
37,800000 -0,022853 
37,900000 -0,022949 
38,000000 -0,023113 
38,100000 -0,023389 
38,200000 -0,023485 
38,300000 -0,023463 
38,400000 -0,023374 
38,500000 -0,023138 
38,600000 -0,023091 
38,700000 -0,022973 
38,800000 -0,023103 
38,900000 -0,023359 
39,000000 -0,023577 
39,100000 -0,024153 
39,200000 -0,024983 
39,300000 -0,026594 
39,400000 -0,029131 
39,500000 -0,035314 
39,600000 -0,050942 
39,700000 -0,100583 
39,800000 -0,246467 
39,900000 -0,626593 
40,000000 -1,091011 
40,100000 -1,415430 
40,200000 -1,532355 
40,300000 -1,410532 
40,400000 -1,077472 
40,500000 -0,559875 
40,600000 -0,255976 
40,700000 -0,145657 
40,800000 -0,094529 
40,900000 -0,066988 
41,000000 -0,051216 
41,100000 -0,041502 
41,200000 -0,035435 
41,300000 -0,031844 
41,400000 -0,029136 
41,500000 -0,027343 
41,600000 -0,026281 
41,700000 -0,025341 
41,800000 -0,024601 
41,900000 -0,024325 
42,000000 -0,023830 
42,100000 -0,023744 
42,200000 -0,023568 
42,300000 -0,023496 
42,400000 -0,023494 
42,500000 -0,023263 
42,600000 -0,023344 
42,700000 -0,023270 
42,800000 -0,023167 
42,900000 -0,023135 
43,000000 -0,023173 
43,100000 -0,023245 
43,200000 -0,023320 
43,300000 -0,023236 
43,400000 -0,023382 
43,500000 -0,023012 
43,600000 -0,023031 
43,700000 -0,023117 
43,800000 -0,023675 
43,900000 -0,025382 
44,000000 -0,027344 
44,100000 -0,029200 
44,200000 -0,030563 
44,300000 -0,030682 
44,400000 -0,029570 
44,500000 -0,027216 
44,600000 -0,025090 
44,700000 -0,024025 
44,800000 -0,023467 
44,900000 -0,023173 
45,000000 -0,023049 
45,100000 -0,023165 
45,200000 -0,022991 
45,300000 -0,022943 
45,400000 -0,022871 
45,500000 -0,022735 
45,600000 -0,022660 
45,700000 -0,022689 
45,800000 -0,022590 
45,900000 -0,022677 
46,000000 -0,022513 
46,100000 -0,022739 
46,200000 -0,022752 
46,300000 -0,022758 
46,400000 -0,022693 
46,500000 -0,022567 
46,600000 -0,022565 
46,700000 -0,022816 
46,800000 -0,023070 
46,900000 -0,023333 
47,000000 -0,024489 
47,100000 -0,025625 
47,200000 -0,026152 
47,300000 -0,025997 
47,400000 -0,025493 
47,500000 -0,024386 
47,600000 -0,023574 
47,700000 -0,023105 
47,800000 -0,022848 
47,900000 -0,022849 
48,000000 -0,022925 
48,100000 -0,022818 
48,200000 -0,022906 
48,300000 -0,022752 
48,400000 -0,022560 
48,500000 -0,022608 
48,600000 -0,022620 
48,700000 -0,022545 
48,800000 -0,022521 
48,900000 -0,022553 
49,000000 -0,022618 
49,100000 -0,022759 
49,200000 -0,022456 
49,300000 -0,022519 
49,400000 -0,022540 
49,500000 -0,022496 
49,600000 -0,022601 
49,700000 -0,022671 
49,800000 -0,022709 
49,900000 -0,022867 
50,000000 -0,023218 
50,100000 -0,023708 
50,200000 -0,023719 
50,300000 -0,023914 
50,400000 -0,023663 
50,500000 -0,023369 
50,600000 -0,023081 
50,700000 -0,022929 
50,800000 -0,022865 
50,900000 -0,022864 
51,000000 -0,022857 
51,100000 -0,022995 
51,200000 -0,022802 
51,300000 -0,022971 
51,400000 -0,022893 
51,500000 -0,022806 
51,600000 -0,022831 
51,700000 -0,022744 
51,800000 -0,022588 
51,900000 -0,022666 
52,000000 -0,022637 
52,100000 -0,022550 
52,200000 -0,022654 
52,300000 -0,022509 
52,400000 -0,022626 
52,500000 -0,022536 
52,600000 -0,022564 
52,700000 -0,022468 
52,800000 -0,022574 
52,900000 -0,022566 
53,000000 -0,022448 
53,100000 -0,022738 
53,200000 -0,022777 
53,300000 -0,022571 
53,400000 -0,022713 
53,500000 -0,022653 
53,600000 -0,022560 
53,700000 -0,022732 
53,800000 -0,022623 
53,900000 -0,022481 
54,000000 -0,022584 
54,100000 -0,022554 
54,200000 -0,022687 
54,300000 -0,022734 
54,400000 -0,022421 
54,500000 -0,022605 
54,600000 -0,022674 
54,700000 -0,022498 
54,800000 -0,022777 
54,900000 -0,022602 
55,000000 -0,022598 
55,100000 -0,022475 
55,200000 -0,022502 
55,300000 -0,022747 
55,400000 -0,022639 
55,500000 -0,022506 
55,600000 -0,022532 
55,700000 -0,022369 
55,800000 -0,022363 
55,900000 -0,022732 
56,000000 -0,022625 
56,100000 -0,022611 
56,200000 -0,022666 
56,300000 -0,022535 
56,400000 -0,022766 
56,500000 -0,022610 
56,600000 -0,022553 
56,700000 -0,022517 
56,800000 -0,022433 
56,900000 -0,022747 
57,000000 -0,022788 
57,100000 -0,022742 
57,200000 -0,022683 
57,300000 -0,022688 
57,400000 -0,022470 
57,500000 -0,022447 
57,600000 -0,022719 
57,700000 -0,022798 
57,800000 -0,022645 
57,900000 -0,022403 
58,000000 -0,022282 
58,100000 -0,022450 
58,200000 -0,022774 
58,300000 -0,022703 
58,400000 -0,022515 
58,500000 -0,022381 
58,600000 -0,022523 
58,700000 -0,022599 
58,800000 -0,022455 
58,900000 -0,022608 
59,000000 -0,022637 
59,100000 -0,022658 
59,200000 -0,022456 
59,300000 -0,022607 
59,400000 -0,022721 
59,500000 -0,022581 
59,600000 -0,022406 
59,700000 -0,022459 
59,800000 -0,022426 
59,900000 -0,022518 
60,000000 -0,022598 
60,100000 -0,022575 
60,200000 -0,022467 
60,300000 -0,022594 
60,400000 -0,022641 
60,500000 -0,022543 
60,600000 -0,022584 
60,700000 -0,022402 
60,800000 -0,022405 
60,900000 -0,022469 
61,000000 -0,022579 
61,100000 -0,022531 
61,200000 -0,022492 
61,300000 -0,022536 
61,400000 -0,022471 
61,500000 -0,022645 
61,600000 -0,022553 
61,700000 -0,022654 
61,800000 -0,022445 
61,900000 -0,022430 
62,000000 -0,022523 
62,100000 -0,022530 
62,200000 -0,022667 
62,300000 -0,022589 
62,400000 -0,022601 
62,500000 -0,022469 
62,600000 -0,022502 
62,700000 -0,022442 
62,800000 -0,022612 
62,900000 -0,022605 
63,000000 -0,022423 
63,100000 -0,022492 
63,200000 -0,022495 
63,300000 -0,022715 
63,400000 -0,022851 
63,500000 -0,022686 
63,600000 -0,022598 
63,700000 -0,022495 
63,800000 -0,022562 
63,900000 -0,022743 
64,000000 -0,022610 
64,100000 -0,022737 
64,200000 -0,022584 
64,300000 -0,022574 
64,400000 -0,022682 
64,500000 -0,022669 
64,600000 -0,022541 
64,700000 -0,022227 
64,800000 -0,022303 
64,900000 -0,022585 
65,000000 -0,022626 
65,100000 -0,022601 
65,200000 -0,022608 
65,300000 -0,022562 
65,400000 -0,022587 
65,500000 -0,022767 
65,600000 -0,022816 
65,700000 -0,022698 
65,800000 -0,022666 
65,900000 -0,022750 
66,000000 -0,022743 
66,100000 -0,023108 
66,200000 -0,023351 
66,300000 -0,023553 
66,400000 -0,023409 
66,500000 -0,023039 
66,600000 -0,022828 
66,700000 -0,022616 
66,800000 -0,022631 
66,900000 -0,022683 
67,000000 -0,022546 
67,100000 -0,022456 
67,200000 -0,022601 
67,300000 -0,022583 
67,400000 -0,022636 
67,500000 -0,022538 
67,600000 -0,022477 
67,700000 -0,022525 
67,800000 -0,022632 
67,900000 -0,022494 
68,000000 -0,022514 
68,100000 -0,022339 
68,200000 -0,022305 
68,300000 -0,022328 
68,400000 -0,022509 
68,500000 -0,022630 
68,600000 -0,022576 
68,700000 -0,022512 
68,800000 -0,022509 
68,900000 -0,022767 
69,000000 -0,023302 
69,100000 -0,024262 
69,200000 -0,025690 
69,300000 -0,026739 
69,400000 -0,026934 
69,500000 -0,025979 
69,600000 -0,024513 
69,700000 -0,023676 
69,800000 -0,023114 
69,900000 -0,022937 
70,000000 -0,022705 
70,100000 -0,022749 
70,200000 -0,022530 
70,300000 -0,022599 
70,400000 -0,022588 
70,500000 -0,022585 
70,600000 -0,022582 
70,700000 -0,022603 
70,800000 -0,022541 
70,900000 -0,022526 
71,000000 -0,022400 
71,100000 -0,022516 
71,200000 -0,022555 
71,300000 -0,022484 
71,400000 -0,022573 
71,500000 -0,022368 
71,600000 -0,022354 
71,700000 -0,022518 
71,800000 -0,022580 
71,900000 -0,022589 
72,000000 -0,022459 
72,100000 -0,022363 
72,200000 -0,022572 
72,300000 -0,022402 
72,400000 -0,022363 
72,500000 -0,022668 
72,600000 -0,022396 
72,700000 -0,022376 
72,800000 -0,022495 
72,900000 -0,022442 
73,000000 -0,022474 
73,100000 -0,022564 
73,200000 -0,022412 
73,300000 -0,022390 
73,400000 -0,022530 
73,500000 -0,022563 
73,600000 -0,022474 
73,700000 -0,022434 
73,800000 -0,022402 
73,900000 -0,022345 
74,000000 -0,022511 
74,100000 -0,022461 
74,200000 -0,022517 
74,300000 -0,022387 
74,400000 -0,022418 
74,500000 -0,022403 
74,600000 -0,022495 
74,700000 -0,022717 
74,800000 -0,022470 
74,900000 -0,022635 
75,000000 -0,022425 
75,100000 -0,022552 
75,200000 -0,022484 
75,300000 -0,022574 
75,400000 -0,022508 
75,500000 -0,022444 
75,600000 -0,022438 
75,700000 -0,022395 
75,800000 -0,022565 
75,900000 -0,022487 
76,000000 -0,022526 
76,100000 -0,022528 
76,200000 -0,022510 
76,300000 -0,022528 
76,400000 -0,022379 
76,500000 -0,022536 
76,600000 -0,022667 
76,700000 -0,022471 
76,800000 -0,022429 
76,900000 -0,022533 
77,000000 -0,022583 
77,100000 -0,022503 
77,200000 -0,022643 
77,300000 -0,022370 
77,400000 -0,022522 
77,500000 -0,022603 
77,600000 -0,022573 
77,700000 -0,022691 
77,800000 -0,022512 
77,900000 -0,022298 
78,000000 -0,022397 
78,100000 -0,022592 
78,200000 -0,022619 
78,300000 -0,022672 
78,400000 -0,022491 
78,500000 -0,022531 
78,600000 -0,022551 
78,700000 -0,022396 
78,800000 -0,022768 
78,900000 -0,022511 
79,000000 -0,022393 
79,100000 -0,022483 
79,200000 -0,022684 
79,300000 -0,022705 
79,400000 -0,022572 
79,500000 -0,022564 
79,600000 -0,022491 
79,700000 -0,022583 
79,800000 -0,022644 
79,900000 -0,022737 
80,000000 -0,022632 
80,100000 -0,022436 
80,200000 -0,022455 
80,300000 -0,022651 
80,400000 -0,022722 
80,500000 -0,022704 
80,600000 -0,022365 
80,700000 -0,022580 
80,800000 -0,022447 
80,900000 -0,022584 
81,000000 -0,022624 
81,100000 -0,022663 
81,200000 -0,022678 
81,300000 -0,022400 
81,400000 -0,022646 
81,500000 -0,022783 
81,600000 -0,022576 
81,700000 -0,022564 
81,800000 -0,022502 
81,900000 -0,022497 
82,000000 -0,022539 
82,100000 -0,022630 
82,200000 -0,022549 
82,300000 -0,022434 
82,400000 -0,022388 
82,500000 -0,022607 
82,600000 -0,022694 
82,700000 -0,022573 
82,800000 -0,022506 
82,900000 -0,022704 
83,000000 -0,022438 
83,100000 -0,022582 
83,200000 -0,022676 
83,300000 -0,022719 
83,400000 -0,022630 
83,500000 -0,022528 
83,600000 -0,022395 
83,700000 -0,022636 
83,800000 -0,022594 
83,900000 -0,022512 
84,000000 -0,022553 
84,100000 -0,022441 
84,200000 -0,022428 
84,300000 -0,022411 
84,400000 -0,022659 
84,500000 -0,022708 
84,600000 -0,022558 
84,700000 -0,022531 
84,800000 -0,022579 
84,900000 -0,022565 
85,000000 -0,022555 
85,100000 -0,022583 
85,200000 -0,022587 
85,300000 -0,022553 
85,400000 -0,022631 
85,500000 -0,022555 
85,600000 -0,022628 
85,700000 -0,022703 
85,800000 -0,022532 
85,900000 -0,022335 
86,000000 -0,022607 
86,100000 -0,022621 
86,200000 -0,022577 
86,300000 -0,022652 
86,400000 -0,022615 
86,500000 -0,022431 
86,600000 -0,022501 
86,700000 -0,022725 
86,800000 -0,022543 
86,900000 -0,022531 
87,000000 -0,022574 
87,100000 -0,022562 
87,200000 -0,022612 
87,300000 -0,022552 
87,400000 -0,022400 
87,500000 -0,022533 
87,600000 -0,022353 
87,700000 -0,022552 
87,800000 -0,022466 
87,900000 -0,022369 
88,000000 -0,022422 
88,100000 -0,022402 
88,200000 -0,022480 
88,300000 -0,022575 
88,400000 -0,022496 
88,500000 -0,022621 
88,600000 -0,022352 
88,700000 -0,022471 
88,800000 -0,022621 
88,900000 -0,022477 
89,000000 -0,022445 
89,100000 -0,022603 
89,200000 -0,022506 
89,300000 -0,022490 
89,400000 -0,022539 
89,500000 -0,022509 
89,600000 -0,022572 
89,700000 -0,022487 
89,800000 -0,022469 
89,900000 -0,022466 
90,000000 -0,022521 
90,100000 -0,022464 
90,200000 -0,022684 
90,300000 -0,022477 
90,400000 -0,022518 
90,500000 -0,022576 
90,600000 -0,022429 
90,700000 -0,022496 
90,800000 -0,022503 
90,900000 -0,022557 
91,000000 -0,022411 
91,100000 -0,022434 
91,200000 -0,022504 
91,300000 -0,022684 
91,400000 -0,022632 
91,500000 -0,022518 
91,600000 -0,022373 
91,700000 -0,022615 
91,800000 -0,022651 
91,900000 -0,022555 
92,000000 -0,022492 
92,100000 -0,022431 
92,200000 -0,022365 
92,300000 -0,022511 
92,400000 -0,022659 
92,500000 -0,022678 
92,600000 -0,022468 
92,700000 -0,022611 
92,800000 -0,022824 
92,900000 -0,022728 
93,000000 -0,022591 
93,100000 -0,022745 
93,200000 -0,022504 
93,300000 -0,022327 
93,400000 -0,022487 
93,500000 -0,022519 
93,600000 -0,022434 
93,700000 -0,022458 
93,800000 -0,022445 
93,900000 -0,022329 
94,000000 -0,022526 
94,100000 -0,022429 
94,200000 -0,022479 
94,300000 -0,022489 
94,400000 -0,022451 
94,500000 -0,022667 
94,600000 -0,022516 
94,700000 -0,022412 
94,800000 -0,022524 
94,900000 -0,022440 
95,000000 -0,022583 
95,100000 -0,022522 
95,200000 -0,022459 
95,300000 -0,022625 
95,400000 -0,022663 
95,500000 -0,022535 
95,600000 -0,022351 
95,700000 -0,022460 
95,800000 -0,022562 
95,900000 -0,022474 
96,000000 -0,022454 
96,100000 -0,022480 
96,200000 -0,022373 
96,300000 -0,022622 
96,400000 -0,022527 
96,500000 -0,022617 
96,600000 -0,022455 
96,700000 -0,022452 
96,800000 -0,022494 
96,900000 -0,022438 
97,000000 -0,022599 
97,100000 -0,022563 
97,200000 -0,022525 
97,300000 -0,022474 
97,400000 -0,022557 
97,500000 -0,022580 
97,600000 -0,022658 
97,700000 -0,022557 
97,800000 -0,022495 
97,900000 -0,022591 
98,000000 -0,022693 
98,100000 -0,022525 
98,200000 -0,022505 
98,300000 -0,022415 
98,400000 -0,022523 
98,500000 -0,022465 
98,600000 -0,022505 
98,700000 -0,022726 
98,800000 -0,022630 
98,900000 -0,022404 
99,000000 -0,022406 
99,100000 -0,022538 
99,200000 -0,022681 
99,300000 -0,022736 
99,400000 -0,022746 
99,500000 -0,022575 
99,600000 -0,022377 
99,700000 -0,022530 
99,800000 -0,022516 
99,900000 -0,022663 
100,000000 -0,022581 
