0,000000 -0,360029 
0,100000 -0,219732 
0,200000 -0,167598 
0,300000 -0,143745 
0,400000 -0,132515 
0,500000 -0,125698 
0,600000 -0,122479 
0,700000 -0,120905 
0,800000 -0,119917 
0,900000 -0,119928 
1,000000 -0,119460 
1,100000 -0,119280 
1,200000 -0,119290 
1,300000 -0,120457 
1,400000 -0,120095 
1,500000 -0,120688 
1,600000 -0,120278 
1,700000 -0,120570 
1,800000 -0,121152 
1,900000 -0,102655 
2,000000 -0,073038 
2,100000 -0,065024 
2,200000 -0,052997 
2,300000 -0,041610 
2,400000 -0,035750 
2,500000 -0,033267 
2,600000 -0,033671 
2,700000 -0,043809 
2,800000 -0,149302 
2,900000 -0,356900 
3,000000 -0,456006 
3,100000 -0,285660 
3,200000 -0,145491 
3,300000 -0,086416 
3,400000 -0,058003 
3,500000 -0,043519 
3,600000 -0,035676 
3,700000 -0,030952 
3,800000 -0,028545 
3,900000 -0,027277 
4,000000 -0,025991 
4,100000 -0,034639 
4,200000 -0,042117 
4,300000 -0,081128 
4,400000 -0,048631 
4,500000 -0,047875 
4,600000 -0,097175 
4,700000 -0,057304 
4,800000 -0,040596 
4,900000 -0,032740 
5,000000 -0,028654 
5,100000 -0,026594 
5,200000 -0,025199 
5,300000 -0,024475 
5,400000 -0,024034 
5,500000 -0,023958 
5,600000 -0,023708 
5,700000 -0,023613 
5,800000 -0,023635 
5,900000 -0,023616 
6,000000 -0,023411 
6,100000 -0,023335 
6,200000 -0,023362 
6,300000 -0,023463 
6,400000 -0,023619 
6,500000 -0,023671 
6,600000 -0,023717 
6,700000 -0,023662 
6,800000 -0,023554 
6,900000 -0,023524 
7,000000 -0,023488 
7,100000 -0,023421 
7,200000 -0,023523 
7,300000 -0,023524 
7,400000 -0,023871 
7,500000 -0,024048 
7,600000 -0,024074 
7,700000 -0,023989 
7,800000 -0,023732 
7,900000 -0,023548 
8,000000 -0,023501 
8,100000 -0,023537 
8,200000 -0,023395 
8,300000 -0,023549 
8,400000 -0,023587 
8,500000 -0,023676 
8,600000 -0,023630 
8,700000 -0,023530 
8,800000 -0,023517 
8,900000 -0,023490 
9,000000 -0,023553 
9,100000 -0,023449 
9,200000 -0,023446 
9,300000 -0,023393 
9,400000 -0,023352 
9,500000 -0,023438 
9,600000 -0,023424 
9,700000 -0,023522 
9,800000 -0,023521 
9,900000 -0,023548 
10,000000 -0,023411 
10,100000 -0,023429 
10,200000 -0,023489 
10,300000 -0,023549 
10,400000 -0,023415 
10,500000 -0,023471 
10,600000 -0,023333 
10,700000 -0,023538 
10,800000 -0,023481 
10,900000 -0,023353 
11,000000 -0,023419 
11,100000 -0,023427 
11,200000 -0,023557 
11,300000 -0,023514 
11,400000 -0,023646 
11,500000 -0,023515 
11,600000 -0,023540 
11,700000 -0,023725 
11,800000 -0,023990 
11,900000 -0,024759 
12,000000 -0,028376 
12,100000 -0,039103 
12,200000 -0,055855 
12,300000 -0,070948 
12,400000 -0,078523 
12,500000 -0,078013 
12,600000 -0,067563 
12,700000 -0,049034 
12,800000 -0,037385 
12,900000 -0,033142 
13,000000 -0,036917 
13,100000 -0,052222 
13,200000 -0,074361 
13,300000 -0,092604 
13,400000 -0,100968 
13,500000 -0,100777 
13,600000 -0,085791 
13,700000 -0,064333 
13,800000 -0,053009 
13,900000 -0,057797 
14,000000 -0,090382 
14,100000 -0,166920 
14,200000 -0,260104 
14,300000 -0,329168 
14,400000 -0,353539 
14,500000 -0,332679 
14,600000 -0,238986 
14,700000 -0,141503 
14,800000 -0,091617 
14,900000 -0,083750 
15,000000 -0,124211 
15,100000 -0,229444 
15,200000 -0,353322 
15,300000 -0,442547 
15,400000 -0,464238 
15,500000 -0,430104 
15,600000 -0,301032 
15,700000 -0,173095 
15,800000 -0,104892 
15,900000 -0,092107 
16,000000 -0,126336 
16,100000 -0,206435 
16,200000 -0,287312 
16,300000 -0,342150 
16,400000 -0,352153 
16,500000 -0,321834 
16,600000 -0,221543 
16,700000 -0,129024 
16,800000 -0,084349 
16,900000 -0,078560 
17,000000 -0,107814 
17,100000 -0,158061 
17,200000 -0,202560 
17,300000 -0,225165 
17,400000 -0,225677 
17,500000 -0,193271 
17,600000 -0,131151 
17,700000 -0,088388 
17,800000 -0,085955 
17,900000 -0,134459 
18,000000 -0,263075 
18,100000 -0,446748 
18,200000 -0,583958 
18,300000 -0,644974 
18,400000 -0,637238 
18,500000 -0,514485 
18,600000 -0,284392 
18,700000 -0,152527 
18,800000 -0,099275 
18,900000 -0,082031 
19,000000 -0,088012 
19,100000 -0,108989 
19,200000 -0,124313 
19,300000 -0,127569 
19,400000 -0,129971 
19,500000 -0,113721 
19,600000 -0,081036 
19,700000 -0,061188 
19,800000 -0,062150 
19,900000 -0,085479 
20,000000 -0,129666 
20,100000 -0,174266 
20,200000 -0,203321 
20,300000 -0,215721 
20,400000 -0,215408 
20,500000 -0,161062 
20,600000 -0,099481 
20,700000 -0,064382 
20,800000 -0,046997 
20,900000 -0,038461 
21,000000 -0,032963 
21,100000 -0,029863 
21,200000 -0,028346 
21,300000 -0,027583 
21,400000 -0,027437 
21,500000 -0,027010 
21,600000 -0,027081 
21,700000 -0,027201 
21,800000 -0,027102 
21,900000 -0,027181 
22,000000 -0,027213 
22,100000 -0,026595 
22,200000 -0,026262 
22,300000 -0,025906 
22,400000 -0,025681 
22,500000 -0,024952 
22,600000 -0,024259 
22,700000 -0,023692 
22,800000 -0,023519 
22,900000 -0,023481 
23,000000 -0,023407 
23,100000 -0,023308 
23,200000 -0,023302 
23,300000 -0,023303 
23,400000 -0,023269 
23,500000 -0,023374 
23,600000 -0,023596 
23,700000 -0,024897 
23,800000 -0,028374 
23,900000 -0,035737 
24,000000 -0,044577 
24,100000 -0,052000 
24,200000 -0,056639 
24,300000 -0,057775 
24,400000 -0,056470 
24,500000 -0,050504 
24,600000 -0,041024 
24,700000 -0,038498 
24,800000 -0,047397 
24,900000 -0,070343 
25,000000 -0,100888 
25,100000 -0,125090 
25,200000 -0,140129 
25,300000 -0,145902 
25,400000 -0,140880 
25,500000 -0,121508 
25,600000 -0,088531 
25,700000 -0,091250 
25,800000 -0,148562 
25,900000 -0,280213 
26,000000 -0,461435 
26,100000 -0,596901 
26,200000 -0,674399 
26,300000 -0,686698 
26,400000 -0,641244 
26,500000 -0,498792 
26,600000 -0,290230 
26,700000 -0,199878 
26,800000 -0,230068 
26,900000 -0,379787 
27,000000 -0,593809 
27,100000 -0,765502 
27,200000 -0,851067 
27,300000 -0,858211 
27,400000 -0,796963 
27,500000 -0,623096 
27,600000 -0,433331 
27,700000 -0,484417 
27,800000 -0,976573 
27,900000 -1,920408 
28,000000 -2,918718 
28,100000 -3,518038 
28,200000 -3,702010 
28,300000 -3,569254 
28,400000 -3,108624 
28,500000 -2,067739 
28,600000 -0,907490 
28,700000 -0,405936 
28,800000 -0,327698 
28,900000 -0,412482 
29,000000 -0,535936 
29,100000 -0,643626 
29,200000 -0,684840 
29,300000 -0,670466 
29,400000 -0,598642 
29,500000 -0,437887 
29,600000 -0,248778 
29,700000 -0,149761 
29,800000 -0,124975 
29,900000 -0,144993 
30,000000 -0,173813 
30,100000 -0,194909 
30,200000 -0,208953 
30,300000 -0,209039 
30,400000 -0,192053 
30,500000 -0,160848 
30,600000 -0,129537 
30,700000 -0,199499 
30,800000 -0,453953 
30,900000 -0,917177 
31,000000 -1,417947 
31,100000 -1,721204 
31,200000 -1,823646 
31,300000 -1,772485 
31,400000 -1,542950 
31,500000 -1,052207 
31,600000 -0,514326 
31,700000 -0,262276 
31,800000 -0,216559 
31,900000 -0,229962 
32,000000 -0,270895 
32,100000 -0,301612 
32,200000 -0,309967 
32,300000 -0,299639 
32,400000 -0,261402 
32,500000 -0,183668 
32,600000 -0,110665 
32,700000 -0,070007 
32,800000 -0,052335 
32,900000 -0,045173 
33,000000 -0,042026 
33,100000 -0,040601 
33,200000 -0,039138 
33,300000 -0,037778 
33,400000 -0,036102 
33,500000 -0,032845 
33,600000 -0,029426 
33,700000 -0,027737 
33,800000 -0,027716 
33,900000 -0,028310 
34,000000 -0,029329 
34,100000 -0,030479 
34,200000 -0,030893 
34,300000 -0,030576 
34,400000 -0,029724 
34,500000 -0,028128 
34,600000 -0,026538 
34,700000 -0,025326 
34,800000 -0,024578 
34,900000 -0,024187 
35,000000 -0,024128 
35,100000 -0,023958 
35,200000 -0,024186 
35,300000 -0,023878 
35,400000 -0,023703 
35,500000 -0,023832 
35,600000 -0,023775 
35,700000 -0,024131 
35,800000 -0,024947 
35,900000 -0,026273 
36,000000 -0,027080 
36,100000 -0,027449 
36,200000 -0,027816 
36,300000 -0,027646 
36,400000 -0,027150 
36,500000 -0,025968 
36,600000 -0,025017 
36,700000 -0,024763 
36,800000 -0,026690 
36,900000 -0,028853 
37,000000 -0,031141 
37,100000 -0,032620 
37,200000 -0,033344 
37,300000 -0,033130 
37,400000 -0,032241 
37,500000 -0,029683 
37,600000 -0,027510 
37,700000 -0,026797 
37,800000 -0,028989 
37,900000 -0,033163 
38,000000 -0,037168 
38,100000 -0,040006 
38,200000 -0,041470 
38,300000 -0,041614 
38,400000 -0,039539 
38,500000 -0,035238 
38,600000 -0,031209 
38,700000 -0,031069 
38,800000 -0,039765 
38,900000 -0,053859 
39,000000 -0,068332 
39,100000 -0,078714 
39,200000 -0,084994 
39,300000 -0,086074 
39,400000 -0,081358 
39,500000 -0,070338 
39,600000 -0,066418 
39,700000 -0,085864 
39,800000 -0,157098 
39,900000 -0,291537 
40,000000 -0,410303 
40,100000 -0,477424 
40,200000 -0,494463 
40,300000 -0,461089 
40,400000 -0,367841 
40,500000 -0,221016 
40,600000 -0,125759 
40,700000 -0,085976 
40,800000 -0,075062 
40,900000 -0,096216 
41,000000 -0,124553 
41,100000 -0,147695 
41,200000 -0,158786 
41,300000 -0,158393 
41,400000 -0,145714 
41,500000 -0,112879 
41,600000 -0,078415 
41,700000 -0,059456 
41,800000 -0,059191 
41,900000 -0,085004 
42,000000 -0,116040 
42,100000 -0,138199 
42,200000 -0,150511 
42,300000 -0,154260 
42,400000 -0,139875 
42,500000 -0,109804 
42,600000 -0,077660 
42,700000 -0,063842 
42,800000 -0,073454 
42,900000 -0,127030 
43,000000 -0,190677 
43,100000 -0,237220 
43,200000 -0,261828 
43,300000 -0,265614 
43,400000 -0,242049 
43,500000 -0,183387 
43,600000 -0,116849 
43,700000 -0,081613 
43,800000 -0,076054 
43,900000 -0,102704 
44,000000 -0,134873 
44,100000 -0,157236 
44,200000 -0,166105 
44,300000 -0,166301 
44,400000 -0,149065 
44,500000 -0,112703 
44,600000 -0,082156 
44,700000 -0,077048 
44,800000 -0,108828 
44,900000 -0,237197 
45,000000 -0,394777 
45,100000 -0,515544 
45,200000 -0,574158 
45,300000 -0,576175 
45,400000 -0,511960 
45,500000 -0,369514 
45,600000 -0,211296 
45,700000 -0,129686 
45,800000 -0,108094 
45,900000 -0,136021 
46,000000 -0,207380 
46,100000 -0,270399 
46,200000 -0,305634 
46,300000 -0,312238 
46,400000 -0,284283 
46,500000 -0,218536 
46,600000 -0,136083 
46,700000 -0,084023 
46,800000 -0,059667 
46,900000 -0,048787 
47,000000 -0,046554 
47,100000 -0,046055 
47,200000 -0,045713 
47,300000 -0,044081 
47,400000 -0,041530 
47,500000 -0,036989 
47,600000 -0,031531 
47,700000 -0,028364 
47,800000 -0,027053 
47,900000 -0,026665 
48,000000 -0,026683 
48,100000 -0,027053 
48,200000 -0,027143 
48,300000 -0,026992 
48,400000 -0,026667 
48,500000 -0,025706 
48,600000 -0,024712 
48,700000 -0,024467 
48,800000 -0,024568 
48,900000 -0,025199 
49,000000 -0,026384 
49,100000 -0,027096 
49,200000 -0,027586 
49,300000 -0,027660 
49,400000 -0,027174 
49,500000 -0,026031 
49,600000 -0,024990 
49,700000 -0,024873 
49,800000 -0,025710 
49,900000 -0,028103 
50,000000 -0,031974 
50,100000 -0,034973 
50,200000 -0,036829 
50,300000 -0,037027 
50,400000 -0,035306 
50,500000 -0,031481 
50,600000 -0,028230 
50,700000 -0,026697 
50,800000 -0,026215 
50,900000 -0,027667 
51,000000 -0,030134 
51,100000 -0,032636 
51,200000 -0,034145 
51,300000 -0,034260 
51,400000 -0,033265 
51,500000 -0,030013 
51,600000 -0,027263 
51,700000 -0,025810 
51,800000 -0,025202 
51,900000 -0,025780 
52,000000 -0,027220 
52,100000 -0,028505 
52,200000 -0,029358 
52,300000 -0,029573 
52,400000 -0,029060 
52,500000 -0,027815 
52,600000 -0,025996 
52,700000 -0,024963 
52,800000 -0,024571 
52,900000 -0,024848 
53,000000 -0,025901 
53,100000 -0,027281 
53,200000 -0,027997 
53,300000 -0,028074 
53,400000 -0,027958 
53,500000 -0,026979 
53,600000 -0,025451 
53,700000 -0,024391 
53,800000 -0,024242 
53,900000 -0,024310 
54,000000 -0,024993 
54,100000 -0,026205 
54,200000 -0,026805 
54,300000 -0,026936 
54,400000 -0,026804 
54,500000 -0,025965 
54,600000 -0,024934 
54,700000 -0,024417 
54,800000 -0,024356 
54,900000 -0,025267 
55,000000 -0,026765 
55,100000 -0,028923 
55,200000 -0,030539 
55,300000 -0,031562 
55,400000 -0,031112 
55,500000 -0,029532 
55,600000 -0,027552 
55,700000 -0,026001 
55,800000 -0,026395 
55,900000 -0,028519 
56,000000 -0,034793 
56,100000 -0,042975 
56,200000 -0,050056 
56,300000 -0,054000 
56,400000 -0,053513 
56,500000 -0,048461 
56,600000 -0,039180 
56,700000 -0,032471 
56,800000 -0,029488 
56,900000 -0,030359 
57,000000 -0,036458 
57,100000 -0,045132 
57,200000 -0,053875 
57,300000 -0,058345 
57,400000 -0,058234 
57,500000 -0,053131 
57,600000 -0,042012 
57,700000 -0,033426 
57,800000 -0,028952 
57,900000 -0,027313 
58,000000 -0,026571 
58,100000 -0,026932 
58,200000 -0,027347 
58,300000 -0,027527 
58,400000 -0,027437 
58,500000 -0,026575 
58,600000 -0,025339 
58,700000 -0,024447 
58,800000 -0,023959 
58,900000 -0,023878 
59,000000 -0,024011 
59,100000 -0,024088 
59,200000 -0,024501 
59,300000 -0,024588 
59,400000 -0,024494 
59,500000 -0,024198 
59,600000 -0,023926 
59,700000 -0,023681 
59,800000 -0,023549 
59,900000 -0,023652 
60,000000 -0,023725 
60,100000 -0,023891 
60,200000 -0,024202 
60,300000 -0,024257 
60,400000 -0,024351 
60,500000 -0,024110 
60,600000 -0,023925 
60,700000 -0,023667 
60,800000 -0,023542 
60,900000 -0,023447 
61,000000 -0,023591 
61,100000 -0,023781 
61,200000 -0,023711 
61,300000 -0,023911 
61,400000 -0,023851 
61,500000 -0,023800 
61,600000 -0,023602 
61,700000 -0,023626 
61,800000 -0,023484 
61,900000 -0,023662 
62,000000 -0,023730 
62,100000 -0,023879 
62,200000 -0,023971 
62,300000 -0,024190 
62,400000 -0,024026 
62,500000 -0,023908 
62,600000 -0,023745 
62,700000 -0,023638 
62,800000 -0,023685 
62,900000 -0,023568 
63,000000 -0,023790 
63,100000 -0,023925 
63,200000 -0,024213 
63,300000 -0,024479 
63,400000 -0,024118 
63,500000 -0,023974 
63,600000 -0,023798 
63,700000 -0,023597 
63,800000 -0,023561 
63,900000 -0,023600 
64,000000 -0,023837 
64,100000 -0,023897 
64,200000 -0,024182 
64,300000 -0,024361 
64,400000 -0,024313 
64,500000 -0,024044 
64,600000 -0,023908 
64,700000 -0,023741 
64,800000 -0,023700 
64,900000 -0,023577 
65,000000 -0,023841 
65,100000 -0,023902 
65,200000 -0,024155 
65,300000 -0,024423 
65,400000 -0,024475 
65,500000 -0,024140 
65,600000 -0,023660 
65,700000 -0,023772 
65,800000 -0,023673 
65,900000 -0,023560 
66,000000 -0,023958 
66,100000 -0,024609 
66,200000 -0,025335 
66,300000 -0,025668 
66,400000 -0,025746 
66,500000 -0,025119 
66,600000 -0,024061 
66,700000 -0,023881 
66,800000 -0,023634 
66,900000 -0,023610 
67,000000 -0,023628 
67,100000 -0,023797 
67,200000 -0,023984 
67,300000 -0,024172 
67,400000 -0,024212 
67,500000 -0,024040 
67,600000 -0,023778 
67,700000 -0,023675 
67,800000 -0,023679 
67,900000 -0,023446 
68,000000 -0,023610 
68,100000 -0,023523 
68,200000 -0,023955 
68,300000 -0,024009 
68,400000 -0,024037 
68,500000 -0,023992 
68,600000 -0,023950 
68,700000 -0,023860 
68,800000 -0,023847 
68,900000 -0,024423 
69,000000 -0,026478 
69,100000 -0,029842 
69,200000 -0,033720 
69,300000 -0,036469 
69,400000 -0,036095 
69,500000 -0,033181 
69,600000 -0,029019 
69,700000 -0,026586 
69,800000 -0,025184 
69,900000 -0,024682 
70,000000 -0,024242 
70,100000 -0,024666 
70,200000 -0,025517 
70,300000 -0,026124 
70,400000 -0,026618 
70,500000 -0,026538 
70,600000 -0,025443 
70,700000 -0,024622 
70,800000 -0,024100 
70,900000 -0,023870 
71,000000 -0,023990 
71,100000 -0,025275 
71,200000 -0,027402 
71,300000 -0,029661 
71,400000 -0,031135 
71,500000 -0,030928 
71,600000 -0,028742 
71,700000 -0,026587 
71,800000 -0,025200 
71,900000 -0,024135 
72,000000 -0,023997 
72,100000 -0,023963 
72,200000 -0,024164 
72,300000 -0,024628 
72,400000 -0,024992 
72,500000 -0,025042 
72,600000 -0,024436 
72,700000 -0,023908 
72,800000 -0,023731 
72,900000 -0,023628 
73,000000 -0,023584 
73,100000 -0,023583 
73,200000 -0,023634 
73,300000 -0,023652 
73,400000 -0,023686 
73,500000 -0,023588 
73,600000 -0,023547 
73,700000 -0,023458 
73,800000 -0,023429 
73,900000 -0,023430 
74,000000 -0,023401 
74,100000 -0,023448 
74,200000 -0,023662 
74,300000 -0,023787 
74,400000 -0,023683 
74,500000 -0,023620 
74,600000 -0,023477 
74,700000 -0,023496 
74,800000 -0,023419 
74,900000 -0,023457 
75,000000 -0,023625 
75,100000 -0,023556 
75,200000 -0,023583 
75,300000 -0,023523 
75,400000 -0,023541 
75,500000 -0,023616 
75,600000 -0,023494 
75,700000 -0,023294 
75,800000 -0,023336 
75,900000 -0,023330 
76,000000 -0,023431 
76,100000 -0,023403 
76,200000 -0,023450 
76,300000 -0,023449 
76,400000 -0,023570 
76,500000 -0,023459 
76,600000 -0,023505 
76,700000 -0,023355 
76,800000 -0,023378 
76,900000 -0,023564 
77,000000 -0,023464 
77,100000 -0,023471 
77,200000 -0,023580 
77,300000 -0,023646 
77,400000 -0,023602 
77,500000 -0,023602 
77,600000 -0,023567 
77,700000 -0,023434 
77,800000 -0,023448 
77,900000 -0,023352 
78,000000 -0,023524 
78,100000 -0,023496 
78,200000 -0,023537 
78,300000 -0,023573 
78,400000 -0,023792 
78,500000 -0,023713 
78,600000 -0,023656 
78,700000 -0,023458 
78,800000 -0,023549 
78,900000 -0,023458 
79,000000 -0,023445 
79,100000 -0,023481 
79,200000 -0,023540 
79,300000 -0,023666 
79,400000 -0,023622 
79,500000 -0,023649 
79,600000 -0,023439 
79,700000 -0,023481 
79,800000 -0,023472 
79,900000 -0,023569 
80,000000 -0,023385 
80,100000 -0,023562 
80,200000 -0,023335 
80,300000 -0,023447 
80,400000 -0,023446 
80,500000 -0,023482 
80,600000 -0,023458 
80,700000 -0,023367 
80,800000 -0,023506 
80,900000 -0,023472 
81,000000 -0,023396 
81,100000 -0,023407 
81,200000 -0,023496 
81,300000 -0,023521 
81,400000 -0,023590 
81,500000 -0,023719 
81,600000 -0,023610 
81,700000 -0,023574 
81,800000 -0,023531 
81,900000 -0,023447 
82,000000 -0,023469 
82,100000 -0,023358 
82,200000 -0,023512 
82,300000 -0,023469 
82,400000 -0,023546 
82,500000 -0,023578 
82,600000 -0,023529 
82,700000 -0,023580 
82,800000 -0,023366 
82,900000 -0,023459 
83,000000 -0,023521 
83,100000 -0,023481 
83,200000 -0,023460 
83,300000 -0,023371 
83,400000 -0,023465 
83,500000 -0,023422 
83,600000 -0,023466 
83,700000 -0,023431 
83,800000 -0,023479 
83,900000 -0,023442 
84,000000 -0,023355 
84,100000 -0,023436 
84,200000 -0,023472 
84,300000 -0,023529 
84,400000 -0,023530 
84,500000 -0,023758 
84,600000 -0,023820 
84,700000 -0,023765 
84,800000 -0,023634 
84,900000 -0,023425 
85,000000 -0,023458 
85,100000 -0,023439 
85,200000 -0,023520 
85,300000 -0,023588 
85,400000 -0,023746 
85,500000 -0,023960 
85,600000 -0,024072 
85,700000 -0,023966 
85,800000 -0,023602 
85,900000 -0,023559 
86,000000 -0,023484 
86,100000 -0,023371 
86,200000 -0,023465 
86,300000 -0,023706 
86,400000 -0,024195 
86,500000 -0,024841 
86,600000 -0,025263 
86,700000 -0,024750 
86,800000 -0,024000 
86,900000 -0,023636 
87,000000 -0,023509 
87,100000 -0,023485 
87,200000 -0,023434 
87,300000 -0,023362 
87,400000 -0,023525 
87,500000 -0,023593 
87,600000 -0,023521 
87,700000 -0,023480 
87,800000 -0,023410 
87,900000 -0,023371 
88,000000 -0,023500 
88,100000 -0,023421 
88,200000 -0,023421 
88,300000 -0,023345 
88,400000 -0,023386 
88,500000 -0,023396 
88,600000 -0,023494 
88,700000 -0,023410 
88,800000 -0,023359 
88,900000 -0,023421 
89,000000 -0,023464 
89,100000 -0,023515 
89,200000 -0,023361 
89,300000 -0,023442 
89,400000 -0,023302 
89,500000 -0,023400 
89,600000 -0,023377 
89,700000 -0,023405 
89,800000 -0,023389 
89,900000 -0,023419 
90,000000 -0,023374 
90,100000 -0,023360 
90,200000 -0,023479 
90,300000 -0,023402 
90,400000 -0,023394 
90,500000 -0,023248 
90,600000 -0,023391 
90,700000 -0,023429 
90,800000 -0,023434 
90,900000 -0,023390 
91,000000 -0,023373 
91,100000 -0,023450 
91,200000 -0,023436 
91,300000 -0,023369 
91,400000 -0,023453 
91,500000 -0,023465 
91,600000 -0,023515 
91,700000 -0,023446 
91,800000 -0,023428 
91,900000 -0,023454 
92,000000 -0,023493 
92,100000 -0,023240 
92,200000 -0,023341 
92,300000 -0,023383 
92,400000 -0,023332 
92,500000 -0,023405 
92,600000 -0,023404 
92,700000 -0,023413 
92,800000 -0,023396 
92,900000 -0,023532 
93,000000 -0,023433 
93,100000 -0,023415 
93,200000 -0,023364 
93,300000 -0,023385 
93,400000 -0,023377 
93,500000 -0,023618 
93,600000 -0,023444 
93,700000 -0,023407 
93,800000 -0,023458 
93,900000 -0,023405 
94,000000 -0,023417 
94,100000 -0,023467 
94,200000 -0,023458 
94,300000 -0,023437 
94,400000 -0,023389 
94,500000 -0,023427 
94,600000 -0,023457 
94,700000 -0,023591 
94,800000 -0,023424 
94,900000 -0,023494 
95,000000 -0,023454 
95,100000 -0,023506 
95,200000 -0,023453 
95,300000 -0,023389 
95,400000 -0,023450 
95,500000 -0,023374 
95,600000 -0,023377 
95,700000 -0,023485 
95,800000 -0,023388 
95,900000 -0,023357 
96,000000 -0,023365 
96,100000 -0,023303 
96,200000 -0,023287 
96,300000 -0,023344 
96,400000 -0,023404 
96,500000 -0,023269 
96,600000 -0,023284 
96,700000 -0,023385 
96,800000 -0,023356 
96,900000 -0,023508 
97,000000 -0,023425 
97,100000 -0,023406 
97,200000 -0,023318 
97,300000 -0,023516 
97,400000 -0,023581 
97,500000 -0,023712 
97,600000 -0,023639 
97,700000 -0,023649 
97,800000 -0,023424 
97,900000 -0,023567 
98,000000 -0,023424 
98,100000 -0,023410 
98,200000 -0,023422 
98,300000 -0,023364 
98,400000 -0,023475 
98,500000 -0,023531 
98,600000 -0,023419 
98,700000 -0,023394 
98,800000 -0,023385 
98,900000 -0,023464 
99,000000 -0,023373 
99,100000 -0,023464 
99,200000 -0,023317 
99,300000 -0,023400 
99,400000 -0,023377 
99,500000 -0,023513 
99,600000 -0,023502 
99,700000 -0,023282 
99,800000 -0,023482 
99,900000 -0,023373 
100,000000 -0,023479 
