0,000000 -0,607996 
0,100000 -0,267851 
0,200000 -0,152115 
0,300000 -0,103330 
0,400000 -0,078450 
0,500000 -0,064714 
0,600000 -0,055869 
0,700000 -0,051208 
0,800000 -0,048326 
0,900000 -0,046221 
1,000000 -0,044717 
1,100000 -0,043974 
1,200000 -0,043021 
1,300000 -0,042810 
1,400000 -0,042662 
1,500000 -0,041385 
1,600000 -0,041146 
1,700000 -0,041141 
1,800000 -0,041075 
1,900000 -0,038183 
2,000000 -0,032783 
2,100000 -0,030096 
2,200000 -0,028312 
2,300000 -0,026825 
2,400000 -0,025661 
2,500000 -0,025117 
2,600000 -0,024937 
2,700000 -0,025080 
2,800000 -0,027129 
2,900000 -0,031608 
3,000000 -0,035650 
3,100000 -0,032188 
3,200000 -0,028662 
3,300000 -0,026410 
3,400000 -0,025372 
3,500000 -0,024801 
3,600000 -0,024666 
3,700000 -0,024451 
3,800000 -0,024479 
3,900000 -0,024283 
4,000000 -0,024410 
4,100000 -0,024317 
4,200000 -0,024283 
4,300000 -0,024274 
4,400000 -0,024417 
4,500000 -0,024279 
4,600000 -0,024255 
4,700000 -0,024195 
4,800000 -0,024232 
4,900000 -0,024026 
5,000000 -0,024103 
5,100000 -0,024170 
5,200000 -0,024237 
5,300000 -0,024158 
5,400000 -0,024054 
5,500000 -0,024171 
5,600000 -0,024115 
5,700000 -0,024197 
5,800000 -0,024187 
5,900000 -0,024153 
6,000000 -0,024209 
6,100000 -0,024148 
6,200000 -0,024160 
6,300000 -0,024195 
6,400000 -0,024174 
6,500000 -0,024244 
6,600000 -0,024105 
6,700000 -0,024225 
6,800000 -0,024145 
6,900000 -0,024060 
7,000000 -0,024062 
7,100000 -0,024191 
7,200000 -0,024076 
7,300000 -0,024349 
7,400000 -0,024363 
7,500000 -0,024232 
7,600000 -0,024209 
7,700000 -0,024157 
7,800000 -0,024222 
7,900000 -0,024199 
8,000000 -0,024026 
8,100000 -0,024125 
8,200000 -0,024091 
8,300000 -0,024128 
8,400000 -0,024263 
8,500000 -0,024217 
8,600000 -0,024016 
8,700000 -0,024120 
8,800000 -0,024119 
8,900000 -0,024144 
9,000000 -0,024210 
9,100000 -0,024212 
9,200000 -0,023976 
9,300000 -0,024032 
9,400000 -0,024045 
9,500000 -0,023953 
9,600000 -0,024157 
9,700000 -0,023961 
9,800000 -0,023929 
9,900000 -0,023919 
10,000000 -0,024020 
10,100000 -0,024171 
10,200000 -0,024092 
10,300000 -0,023961 
10,400000 -0,023940 
10,500000 -0,024026 
10,600000 -0,023789 
10,700000 -0,024068 
10,800000 -0,024118 
10,900000 -0,023995 
11,000000 -0,024048 
11,100000 -0,024180 
11,200000 -0,024022 
11,300000 -0,024129 
11,400000 -0,024076 
11,500000 -0,024066 
11,600000 -0,024072 
11,700000 -0,024020 
11,800000 -0,024133 
11,900000 -0,024250 
12,000000 -0,024390 
12,100000 -0,024583 
12,200000 -0,025685 
12,300000 -0,027687 
12,400000 -0,028610 
12,500000 -0,028500 
12,600000 -0,027524 
12,700000 -0,025752 
12,800000 -0,024860 
12,900000 -0,024443 
13,000000 -0,024314 
13,100000 -0,024489 
13,200000 -0,024901 
13,300000 -0,024830 
13,400000 -0,025530 
13,500000 -0,025552 
13,600000 -0,025464 
13,700000 -0,025145 
13,800000 -0,025390 
13,900000 -0,027163 
14,000000 -0,033251 
14,100000 -0,048943 
14,200000 -0,072442 
14,300000 -0,091584 
14,400000 -0,098563 
14,500000 -0,092553 
14,600000 -0,070851 
14,700000 -0,050327 
14,800000 -0,038229 
14,900000 -0,032310 
15,000000 -0,029734 
15,100000 -0,030373 
15,200000 -0,033098 
15,300000 -0,034989 
15,400000 -0,035602 
15,500000 -0,034500 
15,600000 -0,031171 
15,700000 -0,028170 
15,800000 -0,026448 
15,900000 -0,026628 
16,000000 -0,028813 
16,100000 -0,034546 
16,200000 -0,040692 
16,300000 -0,044454 
16,400000 -0,044807 
16,500000 -0,041451 
16,600000 -0,035122 
16,700000 -0,029875 
16,800000 -0,027681 
16,900000 -0,027713 
17,000000 -0,029933 
17,100000 -0,036041 
17,200000 -0,041665 
17,300000 -0,045391 
17,400000 -0,045128 
17,500000 -0,041598 
17,600000 -0,035264 
17,700000 -0,030266 
17,800000 -0,029098 
17,900000 -0,032262 
18,000000 -0,043652 
18,100000 -0,062177 
18,200000 -0,078303 
18,300000 -0,088301 
18,400000 -0,089034 
18,500000 -0,076709 
18,600000 -0,054887 
18,700000 -0,040054 
18,800000 -0,032511 
18,900000 -0,028853 
19,000000 -0,027116 
19,100000 -0,025912 
19,200000 -0,025331 
19,300000 -0,025372 
19,400000 -0,025241 
19,500000 -0,025000 
19,600000 -0,024727 
19,700000 -0,024632 
19,800000 -0,025500 
19,900000 -0,027935 
20,000000 -0,033171 
20,100000 -0,039630 
20,200000 -0,044250 
20,300000 -0,046095 
20,400000 -0,045697 
20,500000 -0,039950 
20,600000 -0,032702 
20,700000 -0,028571 
20,800000 -0,026348 
20,900000 -0,025060 
21,000000 -0,024684 
21,100000 -0,024507 
21,200000 -0,024292 
21,300000 -0,024363 
21,400000 -0,024255 
21,500000 -0,024219 
21,600000 -0,023989 
21,700000 -0,024134 
21,800000 -0,024152 
21,900000 -0,024165 
22,000000 -0,024326 
22,100000 -0,024295 
22,200000 -0,024437 
22,300000 -0,024440 
22,400000 -0,024320 
22,500000 -0,024224 
22,600000 -0,023981 
22,700000 -0,024109 
22,800000 -0,023913 
22,900000 -0,023950 
23,000000 -0,023888 
23,100000 -0,023851 
23,200000 -0,023921 
23,300000 -0,024018 
23,400000 -0,024115 
23,500000 -0,024084 
23,600000 -0,024110 
23,700000 -0,023746 
23,800000 -0,023976 
23,900000 -0,024170 
24,000000 -0,024312 
24,100000 -0,024447 
24,200000 -0,024587 
24,300000 -0,024555 
24,400000 -0,024468 
24,500000 -0,024354 
24,600000 -0,024033 
24,700000 -0,024155 
24,800000 -0,024003 
24,900000 -0,024398 
25,000000 -0,024965 
25,100000 -0,025539 
25,200000 -0,025856 
25,300000 -0,025805 
25,400000 -0,025685 
25,500000 -0,025026 
25,600000 -0,024614 
25,700000 -0,024554 
25,800000 -0,025796 
25,900000 -0,029198 
26,000000 -0,034485 
26,100000 -0,038566 
26,200000 -0,040486 
26,300000 -0,040774 
26,400000 -0,039663 
26,500000 -0,035842 
26,600000 -0,030787 
26,700000 -0,029285 
26,800000 -0,031127 
26,900000 -0,039605 
27,000000 -0,051259 
27,100000 -0,060463 
27,200000 -0,065896 
27,300000 -0,067457 
27,400000 -0,065061 
27,500000 -0,059303 
27,600000 -0,063924 
27,700000 -0,107793 
27,800000 -0,217760 
27,900000 -0,516544 
28,000000 -0,896710 
28,100000 -1,161402 
28,200000 -1,248926 
28,300000 -1,186531 
28,400000 -1,000405 
28,500000 -0,652975 
28,600000 -0,327468 
28,700000 -0,166166 
28,800000 -0,101479 
28,900000 -0,072296 
29,000000 -0,058294 
29,100000 -0,050697 
29,200000 -0,046510 
29,300000 -0,043235 
29,400000 -0,039656 
29,500000 -0,035125 
29,600000 -0,030768 
29,700000 -0,028981 
29,800000 -0,029143 
29,900000 -0,031154 
30,000000 -0,034088 
30,100000 -0,036250 
30,200000 -0,036991 
30,300000 -0,036234 
30,400000 -0,034582 
30,500000 -0,030968 
30,600000 -0,028251 
30,700000 -0,026554 
30,800000 -0,026171 
30,900000 -0,026908 
31,000000 -0,027919 
31,100000 -0,028610 
31,200000 -0,028925 
31,300000 -0,029053 
31,400000 -0,028775 
31,500000 -0,028473 
31,600000 -0,028835 
31,700000 -0,036603 
31,800000 -0,059403 
31,900000 -0,099037 
32,000000 -0,137295 
32,100000 -0,162229 
32,200000 -0,171004 
32,300000 -0,165880 
32,400000 -0,141868 
32,500000 -0,098162 
32,600000 -0,063613 
32,700000 -0,045421 
32,800000 -0,036140 
32,900000 -0,031135 
33,000000 -0,028477 
33,100000 -0,026899 
33,200000 -0,025957 
33,300000 -0,025396 
33,400000 -0,025014 
33,500000 -0,024573 
33,600000 -0,024481 
33,700000 -0,024489 
33,800000 -0,024548 
33,900000 -0,024502 
34,000000 -0,024665 
34,100000 -0,024647 
34,200000 -0,024666 
34,300000 -0,024734 
34,400000 -0,024540 
34,500000 -0,024494 
34,600000 -0,024356 
34,700000 -0,024145 
34,800000 -0,024151 
34,900000 -0,024233 
35,000000 -0,024171 
35,100000 -0,024062 
35,200000 -0,024174 
35,300000 -0,024204 
35,400000 -0,024131 
35,500000 -0,024176 
35,600000 -0,024195 
35,700000 -0,024122 
35,800000 -0,024108 
35,900000 -0,024208 
36,000000 -0,024278 
36,100000 -0,024439 
36,200000 -0,024330 
36,300000 -0,024380 
36,400000 -0,024259 
36,500000 -0,024212 
36,600000 -0,024339 
36,700000 -0,024100 
36,800000 -0,024187 
36,900000 -0,024255 
37,000000 -0,024471 
37,100000 -0,024485 
37,200000 -0,024530 
37,300000 -0,024537 
37,400000 -0,024399 
37,500000 -0,024291 
37,600000 -0,024189 
37,700000 -0,024268 
37,800000 -0,024357 
37,900000 -0,024351 
38,000000 -0,024583 
38,100000 -0,024781 
38,200000 -0,024995 
38,300000 -0,024796 
38,400000 -0,024501 
38,500000 -0,024419 
38,600000 -0,024211 
38,700000 -0,024240 
38,800000 -0,024424 
38,900000 -0,024800 
39,000000 -0,025109 
39,100000 -0,025663 
39,200000 -0,025947 
39,300000 -0,026011 
39,400000 -0,025675 
39,500000 -0,024927 
39,600000 -0,024788 
39,700000 -0,025386 
39,800000 -0,027487 
39,900000 -0,032735 
40,000000 -0,037490 
40,100000 -0,039625 
40,200000 -0,039967 
40,300000 -0,039067 
40,400000 -0,035730 
40,500000 -0,030731 
40,600000 -0,027732 
40,700000 -0,025918 
40,800000 -0,025343 
40,900000 -0,025740 
41,000000 -0,026563 
41,100000 -0,027231 
41,200000 -0,027547 
41,300000 -0,027269 
41,400000 -0,026688 
41,500000 -0,025557 
41,600000 -0,024849 
41,700000 -0,024523 
41,800000 -0,024409 
41,900000 -0,024868 
42,000000 -0,025917 
42,100000 -0,026196 
42,200000 -0,026478 
42,300000 -0,026479 
42,400000 -0,025887 
42,500000 -0,025348 
42,600000 -0,024859 
42,700000 -0,025007 
42,800000 -0,026514 
42,900000 -0,031718 
43,000000 -0,037956 
43,100000 -0,041972 
43,200000 -0,043688 
43,300000 -0,043196 
43,400000 -0,039948 
43,500000 -0,034902 
43,600000 -0,030234 
43,700000 -0,028529 
43,800000 -0,028845 
43,900000 -0,033875 
44,000000 -0,038815 
44,100000 -0,042066 
44,200000 -0,043577 
44,300000 -0,042236 
44,400000 -0,038594 
44,500000 -0,032632 
44,600000 -0,028599 
44,700000 -0,026579 
44,800000 -0,025266 
44,900000 -0,024906 
45,000000 -0,024977 
45,100000 -0,025108 
45,200000 -0,025179 
45,300000 -0,025037 
45,400000 -0,024805 
45,500000 -0,024473 
45,600000 -0,024368 
45,700000 -0,024179 
45,800000 -0,024070 
45,900000 -0,024229 
46,000000 -0,024318 
46,100000 -0,024411 
46,200000 -0,024521 
46,300000 -0,024473 
46,400000 -0,024457 
46,500000 -0,024331 
46,600000 -0,024216 
46,700000 -0,024211 
46,800000 -0,024282 
46,900000 -0,024600 
47,000000 -0,025170 
47,100000 -0,025665 
47,200000 -0,025940 
47,300000 -0,025718 
47,400000 -0,025555 
47,500000 -0,024753 
47,600000 -0,024341 
47,700000 -0,024224 
47,800000 -0,024061 
47,900000 -0,024137 
48,000000 -0,024352 
48,100000 -0,024382 
48,200000 -0,024258 
48,300000 -0,024208 
48,400000 -0,024180 
48,500000 -0,024256 
48,600000 -0,024161 
48,700000 -0,024023 
48,800000 -0,024067 
48,900000 -0,024056 
49,000000 -0,024141 
49,100000 -0,024185 
49,200000 -0,024342 
49,300000 -0,024206 
49,400000 -0,024159 
49,500000 -0,024182 
49,600000 -0,024088 
49,700000 -0,024083 
49,800000 -0,024176 
49,900000 -0,024493 
50,000000 -0,024766 
50,100000 -0,024961 
50,200000 -0,024933 
50,300000 -0,024986 
50,400000 -0,024812 
50,500000 -0,024602 
50,600000 -0,024370 
50,700000 -0,024160 
50,800000 -0,024344 
50,900000 -0,024375 
51,000000 -0,024603 
51,100000 -0,025043 
51,200000 -0,024966 
51,300000 -0,025080 
51,400000 -0,024839 
51,500000 -0,024519 
51,600000 -0,024315 
51,700000 -0,024182 
51,800000 -0,024270 
51,900000 -0,024316 
52,000000 -0,024445 
52,100000 -0,024686 
52,200000 -0,024675 
52,300000 -0,024541 
52,400000 -0,024569 
52,500000 -0,024298 
52,600000 -0,024013 
52,700000 -0,024053 
52,800000 -0,024177 
52,900000 -0,024181 
53,000000 -0,024249 
53,100000 -0,024226 
53,200000 -0,024029 
53,300000 -0,024108 
53,400000 -0,024077 
53,500000 -0,024123 
53,600000 -0,023963 
53,700000 -0,023987 
53,800000 -0,023984 
53,900000 -0,024010 
54,000000 -0,024033 
54,100000 -0,024015 
54,200000 -0,024124 
54,300000 -0,024063 
54,400000 -0,023944 
54,500000 -0,024184 
54,600000 -0,024201 
54,700000 -0,023968 
54,800000 -0,023928 
54,900000 -0,023977 
55,000000 -0,024071 
55,100000 -0,024121 
55,200000 -0,024210 
55,300000 -0,024069 
55,400000 -0,024221 
55,500000 -0,024016 
55,600000 -0,024115 
55,700000 -0,024018 
55,800000 -0,023935 
55,900000 -0,024191 
56,000000 -0,023997 
56,100000 -0,024022 
56,200000 -0,024147 
56,300000 -0,024103 
56,400000 -0,024175 
56,500000 -0,024119 
56,600000 -0,024012 
56,700000 -0,023881 
56,800000 -0,023999 
56,900000 -0,024084 
57,000000 -0,023947 
57,100000 -0,024176 
57,200000 -0,024143 
57,300000 -0,024102 
57,400000 -0,024125 
57,500000 -0,024099 
57,600000 -0,023953 
57,700000 -0,024202 
57,800000 -0,024247 
57,900000 -0,024464 
58,000000 -0,025052 
58,100000 -0,026234 
58,200000 -0,027404 
58,300000 -0,028156 
58,400000 -0,027661 
58,500000 -0,026480 
58,600000 -0,025187 
58,700000 -0,024566 
58,800000 -0,024352 
58,900000 -0,024309 
59,000000 -0,024133 
59,100000 -0,024249 
59,200000 -0,024286 
59,300000 -0,024388 
59,400000 -0,024093 
59,500000 -0,024199 
59,600000 -0,024206 
59,700000 -0,024086 
59,800000 -0,024195 
59,900000 -0,024043 
60,000000 -0,024128 
60,100000 -0,024222 
60,200000 -0,024015 
60,300000 -0,024061 
60,400000 -0,023959 
60,500000 -0,024064 
60,600000 -0,023990 
60,700000 -0,023990 
60,800000 -0,024002 
60,900000 -0,024196 
61,000000 -0,024146 
61,100000 -0,024017 
61,200000 -0,024012 
61,300000 -0,024119 
61,400000 -0,023977 
61,500000 -0,023995 
61,600000 -0,023820 
61,700000 -0,024025 
61,800000 -0,024145 
61,900000 -0,024080 
62,000000 -0,024174 
62,100000 -0,024134 
62,200000 -0,024173 
62,300000 -0,024167 
62,400000 -0,024208 
62,500000 -0,024148 
62,600000 -0,024172 
62,700000 -0,024055 
62,800000 -0,023895 
62,900000 -0,023934 
63,000000 -0,024139 
63,100000 -0,023907 
63,200000 -0,023955 
63,300000 -0,024004 
63,400000 -0,023908 
63,500000 -0,023711 
63,600000 -0,023840 
63,700000 -0,023970 
63,800000 -0,023645 
63,900000 -0,023852 
64,000000 -0,023989 
64,100000 -0,023815 
64,200000 -0,023867 
64,300000 -0,023915 
64,400000 -0,023901 
64,500000 -0,023867 
64,600000 -0,023835 
64,700000 -0,023770 
64,800000 -0,023833 
64,900000 -0,024002 
65,000000 -0,023718 
65,100000 -0,023915 
65,200000 -0,023757 
65,300000 -0,023865 
65,400000 -0,023746 
65,500000 -0,023668 
65,600000 -0,023923 
65,700000 -0,023806 
65,800000 -0,023887 
65,900000 -0,023788 
66,000000 -0,023978 
66,100000 -0,024264 
66,200000 -0,024553 
66,300000 -0,024568 
66,400000 -0,024390 
66,500000 -0,024203 
66,600000 -0,023921 
66,700000 -0,023696 
66,800000 -0,023918 
66,900000 -0,023858 
67,000000 -0,023787 
67,100000 -0,023760 
67,200000 -0,023918 
67,300000 -0,024007 
67,400000 -0,023823 
67,500000 -0,023775 
67,600000 -0,023682 
67,700000 -0,023698 
67,800000 -0,023794 
67,900000 -0,023810 
68,000000 -0,024070 
68,100000 -0,023819 
68,200000 -0,023712 
68,300000 -0,023834 
68,400000 -0,023964 
68,500000 -0,023723 
68,600000 -0,023929 
68,700000 -0,023906 
68,800000 -0,024059 
68,900000 -0,024097 
69,000000 -0,024769 
69,100000 -0,026030 
69,200000 -0,027119 
69,300000 -0,027702 
69,400000 -0,027478 
69,500000 -0,026519 
69,600000 -0,025032 
69,700000 -0,024664 
69,800000 -0,024290 
69,900000 -0,024208 
70,000000 -0,023949 
70,100000 -0,024130 
70,200000 -0,023913 
70,300000 -0,023912 
70,400000 -0,023823 
70,500000 -0,023718 
70,600000 -0,023926 
70,700000 -0,023828 
70,800000 -0,023616 
70,900000 -0,023708 
71,000000 -0,023760 
71,100000 -0,023753 
71,200000 -0,023716 
71,300000 -0,023760 
71,400000 -0,023823 
71,500000 -0,023789 
71,600000 -0,023915 
71,700000 -0,023842 
71,800000 -0,023873 
71,900000 -0,023783 
72,000000 -0,023775 
72,100000 -0,023842 
72,200000 -0,023848 
72,300000 -0,023770 
72,400000 -0,023898 
72,500000 -0,023773 
72,600000 -0,023963 
72,700000 -0,023921 
72,800000 -0,023906 
72,900000 -0,023851 
73,000000 -0,023837 
73,100000 -0,023790 
73,200000 -0,023786 
73,300000 -0,023899 
73,400000 -0,023774 
73,500000 -0,023703 
73,600000 -0,023830 
73,700000 -0,023732 
73,800000 -0,023785 
73,900000 -0,024061 
74,000000 -0,023837 
74,100000 -0,023794 
74,200000 -0,023736 
74,300000 -0,023770 
74,400000 -0,023864 
74,500000 -0,023796 
74,600000 -0,023731 
74,700000 -0,023786 
74,800000 -0,023965 
74,900000 -0,023594 
75,000000 -0,023593 
75,100000 -0,023737 
75,200000 -0,023719 
75,300000 -0,023788 
75,400000 -0,023843 
75,500000 -0,023963 
75,600000 -0,023739 
75,700000 -0,023730 
75,800000 -0,023738 
75,900000 -0,023583 
76,000000 -0,023880 
76,100000 -0,023887 
76,200000 -0,023707 
76,300000 -0,023649 
76,400000 -0,023651 
76,500000 -0,023671 
76,600000 -0,023780 
76,700000 -0,023734 
76,800000 -0,023620 
76,900000 -0,023813 
77,000000 -0,023810 
77,100000 -0,023738 
77,200000 -0,023690 
77,300000 -0,023487 
77,400000 -0,023683 
77,500000 -0,023659 
77,600000 -0,023625 
77,700000 -0,023831 
77,800000 -0,023551 
77,900000 -0,023683 
78,000000 -0,023901 
78,100000 -0,023799 
78,200000 -0,023796 
78,300000 -0,023735 
78,400000 -0,023720 
78,500000 -0,023675 
78,600000 -0,023782 
78,700000 -0,023859 
78,800000 -0,023619 
78,900000 -0,023712 
79,000000 -0,023623 
79,100000 -0,023775 
79,200000 -0,023803 
79,300000 -0,023823 
79,400000 -0,023662 
79,500000 -0,023660 
79,600000 -0,023649 
79,700000 -0,023857 
79,800000 -0,023688 
79,900000 -0,023686 
80,000000 -0,023590 
80,100000 -0,023659 
80,200000 -0,023572 
80,300000 -0,023760 
80,400000 -0,023705 
80,500000 -0,023687 
80,600000 -0,023738 
80,700000 -0,023720 
80,800000 -0,023737 
80,900000 -0,023811 
81,000000 -0,023700 
81,100000 -0,023774 
81,200000 -0,023907 
81,300000 -0,023936 
81,400000 -0,023819 
81,500000 -0,024033 
81,600000 -0,023529 
81,700000 -0,023766 
81,800000 -0,023900 
81,900000 -0,023764 
82,000000 -0,023653 
82,100000 -0,023771 
82,200000 -0,023802 
82,300000 -0,023759 
82,400000 -0,023944 
82,500000 -0,023838 
82,600000 -0,023663 
82,700000 -0,023858 
82,800000 -0,023825 
82,900000 -0,023819 
83,000000 -0,023798 
83,100000 -0,023824 
83,200000 -0,023650 
83,300000 -0,023667 
83,400000 -0,023713 
83,500000 -0,023846 
83,600000 -0,023792 
83,700000 -0,023714 
83,800000 -0,023911 
83,900000 -0,023859 
84,000000 -0,023797 
84,100000 -0,023895 
84,200000 -0,023845 
84,300000 -0,023812 
84,400000 -0,023796 
84,500000 -0,023707 
84,600000 -0,023913 
84,700000 -0,023824 
84,800000 -0,023853 
84,900000 -0,023667 
85,000000 -0,023738 
85,100000 -0,023818 
85,200000 -0,023820 
85,300000 -0,023789 
85,400000 -0,023837 
85,500000 -0,023823 
85,600000 -0,024006 
85,700000 -0,024118 
85,800000 -0,023997 
85,900000 -0,023868 
86,000000 -0,023912 
86,100000 -0,023790 
86,200000 -0,023901 
86,300000 -0,023897 
86,400000 -0,023899 
86,500000 -0,023666 
86,600000 -0,023758 
86,700000 -0,023763 
86,800000 -0,023873 
86,900000 -0,023784 
87,000000 -0,023887 
87,100000 -0,023916 
87,200000 -0,023899 
87,300000 -0,023808 
87,400000 -0,023852 
87,500000 -0,023593 
87,600000 -0,023699 
87,700000 -0,023703 
87,800000 -0,023792 
87,900000 -0,023555 
88,000000 -0,023829 
88,100000 -0,023768 
88,200000 -0,023835 
88,300000 -0,023682 
88,400000 -0,023789 
88,500000 -0,023715 
88,600000 -0,023762 
88,700000 -0,023765 
88,800000 -0,023704 
88,900000 -0,023915 
89,000000 -0,023721 
89,100000 -0,023654 
89,200000 -0,023734 
89,300000 -0,023850 
89,400000 -0,023847 
89,500000 -0,023942 
89,600000 -0,023751 
89,700000 -0,023635 
89,800000 -0,023915 
89,900000 -0,023798 
90,000000 -0,023671 
90,100000 -0,023620 
90,200000 -0,023916 
90,300000 -0,023712 
90,400000 -0,023853 
90,500000 -0,023738 
90,600000 -0,023675 
90,700000 -0,023827 
90,800000 -0,023716 
90,900000 -0,023799 
91,000000 -0,023908 
91,100000 -0,023904 
91,200000 -0,023972 
91,300000 -0,023777 
91,400000 -0,023807 
91,500000 -0,023807 
91,600000 -0,023749 
91,700000 -0,023715 
91,800000 -0,023763 
91,900000 -0,023801 
92,000000 -0,023699 
92,100000 -0,023744 
92,200000 -0,023718 
92,300000 -0,023766 
92,400000 -0,023747 
92,500000 -0,023636 
92,600000 -0,023701 
92,700000 -0,023718 
92,800000 -0,023682 
92,900000 -0,023764 
93,000000 -0,023701 
93,100000 -0,023984 
93,200000 -0,023895 
93,300000 -0,023779 
93,400000 -0,023779 
93,500000 -0,023712 
93,600000 -0,023806 
93,700000 -0,023816 
93,800000 -0,023948 
93,900000 -0,023640 
94,000000 -0,023577 
94,100000 -0,023705 
94,200000 -0,023847 
94,300000 -0,023677 
94,400000 -0,023652 
94,500000 -0,023960 
94,600000 -0,023747 
94,700000 -0,023906 
94,800000 -0,023668 
94,900000 -0,023930 
95,000000 -0,023755 
95,100000 -0,023710 
95,200000 -0,023851 
95,300000 -0,023806 
95,400000 -0,023794 
95,500000 -0,023679 
95,600000 -0,023668 
95,700000 -0,023762 
95,800000 -0,023646 
95,900000 -0,023806 
96,000000 -0,023630 
96,100000 -0,023719 
96,200000 -0,023763 
96,300000 -0,023583 
96,400000 -0,023697 
96,500000 -0,023764 
96,600000 -0,023699 
96,700000 -0,023757 
96,800000 -0,023648 
96,900000 -0,023759 
97,000000 -0,023710 
97,100000 -0,023831 
97,200000 -0,023955 
97,300000 -0,023984 
97,400000 -0,024021 
97,500000 -0,024014 
97,600000 -0,023919 
97,700000 -0,023859 
97,800000 -0,023914 
97,900000 -0,023902 
98,000000 -0,023680 
98,100000 -0,023842 
98,200000 -0,023699 
98,300000 -0,023628 
98,400000 -0,023658 
98,500000 -0,023847 
98,600000 -0,023693 
98,700000 -0,023698 
98,800000 -0,023714 
98,900000 -0,023629 
99,000000 -0,023743 
99,100000 -0,023747 
99,200000 -0,023741 
99,300000 -0,023655 
99,400000 -0,023720 
99,500000 -0,023701 
99,600000 -0,023814 
99,700000 -0,023821 
99,800000 -0,023803 
99,900000 -0,023730 
100,000000 -0,023904 
