0,000000 -0,606310 
0,100000 -0,265773 
0,200000 -0,149435 
0,300000 -0,099756 
0,400000 -0,075669 
0,500000 -0,063468 
0,600000 -0,054885 
0,700000 -0,050388 
0,800000 -0,046840 
0,900000 -0,045173 
1,000000 -0,044299 
1,100000 -0,043458 
1,200000 -0,042814 
1,300000 -0,042872 
1,400000 -0,041924 
1,500000 -0,041836 
1,600000 -0,041724 
1,700000 -0,041382 
1,800000 -0,041159 
1,900000 -0,038155 
2,000000 -0,032519 
2,100000 -0,030186 
2,200000 -0,027984 
2,300000 -0,026697 
2,400000 -0,026017 
2,500000 -0,025483 
2,600000 -0,025382 
2,700000 -0,025543 
2,800000 -0,027605 
2,900000 -0,033668 
3,000000 -0,038189 
3,100000 -0,033556 
3,200000 -0,029180 
3,300000 -0,026735 
3,400000 -0,025653 
3,500000 -0,024918 
3,600000 -0,024762 
3,700000 -0,024622 
3,800000 -0,024233 
3,900000 -0,024237 
4,000000 -0,024277 
4,100000 -0,024134 
4,200000 -0,024132 
4,300000 -0,024131 
4,400000 -0,024123 
4,500000 -0,024220 
4,600000 -0,024234 
4,700000 -0,024098 
4,800000 -0,023873 
4,900000 -0,024050 
5,000000 -0,024125 
5,100000 -0,024200 
5,200000 -0,024047 
5,300000 -0,023943 
5,400000 -0,024022 
5,500000 -0,023895 
5,600000 -0,023983 
5,700000 -0,023846 
5,800000 -0,023977 
5,900000 -0,023899 
6,000000 -0,023825 
6,100000 -0,023989 
6,200000 -0,024103 
6,300000 -0,023879 
6,400000 -0,023846 
6,500000 -0,024036 
6,600000 -0,023885 
6,700000 -0,023878 
6,800000 -0,023953 
6,900000 -0,023903 
7,000000 -0,024046 
7,100000 -0,023848 
7,200000 -0,023960 
7,300000 -0,023979 
7,400000 -0,024192 
7,500000 -0,024227 
7,600000 -0,024057 
7,700000 -0,024079 
7,800000 -0,024062 
7,900000 -0,024009 
8,000000 -0,024238 
8,100000 -0,023972 
8,200000 -0,024091 
8,300000 -0,024064 
8,400000 -0,023945 
8,500000 -0,024090 
8,600000 -0,024063 
8,700000 -0,023897 
8,800000 -0,023928 
8,900000 -0,023895 
9,000000 -0,024019 
9,100000 -0,023916 
9,200000 -0,023840 
9,300000 -0,023956 
9,400000 -0,023861 
9,500000 -0,024048 
9,600000 -0,024020 
9,700000 -0,023889 
9,800000 -0,023932 
9,900000 -0,024081 
10,000000 -0,024042 
10,100000 -0,023942 
10,200000 -0,023738 
10,300000 -0,023981 
10,400000 -0,023982 
10,500000 -0,024067 
10,600000 -0,023771 
10,700000 -0,023788 
10,800000 -0,024095 
10,900000 -0,023750 
11,000000 -0,024062 
11,100000 -0,023935 
11,200000 -0,023946 
11,300000 -0,023963 
11,400000 -0,023850 
11,500000 -0,023942 
11,600000 -0,023827 
11,700000 -0,023886 
11,800000 -0,023949 
11,900000 -0,023937 
12,000000 -0,024145 
12,100000 -0,024772 
12,200000 -0,025917 
12,300000 -0,027460 
12,400000 -0,028100 
12,500000 -0,028294 
12,600000 -0,027224 
12,700000 -0,025821 
12,800000 -0,024908 
12,900000 -0,024503 
13,000000 -0,024374 
13,100000 -0,024531 
13,200000 -0,024898 
13,300000 -0,025300 
13,400000 -0,025723 
13,500000 -0,025868 
13,600000 -0,025334 
13,700000 -0,025173 
13,800000 -0,025396 
13,900000 -0,027094 
14,000000 -0,033129 
14,100000 -0,048661 
14,200000 -0,072544 
14,300000 -0,091127 
14,400000 -0,099168 
14,500000 -0,092383 
14,600000 -0,070402 
14,700000 -0,049660 
14,800000 -0,038261 
14,900000 -0,031988 
15,000000 -0,029708 
15,100000 -0,030551 
15,200000 -0,032866 
15,300000 -0,035285 
15,400000 -0,035886 
15,500000 -0,034721 
15,600000 -0,031352 
15,700000 -0,028279 
15,800000 -0,026342 
15,900000 -0,026608 
16,000000 -0,028947 
16,100000 -0,033981 
16,200000 -0,039772 
16,300000 -0,043650 
16,400000 -0,044144 
16,500000 -0,041283 
16,600000 -0,034769 
16,700000 -0,029526 
16,800000 -0,027396 
16,900000 -0,027280 
17,000000 -0,029803 
17,100000 -0,035628 
17,200000 -0,041185 
17,300000 -0,044344 
17,400000 -0,044294 
17,500000 -0,040853 
17,600000 -0,034353 
17,700000 -0,030028 
17,800000 -0,028812 
17,900000 -0,032019 
18,000000 -0,043673 
18,100000 -0,062114 
18,200000 -0,078593 
18,300000 -0,087793 
18,400000 -0,088935 
18,500000 -0,076560 
18,600000 -0,055215 
18,700000 -0,039970 
18,800000 -0,032353 
18,900000 -0,028688 
19,000000 -0,026993 
19,100000 -0,026112 
19,200000 -0,025698 
19,300000 -0,025701 
19,400000 -0,025348 
19,500000 -0,025190 
19,600000 -0,024872 
19,700000 -0,024697 
19,800000 -0,025526 
19,900000 -0,027433 
20,000000 -0,033209 
20,100000 -0,039580 
20,200000 -0,044357 
20,300000 -0,046181 
20,400000 -0,045854 
20,500000 -0,039979 
20,600000 -0,032664 
20,700000 -0,028431 
20,800000 -0,026486 
20,900000 -0,025484 
21,000000 -0,024680 
21,100000 -0,024258 
21,200000 -0,024166 
21,300000 -0,024002 
21,400000 -0,024028 
21,500000 -0,023823 
21,600000 -0,023998 
21,700000 -0,023871 
21,800000 -0,023961 
21,900000 -0,024112 
22,000000 -0,024124 
22,100000 -0,024214 
22,200000 -0,024366 
22,300000 -0,024229 
22,400000 -0,024231 
22,500000 -0,024019 
22,600000 -0,023856 
22,700000 -0,023894 
22,800000 -0,023814 
22,900000 -0,023711 
23,000000 -0,023673 
23,100000 -0,023628 
23,200000 -0,023527 
23,300000 -0,023842 
23,400000 -0,023748 
23,500000 -0,023659 
23,600000 -0,023572 
23,700000 -0,023562 
23,800000 -0,023718 
23,900000 -0,023809 
24,000000 -0,024303 
24,100000 -0,024713 
24,200000 -0,024658 
24,300000 -0,024769 
24,400000 -0,024570 
24,500000 -0,024252 
24,600000 -0,023814 
24,700000 -0,023799 
24,800000 -0,023913 
24,900000 -0,024541 
25,000000 -0,025351 
25,100000 -0,025933 
25,200000 -0,026423 
25,300000 -0,026698 
25,400000 -0,026373 
25,500000 -0,025736 
25,600000 -0,024878 
25,700000 -0,024821 
25,800000 -0,026129 
25,900000 -0,029725 
26,000000 -0,035435 
26,100000 -0,039565 
26,200000 -0,042190 
26,300000 -0,042263 
26,400000 -0,041232 
26,500000 -0,037005 
26,600000 -0,031728 
26,700000 -0,029475 
26,800000 -0,031044 
26,900000 -0,038216 
27,000000 -0,048696 
27,100000 -0,057167 
27,200000 -0,062149 
27,300000 -0,063747 
27,400000 -0,062079 
27,500000 -0,056702 
27,600000 -0,061937 
27,700000 -0,104992 
27,800000 -0,212272 
27,900000 -0,504476 
28,000000 -0,881642 
28,100000 -1,142122 
28,200000 -1,229991 
28,300000 -1,172799 
28,400000 -0,988001 
28,500000 -0,647116 
28,600000 -0,323693 
28,700000 -0,165678 
28,800000 -0,100977 
28,900000 -0,073273 
29,000000 -0,058890 
29,100000 -0,051493 
29,200000 -0,046545 
29,300000 -0,042985 
29,400000 -0,039893 
29,500000 -0,035294 
29,600000 -0,031193 
29,700000 -0,028854 
29,800000 -0,028561 
29,900000 -0,030392 
30,000000 -0,032043 
30,100000 -0,033598 
30,200000 -0,034103 
30,300000 -0,033783 
30,400000 -0,032431 
30,500000 -0,029771 
30,600000 -0,027235 
30,700000 -0,026265 
30,800000 -0,026075 
30,900000 -0,026338 
31,000000 -0,027373 
31,100000 -0,028234 
31,200000 -0,028501 
31,300000 -0,028579 
31,400000 -0,028366 
31,500000 -0,027986 
31,600000 -0,028597 
31,700000 -0,036122 
31,800000 -0,057722 
31,900000 -0,097461 
32,000000 -0,134528 
32,100000 -0,159133 
32,200000 -0,168381 
32,300000 -0,163562 
32,400000 -0,140506 
32,500000 -0,099178 
32,600000 -0,064543 
32,700000 -0,045961 
32,800000 -0,036936 
32,900000 -0,031555 
33,000000 -0,028643 
33,100000 -0,027122 
33,200000 -0,026348 
33,300000 -0,025864 
33,400000 -0,025301 
33,500000 -0,024819 
33,600000 -0,024379 
33,700000 -0,024458 
33,800000 -0,024362 
33,900000 -0,024492 
34,000000 -0,024705 
34,100000 -0,024753 
34,200000 -0,024758 
34,300000 -0,024863 
34,400000 -0,024733 
34,500000 -0,024323 
34,600000 -0,024265 
34,700000 -0,024023 
34,800000 -0,024063 
34,900000 -0,024041 
35,000000 -0,023819 
35,100000 -0,023817 
35,200000 -0,024004 
35,300000 -0,023955 
35,400000 -0,023886 
35,500000 -0,023844 
35,600000 -0,023738 
35,700000 -0,024034 
35,800000 -0,023895 
35,900000 -0,023919 
36,000000 -0,024107 
36,100000 -0,024231 
36,200000 -0,023995 
36,300000 -0,024225 
36,400000 -0,024287 
36,500000 -0,024031 
36,600000 -0,024216 
36,700000 -0,023893 
36,800000 -0,024019 
36,900000 -0,024099 
37,000000 -0,024466 
37,100000 -0,024612 
37,200000 -0,024694 
37,300000 -0,024514 
37,400000 -0,024498 
37,500000 -0,024309 
37,600000 -0,024129 
37,700000 -0,023893 
37,800000 -0,024059 
37,900000 -0,024365 
38,000000 -0,024811 
38,100000 -0,025205 
38,200000 -0,025234 
38,300000 -0,025272 
38,400000 -0,024823 
38,500000 -0,024488 
38,600000 -0,024284 
38,700000 -0,024044 
38,800000 -0,024470 
38,900000 -0,025108 
39,000000 -0,025533 
39,100000 -0,026080 
39,200000 -0,026250 
39,300000 -0,026197 
39,400000 -0,026009 
39,500000 -0,025409 
39,600000 -0,025144 
39,700000 -0,025977 
39,800000 -0,027446 
39,900000 -0,032515 
40,000000 -0,037293 
40,100000 -0,040026 
40,200000 -0,040718 
40,300000 -0,039218 
40,400000 -0,035887 
40,500000 -0,030827 
40,600000 -0,027469 
40,700000 -0,026049 
40,800000 -0,025458 
40,900000 -0,025820 
41,000000 -0,026542 
41,100000 -0,027029 
41,200000 -0,027318 
41,300000 -0,026951 
41,400000 -0,026695 
41,500000 -0,026020 
41,600000 -0,025017 
41,700000 -0,024573 
41,800000 -0,024672 
41,900000 -0,025431 
42,000000 -0,025986 
42,100000 -0,026351 
42,200000 -0,026546 
42,300000 -0,026535 
42,400000 -0,026368 
42,500000 -0,025738 
42,600000 -0,025225 
42,700000 -0,025433 
42,800000 -0,026454 
42,900000 -0,031573 
43,000000 -0,037858 
43,100000 -0,041732 
43,200000 -0,043514 
43,300000 -0,042936 
43,400000 -0,040294 
43,500000 -0,034667 
43,600000 -0,029801 
43,700000 -0,027911 
43,800000 -0,028179 
43,900000 -0,033028 
44,000000 -0,038056 
44,100000 -0,040864 
44,200000 -0,041655 
44,300000 -0,040918 
44,400000 -0,037436 
44,500000 -0,031973 
44,600000 -0,027906 
44,700000 -0,026271 
44,800000 -0,025334 
44,900000 -0,025272 
45,000000 -0,025448 
45,100000 -0,025530 
45,200000 -0,025589 
45,300000 -0,025250 
45,400000 -0,025158 
45,500000 -0,024699 
45,600000 -0,024177 
45,700000 -0,024200 
45,800000 -0,023885 
45,900000 -0,024180 
46,000000 -0,024186 
46,100000 -0,024400 
46,200000 -0,024610 
46,300000 -0,024525 
46,400000 -0,024448 
46,500000 -0,024272 
46,600000 -0,024065 
46,700000 -0,024211 
46,800000 -0,024346 
46,900000 -0,024844 
47,000000 -0,025548 
47,100000 -0,025898 
47,200000 -0,026186 
47,300000 -0,026098 
47,400000 -0,025556 
47,500000 -0,024941 
47,600000 -0,024431 
47,700000 -0,024231 
47,800000 -0,024154 
47,900000 -0,024101 
48,000000 -0,024148 
48,100000 -0,023977 
48,200000 -0,024103 
48,300000 -0,024137 
48,400000 -0,024155 
48,500000 -0,023965 
48,600000 -0,023983 
48,700000 -0,024000 
48,800000 -0,023895 
48,900000 -0,023927 
49,000000 -0,023935 
49,100000 -0,024041 
49,200000 -0,024216 
49,300000 -0,024047 
49,400000 -0,023886 
49,500000 -0,024091 
49,600000 -0,024162 
49,700000 -0,023878 
49,800000 -0,024040 
49,900000 -0,024322 
50,000000 -0,024907 
50,100000 -0,025235 
50,200000 -0,025572 
50,300000 -0,025556 
50,400000 -0,025306 
50,500000 -0,024709 
50,600000 -0,024435 
50,700000 -0,024081 
50,800000 -0,024103 
50,900000 -0,024389 
51,000000 -0,024665 
51,100000 -0,025255 
51,200000 -0,025111 
51,300000 -0,025052 
51,400000 -0,024897 
51,500000 -0,024604 
51,600000 -0,024422 
51,700000 -0,024174 
51,800000 -0,024062 
51,900000 -0,024080 
52,000000 -0,024513 
52,100000 -0,024604 
52,200000 -0,024748 
52,300000 -0,024762 
52,400000 -0,024649 
52,500000 -0,024234 
52,600000 -0,024161 
52,700000 -0,024067 
52,800000 -0,024018 
52,900000 -0,024041 
53,000000 -0,023955 
53,100000 -0,023935 
53,200000 -0,024213 
53,300000 -0,023979 
53,400000 -0,024125 
53,500000 -0,023954 
53,600000 -0,023928 
53,700000 -0,023882 
53,800000 -0,023899 
53,900000 -0,024002 
54,000000 -0,023746 
54,100000 -0,023926 
54,200000 -0,023914 
54,300000 -0,024002 
54,400000 -0,023870 
54,500000 -0,023961 
54,600000 -0,023885 
54,700000 -0,023887 
54,800000 -0,023785 
54,900000 -0,023920 
55,000000 -0,023960 
55,100000 -0,024153 
55,200000 -0,023850 
55,300000 -0,023855 
55,400000 -0,024033 
55,500000 -0,023999 
55,600000 -0,023910 
55,700000 -0,023831 
55,800000 -0,023793 
55,900000 -0,023704 
56,000000 -0,023971 
56,100000 -0,024061 
56,200000 -0,024033 
56,300000 -0,023797 
56,400000 -0,023938 
56,500000 -0,024027 
56,600000 -0,023927 
56,700000 -0,023981 
56,800000 -0,023804 
56,900000 -0,024022 
57,000000 -0,023839 
57,100000 -0,023831 
57,200000 -0,024020 
57,300000 -0,024103 
57,400000 -0,024007 
57,500000 -0,023935 
57,600000 -0,024006 
57,700000 -0,024008 
57,800000 -0,024200 
57,900000 -0,024347 
58,000000 -0,025184 
58,100000 -0,026315 
58,200000 -0,027381 
58,300000 -0,027601 
58,400000 -0,027206 
58,500000 -0,026525 
58,600000 -0,025582 
58,700000 -0,024754 
58,800000 -0,024241 
58,900000 -0,024145 
59,000000 -0,024013 
59,100000 -0,023969 
59,200000 -0,024084 
59,300000 -0,024225 
59,400000 -0,024030 
59,500000 -0,023958 
59,600000 -0,023877 
59,700000 -0,023997 
59,800000 -0,024160 
59,900000 -0,024088 
60,000000 -0,023792 
60,100000 -0,023963 
60,200000 -0,024160 
60,300000 -0,024179 
60,400000 -0,023984 
60,500000 -0,024146 
60,600000 -0,024023 
60,700000 -0,024032 
60,800000 -0,023982 
60,900000 -0,023830 
61,000000 -0,023823 
61,100000 -0,023783 
61,200000 -0,024006 
61,300000 -0,023855 
61,400000 -0,023877 
61,500000 -0,023766 
61,600000 -0,023945 
61,700000 -0,023715 
61,800000 -0,023755 
61,900000 -0,023855 
62,000000 -0,023984 
62,100000 -0,023899 
62,200000 -0,023896 
62,300000 -0,023910 
62,400000 -0,023969 
62,500000 -0,023870 
62,600000 -0,023870 
62,700000 -0,023824 
62,800000 -0,023861 
62,900000 -0,023958 
63,000000 -0,023892 
63,100000 -0,023884 
63,200000 -0,023870 
63,300000 -0,023764 
63,400000 -0,023915 
63,500000 -0,023921 
63,600000 -0,023956 
63,700000 -0,023818 
63,800000 -0,023856 
63,900000 -0,023846 
64,000000 -0,023858 
64,100000 -0,023966 
64,200000 -0,023955 
64,300000 -0,023862 
64,400000 -0,024073 
64,500000 -0,023948 
64,600000 -0,023974 
64,700000 -0,024136 
64,800000 -0,023947 
64,900000 -0,023780 
65,000000 -0,023721 
65,100000 -0,023681 
65,200000 -0,023899 
65,300000 -0,023738 
65,400000 -0,023799 
65,500000 -0,023811 
65,600000 -0,023827 
65,700000 -0,023930 
65,800000 -0,023806 
65,900000 -0,024022 
66,000000 -0,024036 
66,100000 -0,024303 
66,200000 -0,024491 
66,300000 -0,024416 
66,400000 -0,024514 
66,500000 -0,024047 
66,600000 -0,023989 
66,700000 -0,023853 
66,800000 -0,023702 
66,900000 -0,023805 
67,000000 -0,023695 
67,100000 -0,023747 
67,200000 -0,023852 
67,300000 -0,023888 
67,400000 -0,023797 
67,500000 -0,023596 
67,600000 -0,023961 
67,700000 -0,023837 
67,800000 -0,023903 
67,900000 -0,023862 
68,000000 -0,023708 
68,100000 -0,023712 
68,200000 -0,023696 
68,300000 -0,024060 
68,400000 -0,023966 
68,500000 -0,023929 
68,600000 -0,023878 
68,700000 -0,023840 
68,800000 -0,024135 
68,900000 -0,024323 
69,000000 -0,024813 
69,100000 -0,026126 
69,200000 -0,027048 
69,300000 -0,027964 
69,400000 -0,027474 
69,500000 -0,026100 
69,600000 -0,025006 
69,700000 -0,024502 
69,800000 -0,024001 
69,900000 -0,023965 
70,000000 -0,023915 
70,100000 -0,024040 
70,200000 -0,024028 
70,300000 -0,023904 
70,400000 -0,023962 
70,500000 -0,023883 
70,600000 -0,023864 
70,700000 -0,023767 
70,800000 -0,023769 
70,900000 -0,023697 
71,000000 -0,023736 
71,100000 -0,023863 
71,200000 -0,023927 
71,300000 -0,023905 
71,400000 -0,023781 
71,500000 -0,023855 
71,600000 -0,023837 
71,700000 -0,023826 
71,800000 -0,023830 
71,900000 -0,023778 
72,000000 -0,023721 
72,100000 -0,023995 
72,200000 -0,023829 
72,300000 -0,023763 
72,400000 -0,023620 
72,500000 -0,023777 
72,600000 -0,023841 
72,700000 -0,023854 
72,800000 -0,023786 
72,900000 -0,023670 
73,000000 -0,023772 
73,100000 -0,023852 
73,200000 -0,023928 
73,300000 -0,023697 
73,400000 -0,023766 
73,500000 -0,023607 
73,600000 -0,023796 
73,700000 -0,023853 
73,800000 -0,023836 
73,900000 -0,023870 
74,000000 -0,023685 
74,100000 -0,023760 
74,200000 -0,023766 
74,300000 -0,023830 
74,400000 -0,023667 
74,500000 -0,023822 
74,600000 -0,023667 
74,700000 -0,023758 
74,800000 -0,023814 
74,900000 -0,023733 
75,000000 -0,023865 
75,100000 -0,023764 
75,200000 -0,023961 
75,300000 -0,024051 
75,400000 -0,023893 
75,500000 -0,023876 
75,600000 -0,023699 
75,700000 -0,023672 
75,800000 -0,023667 
75,900000 -0,023856 
76,000000 -0,023788 
76,100000 -0,023652 
76,200000 -0,023722 
76,300000 -0,023964 
76,400000 -0,023835 
76,500000 -0,023743 
76,600000 -0,023843 
76,700000 -0,023723 
76,800000 -0,023925 
76,900000 -0,023742 
77,000000 -0,023883 
77,100000 -0,023824 
77,200000 -0,023769 
77,300000 -0,023651 
77,400000 -0,023818 
77,500000 -0,023866 
77,600000 -0,023810 
77,700000 -0,023935 
77,800000 -0,023646 
77,900000 -0,023847 
78,000000 -0,023866 
78,100000 -0,023693 
78,200000 -0,023829 
78,300000 -0,023682 
78,400000 -0,023783 
78,500000 -0,023871 
78,600000 -0,024012 
78,700000 -0,023703 
78,800000 -0,023898 
78,900000 -0,023660 
79,000000 -0,023858 
79,100000 -0,023726 
79,200000 -0,023651 
79,300000 -0,023692 
79,400000 -0,023672 
79,500000 -0,023659 
79,600000 -0,023854 
79,700000 -0,023774 
79,800000 -0,023793 
79,900000 -0,023686 
80,000000 -0,023634 
80,100000 -0,023600 
80,200000 -0,023677 
80,300000 -0,023702 
80,400000 -0,023635 
80,500000 -0,023725 
80,600000 -0,023739 
80,700000 -0,023815 
80,800000 -0,023915 
80,900000 -0,023847 
81,000000 -0,023763 
81,100000 -0,023721 
81,200000 -0,023814 
81,300000 -0,023946 
81,400000 -0,023739 
81,500000 -0,024080 
81,600000 -0,023771 
81,700000 -0,023754 
81,800000 -0,023782 
81,900000 -0,023897 
82,000000 -0,023683 
82,100000 -0,023628 
82,200000 -0,023851 
82,300000 -0,023865 
82,400000 -0,023933 
82,500000 -0,023868 
82,600000 -0,023733 
82,700000 -0,023852 
82,800000 -0,023808 
82,900000 -0,023915 
83,000000 -0,023895 
83,100000 -0,023679 
83,200000 -0,023755 
83,300000 -0,023895 
83,400000 -0,023854 
83,500000 -0,023839 
83,600000 -0,023854 
83,700000 -0,023859 
83,800000 -0,023808 
83,900000 -0,023881 
84,000000 -0,023864 
84,100000 -0,023533 
84,200000 -0,023751 
84,300000 -0,023736 
84,400000 -0,023626 
84,500000 -0,023733 
84,600000 -0,023878 
84,700000 -0,023803 
84,800000 -0,023729 
84,900000 -0,023885 
85,000000 -0,023762 
85,100000 -0,023718 
85,200000 -0,023790 
85,300000 -0,023871 
85,400000 -0,023867 
85,500000 -0,023915 
85,600000 -0,023908 
85,700000 -0,023781 
85,800000 -0,023736 
85,900000 -0,023722 
86,000000 -0,023698 
86,100000 -0,023645 
86,200000 -0,023590 
86,300000 -0,023690 
86,400000 -0,023752 
86,500000 -0,023861 
86,600000 -0,023962 
86,700000 -0,023689 
86,800000 -0,023625 
86,900000 -0,023839 
87,000000 -0,023830 
87,100000 -0,023908 
87,200000 -0,024101 
87,300000 -0,023996 
87,400000 -0,023827 
87,500000 -0,023981 
87,600000 -0,024017 
87,700000 -0,024054 
87,800000 -0,024141 
87,900000 -0,024011 
88,000000 -0,023981 
88,100000 -0,023938 
88,200000 -0,023975 
88,300000 -0,024072 
88,400000 -0,023945 
88,500000 -0,023973 
88,600000 -0,024098 
88,700000 -0,023934 
88,800000 -0,024008 
88,900000 -0,023944 
89,000000 -0,023881 
89,100000 -0,023896 
89,200000 -0,024071 
89,300000 -0,024070 
89,400000 -0,023991 
89,500000 -0,023845 
89,600000 -0,023896 
89,700000 -0,024026 
89,800000 -0,024044 
89,900000 -0,024058 
90,000000 -0,024090 
90,100000 -0,024003 
90,200000 -0,024026 
90,300000 -0,023994 
90,400000 -0,024020 
90,500000 -0,024108 
90,600000 -0,023886 
90,700000 -0,024008 
90,800000 -0,023959 
90,900000 -0,024000 
91,000000 -0,024251 
91,100000 -0,024087 
91,200000 -0,023881 
91,300000 -0,023994 
91,400000 -0,024038 
91,500000 -0,024155 
91,600000 -0,024076 
91,700000 -0,023984 
91,800000 -0,024024 
91,900000 -0,024075 
92,000000 -0,024084 
92,100000 -0,024150 
92,200000 -0,024010 
92,300000 -0,023936 
92,400000 -0,024156 
92,500000 -0,023980 
92,600000 -0,024065 
92,700000 -0,023946 
92,800000 -0,023935 
92,900000 -0,023939 
93,000000 -0,024121 
93,100000 -0,023984 
93,200000 -0,023827 
93,300000 -0,023859 
93,400000 -0,024076 
93,500000 -0,023972 
93,600000 -0,024010 
93,700000 -0,024084 
93,800000 -0,024134 
93,900000 -0,023941 
94,000000 -0,023893 
94,100000 -0,023977 
94,200000 -0,024197 
94,300000 -0,024104 
94,400000 -0,024063 
94,500000 -0,023780 
94,600000 -0,023849 
94,700000 -0,023926 
94,800000 -0,024094 
94,900000 -0,023839 
95,000000 -0,023901 
95,100000 -0,023931 
95,200000 -0,023956 
95,300000 -0,024116 
95,400000 -0,024011 
95,500000 -0,023714 
95,600000 -0,023885 
95,700000 -0,024030 
95,800000 -0,023972 
95,900000 -0,024137 
96,000000 -0,023934 
96,100000 -0,023987 
96,200000 -0,023978 
96,300000 -0,023941 
96,400000 -0,023875 
96,500000 -0,024001 
96,600000 -0,024095 
96,700000 -0,023951 
96,800000 -0,024045 
96,900000 -0,023896 
97,000000 -0,023916 
97,100000 -0,023814 
97,200000 -0,023945 
97,300000 -0,024108 
97,400000 -0,024052 
97,500000 -0,024135 
97,600000 -0,024137 
97,700000 -0,023945 
97,800000 -0,023925 
97,900000 -0,023969 
98,000000 -0,023922 
98,100000 -0,024076 
98,200000 -0,023971 
98,300000 -0,023901 
98,400000 -0,023919 
98,500000 -0,024062 
98,600000 -0,024139 
98,700000 -0,024137 
98,800000 -0,023914 
98,900000 -0,024046 
99,000000 -0,024157 
99,100000 -0,024039 
99,200000 -0,024007 
99,300000 -0,023990 
99,400000 -0,023989 
99,500000 -0,024116 
99,600000 -0,023954 
99,700000 -0,023975 
99,800000 -0,024009 
99,900000 -0,024040 
100,000000 -0,024090 
