0,000000 -3,758736 
0,100000 -1,490550 
0,200000 -0,888786 
0,300000 -0,712395 
0,400000 -0,568880 
0,500000 -0,464265 
0,600000 -0,413403 
0,700000 -0,351152 
0,800000 -0,325242 
0,900000 -0,326943 
1,000000 -0,312002 
1,100000 -0,305079 
1,200000 -0,280756 
1,300000 -0,279452 
1,400000 -0,269486 
1,500000 -0,268828 
1,600000 -0,262498 
1,700000 -0,269350 
1,800000 -0,268892 
1,900000 -0,234863 
2,000000 -0,152975 
2,100000 -0,237334 
2,200000 -0,254306 
2,300000 -0,123823 
2,400000 -0,074535 
2,500000 -0,064662 
2,600000 -0,062810 
2,700000 -0,049594 
2,800000 -0,075409 
2,900000 -0,155974 
3,000000 -0,194183 
3,100000 -0,128563 
3,200000 -0,076672 
3,300000 -0,058214 
3,400000 -0,049683 
3,500000 -0,032018 
3,600000 -0,040062 
3,700000 -0,039300 
3,800000 -0,039780 
3,900000 -0,040147 
4,000000 -0,029933 
4,100000 -0,046637 
4,200000 -0,036503 
4,300000 -0,035966 
4,400000 -0,034816 
4,500000 -0,045553 
4,600000 -0,038436 
4,700000 -0,036714 
4,800000 -0,034918 
4,900000 -0,038712 
5,000000 -0,036507 
5,100000 -0,039083 
5,200000 -0,033725 
5,300000 -0,042538 
5,400000 -0,026943 
5,500000 -0,040575 
5,600000 -0,032012 
5,700000 -0,039060 
5,800000 -0,037277 
5,900000 -0,032631 
6,000000 -0,053088 
6,100000 -0,027515 
6,200000 -0,028509 
6,300000 -0,035474 
6,400000 -0,029411 
6,500000 -0,038390 
6,600000 -0,039143 
6,700000 -0,029644 
6,800000 -0,039642 
6,900000 -0,037584 
7,000000 -0,042901 
7,100000 -0,031447 
7,200000 -0,041330 
7,300000 -0,037239 
7,400000 -0,025227 
7,500000 -0,025490 
7,600000 -0,046499 
7,700000 -0,039175 
7,800000 -0,043858 
7,900000 -0,038328 
8,000000 -0,034905 
8,100000 -0,026457 
8,200000 -0,039411 
8,300000 -0,022250 
8,400000 -0,029550 
8,500000 -0,042046 
8,600000 -0,048098 
8,700000 -0,027337 
8,800000 -0,036615 
8,900000 -0,030792 
9,000000 -0,038433 
9,100000 -0,030818 
9,200000 -0,034669 
9,300000 -0,031066 
9,400000 -0,033108 
9,500000 -0,042010 
9,600000 -0,035567 
9,700000 -0,047821 
9,800000 -0,051288 
9,900000 -0,058295 
10,000000 -0,058830 
10,100000 -0,062331 
10,200000 -0,052027 
10,300000 -0,043241 
10,400000 -0,028510 
10,500000 -0,028707 
10,600000 -0,043062 
10,700000 -0,038237 
10,800000 -0,029589 
10,900000 -0,036420 
11,000000 -0,044110 
11,100000 -0,035304 
11,200000 -0,030155 
11,300000 -0,034624 
11,400000 -0,043459 
11,500000 -0,026916 
11,600000 -0,034955 
11,700000 -0,039000 
11,800000 -0,029806 
11,900000 -0,035032 
12,000000 -0,042780 
12,100000 -0,078281 
12,200000 -0,137176 
12,300000 -0,218522 
12,400000 -0,274123 
12,500000 -0,270256 
12,600000 -0,212617 
12,700000 -0,111848 
12,800000 -0,062676 
12,900000 -0,062470 
13,000000 -0,039029 
13,100000 -0,039143 
13,200000 -0,061766 
13,300000 -0,064681 
13,400000 -0,067130 
13,500000 -0,065728 
13,600000 -0,065046 
13,700000 -0,048565 
13,800000 -0,043933 
13,900000 -0,035522 
14,000000 -0,048060 
14,100000 -0,073695 
14,200000 -0,106788 
14,300000 -0,148488 
14,400000 -0,177815 
14,500000 -0,157859 
14,600000 -0,133908 
14,700000 -0,057170 
14,800000 -0,043163 
14,900000 -0,041031 
15,000000 -0,061012 
15,100000 -0,066642 
15,200000 -0,098951 
15,300000 -0,126723 
15,400000 -0,132495 
15,500000 -0,135361 
15,600000 -0,099530 
15,700000 -0,059863 
15,800000 -0,044615 
15,900000 -0,070724 
16,000000 -0,104695 
16,100000 -0,188914 
16,200000 -0,281579 
16,300000 -0,346870 
16,400000 -0,353012 
16,500000 -0,289922 
16,600000 -0,198861 
16,700000 -0,097659 
16,800000 -0,101506 
16,900000 -0,166192 
17,000000 -0,346245 
17,100000 -0,714276 
17,200000 -1,078040 
17,300000 -1,382164 
17,400000 -1,447059 
17,500000 -1,171090 
17,600000 -0,690683 
17,700000 -0,341755 
17,800000 -0,312655 
17,900000 -0,569294 
18,000000 -1,325111 
18,100000 -2,618070 
18,200000 -3,985449 
18,300000 -5,029057 
18,400000 -5,376714 
18,500000 -4,485432 
18,600000 -2,435297 
18,700000 -1,000128 
18,800000 -0,593952 
18,900000 -0,415038 
19,000000 -0,360063 
19,100000 -0,374034 
19,200000 -0,394735 
19,300000 -0,392886 
19,400000 -0,371545 
19,500000 -0,294840 
19,600000 -0,182279 
19,700000 -0,160323 
19,800000 -0,267889 
19,900000 -0,647681 
20,000000 -1,426304 
20,100000 -2,590650 
20,200000 -3,690034 
20,300000 -4,379452 
20,400000 -4,470325 
20,500000 -3,447399 
20,600000 -1,721072 
20,700000 -0,762860 
20,800000 -0,445670 
20,900000 -0,318258 
21,000000 -0,231319 
21,100000 -0,157891 
21,200000 -0,123502 
21,300000 -0,092137 
21,400000 -0,074789 
21,500000 -0,078351 
21,600000 -0,066066 
21,700000 -0,049528 
21,800000 -0,054171 
21,900000 -0,059286 
22,000000 -0,041485 
22,100000 -0,050182 
22,200000 -0,057897 
22,300000 -0,046641 
22,400000 -0,065276 
22,500000 -0,058992 
22,600000 -0,044538 
22,700000 -0,045081 
22,800000 -0,045036 
22,900000 -0,028800 
23,000000 -0,037682 
23,100000 -0,032160 
23,200000 -0,038806 
23,300000 -0,034097 
23,400000 -0,040435 
23,500000 -0,040540 
23,600000 -0,041842 
23,700000 -0,045200 
23,800000 -0,043483 
23,900000 -0,051135 
24,000000 -0,053743 
24,100000 -0,064289 
24,200000 -0,055062 
24,300000 -0,054451 
24,400000 -0,056807 
24,500000 -0,049882 
24,600000 -0,041762 
24,700000 -0,047990 
24,800000 -0,034402 
24,900000 -0,054056 
25,000000 -0,063853 
25,100000 -0,058670 
25,200000 -0,076966 
25,300000 -0,075741 
25,400000 -0,086727 
25,500000 -0,073234 
25,600000 -0,047147 
25,700000 -0,037697 
25,800000 -0,052157 
25,900000 -0,077731 
26,000000 -0,125922 
26,100000 -0,175952 
26,200000 -0,208909 
26,300000 -0,229278 
26,400000 -0,219641 
26,500000 -0,178096 
26,600000 -0,103933 
26,700000 -0,069985 
26,800000 -0,077232 
26,900000 -0,113152 
27,000000 -0,168077 
27,100000 -0,228421 
27,200000 -0,284917 
27,300000 -0,312095 
27,400000 -0,304361 
27,500000 -0,243661 
27,600000 -0,205457 
27,700000 -0,308684 
27,800000 -0,666691 
27,900000 -1,414716 
28,000000 -2,582118 
28,100000 -3,771691 
28,200000 -4,573818 
28,300000 -4,847891 
28,400000 -4,384037 
28,500000 -3,129301 
28,600000 -1,613772 
28,700000 -0,742518 
28,800000 -0,476493 
28,900000 -0,384048 
29,000000 -0,345839 
29,100000 -0,354656 
29,200000 -0,354347 
29,300000 -0,328992 
29,400000 -0,313820 
29,500000 -0,218248 
29,600000 -0,136178 
29,700000 -0,086371 
29,800000 -0,077333 
29,900000 -0,086014 
30,000000 -0,106464 
30,100000 -0,102484 
30,200000 -0,129140 
30,300000 -0,119833 
30,400000 -0,116663 
30,500000 -0,098229 
30,600000 -0,069125 
30,700000 -0,066601 
30,800000 -0,140845 
30,900000 -0,282484 
31,000000 -0,477799 
31,100000 -0,630201 
31,200000 -0,727311 
31,300000 -0,749406 
31,400000 -0,681566 
31,500000 -0,473937 
31,600000 -0,259153 
31,700000 -0,127481 
31,800000 -0,121570 
31,900000 -0,138841 
32,000000 -0,169373 
32,100000 -0,189198 
32,200000 -0,205706 
32,300000 -0,212241 
32,400000 -0,199688 
32,500000 -0,134304 
32,600000 -0,086967 
32,700000 -0,054122 
32,800000 -0,062021 
32,900000 -0,050520 
33,000000 -0,036979 
33,100000 -0,053516 
33,200000 -0,059817 
33,300000 -0,056402 
33,400000 -0,050474 
33,500000 -0,049696 
33,600000 -0,046813 
33,700000 -0,037151 
33,800000 -0,043606 
33,900000 -0,030354 
34,000000 -0,041371 
34,100000 -0,026448 
34,200000 -0,052537 
34,300000 -0,030421 
34,400000 -0,032257 
34,500000 -0,051651 
34,600000 -0,036031 
34,700000 -0,035978 
34,800000 -0,037638 
34,900000 -0,034274 
35,000000 -0,029332 
35,100000 -0,029699 
35,200000 -0,046779 
35,300000 -0,030597 
35,400000 -0,031180 
35,500000 -0,032802 
35,600000 -0,037479 
35,700000 -0,039243 
35,800000 -0,029922 
35,900000 -0,051635 
36,000000 -0,046759 
36,100000 -0,041355 
36,200000 -0,044658 
36,300000 -0,049385 
36,400000 -0,037867 
36,500000 -0,038954 
36,600000 -0,044081 
36,700000 -0,025957 
36,800000 -0,035107 
36,900000 -0,035399 
37,000000 -0,042537 
37,100000 -0,042752 
37,200000 -0,037601 
37,300000 -0,038744 
37,400000 -0,057601 
37,500000 -0,038615 
37,600000 -0,036945 
37,700000 -0,023887 
37,800000 -0,043635 
37,900000 -0,031997 
38,000000 -0,027328 
38,100000 -0,046517 
38,200000 -0,045578 
38,300000 -0,037936 
38,400000 -0,054806 
38,500000 -0,038897 
38,600000 -0,043085 
38,700000 -0,036216 
38,800000 -0,035940 
38,900000 -0,054478 
39,000000 -0,063286 
39,100000 -0,070598 
39,200000 -0,081715 
39,300000 -0,086959 
39,400000 -0,076697 
39,500000 -0,059620 
39,600000 -0,046986 
39,700000 -0,041803 
39,800000 -0,040887 
39,900000 -0,046089 
40,000000 -0,055036 
40,100000 -0,070498 
40,200000 -0,081449 
40,300000 -0,068533 
40,400000 -0,075466 
40,500000 -0,059315 
40,600000 -0,042672 
40,700000 -0,044693 
40,800000 -0,030620 
40,900000 -0,057166 
41,000000 -0,069244 
41,100000 -0,085801 
41,200000 -0,085964 
41,300000 -0,082187 
41,400000 -0,065094 
41,500000 -0,071813 
41,600000 -0,048937 
41,700000 -0,037101 
41,800000 -0,050204 
41,900000 -0,044825 
42,000000 -0,067315 
42,100000 -0,095484 
42,200000 -0,067113 
42,300000 -0,082695 
42,400000 -0,075025 
42,500000 -0,066221 
42,600000 -0,047842 
42,700000 -0,042663 
42,800000 -0,042773 
42,900000 -0,065347 
43,000000 -0,083024 
43,100000 -0,103612 
43,200000 -0,126771 
43,300000 -0,125412 
43,400000 -0,121756 
43,500000 -0,100217 
43,600000 -0,058305 
43,700000 -0,067893 
43,800000 -0,105118 
43,900000 -0,221981 
44,000000 -0,430126 
44,100000 -0,589608 
44,200000 -0,687169 
44,300000 -0,690797 
44,400000 -0,594312 
44,500000 -0,377069 
44,600000 -0,187502 
44,700000 -0,101241 
44,800000 -0,074322 
44,900000 -0,073214 
45,000000 -0,105077 
45,100000 -0,115955 
45,200000 -0,116504 
45,300000 -0,122070 
45,400000 -0,116551 
45,500000 -0,084448 
45,600000 -0,062629 
45,700000 -0,047546 
45,800000 -0,036429 
45,900000 -0,040448 
46,000000 -0,055093 
46,100000 -0,067643 
46,200000 -0,057305 
46,300000 -0,073921 
46,400000 -0,063334 
46,500000 -0,052085 
46,600000 -0,052585 
46,700000 -0,072642 
46,800000 -0,098567 
46,900000 -0,200732 
47,000000 -0,390327 
47,100000 -0,605021 
47,200000 -0,712772 
47,300000 -0,718319 
47,400000 -0,610125 
47,500000 -0,383398 
47,600000 -0,181671 
47,700000 -0,106810 
47,800000 -0,081940 
47,900000 -0,062955 
48,000000 -0,062032 
48,100000 -0,057596 
48,200000 -0,061595 
48,300000 -0,070354 
48,400000 -0,073490 
48,500000 -0,051861 
48,600000 -0,049006 
48,700000 -0,042284 
48,800000 -0,030388 
48,900000 -0,021365 
49,000000 -0,039472 
49,100000 -0,041195 
49,200000 -0,037716 
49,300000 -0,050337 
49,400000 -0,045896 
49,500000 -0,025341 
49,600000 -0,047997 
49,700000 -0,049416 
49,800000 -0,061730 
49,900000 -0,083302 
50,000000 -0,162952 
50,100000 -0,264117 
50,200000 -0,301259 
50,300000 -0,315562 
50,400000 -0,281283 
50,500000 -0,195403 
50,600000 -0,102526 
50,700000 -0,067049 
50,800000 -0,056935 
50,900000 -0,050131 
51,000000 -0,070764 
51,100000 -0,118834 
51,200000 -0,137570 
51,300000 -0,143246 
51,400000 -0,116292 
51,500000 -0,089512 
51,600000 -0,056061 
51,700000 -0,043194 
51,800000 -0,055059 
51,900000 -0,041372 
52,000000 -0,031451 
52,100000 -0,037577 
52,200000 -0,034758 
52,300000 -0,055034 
52,400000 -0,046804 
52,500000 -0,022892 
52,600000 -0,029296 
52,700000 -0,035210 
52,800000 -0,037495 
52,900000 -0,032812 
53,000000 -0,031141 
53,100000 -0,034589 
53,200000 -0,036639 
53,300000 -0,033930 
53,400000 -0,042210 
53,500000 -0,046481 
53,600000 -0,035099 
53,700000 -0,031655 
53,800000 -0,026768 
53,900000 -0,039336 
54,000000 -0,037199 
54,100000 -0,021439 
54,200000 -0,031244 
54,300000 -0,042147 
54,400000 -0,046828 
54,500000 -0,040270 
54,600000 -0,026518 
54,700000 -0,029804 
54,800000 -0,027376 
54,900000 -0,036424 
55,000000 -0,040758 
55,100000 -0,039645 
55,200000 -0,051844 
55,300000 -0,053827 
55,400000 -0,065869 
55,500000 -0,043706 
55,600000 -0,036472 
55,700000 -0,048376 
55,800000 -0,028992 
55,900000 -0,023002 
56,000000 -0,029519 
56,100000 -0,033948 
56,200000 -0,045398 
56,300000 -0,050827 
56,400000 -0,043389 
56,500000 -0,041413 
56,600000 -0,046490 
56,700000 -0,031607 
56,800000 -0,045280 
56,900000 -0,035087 
57,000000 -0,031993 
57,100000 -0,034303 
57,200000 -0,037193 
57,300000 -0,038158 
57,400000 -0,043693 
57,500000 -0,042428 
57,600000 -0,033988 
57,700000 -0,044663 
57,800000 -0,039510 
57,900000 -0,030782 
58,000000 -0,024742 
58,100000 -0,033975 
58,200000 -0,030825 
58,300000 -0,030774 
58,400000 -0,036015 
58,500000 -0,047434 
58,600000 -0,030301 
58,700000 -0,019315 
58,800000 -0,030085 
58,900000 -0,042867 
59,000000 -0,043990 
59,100000 -0,028074 
59,200000 -0,036657 
59,300000 -0,039785 
59,400000 -0,034743 
59,500000 -0,031167 
59,600000 -0,019169 
59,700000 -0,030680 
59,800000 -0,030483 
59,900000 -0,039170 
60,000000 -0,044623 
60,100000 -0,038619 
60,200000 -0,036823 
60,300000 -0,041409 
60,400000 -0,041397 
60,500000 -0,037648 
60,600000 -0,038239 
60,700000 -0,036248 
60,800000 -0,037811 
60,900000 -0,029801 
61,000000 -0,044177 
61,100000 -0,037245 
61,200000 -0,024991 
61,300000 -0,034659 
61,400000 -0,033572 
61,500000 -0,027528 
61,600000 -0,034709 
61,700000 -0,029804 
61,800000 -0,033424 
61,900000 -0,026273 
62,000000 -0,037008 
62,100000 -0,040865 
62,200000 -0,037531 
62,300000 -0,049115 
62,400000 -0,050480 
62,500000 -0,040497 
62,600000 -0,040828 
62,700000 -0,044041 
62,800000 -0,025412 
62,900000 -0,032784 
63,000000 -0,041672 
63,100000 -0,029365 
63,200000 -0,043231 
63,300000 -0,042867 
63,400000 -0,053389 
63,500000 -0,044699 
63,600000 -0,035498 
63,700000 -0,027963 
63,800000 -0,034147 
63,900000 -0,028660 
64,000000 -0,044473 
64,100000 -0,035975 
64,200000 -0,028352 
64,300000 -0,037783 
64,400000 -0,047033 
64,500000 -0,044336 
64,600000 -0,046107 
64,700000 -0,041073 
64,800000 -0,021237 
64,900000 -0,026050 
65,000000 -0,038388 
65,100000 -0,031701 
65,200000 -0,029232 
65,300000 -0,036558 
65,400000 -0,057538 
65,500000 -0,033596 
65,600000 -0,025077 
65,700000 -0,019101 
65,800000 -0,038940 
65,900000 -0,055669 
66,000000 -0,058460 
66,100000 -0,093505 
66,200000 -0,144137 
66,300000 -0,167469 
66,400000 -0,166617 
66,500000 -0,130876 
66,600000 -0,076830 
66,700000 -0,054920 
66,800000 -0,045544 
66,900000 -0,036853 
67,000000 -0,044995 
67,100000 -0,038925 
67,200000 -0,044623 
67,300000 -0,037870 
67,400000 -0,041675 
67,500000 -0,044434 
67,600000 -0,031524 
67,700000 -0,040423 
67,800000 -0,028273 
67,900000 -0,029483 
68,000000 -0,048823 
68,100000 -0,041598 
68,200000 -0,033552 
68,300000 -0,043643 
68,400000 -0,040481 
68,500000 -0,048071 
68,600000 -0,061248 
68,700000 -0,057375 
68,800000 -0,051284 
68,900000 -0,080698 
69,000000 -0,162140 
69,100000 -0,368727 
69,200000 -0,649708 
69,300000 -0,904873 
69,400000 -0,973059 
69,500000 -0,763724 
69,600000 -0,390736 
69,700000 -0,170211 
69,800000 -0,116927 
69,900000 -0,083831 
70,000000 -0,066303 
70,100000 -0,068758 
70,200000 -0,060795 
70,300000 -0,050559 
70,400000 -0,052942 
70,500000 -0,053803 
70,600000 -0,047603 
70,700000 -0,042297 
70,800000 -0,030429 
70,900000 -0,034169 
71,000000 -0,035120 
71,100000 -0,040023 
71,200000 -0,042465 
71,300000 -0,031231 
71,400000 -0,035068 
71,500000 -0,045767 
71,600000 -0,037791 
71,700000 -0,031082 
71,800000 -0,034244 
71,900000 -0,030561 
72,000000 -0,035279 
72,100000 -0,029082 
72,200000 -0,037164 
72,300000 -0,035184 
72,400000 -0,029046 
72,500000 -0,041254 
72,600000 -0,031335 
72,700000 -0,035885 
72,800000 -0,047853 
72,900000 -0,038815 
73,000000 -0,028568 
73,100000 -0,021138 
73,200000 -0,029722 
73,300000 -0,028312 
73,400000 -0,044673 
73,500000 -0,033228 
73,600000 -0,045578 
73,700000 -0,033298 
73,800000 -0,025925 
73,900000 -0,041374 
74,000000 -0,032930 
74,100000 -0,022259 
74,200000 -0,028329 
74,300000 -0,036377 
74,400000 -0,037255 
74,500000 -0,035605 
74,600000 -0,031099 
74,700000 -0,031240 
74,800000 -0,026889 
74,900000 -0,035589 
75,000000 -0,028364 
75,100000 -0,028324 
75,200000 -0,043841 
75,300000 -0,042845 
75,400000 -0,025555 
75,500000 -0,044231 
75,600000 -0,044943 
75,700000 -0,040151 
75,800000 -0,024665 
75,900000 -0,031154 
76,000000 -0,032666 
76,100000 -0,039516 
76,200000 -0,041498 
76,300000 -0,039549 
76,400000 -0,024247 
76,500000 -0,030207 
76,600000 -0,030351 
76,700000 -0,039529 
76,800000 -0,031274 
76,900000 -0,031341 
77,000000 -0,042928 
77,100000 -0,027891 
77,200000 -0,036188 
77,300000 -0,042740 
77,400000 -0,043189 
77,500000 -0,036173 
77,600000 -0,036611 
77,700000 -0,030851 
77,800000 -0,020373 
77,900000 -0,034199 
78,000000 -0,032872 
78,100000 -0,050699 
78,200000 -0,050170 
78,300000 -0,022044 
78,400000 -0,030394 
78,500000 -0,053497 
78,600000 -0,036230 
78,700000 -0,032314 
78,800000 -0,035991 
78,900000 -0,025134 
79,000000 -0,035349 
79,100000 -0,026284 
79,200000 -0,035691 
79,300000 -0,052935 
79,400000 -0,028484 
79,500000 -0,035321 
79,600000 -0,036021 
79,700000 -0,022638 
79,800000 -0,031394 
79,900000 -0,044069 
80,000000 -0,040596 
80,100000 -0,028850 
80,200000 -0,021504 
80,300000 -0,038196 
80,400000 -0,039571 
80,500000 -0,033292 
80,600000 -0,057104 
80,700000 -0,036561 
80,800000 -0,028325 
80,900000 -0,036994 
81,000000 -0,018909 
81,100000 -0,029180 
81,200000 -0,037727 
81,300000 -0,036976 
81,400000 -0,049085 
81,500000 -0,054220 
81,600000 -0,058081 
81,700000 -0,025936 
81,800000 -0,030732 
81,900000 -0,042698 
82,000000 -0,036788 
82,100000 -0,030029 
82,200000 -0,045545 
82,300000 -0,041642 
82,400000 -0,041212 
82,500000 -0,033311 
82,600000 -0,030755 
82,700000 -0,028905 
82,800000 -0,027878 
82,900000 -0,038393 
83,000000 -0,035487 
83,100000 -0,041545 
83,200000 -0,034676 
83,300000 -0,022922 
83,400000 -0,035428 
83,500000 -0,028361 
83,600000 -0,042177 
83,700000 -0,033987 
83,800000 -0,028242 
83,900000 -0,027449 
84,000000 -0,030917 
84,100000 -0,031947 
84,200000 -0,033011 
84,300000 -0,034824 
84,400000 -0,031070 
84,500000 -0,034716 
84,600000 -0,021820 
84,700000 -0,039791 
84,800000 -0,040273 
84,900000 -0,026810 
85,000000 -0,041504 
85,100000 -0,032489 
85,200000 -0,020842 
85,300000 -0,038290 
85,400000 -0,041975 
85,500000 -0,047398 
85,600000 -0,049541 
85,700000 -0,051395 
85,800000 -0,030334 
85,900000 -0,028368 
86,000000 -0,028473 
86,100000 -0,041394 
86,200000 -0,038011 
86,300000 -0,039364 
86,400000 -0,028485 
86,500000 -0,036674 
86,600000 -0,032483 
86,700000 -0,031406 
86,800000 -0,034700 
86,900000 -0,042057 
87,000000 -0,030690 
87,100000 -0,023750 
87,200000 -0,027940 
87,300000 -0,022927 
87,400000 -0,035930 
87,500000 -0,024591 
87,600000 -0,035323 
87,700000 -0,039807 
87,800000 -0,017792 
87,900000 -0,028584 
88,000000 -0,040404 
88,100000 -0,039548 
88,200000 -0,022182 
88,300000 -0,041805 
88,400000 -0,032447 
88,500000 -0,041746 
88,600000 -0,028667 
88,700000 -0,022557 
88,800000 -0,022364 
88,900000 -0,028487 
89,000000 -0,037166 
89,100000 -0,031217 
89,200000 -0,047110 
89,300000 -0,030179 
89,400000 -0,032444 
89,500000 -0,033174 
89,600000 -0,030727 
89,700000 -0,016164 
89,800000 -0,041166 
89,900000 -0,039705 
90,000000 -0,021230 
90,100000 -0,003073 
90,200000 -0,029439 
90,300000 -0,037650 
90,400000 -0,052296 
90,500000 -0,030744 
90,600000 -0,039966 
90,700000 -0,039907 
90,800000 -0,028894 
90,900000 -0,035955 
91,000000 -0,029068 
91,100000 -0,040381 
91,200000 -0,024350 
91,300000 -0,033153 
91,400000 -0,024517 
91,500000 -0,031882 
91,600000 -0,029507 
91,700000 -0,030562 
91,800000 -0,030587 
91,900000 -0,031123 
92,000000 -0,035937 
92,100000 -0,034707 
92,200000 -0,033962 
92,300000 -0,025510 
92,400000 -0,030325 
92,500000 -0,037634 
92,600000 -0,028834 
92,700000 -0,035350 
92,800000 -0,031826 
92,900000 -0,032644 
93,000000 -0,029095 
93,100000 -0,036373 
93,200000 -0,035487 
93,300000 -0,039557 
93,400000 -0,022190 
93,500000 -0,037134 
93,600000 -0,041832 
93,700000 -0,031102 
93,800000 -0,034596 
93,900000 -0,029953 
94,000000 -0,018897 
94,100000 -0,034517 
94,200000 -0,036687 
94,300000 -0,036679 
94,400000 -0,033141 
94,500000 -0,027350 
94,600000 -0,034817 
94,700000 -0,029971 
94,800000 -0,029905 
94,900000 -0,034988 
95,000000 -0,029602 
95,100000 -0,039665 
95,200000 -0,033619 
95,300000 -0,028453 
95,400000 -0,027020 
95,500000 -0,034070 
95,600000 -0,049024 
95,700000 -0,038632 
95,800000 -0,031269 
95,900000 -0,025984 
96,000000 -0,032118 
96,100000 -0,034776 
96,200000 -0,040947 
96,300000 -0,027583 
96,400000 -0,029111 
96,500000 -0,038502 
96,600000 -0,034274 
96,700000 -0,077395 
96,800000 -0,330567 
96,900000 -0,135459 
97,000000 -0,352306 
97,100000 -0,135673 
97,200000 -0,057356 
97,300000 -0,060748 
97,400000 -0,050860 
97,500000 -0,048341 
97,600000 -0,063726 
97,700000 -0,030247 
97,800000 -0,040622 
97,900000 -0,028035 
98,000000 -0,022595 
98,100000 -0,029978 
98,200000 -0,026677 
98,300000 -0,025068 
98,400000 -0,048520 
98,500000 -0,032686 
98,600000 -0,032835 
98,700000 -0,026890 
98,800000 -0,027898 
98,900000 -0,028098 
99,000000 -0,030127 
99,100000 -0,041046 
99,200000 -0,019823 
99,300000 -0,032986 
99,400000 -0,029886 
99,500000 -0,030823 
99,600000 -0,033044 
99,700000 -0,037155 
99,800000 -0,029106 
99,900000 -0,023110 
100,000000 -0,038735 
