0,000000 -0,126864 
0,100000 -0,215731 
0,200000 -0,245365 
0,300000 -0,240270 
0,400000 -0,258441 
0,500000 -0,260216 
0,600000 -0,253358 
0,700000 -0,246128 
0,800000 -0,256078 
0,900000 -0,271980 
1,000000 -0,271214 
1,100000 -0,252212 
1,200000 -0,267392 
1,300000 -0,273985 
1,400000 -0,274330 
1,500000 -0,251452 
1,600000 -0,257228 
1,700000 -0,270039 
1,800000 -0,261860 
1,900000 -0,226737 
2,000000 -0,131470 
2,100000 -0,221212 
2,200000 -0,246617 
2,300000 -0,097458 
2,400000 -0,058523 
2,500000 -0,044299 
2,600000 -0,050397 
2,700000 -0,043630 
2,800000 -0,067865 
2,900000 -0,146682 
3,000000 -0,173990 
3,100000 -0,137495 
3,200000 -0,064839 
3,300000 -0,038147 
3,400000 -0,043272 
3,500000 -0,040206 
3,600000 -0,026670 
3,700000 -0,032540 
3,800000 -0,040179 
3,900000 -0,027940 
4,000000 -0,026606 
4,100000 -0,033463 
4,200000 -0,035892 
4,300000 -0,025882 
4,400000 -0,033882 
4,500000 -0,024828 
4,600000 -0,033620 
4,700000 -0,036257 
4,800000 -0,038131 
4,900000 -0,034618 
5,000000 -0,035734 
5,100000 -0,028772 
5,200000 -0,025195 
5,300000 -0,037520 
5,400000 -0,038737 
5,500000 -0,029494 
5,600000 -0,034708 
5,700000 -0,033257 
5,800000 -0,034825 
5,900000 -0,038398 
6,000000 -0,028361 
6,100000 -0,042049 
6,200000 -0,022943 
6,300000 -0,020191 
6,400000 -0,027289 
6,500000 -0,032853 
6,600000 -0,038362 
6,700000 -0,023078 
6,800000 -0,040163 
6,900000 -0,025996 
7,000000 -0,027867 
7,100000 -0,033510 
7,200000 -0,024793 
7,300000 -0,032888 
7,400000 -0,032523 
7,500000 -0,028891 
7,600000 -0,034003 
7,700000 -0,029969 
7,800000 -0,046233 
7,900000 -0,036412 
8,000000 -0,033303 
8,100000 -0,032145 
8,200000 -0,022664 
8,300000 -0,048832 
8,400000 -0,034246 
8,500000 -0,042558 
8,600000 -0,022135 
8,700000 -0,021047 
8,800000 -0,027204 
8,900000 -0,031608 
9,000000 -0,040295 
9,100000 -0,024566 
9,200000 -0,030506 
9,300000 -0,037668 
9,400000 -0,030269 
9,500000 -0,031371 
9,600000 -0,034107 
9,700000 -0,031006 
9,800000 -0,042948 
9,900000 -0,065193 
10,000000 -0,060192 
10,100000 -0,058230 
10,200000 -0,058604 
10,300000 -0,031177 
10,400000 -0,040071 
10,500000 -0,035964 
10,600000 -0,030952 
10,700000 -0,025395 
10,800000 -0,031779 
10,900000 -0,035702 
11,000000 -0,034508 
11,100000 -0,033268 
11,200000 -0,039938 
11,300000 -0,042211 
11,400000 -0,029492 
11,500000 -0,034994 
11,600000 -0,031546 
11,700000 -0,038861 
11,800000 -0,026208 
11,900000 -0,027535 
12,000000 -0,035972 
12,100000 -0,070739 
12,200000 -0,137611 
12,300000 -0,215976 
12,400000 -0,275158 
12,500000 -0,257701 
12,600000 -0,204426 
12,700000 -0,118091 
12,800000 -0,073747 
12,900000 -0,056133 
13,000000 -0,053588 
13,100000 -0,036912 
13,200000 -0,050008 
13,300000 -0,056823 
13,400000 -0,062199 
13,500000 -0,055474 
13,600000 -0,054308 
13,700000 -0,050963 
13,800000 -0,036113 
13,900000 -0,039828 
14,000000 -0,044642 
14,100000 -0,075998 
14,200000 -0,123865 
14,300000 -0,151852 
14,400000 -0,170538 
14,500000 -0,153475 
14,600000 -0,119804 
14,700000 -0,071499 
14,800000 -0,055902 
14,900000 -0,054449 
15,000000 -0,055547 
15,100000 -0,059515 
15,200000 -0,106020 
15,300000 -0,113150 
15,400000 -0,139466 
15,500000 -0,131098 
15,600000 -0,091616 
15,700000 -0,070958 
15,800000 -0,055000 
15,900000 -0,068248 
16,000000 -0,097150 
16,100000 -0,176741 
16,200000 -0,275052 
16,300000 -0,350649 
16,400000 -0,353447 
16,500000 -0,309473 
16,600000 -0,195509 
16,700000 -0,110163 
16,800000 -0,104206 
16,900000 -0,148049 
17,000000 -0,362118 
17,100000 -0,724805 
17,200000 -1,116614 
17,300000 -1,434595 
17,400000 -1,470902 
17,500000 -1,238365 
17,600000 -0,713713 
17,700000 -0,332598 
17,800000 -0,311128 
17,900000 -0,588544 
18,000000 -1,369506 
18,100000 -2,693790 
18,200000 -4,136207 
18,300000 -5,173603 
18,400000 -5,573257 
18,500000 -4,580972 
18,600000 -2,446181 
18,700000 -0,955044 
18,800000 -0,536556 
18,900000 -0,403099 
19,000000 -0,354377 
19,100000 -0,354502 
19,200000 -0,380017 
19,300000 -0,401073 
19,400000 -0,360818 
19,500000 -0,281718 
19,600000 -0,185334 
19,700000 -0,158805 
19,800000 -0,282398 
19,900000 -0,664062 
20,000000 -1,465288 
20,100000 -2,635456 
20,200000 -3,743912 
20,300000 -4,428886 
20,400000 -4,569977 
20,500000 -3,490378 
20,600000 -1,743917 
20,700000 -0,728879 
20,800000 -0,446150 
20,900000 -0,303560 
21,000000 -0,223030 
21,100000 -0,149514 
21,200000 -0,103501 
21,300000 -0,099427 
21,400000 -0,073471 
21,500000 -0,050406 
21,600000 -0,066813 
21,700000 -0,057051 
21,800000 -0,045136 
21,900000 -0,036896 
22,000000 -0,047753 
22,100000 -0,063158 
22,200000 -0,064137 
22,300000 -0,056640 
22,400000 -0,053164 
22,500000 -0,052595 
22,600000 -0,036012 
22,700000 -0,042828 
22,800000 -0,042377 
22,900000 -0,042734 
23,000000 -0,034682 
23,100000 -0,026596 
23,200000 -0,034185 
23,300000 -0,048237 
23,400000 -0,039674 
23,500000 -0,041379 
23,600000 -0,035028 
23,700000 -0,051167 
23,800000 -0,048813 
23,900000 -0,035881 
24,000000 -0,047560 
24,100000 -0,051669 
24,200000 -0,060377 
24,300000 -0,072990 
24,400000 -0,063409 
24,500000 -0,040973 
24,600000 -0,035373 
24,700000 -0,036233 
24,800000 -0,042354 
24,900000 -0,032700 
25,000000 -0,057528 
25,100000 -0,067576 
25,200000 -0,083614 
25,300000 -0,082903 
25,400000 -0,085254 
25,500000 -0,075153 
25,600000 -0,055909 
25,700000 -0,046554 
25,800000 -0,056275 
25,900000 -0,084107 
26,000000 -0,130066 
26,100000 -0,183504 
26,200000 -0,219969 
26,300000 -0,228180 
26,400000 -0,227459 
26,500000 -0,183289 
26,600000 -0,112067 
26,700000 -0,058768 
26,800000 -0,084142 
26,900000 -0,106216 
27,000000 -0,179840 
27,100000 -0,236141 
27,200000 -0,303606 
27,300000 -0,311885 
27,400000 -0,304872 
27,500000 -0,248332 
27,600000 -0,214721 
27,700000 -0,309198 
27,800000 -0,694070 
27,900000 -1,502494 
28,000000 -2,699324 
28,100000 -3,890799 
28,200000 -4,708355 
28,300000 -4,935693 
28,400000 -4,508449 
28,500000 -3,153403 
28,600000 -1,588652 
28,700000 -0,672316 
28,800000 -0,453992 
28,900000 -0,351916 
29,000000 -0,343900 
29,100000 -0,342505 
29,200000 -0,355549 
29,300000 -0,339051 
29,400000 -0,297231 
29,500000 -0,232781 
29,600000 -0,140992 
29,700000 -0,079736 
29,800000 -0,079400 
29,900000 -0,088683 
30,000000 -0,094040 
30,100000 -0,109379 
30,200000 -0,107246 
30,300000 -0,123968 
30,400000 -0,119546 
30,500000 -0,094591 
30,600000 -0,068487 
30,700000 -0,091642 
30,800000 -0,151347 
30,900000 -0,282177 
31,000000 -0,462505 
31,100000 -0,632157 
31,200000 -0,727163 
31,300000 -0,750611 
31,400000 -0,683991 
31,500000 -0,472045 
31,600000 -0,257222 
31,700000 -0,131521 
31,800000 -0,123356 
31,900000 -0,133352 
32,000000 -0,161949 
32,100000 -0,200584 
32,200000 -0,224859 
32,300000 -0,211942 
32,400000 -0,192017 
32,500000 -0,145756 
32,600000 -0,078909 
32,700000 -0,050710 
32,800000 -0,057514 
32,900000 -0,053979 
33,000000 -0,058135 
33,100000 -0,062829 
33,200000 -0,051603 
33,300000 -0,066086 
33,400000 -0,044840 
33,500000 -0,040203 
33,600000 -0,041929 
33,700000 -0,045474 
33,800000 -0,033812 
33,900000 -0,042443 
34,000000 -0,040897 
34,100000 -0,030959 
34,200000 -0,044204 
34,300000 -0,040088 
34,400000 -0,032614 
34,500000 -0,031358 
34,600000 -0,038655 
34,700000 -0,029096 
34,800000 -0,029564 
34,900000 -0,038184 
35,000000 -0,045232 
35,100000 -0,045883 
35,200000 -0,043602 
35,300000 -0,043712 
35,400000 -0,023950 
35,500000 -0,026458 
35,600000 -0,035570 
35,700000 -0,038627 
35,800000 -0,023867 
35,900000 -0,026295 
36,000000 -0,045512 
36,100000 -0,051275 
36,200000 -0,037070 
36,300000 -0,056850 
36,400000 -0,027652 
36,500000 -0,029146 
36,600000 -0,035408 
36,700000 -0,039258 
36,800000 -0,048526 
36,900000 -0,053676 
37,000000 -0,039062 
37,100000 -0,037427 
37,200000 -0,040594 
37,300000 -0,035241 
37,400000 -0,041159 
37,500000 -0,042907 
37,600000 -0,039433 
37,700000 -0,042699 
37,800000 -0,027674 
37,900000 -0,034289 
38,000000 -0,051019 
38,100000 -0,039806 
38,200000 -0,035359 
38,300000 -0,036771 
38,400000 -0,053214 
38,500000 -0,058259 
38,600000 -0,023333 
38,700000 -0,044396 
38,800000 -0,031202 
38,900000 -0,045465 
39,000000 -0,060199 
39,100000 -0,067689 
39,200000 -0,078727 
39,300000 -0,073858 
39,400000 -0,083881 
39,500000 -0,058503 
39,600000 -0,052060 
39,700000 -0,044590 
39,800000 -0,048513 
39,900000 -0,050917 
40,000000 -0,061320 
40,100000 -0,056547 
40,200000 -0,079342 
40,300000 -0,067373 
40,400000 -0,050070 
40,500000 -0,057439 
40,600000 -0,048552 
40,700000 -0,038795 
40,800000 -0,048013 
40,900000 -0,054870 
41,000000 -0,057715 
41,100000 -0,066892 
41,200000 -0,087729 
41,300000 -0,074473 
41,400000 -0,060458 
41,500000 -0,062951 
41,600000 -0,053653 
41,700000 -0,045506 
41,800000 -0,039593 
41,900000 -0,041286 
42,000000 -0,085685 
42,100000 -0,095197 
42,200000 -0,076766 
42,300000 -0,064813 
42,400000 -0,091628 
42,500000 -0,060702 
42,600000 -0,044137 
42,700000 -0,055494 
42,800000 -0,053488 
42,900000 -0,056299 
43,000000 -0,092571 
43,100000 -0,102966 
43,200000 -0,121152 
43,300000 -0,127690 
43,400000 -0,120949 
43,500000 -0,099622 
43,600000 -0,082241 
43,700000 -0,069426 
43,800000 -0,111172 
43,900000 -0,227898 
44,000000 -0,440031 
44,100000 -0,598862 
44,200000 -0,704460 
44,300000 -0,714960 
44,400000 -0,591149 
44,500000 -0,387390 
44,600000 -0,177010 
44,700000 -0,101582 
44,800000 -0,075247 
44,900000 -0,076060 
45,000000 -0,092819 
45,100000 -0,118172 
45,200000 -0,130734 
45,300000 -0,112286 
45,400000 -0,116269 
45,500000 -0,099846 
45,600000 -0,055775 
45,700000 -0,049412 
45,800000 -0,046891 
45,900000 -0,053557 
46,000000 -0,041718 
46,100000 -0,046180 
46,200000 -0,068865 
46,300000 -0,064486 
46,400000 -0,064444 
46,500000 -0,051180 
46,600000 -0,063280 
46,700000 -0,071416 
46,800000 -0,103111 
46,900000 -0,192516 
47,000000 -0,395396 
47,100000 -0,637920 
47,200000 -0,728690 
47,300000 -0,725145 
47,400000 -0,601378 
47,500000 -0,378154 
47,600000 -0,165084 
47,700000 -0,097331 
47,800000 -0,080024 
47,900000 -0,066541 
48,000000 -0,073250 
48,100000 -0,065298 
48,200000 -0,054679 
48,300000 -0,071790 
48,400000 -0,055772 
48,500000 -0,052782 
48,600000 -0,032636 
48,700000 -0,036142 
48,800000 -0,040414 
48,900000 -0,034553 
49,000000 -0,045524 
49,100000 -0,040991 
49,200000 -0,030917 
49,300000 -0,037206 
49,400000 -0,046916 
49,500000 -0,040624 
49,600000 -0,045171 
49,700000 -0,045436 
49,800000 -0,059916 
49,900000 -0,080129 
50,000000 -0,178609 
50,100000 -0,272903 
50,200000 -0,300462 
50,300000 -0,319871 
50,400000 -0,270246 
50,500000 -0,202934 
50,600000 -0,086613 
50,700000 -0,070346 
50,800000 -0,062281 
50,900000 -0,050904 
51,000000 -0,074220 
51,100000 -0,114207 
51,200000 -0,143086 
51,300000 -0,145214 
51,400000 -0,126689 
51,500000 -0,093302 
51,600000 -0,053795 
51,700000 -0,036178 
51,800000 -0,033377 
51,900000 -0,036835 
52,000000 -0,043079 
52,100000 -0,032889 
52,200000 -0,053091 
52,300000 -0,030225 
52,400000 -0,031827 
52,500000 -0,036812 
52,600000 -0,030067 
52,700000 -0,025093 
52,800000 -0,042104 
52,900000 -0,040991 
53,000000 -0,036678 
53,100000 -0,032521 
53,200000 -0,040155 
53,300000 -0,040388 
53,400000 -0,038542 
53,500000 -0,031647 
53,600000 -0,024631 
53,700000 -0,044596 
53,800000 -0,054001 
53,900000 -0,044957 
54,000000 -0,021601 
54,100000 -0,026884 
54,200000 -0,034159 
54,300000 -0,042552 
54,400000 -0,027121 
54,500000 -0,036219 
54,600000 -0,038230 
54,700000 -0,030859 
54,800000 -0,041468 
54,900000 -0,022324 
55,000000 -0,028517 
55,100000 -0,045025 
55,200000 -0,054629 
55,300000 -0,056999 
55,400000 -0,071305 
55,500000 -0,051932 
55,600000 -0,043263 
55,700000 -0,040835 
55,800000 -0,024583 
55,900000 -0,025641 
56,000000 -0,018501 
56,100000 -0,019463 
56,200000 -0,049221 
56,300000 -0,043053 
56,400000 -0,041258 
56,500000 -0,033344 
56,600000 -0,032283 
56,700000 -0,048010 
56,800000 -0,059733 
56,900000 -0,025621 
57,000000 -0,034318 
57,100000 -0,027868 
57,200000 -0,044007 
57,300000 -0,043547 
57,400000 -0,046310 
57,500000 -0,042964 
57,600000 -0,038622 
57,700000 -0,025918 
57,800000 -0,029510 
57,900000 -0,031464 
58,000000 -0,027790 
58,100000 -0,047615 
58,200000 -0,046177 
58,300000 -0,029083 
58,400000 -0,038935 
58,500000 -0,029425 
58,600000 -0,037984 
58,700000 -0,032733 
58,800000 -0,038290 
58,900000 -0,026234 
59,000000 -0,045948 
59,100000 -0,039637 
59,200000 -0,026500 
59,300000 -0,025547 
59,400000 -0,034612 
59,500000 -0,052921 
59,600000 -0,031918 
59,700000 -0,034922 
59,800000 -0,037001 
59,900000 -0,030345 
60,000000 -0,028741 
60,100000 -0,037671 
60,200000 -0,045649 
60,300000 -0,038210 
60,400000 -0,038970 
60,500000 -0,042431 
60,600000 -0,032577 
60,700000 -0,022861 
60,800000 -0,042257 
60,900000 -0,023674 
61,000000 -0,025256 
61,100000 -0,028647 
61,200000 -0,042463 
61,300000 -0,036767 
61,400000 -0,034684 
61,500000 -0,033403 
61,600000 -0,037988 
61,700000 -0,035829 
61,800000 -0,021860 
61,900000 -0,038947 
62,000000 -0,031739 
62,100000 -0,038193 
62,200000 -0,049927 
62,300000 -0,052558 
62,400000 -0,054200 
62,500000 -0,051461 
62,600000 -0,041782 
62,700000 -0,029620 
62,800000 -0,036864 
62,900000 -0,039502 
63,000000 -0,046383 
63,100000 -0,026251 
63,200000 -0,045669 
63,300000 -0,046053 
63,400000 -0,041034 
63,500000 -0,031321 
63,600000 -0,034932 
63,700000 -0,031580 
63,800000 -0,031154 
63,900000 -0,035491 
64,000000 -0,051183 
64,100000 -0,044402 
64,200000 -0,030362 
64,300000 -0,024420 
64,400000 -0,029371 
64,500000 -0,030987 
64,600000 -0,025418 
64,700000 -0,039501 
64,800000 -0,039410 
64,900000 -0,044115 
65,000000 -0,046666 
65,100000 -0,032852 
65,200000 -0,032473 
65,300000 -0,032277 
65,400000 -0,040611 
65,500000 -0,033581 
65,600000 -0,035441 
65,700000 -0,028683 
65,800000 -0,040227 
65,900000 -0,045287 
66,000000 -0,061684 
66,100000 -0,087492 
66,200000 -0,145415 
66,300000 -0,175837 
66,400000 -0,175833 
66,500000 -0,139333 
66,600000 -0,072459 
66,700000 -0,050750 
66,800000 -0,039175 
66,900000 -0,050744 
67,000000 -0,036660 
67,100000 -0,034843 
67,200000 -0,046484 
67,300000 -0,035408 
67,400000 -0,057162 
67,500000 -0,029357 
67,600000 -0,034834 
67,700000 -0,031803 
67,800000 -0,043926 
67,900000 -0,040347 
68,000000 -0,044127 
68,100000 -0,035480 
68,200000 -0,028288 
68,300000 -0,041049 
68,400000 -0,029667 
68,500000 -0,053012 
68,600000 -0,059119 
68,700000 -0,053405 
68,800000 -0,062318 
68,900000 -0,090623 
69,000000 -0,181929 
69,100000 -0,365589 
69,200000 -0,677398 
69,300000 -0,933406 
69,400000 -0,997816 
69,500000 -0,756890 
69,600000 -0,404569 
69,700000 -0,171058 
69,800000 -0,118023 
69,900000 -0,087273 
70,000000 -0,066443 
70,100000 -0,053374 
70,200000 -0,050798 
70,300000 -0,066442 
70,400000 -0,051228 
70,500000 -0,047127 
70,600000 -0,037929 
70,700000 -0,045071 
70,800000 -0,040888 
70,900000 -0,037160 
71,000000 -0,038673 
71,100000 -0,041661 
71,200000 -0,024588 
71,300000 -0,035517 
71,400000 -0,038238 
71,500000 -0,041272 
71,600000 -0,028294 
71,700000 -0,034850 
71,800000 -0,053123 
71,900000 -0,034658 
72,000000 -0,046021 
72,100000 -0,027918 
72,200000 -0,029950 
72,300000 -0,032133 
72,400000 -0,028914 
72,500000 -0,036449 
72,600000 -0,038230 
72,700000 -0,030800 
72,800000 -0,027171 
72,900000 -0,033192 
73,000000 -0,010055 
73,100000 -0,032711 
73,200000 -0,036250 
73,300000 -0,032815 
73,400000 -0,030463 
73,500000 -0,040350 
73,600000 -0,034817 
73,700000 -0,033350 
73,800000 -0,042605 
73,900000 -0,019730 
74,000000 -0,041422 
74,100000 -0,018259 
74,200000 -0,031972 
74,300000 -0,038256 
74,400000 -0,048898 
74,500000 -0,038733 
74,600000 -0,037723 
74,700000 -0,030877 
74,800000 -0,045838 
74,900000 -0,029090 
75,000000 -0,030239 
75,100000 -0,035844 
75,200000 -0,043410 
75,300000 -0,043277 
75,400000 -0,042940 
75,500000 -0,039943 
75,600000 -0,019848 
75,700000 -0,033406 
75,800000 -0,029773 
75,900000 -0,031601 
76,000000 -0,035870 
76,100000 -0,033750 
76,200000 -0,043168 
76,300000 -0,034841 
76,400000 -0,036000 
76,500000 -0,015042 
76,600000 -0,025765 
76,700000 -0,046000 
76,800000 -0,035597 
76,900000 -0,032240 
77,000000 -0,032745 
77,100000 -0,028168 
77,200000 -0,034086 
77,300000 -0,037656 
77,400000 -0,036149 
77,500000 -0,040018 
77,600000 -0,034318 
77,700000 -0,035263 
77,800000 -0,024770 
77,900000 -0,031963 
78,000000 -0,038520 
78,100000 -0,035007 
78,200000 -0,039551 
78,300000 -0,040513 
78,400000 -0,041905 
78,500000 -0,041820 
78,600000 -0,033409 
78,700000 -0,040477 
78,800000 -0,041490 
78,900000 -0,043703 
79,000000 -0,035860 
79,100000 -0,030565 
79,200000 -0,032603 
79,300000 -0,037521 
79,400000 -0,038048 
79,500000 -0,026130 
79,600000 -0,037765 
79,700000 -0,041075 
79,800000 -0,040068 
79,900000 -0,028542 
80,000000 -0,032960 
80,100000 -0,017837 
80,200000 -0,031355 
80,300000 -0,036134 
80,400000 -0,027315 
80,500000 -0,027670 
80,600000 -0,034024 
80,700000 -0,039126 
80,800000 -0,035207 
80,900000 -0,030373 
81,000000 -0,040609 
81,100000 -0,044663 
81,200000 -0,039003 
81,300000 -0,054838 
81,400000 -0,048769 
81,500000 -0,056332 
81,600000 -0,036281 
81,700000 -0,031142 
81,800000 -0,045942 
81,900000 -0,035678 
82,000000 -0,037094 
82,100000 -0,038567 
82,200000 -0,025897 
82,300000 -0,040510 
82,400000 -0,034698 
82,500000 -0,045700 
82,600000 -0,031228 
82,700000 -0,033487 
82,800000 -0,031974 
82,900000 -0,032880 
83,000000 -0,028913 
83,100000 -0,027680 
83,200000 -0,038451 
83,300000 -0,035468 
83,400000 -0,033697 
83,500000 -0,048274 
83,600000 -0,026538 
83,700000 -0,020853 
83,800000 -0,037956 
83,900000 -0,033683 
84,000000 -0,035785 
84,100000 -0,028030 
84,200000 -0,029344 
84,300000 -0,035222 
84,400000 -0,034795 
84,500000 -0,030121 
84,600000 -0,032656 
84,700000 -0,034945 
84,800000 -0,047782 
84,900000 -0,027382 
85,000000 -0,031984 
85,100000 -0,038411 
85,200000 -0,037883 
85,300000 -0,038595 
85,400000 -0,047157 
85,500000 -0,047977 
85,600000 -0,036621 
85,700000 -0,039348 
85,800000 -0,051322 
85,900000 -0,029921 
86,000000 -0,033239 
86,100000 -0,036405 
86,200000 -0,030902 
86,300000 -0,035466 
86,400000 -0,023269 
86,500000 -0,025071 
86,600000 -0,038533 
86,700000 -0,024192 
86,800000 -0,026711 
86,900000 -0,022171 
87,000000 -0,041511 
87,100000 -0,027896 
87,200000 -0,032202 
87,300000 -0,024677 
87,400000 -0,035088 
87,500000 -0,037751 
87,600000 -0,025949 
87,700000 -0,034641 
87,800000 -0,043523 
87,900000 -0,035528 
88,000000 -0,034481 
88,100000 -0,027729 
88,200000 -0,025013 
88,300000 -0,037785 
88,400000 -0,032420 
88,500000 -0,035184 
88,600000 -0,032741 
88,700000 -0,043730 
88,800000 -0,029240 
88,900000 -0,040731 
89,000000 -0,042527 
89,100000 -0,022183 
89,200000 -0,042841 
89,300000 -0,032986 
89,400000 -0,021554 
89,500000 -0,021724 
89,600000 -0,030246 
89,700000 -0,032489 
89,800000 -0,031829 
89,900000 -0,039752 
90,000000 -0,041625 
90,100000 -0,022718 
90,200000 -0,028199 
90,300000 -0,022177 
90,400000 -0,026951 
90,500000 -0,050497 
90,600000 -0,040259 
90,700000 -0,025388 
90,800000 -0,043562 
90,900000 -0,039681 
91,000000 -0,026034 
91,100000 -0,041370 
91,200000 -0,036318 
91,300000 -0,024038 
91,400000 -0,043536 
91,500000 -0,036566 
91,600000 -0,026225 
91,700000 -0,019717 
91,800000 -0,036301 
91,900000 -0,036366 
92,000000 -0,029719 
92,100000 -0,032646 
92,200000 -0,036402 
92,300000 -0,030440 
92,400000 -0,028414 
92,500000 -0,022141 
92,600000 -0,035454 
92,700000 -0,021381 
92,800000 -0,037541 
92,900000 -0,019251 
93,000000 -0,035794 
93,100000 -0,034129 
93,200000 -0,035875 
93,300000 -0,044105 
93,400000 -0,021471 
93,500000 -0,024235 
93,600000 -0,034735 
93,700000 -0,043658 
93,800000 -0,031672 
93,900000 -0,043611 
94,000000 -0,043148 
94,100000 -0,031366 
94,200000 -0,042905 
94,300000 -0,040580 
94,400000 -0,038982 
94,500000 -0,023516 
94,600000 -0,035542 
94,700000 -0,019977 
94,800000 -0,035196 
94,900000 -0,031424 
95,000000 -0,041879 
95,100000 -0,031418 
95,200000 -0,041427 
95,300000 -0,042483 
95,400000 -0,029133 
95,500000 -0,028941 
95,600000 -0,030370 
95,700000 -0,039894 
95,800000 -0,034422 
95,900000 -0,025565 
96,000000 -0,026482 
96,100000 -0,031561 
96,200000 -0,041838 
96,300000 -0,030440 
96,400000 -0,027483 
96,500000 -0,034910 
96,600000 -0,027615 
96,700000 -0,034334 
96,800000 -0,033619 
96,900000 -0,038181 
97,000000 -0,043276 
97,100000 -0,016974 
97,200000 -0,027661 
97,300000 -0,038118 
97,400000 -0,047258 
97,500000 -0,047193 
97,600000 -0,055356 
97,700000 -0,038275 
97,800000 -0,033394 
97,900000 -0,038724 
98,000000 -0,036432 
98,100000 -0,036849 
98,200000 -0,029290 
98,300000 -0,047278 
98,400000 -0,021880 
98,500000 -0,034119 
98,600000 -0,031516 
98,700000 -0,026531 
98,800000 -0,044118 
98,900000 -0,021414 
99,000000 -0,026264 
99,100000 -0,037113 
99,200000 -0,042699 
99,300000 -0,034507 
99,400000 -0,029721 
99,500000 -0,029743 
99,600000 -0,034621 
99,700000 -0,029970 
99,800000 -0,024418 
99,900000 -0,032212 
100,000000 -0,032987 
