0,000000 -2,272559 
0,100000 -0,929874 
0,200000 -0,605919 
0,300000 -0,495302 
0,400000 -0,419414 
0,500000 -0,360236 
0,600000 -0,309385 
0,700000 -0,291027 
0,800000 -0,277085 
0,900000 -0,270957 
1,000000 -0,263847 
1,100000 -0,242840 
1,200000 -0,242202 
1,300000 -0,239944 
1,400000 -0,234889 
1,500000 -0,231342 
1,600000 -0,235512 
1,700000 -0,239599 
1,800000 -0,236336 
1,900000 -0,197023 
2,000000 -0,141218 
2,100000 -0,241545 
2,200000 -0,261128 
2,300000 -0,102743 
2,400000 -0,056705 
2,500000 -0,062754 
2,600000 -0,042893 
2,700000 -0,046494 
2,800000 -0,076177 
2,900000 -0,156487 
3,000000 -0,172332 
3,100000 -0,108426 
3,200000 -0,052500 
3,300000 -0,044787 
3,400000 -0,052553 
3,500000 -0,039693 
3,600000 -0,038287 
3,700000 -0,041212 
3,800000 -0,035978 
3,900000 -0,027783 
4,000000 -0,037023 
4,100000 -0,056294 
4,200000 -0,030521 
4,300000 -0,035860 
4,400000 -0,032581 
4,500000 -0,032732 
4,600000 -0,040174 
4,700000 -0,025983 
4,800000 -0,016364 
4,900000 -0,038491 
5,000000 -0,044733 
5,100000 -0,046394 
5,200000 -0,032212 
5,300000 -0,024342 
5,400000 -0,035980 
5,500000 -0,042856 
5,600000 -0,042220 
5,700000 -0,030331 
5,800000 -0,026560 
5,900000 -0,031615 
6,000000 -0,021507 
6,100000 -0,043795 
6,200000 -0,032343 
6,300000 -0,027763 
6,400000 -0,028577 
6,500000 -0,039482 
6,600000 -0,035249 
6,700000 -0,036357 
6,800000 -0,035466 
6,900000 -0,029173 
7,000000 -0,044840 
7,100000 -0,025175 
7,200000 -0,032593 
7,300000 -0,026270 
7,400000 -0,028041 
7,500000 -0,035091 
7,600000 -0,033770 
7,700000 -0,035435 
7,800000 -0,035797 
7,900000 -0,035800 
8,000000 -0,032485 
8,100000 -0,042127 
8,200000 -0,037081 
8,300000 -0,035841 
8,400000 -0,035406 
8,500000 -0,037173 
8,600000 -0,036735 
8,700000 -0,031089 
8,800000 -0,040084 
8,900000 -0,032433 
9,000000 -0,030553 
9,100000 -0,033934 
9,200000 -0,033127 
9,300000 -0,033200 
9,400000 -0,032426 
9,500000 -0,030917 
9,600000 -0,040447 
9,700000 -0,029675 
9,800000 -0,046984 
9,900000 -0,062078 
10,000000 -0,059347 
10,100000 -0,062940 
10,200000 -0,054301 
10,300000 -0,039519 
10,400000 -0,038988 
10,500000 -0,029132 
10,600000 -0,038696 
10,700000 -0,029717 
10,800000 -0,033993 
10,900000 -0,034272 
11,000000 -0,035887 
11,100000 -0,040922 
11,200000 -0,028106 
11,300000 -0,041018 
11,400000 -0,037416 
11,500000 -0,018569 
11,600000 -0,025606 
11,700000 -0,046260 
11,800000 -0,025228 
11,900000 -0,039784 
12,000000 -0,047809 
12,100000 -0,075922 
12,200000 -0,142001 
12,300000 -0,211780 
12,400000 -0,269405 
12,500000 -0,260580 
12,600000 -0,201815 
12,700000 -0,126317 
12,800000 -0,065791 
12,900000 -0,052430 
13,000000 -0,050106 
13,100000 -0,063490 
13,200000 -0,066106 
13,300000 -0,059132 
13,400000 -0,065124 
13,500000 -0,051594 
13,600000 -0,052636 
13,700000 -0,053670 
13,800000 -0,033538 
13,900000 -0,036417 
14,000000 -0,039132 
14,100000 -0,078612 
14,200000 -0,101731 
14,300000 -0,127317 
14,400000 -0,157049 
14,500000 -0,143575 
14,600000 -0,114641 
14,700000 -0,060372 
14,800000 -0,041733 
14,900000 -0,048281 
15,000000 -0,068200 
15,100000 -0,065326 
15,200000 -0,080185 
15,300000 -0,112330 
15,400000 -0,131624 
15,500000 -0,119355 
15,600000 -0,095061 
15,700000 -0,057445 
15,800000 -0,051121 
15,900000 -0,075837 
16,000000 -0,097179 
16,100000 -0,155116 
16,200000 -0,236435 
16,300000 -0,319048 
16,400000 -0,337545 
16,500000 -0,274529 
16,600000 -0,180557 
16,700000 -0,099154 
16,800000 -0,086458 
16,900000 -0,131363 
17,000000 -0,270760 
17,100000 -0,554594 
17,200000 -0,882554 
17,300000 -1,138745 
17,400000 -1,162814 
17,500000 -0,957834 
17,600000 -0,571467 
17,700000 -0,270655 
17,800000 -0,251190 
17,900000 -0,454817 
18,000000 -1,003547 
18,100000 -1,988208 
18,200000 -3,126519 
18,300000 -3,965128 
18,400000 -4,289560 
18,500000 -3,538278 
18,600000 -1,953361 
18,700000 -0,835381 
18,800000 -0,506714 
18,900000 -0,352526 
19,000000 -0,317317 
19,100000 -0,331806 
19,200000 -0,348687 
19,300000 -0,375943 
19,400000 -0,354223 
19,500000 -0,272667 
19,600000 -0,196496 
19,700000 -0,134330 
19,800000 -0,232337 
19,900000 -0,520672 
20,000000 -1,141493 
20,100000 -2,112829 
20,200000 -3,020838 
20,300000 -3,641606 
20,400000 -3,768363 
20,500000 -2,931761 
20,600000 -1,477779 
20,700000 -0,638284 
20,800000 -0,390426 
20,900000 -0,284048 
21,000000 -0,207447 
21,100000 -0,146230 
21,200000 -0,105948 
21,300000 -0,088941 
21,400000 -0,075218 
21,500000 -0,058691 
21,600000 -0,056865 
21,700000 -0,048661 
21,800000 -0,040870 
21,900000 -0,049676 
22,000000 -0,055274 
22,100000 -0,054362 
22,200000 -0,062744 
22,300000 -0,057166 
22,400000 -0,061931 
22,500000 -0,039831 
22,600000 -0,027941 
22,700000 -0,022522 
22,800000 -0,038334 
22,900000 -0,036615 
23,000000 -0,023463 
23,100000 -0,036636 
23,200000 -0,044470 
23,300000 -0,036481 
23,400000 -0,032237 
23,500000 -0,038333 
23,600000 -0,044288 
23,700000 -0,050844 
23,800000 -0,049756 
23,900000 -0,050361 
24,000000 -0,053955 
24,100000 -0,051578 
24,200000 -0,055360 
24,300000 -0,062445 
24,400000 -0,049701 
24,500000 -0,050370 
24,600000 -0,044462 
24,700000 -0,037929 
24,800000 -0,043531 
24,900000 -0,045240 
25,000000 -0,046354 
25,100000 -0,067501 
25,200000 -0,062941 
25,300000 -0,082670 
25,400000 -0,078397 
25,500000 -0,068076 
25,600000 -0,040143 
25,700000 -0,045268 
25,800000 -0,050635 
25,900000 -0,064516 
26,000000 -0,113180 
26,100000 -0,151533 
26,200000 -0,186190 
26,300000 -0,199323 
26,400000 -0,193407 
26,500000 -0,163973 
26,600000 -0,100467 
26,700000 -0,053682 
26,800000 -0,068239 
26,900000 -0,106812 
27,000000 -0,141624 
27,100000 -0,200339 
27,200000 -0,235341 
27,300000 -0,274961 
27,400000 -0,276971 
27,500000 -0,226380 
27,600000 -0,173111 
27,700000 -0,241680 
27,800000 -0,494889 
27,900000 -1,118706 
28,000000 -2,048687 
28,100000 -3,073833 
28,200000 -3,788111 
28,300000 -4,046636 
28,400000 -3,705611 
28,500000 -2,678552 
28,600000 -1,399344 
28,700000 -0,645122 
28,800000 -0,425527 
28,900000 -0,332287 
29,000000 -0,313297 
29,100000 -0,313731 
29,200000 -0,329238 
29,300000 -0,298080 
29,400000 -0,276332 
29,500000 -0,205304 
29,600000 -0,131115 
29,700000 -0,094808 
29,800000 -0,077578 
29,900000 -0,079822 
30,000000 -0,089109 
30,100000 -0,094482 
30,200000 -0,090664 
30,300000 -0,118908 
30,400000 -0,114802 
30,500000 -0,085436 
30,600000 -0,070684 
30,700000 -0,069034 
30,800000 -0,133471 
30,900000 -0,245250 
31,000000 -0,414379 
31,100000 -0,587179 
31,200000 -0,695841 
31,300000 -0,703392 
31,400000 -0,635933 
31,500000 -0,464392 
31,600000 -0,245203 
31,700000 -0,133523 
31,800000 -0,112433 
31,900000 -0,117874 
32,000000 -0,134627 
32,100000 -0,163365 
32,200000 -0,174898 
32,300000 -0,171440 
32,400000 -0,156484 
32,500000 -0,103239 
32,600000 -0,081977 
32,700000 -0,055587 
32,800000 -0,042085 
32,900000 -0,061061 
33,000000 -0,051370 
33,100000 -0,056963 
33,200000 -0,058856 
33,300000 -0,052782 
33,400000 -0,053165 
33,500000 -0,048912 
33,600000 -0,034859 
33,700000 -0,034083 
33,800000 -0,038404 
33,900000 -0,040985 
34,000000 -0,036987 
34,100000 -0,031029 
34,200000 -0,040639 
34,300000 -0,038998 
34,400000 -0,036810 
34,500000 -0,036952 
34,600000 -0,029372 
34,700000 -0,036617 
34,800000 -0,025581 
34,900000 -0,042288 
35,000000 -0,037541 
35,100000 -0,027020 
35,200000 -0,030718 
35,300000 -0,037297 
35,400000 -0,034932 
35,500000 -0,042680 
35,600000 -0,039698 
35,700000 -0,028343 
35,800000 -0,030803 
35,900000 -0,030715 
36,000000 -0,043546 
36,100000 -0,044507 
36,200000 -0,043990 
36,300000 -0,052197 
36,400000 -0,047566 
36,500000 -0,029992 
36,600000 -0,037749 
36,700000 -0,026284 
36,800000 -0,030933 
36,900000 -0,036437 
37,000000 -0,039745 
37,100000 -0,040229 
37,200000 -0,047093 
37,300000 -0,049363 
37,400000 -0,038797 
37,500000 -0,030039 
37,600000 -0,046101 
37,700000 -0,042476 
37,800000 -0,027589 
37,900000 -0,037025 
38,000000 -0,038877 
38,100000 -0,039483 
38,200000 -0,040219 
38,300000 -0,049739 
38,400000 -0,052007 
38,500000 -0,041996 
38,600000 -0,036286 
38,700000 -0,030613 
38,800000 -0,047663 
38,900000 -0,034433 
39,000000 -0,061122 
39,100000 -0,069292 
39,200000 -0,072439 
39,300000 -0,075935 
39,400000 -0,056044 
39,500000 -0,064525 
39,600000 -0,055581 
39,700000 -0,037332 
39,800000 -0,032618 
39,900000 -0,055663 
40,000000 -0,042880 
40,100000 -0,062648 
40,200000 -0,065667 
40,300000 -0,062688 
40,400000 -0,063055 
40,500000 -0,050817 
40,600000 -0,036434 
40,700000 -0,035053 
40,800000 -0,044552 
40,900000 -0,042248 
41,000000 -0,066353 
41,100000 -0,073995 
41,200000 -0,073562 
41,300000 -0,078533 
41,400000 -0,082283 
41,500000 -0,059178 
41,600000 -0,059271 
41,700000 -0,048246 
41,800000 -0,036104 
41,900000 -0,049589 
42,000000 -0,060950 
42,100000 -0,064790 
42,200000 -0,069814 
42,300000 -0,075088 
42,400000 -0,081679 
42,500000 -0,065122 
42,600000 -0,045692 
42,700000 -0,035682 
42,800000 -0,044485 
42,900000 -0,061199 
43,000000 -0,077442 
43,100000 -0,088458 
43,200000 -0,122910 
43,300000 -0,114451 
43,400000 -0,099696 
43,500000 -0,087410 
43,600000 -0,074111 
43,700000 -0,058921 
43,800000 -0,084419 
43,900000 -0,184231 
44,000000 -0,319497 
44,100000 -0,461336 
44,200000 -0,558075 
44,300000 -0,575190 
44,400000 -0,484022 
44,500000 -0,326231 
44,600000 -0,171613 
44,700000 -0,092839 
44,800000 -0,082215 
44,900000 -0,071051 
45,000000 -0,076321 
45,100000 -0,107124 
45,200000 -0,113833 
45,300000 -0,115093 
45,400000 -0,097245 
45,500000 -0,084620 
45,600000 -0,056087 
45,700000 -0,040705 
45,800000 -0,032320 
45,900000 -0,041167 
46,000000 -0,049430 
46,100000 -0,053412 
46,200000 -0,066368 
46,300000 -0,057043 
46,400000 -0,064740 
46,500000 -0,056337 
46,600000 -0,050396 
46,700000 -0,062231 
46,800000 -0,077872 
46,900000 -0,161854 
47,000000 -0,334360 
47,100000 -0,534741 
47,200000 -0,624056 
47,300000 -0,645319 
47,400000 -0,559086 
47,500000 -0,381117 
47,600000 -0,183588 
47,700000 -0,115976 
47,800000 -0,078647 
47,900000 -0,069504 
48,000000 -0,055771 
48,100000 -0,069133 
48,200000 -0,060400 
48,300000 -0,065169 
48,400000 -0,041402 
48,500000 -0,051982 
48,600000 -0,044187 
48,700000 -0,042888 
48,800000 -0,034781 
48,900000 -0,035507 
49,000000 -0,038104 
49,100000 -0,028823 
49,200000 -0,038772 
49,300000 -0,034549 
49,400000 -0,048779 
49,500000 -0,050309 
49,600000 -0,036340 
49,700000 -0,034504 
49,800000 -0,050683 
49,900000 -0,072059 
50,000000 -0,152646 
50,100000 -0,230925 
50,200000 -0,281453 
50,300000 -0,286094 
50,400000 -0,266595 
50,500000 -0,185637 
50,600000 -0,082696 
50,700000 -0,068654 
50,800000 -0,050029 
50,900000 -0,061687 
51,000000 -0,078347 
51,100000 -0,098049 
51,200000 -0,123668 
51,300000 -0,119292 
51,400000 -0,116648 
51,500000 -0,097641 
51,600000 -0,059218 
51,700000 -0,051686 
51,800000 -0,040192 
51,900000 -0,035001 
52,000000 -0,034795 
52,100000 -0,035011 
52,200000 -0,035006 
52,300000 -0,032327 
52,400000 -0,038599 
52,500000 -0,043045 
52,600000 -0,028056 
52,700000 -0,033758 
52,800000 -0,039811 
52,900000 -0,011155 
53,000000 -0,036622 
53,100000 -0,032552 
53,200000 -0,038700 
53,300000 -0,047452 
53,400000 -0,040111 
53,500000 -0,033882 
53,600000 -0,028344 
53,700000 -0,036835 
53,800000 -0,034316 
53,900000 -0,039069 
54,000000 -0,016574 
54,100000 -0,036716 
54,200000 -0,033843 
54,300000 -0,039695 
54,400000 -0,037415 
54,500000 -0,031811 
54,600000 -0,032864 
54,700000 -0,044841 
54,800000 -0,041003 
54,900000 -0,034723 
55,000000 -0,015734 
55,100000 -0,048969 
55,200000 -0,052734 
55,300000 -0,054700 
55,400000 -0,041665 
55,500000 -0,062456 
55,600000 -0,030102 
55,700000 -0,033421 
55,800000 -0,035574 
55,900000 -0,029911 
56,000000 -0,027500 
56,100000 -0,030170 
56,200000 -0,051751 
56,300000 -0,035224 
56,400000 -0,041374 
56,500000 -0,051855 
56,600000 -0,033215 
56,700000 -0,033514 
56,800000 -0,040052 
56,900000 -0,032979 
57,000000 -0,034721 
57,100000 -0,031384 
57,200000 -0,035133 
57,300000 -0,036305 
57,400000 -0,050332 
57,500000 -0,038897 
57,600000 -0,036130 
57,700000 -0,047890 
57,800000 -0,034785 
57,900000 -0,029613 
58,000000 -0,022210 
58,100000 -0,026202 
58,200000 -0,051878 
58,300000 -0,030585 
58,400000 -0,038888 
58,500000 -0,028471 
58,600000 -0,029170 
58,700000 -0,036993 
58,800000 -0,031101 
58,900000 -0,038876 
59,000000 -0,033836 
59,100000 -0,026345 
59,200000 -0,027046 
59,300000 -0,033011 
59,400000 -0,029174 
59,500000 -0,038091 
59,600000 -0,040456 
59,700000 -0,027264 
59,800000 -0,033325 
59,900000 -0,036343 
60,000000 -0,032776 
60,100000 -0,033308 
60,200000 -0,052218 
60,300000 -0,046995 
60,400000 -0,025930 
60,500000 -0,041517 
60,600000 -0,036121 
60,700000 -0,034541 
60,800000 -0,035563 
60,900000 -0,032978 
61,000000 -0,037244 
61,100000 -0,023105 
61,200000 -0,035991 
61,300000 -0,033160 
61,400000 -0,038098 
61,500000 -0,044478 
61,600000 -0,032075 
61,700000 -0,032872 
61,800000 -0,028316 
61,900000 -0,034551 
62,000000 -0,033861 
62,100000 -0,031707 
62,200000 -0,050334 
62,300000 -0,037140 
62,400000 -0,037155 
62,500000 -0,048813 
62,600000 -0,037134 
62,700000 -0,034514 
62,800000 -0,037854 
62,900000 -0,032865 
63,000000 -0,030435 
63,100000 -0,033078 
63,200000 -0,038569 
63,300000 -0,032991 
63,400000 -0,049291 
63,500000 -0,048510 
63,600000 -0,047292 
63,700000 -0,027610 
63,800000 -0,025788 
63,900000 -0,026453 
64,000000 -0,039370 
64,100000 -0,030348 
64,200000 -0,027389 
64,300000 -0,043262 
64,400000 -0,038920 
64,500000 -0,043166 
64,600000 -0,030064 
64,700000 -0,036338 
64,800000 -0,041484 
64,900000 -0,029837 
65,000000 -0,036142 
65,100000 -0,035178 
65,200000 -0,044291 
65,300000 -0,034052 
65,400000 -0,042213 
65,500000 -0,027848 
65,600000 -0,026680 
65,700000 -0,045008 
65,800000 -0,040057 
65,900000 -0,035823 
66,000000 -0,048240 
66,100000 -0,080187 
66,200000 -0,114402 
66,300000 -0,144201 
66,400000 -0,155150 
66,500000 -0,113576 
66,600000 -0,069140 
66,700000 -0,045156 
66,800000 -0,045414 
66,900000 -0,040999 
67,000000 -0,020054 
67,100000 -0,042298 
67,200000 -0,039752 
67,300000 -0,038450 
67,400000 -0,036792 
67,500000 -0,040313 
67,600000 -0,033915 
67,700000 -0,042387 
67,800000 -0,023163 
67,900000 -0,040542 
68,000000 -0,037554 
68,100000 -0,031880 
68,200000 -0,044475 
68,300000 -0,040989 
68,400000 -0,034739 
68,500000 -0,041052 
68,600000 -0,049860 
68,700000 -0,043875 
68,800000 -0,057083 
68,900000 -0,071497 
69,000000 -0,138251 
69,100000 -0,260624 
69,200000 -0,522139 
69,300000 -0,749812 
69,400000 -0,844385 
69,500000 -0,683059 
69,600000 -0,388238 
69,700000 -0,182802 
69,800000 -0,108322 
69,900000 -0,067995 
70,000000 -0,086344 
70,100000 -0,048699 
70,200000 -0,060910 
70,300000 -0,051286 
70,400000 -0,062086 
70,500000 -0,037717 
70,600000 -0,060602 
70,700000 -0,048095 
70,800000 -0,030848 
70,900000 -0,040093 
71,000000 -0,031959 
71,100000 -0,040092 
71,200000 -0,033490 
71,300000 -0,031607 
71,400000 -0,045610 
71,500000 -0,035723 
71,600000 -0,038076 
71,700000 -0,036844 
71,800000 -0,031139 
71,900000 -0,026580 
72,000000 -0,039645 
72,100000 -0,030427 
72,200000 -0,038743 
72,300000 -0,038614 
72,400000 -0,041480 
72,500000 -0,023117 
72,600000 -0,028883 
72,700000 -0,033469 
72,800000 -0,042879 
72,900000 -0,034771 
73,000000 -0,044557 
73,100000 -0,026010 
73,200000 -0,028058 
73,300000 -0,043947 
73,400000 -0,042836 
73,500000 -0,034413 
73,600000 -0,028879 
73,700000 -0,030208 
73,800000 -0,033831 
73,900000 -0,031791 
74,000000 -0,025431 
74,100000 -0,033765 
74,200000 -0,026549 
74,300000 -0,030370 
74,400000 -0,037057 
74,500000 -0,046764 
74,600000 -0,028363 
74,700000 -0,036781 
74,800000 -0,033203 
74,900000 -0,047558 
75,000000 -0,034889 
75,100000 -0,029062 
75,200000 -0,028302 
75,300000 -0,035177 
75,400000 -0,030800 
75,500000 -0,045476 
75,600000 -0,036352 
75,700000 -0,045187 
75,800000 -0,021133 
75,900000 -0,021633 
76,000000 -0,045777 
76,100000 -0,028717 
76,200000 -0,033565 
76,300000 -0,044730 
76,400000 -0,030743 
76,500000 -0,032525 
76,600000 -0,038339 
76,700000 -0,027465 
76,800000 -0,026126 
76,900000 -0,026350 
77,000000 -0,030255 
77,100000 -0,038122 
77,200000 -0,037518 
77,300000 -0,034556 
77,400000 -0,026082 
77,500000 -0,028420 
77,600000 -0,034085 
77,700000 -0,026437 
77,800000 -0,040897 
77,900000 -0,044148 
78,000000 -0,028900 
78,100000 -0,028527 
78,200000 -0,049546 
78,300000 -0,043684 
78,400000 -0,037176 
78,500000 -0,043310 
78,600000 -0,027981 
78,700000 -0,035906 
78,800000 -0,042769 
78,900000 -0,044863 
79,000000 -0,042431 
79,100000 -0,031873 
79,200000 -0,043559 
79,300000 -0,025026 
79,400000 -0,026656 
79,500000 -0,032179 
79,600000 -0,036260 
79,700000 -0,027678 
79,800000 -0,039294 
79,900000 -0,044204 
80,000000 -0,034380 
80,100000 -0,021458 
80,200000 -0,028725 
80,300000 -0,036261 
80,400000 -0,040061 
80,500000 -0,028298 
80,600000 -0,037882 
80,700000 -0,038313 
80,800000 -0,029426 
80,900000 -0,033175 
81,000000 -0,044237 
81,100000 -0,037485 
81,200000 -0,030151 
81,300000 -0,031286 
81,400000 -0,042940 
81,500000 -0,055503 
81,600000 -0,032235 
81,700000 -0,035621 
81,800000 -0,038483 
81,900000 -0,042316 
82,000000 -0,023428 
82,100000 -0,026338 
82,200000 -0,033106 
82,300000 -0,035344 
82,400000 -0,038211 
82,500000 -0,040573 
82,600000 -0,041712 
82,700000 -0,040974 
82,800000 -0,039817 
82,900000 -0,022115 
83,000000 -0,029512 
83,100000 -0,030648 
83,200000 -0,023705 
83,300000 -0,019277 
83,400000 -0,041595 
83,500000 -0,044643 
83,600000 -0,044428 
83,700000 -0,029446 
83,800000 -0,034966 
83,900000 -0,038868 
84,000000 -0,024560 
84,100000 -0,020717 
84,200000 -0,030846 
84,300000 -0,040371 
84,400000 -0,033482 
84,500000 -0,055615 
84,600000 -0,042358 
84,700000 -0,042270 
84,800000 -0,023066 
84,900000 -0,036103 
85,000000 -0,042108 
85,100000 -0,045640 
85,200000 -0,026478 
85,300000 -0,028672 
85,400000 -0,044928 
85,500000 -0,037208 
85,600000 -0,033232 
85,700000 -0,048124 
85,800000 -0,045283 
85,900000 -0,030944 
86,000000 -0,036604 
86,100000 -0,019318 
86,200000 -0,026988 
86,300000 -0,024727 
86,400000 -0,042322 
86,500000 -0,040508 
86,600000 -0,045356 
86,700000 -0,056191 
86,800000 -0,040926 
86,900000 -0,033210 
87,000000 -0,030510 
87,100000 -0,028911 
87,200000 -0,029903 
87,300000 -0,025377 
87,400000 -0,033903 
87,500000 -0,030957 
87,600000 -0,031042 
87,700000 -0,032396 
87,800000 -0,039215 
87,900000 -0,033513 
88,000000 -0,029515 
88,100000 -0,018170 
88,200000 -0,038278 
88,300000 -0,045128 
88,400000 -0,040873 
88,500000 -0,031711 
88,600000 -0,021380 
88,700000 -0,036277 
88,800000 -0,024506 
88,900000 -0,041145 
89,000000 -0,040747 
89,100000 -0,037122 
89,200000 -0,028139 
89,300000 -0,037405 
89,400000 -0,031990 
89,500000 -0,036833 
89,600000 -0,029630 
89,700000 -0,036224 
89,800000 -0,013286 
89,900000 -0,029676 
90,000000 -0,031210 
90,100000 -0,030143 
90,200000 -0,042077 
90,300000 -0,042826 
90,400000 -0,038426 
90,500000 -0,029038 
90,600000 -0,033381 
90,700000 -0,030869 
90,800000 -0,029979 
90,900000 -0,045523 
91,000000 -0,028108 
91,100000 -0,021618 
91,200000 -0,023668 
91,300000 -0,036635 
91,400000 -0,037516 
91,500000 -0,029971 
91,600000 -0,041967 
91,700000 -0,030466 
91,800000 -0,026090 
91,900000 -0,034407 
92,000000 -0,032671 
92,100000 -0,031909 
92,200000 -0,035308 
92,300000 -0,031278 
92,400000 -0,023635 
92,500000 -0,027442 
92,600000 -0,042779 
92,700000 -0,041875 
92,800000 -0,034824 
92,900000 -0,030635 
93,000000 -0,028520 
93,100000 -0,029219 
93,200000 -0,041594 
93,300000 -0,031623 
93,400000 -0,037022 
93,500000 -0,040314 
93,600000 -0,030442 
93,700000 -0,035679 
93,800000 -0,028612 
93,900000 -0,027756 
94,000000 -0,033750 
94,100000 -0,040953 
94,200000 -0,035115 
94,300000 -0,028574 
94,400000 -0,031505 
94,500000 -0,031552 
94,600000 -0,044951 
94,700000 -0,033578 
94,800000 -0,030399 
94,900000 -0,026461 
95,000000 -0,031558 
95,100000 -0,035050 
95,200000 -0,030787 
95,300000 -0,034395 
95,400000 -0,028771 
95,500000 -0,024488 
95,600000 -0,028530 
95,700000 -0,037987 
95,800000 -0,032089 
95,900000 -0,034351 
96,000000 -0,036701 
96,100000 -0,033353 
96,200000 -0,032155 
96,300000 -0,036548 
96,400000 -0,026083 
96,500000 -0,034619 
96,600000 -0,026963 
96,700000 -0,034688 
96,800000 -0,037559 
96,900000 -0,028956 
97,000000 -0,029792 
97,100000 -0,036147 
97,200000 -0,029627 
97,300000 -0,024753 
97,400000 -0,038488 
97,500000 -0,050545 
97,600000 -0,052570 
97,700000 -0,041259 
97,800000 -0,043576 
97,900000 -0,029290 
98,000000 -0,029006 
98,100000 -0,031626 
98,200000 -0,025395 
98,300000 -0,037995 
98,400000 -0,029796 
98,500000 -0,022151 
98,600000 -0,040009 
98,700000 -0,039991 
98,800000 -0,036489 
98,900000 -0,027985 
99,000000 -0,027498 
99,100000 -0,031987 
99,200000 -0,028517 
99,300000 -0,027204 
99,400000 -0,034376 
99,500000 -0,030499 
99,600000 -0,034128 
99,700000 -0,047627 
99,800000 -0,026846 
99,900000 -0,027510 
100,000000 -0,024166 
