0,000000 -0,628807 
0,100000 -0,254555 
0,200000 -0,198302 
0,300000 -0,185021 
0,400000 -0,179530 
0,500000 -0,177597 
0,600000 -0,175459 
0,700000 -0,175850 
0,800000 -0,175763 
0,900000 -0,174931 
1,000000 -0,175499 
1,100000 -0,174656 
1,200000 -0,174582 
1,300000 -0,174969 
1,400000 -0,174701 
1,500000 -0,174797 
1,600000 -0,174125 
1,700000 -0,174782 
1,800000 -0,174033 
1,900000 -0,121270 
2,000000 -0,078019 
2,100000 -0,058739 
2,200000 -0,046444 
2,300000 -0,038633 
2,400000 -0,034696 
2,500000 -0,031533 
2,600000 -0,030050 
2,700000 -0,028820 
2,800000 -0,028787 
2,900000 -0,029126 
3,000000 -0,028692 
3,100000 -0,027082 
3,200000 -0,025880 
3,300000 -0,025027 
3,400000 -0,024557 
3,500000 -0,024290 
3,600000 -0,024222 
3,700000 -0,024146 
3,800000 -0,023948 
3,900000 -0,023912 
4,000000 -0,023756 
4,100000 -0,023786 
4,200000 -0,023754 
4,300000 -0,023653 
4,400000 -0,023549 
4,500000 -0,023594 
4,600000 -0,023503 
4,700000 -0,023461 
4,800000 -0,023487 
4,900000 -0,023407 
5,000000 -0,023292 
5,100000 -0,023343 
5,200000 -0,023387 
5,300000 -0,023228 
5,400000 -0,023293 
5,500000 -0,023326 
5,600000 -0,023383 
5,700000 -0,023212 
5,800000 -0,023178 
5,900000 -0,023342 
6,000000 -0,023381 
6,100000 -0,023322 
6,200000 -0,023347 
6,300000 -0,023355 
6,400000 -0,023211 
6,500000 -0,023388 
6,600000 -0,023364 
6,700000 -0,023395 
6,800000 -0,023342 
6,900000 -0,023580 
7,000000 -0,023419 
7,100000 -0,023489 
7,200000 -0,023466 
7,300000 -0,023439 
7,400000 -0,023623 
7,500000 -0,023774 
7,600000 -0,023888 
7,700000 -0,023659 
7,800000 -0,023451 
7,900000 -0,023484 
8,000000 -0,023400 
8,100000 -0,023311 
8,200000 -0,023286 
8,300000 -0,023409 
8,400000 -0,023265 
8,500000 -0,023380 
8,600000 -0,023409 
8,700000 -0,023449 
8,800000 -0,023505 
8,900000 -0,023334 
9,000000 -0,023309 
9,100000 -0,023368 
9,200000 -0,023271 
9,300000 -0,023324 
9,400000 -0,023143 
9,500000 -0,023224 
9,600000 -0,023276 
9,700000 -0,023396 
9,800000 -0,023387 
9,900000 -0,023415 
10,000000 -0,023333 
10,100000 -0,023249 
10,200000 -0,023403 
10,300000 -0,023334 
10,400000 -0,023152 
10,500000 -0,023259 
10,600000 -0,023177 
10,700000 -0,023130 
10,800000 -0,023272 
10,900000 -0,023168 
11,000000 -0,023138 
11,100000 -0,023252 
11,200000 -0,023140 
11,300000 -0,023224 
11,400000 -0,023151 
11,500000 -0,023171 
11,600000 -0,023304 
11,700000 -0,023342 
11,800000 -0,023508 
11,900000 -0,023465 
12,000000 -0,023875 
12,100000 -0,024676 
12,200000 -0,025706 
12,300000 -0,026329 
12,400000 -0,026598 
12,500000 -0,026494 
12,600000 -0,025616 
12,700000 -0,024371 
12,800000 -0,023863 
12,900000 -0,023511 
13,000000 -0,023662 
13,100000 -0,023909 
13,200000 -0,024159 
13,300000 -0,024517 
13,400000 -0,025109 
13,500000 -0,025850 
13,600000 -0,026396 
13,700000 -0,027252 
13,800000 -0,030142 
13,900000 -0,036183 
14,000000 -0,049680 
14,100000 -0,074449 
14,200000 -0,103688 
14,300000 -0,121608 
14,400000 -0,123001 
14,500000 -0,107446 
14,600000 -0,071918 
14,700000 -0,044115 
14,800000 -0,031760 
14,900000 -0,027388 
15,000000 -0,026440 
15,100000 -0,026483 
15,200000 -0,026799 
15,300000 -0,026837 
15,400000 -0,026928 
15,500000 -0,026638 
15,600000 -0,026019 
15,700000 -0,025670 
15,800000 -0,026328 
15,900000 -0,028283 
16,000000 -0,033148 
16,100000 -0,039826 
16,200000 -0,045504 
16,300000 -0,047916 
16,400000 -0,046785 
16,500000 -0,041451 
16,600000 -0,032947 
16,700000 -0,027665 
16,800000 -0,026736 
16,900000 -0,028009 
17,000000 -0,031729 
17,100000 -0,037128 
17,200000 -0,041342 
17,300000 -0,043022 
17,400000 -0,042320 
17,500000 -0,038032 
17,600000 -0,032055 
17,700000 -0,029041 
17,800000 -0,030290 
17,900000 -0,036026 
18,000000 -0,047161 
18,100000 -0,061244 
18,200000 -0,070822 
18,300000 -0,073909 
18,400000 -0,072294 
18,500000 -0,057975 
18,600000 -0,039942 
18,700000 -0,029609 
18,800000 -0,026099 
18,900000 -0,024818 
19,000000 -0,024432 
19,100000 -0,024509 
19,200000 -0,024658 
19,300000 -0,024685 
19,400000 -0,024643 
19,500000 -0,024513 
19,600000 -0,024681 
19,700000 -0,025619 
19,800000 -0,027243 
19,900000 -0,031404 
20,000000 -0,038007 
20,100000 -0,043976 
20,200000 -0,046860 
20,300000 -0,047291 
20,400000 -0,046316 
20,500000 -0,037730 
20,600000 -0,029295 
20,700000 -0,025746 
20,800000 -0,024248 
20,900000 -0,023528 
21,000000 -0,023291 
21,100000 -0,023294 
21,200000 -0,023417 
21,300000 -0,023193 
21,400000 -0,023251 
21,500000 -0,023083 
21,600000 -0,023175 
21,700000 -0,023207 
21,800000 -0,023188 
21,900000 -0,023277 
22,000000 -0,023464 
22,100000 -0,023505 
22,200000 -0,023713 
22,300000 -0,023541 
22,400000 -0,023409 
22,500000 -0,023256 
22,600000 -0,023227 
22,700000 -0,022999 
22,800000 -0,023027 
22,900000 -0,023023 
23,000000 -0,022996 
23,100000 -0,022931 
23,200000 -0,023123 
23,300000 -0,023008 
23,400000 -0,023109 
23,500000 -0,023080 
23,600000 -0,023154 
23,700000 -0,023257 
23,800000 -0,023226 
23,900000 -0,023208 
24,000000 -0,023062 
24,100000 -0,023104 
24,200000 -0,023141 
24,300000 -0,023152 
24,400000 -0,023095 
24,500000 -0,023021 
24,600000 -0,022931 
24,700000 -0,022812 
24,800000 -0,022972 
24,900000 -0,023081 
25,000000 -0,023112 
25,100000 -0,023311 
25,200000 -0,023250 
25,300000 -0,023115 
25,400000 -0,023307 
25,500000 -0,023330 
25,600000 -0,023252 
25,700000 -0,023523 
25,800000 -0,024281 
25,900000 -0,025588 
26,000000 -0,026622 
26,100000 -0,027086 
26,200000 -0,027291 
26,300000 -0,027475 
26,400000 -0,027439 
26,500000 -0,027097 
26,600000 -0,027235 
26,700000 -0,029370 
26,800000 -0,033076 
26,900000 -0,039269 
27,000000 -0,046051 
27,100000 -0,052319 
27,200000 -0,058377 
27,300000 -0,065483 
27,400000 -0,076577 
27,500000 -0,094848 
27,600000 -0,165391 
27,700000 -0,316673 
27,800000 -0,580168 
27,900000 -1,014985 
28,000000 -1,400776 
28,100000 -1,572771 
28,200000 -1,578356 
28,300000 -1,470933 
28,400000 -1,224040 
28,500000 -0,715474 
28,600000 -0,276612 
28,700000 -0,106019 
28,800000 -0,060471 
28,900000 -0,046583 
29,000000 -0,042320 
29,100000 -0,041168 
29,200000 -0,039898 
29,300000 -0,038128 
29,400000 -0,036566 
29,500000 -0,032656 
29,600000 -0,030605 
29,700000 -0,033339 
29,800000 -0,040652 
29,900000 -0,051398 
30,000000 -0,060366 
30,100000 -0,065635 
30,200000 -0,066206 
30,300000 -0,063485 
30,400000 -0,057061 
30,500000 -0,044131 
30,600000 -0,032646 
30,700000 -0,027485 
30,800000 -0,026774 
30,900000 -0,027149 
31,000000 -0,028097 
31,100000 -0,029012 
31,200000 -0,030355 
31,300000 -0,031535 
31,400000 -0,033555 
31,500000 -0,036989 
31,600000 -0,045571 
31,700000 -0,075075 
31,800000 -0,121778 
31,900000 -0,182735 
32,000000 -0,232216 
32,100000 -0,254753 
32,200000 -0,252341 
32,300000 -0,236291 
32,400000 -0,192259 
32,500000 -0,116307 
32,600000 -0,060337 
32,700000 -0,036741 
32,800000 -0,028499 
32,900000 -0,026199 
33,000000 -0,025328 
33,100000 -0,024748 
33,200000 -0,024360 
33,300000 -0,024157 
33,400000 -0,023915 
33,500000 -0,023724 
33,600000 -0,023602 
33,700000 -0,023540 
33,800000 -0,023699 
33,900000 -0,024076 
34,000000 -0,024286 
34,100000 -0,024514 
34,200000 -0,024453 
34,300000 -0,024290 
34,400000 -0,024121 
34,500000 -0,023802 
34,600000 -0,023477 
34,700000 -0,023245 
34,800000 -0,023288 
34,900000 -0,023440 
35,000000 -0,023220 
35,100000 -0,023017 
35,200000 -0,023150 
35,300000 -0,023108 
35,400000 -0,023159 
35,500000 -0,023153 
35,600000 -0,023215 
35,700000 -0,023303 
35,800000 -0,023351 
35,900000 -0,023460 
36,000000 -0,023299 
36,100000 -0,023402 
36,200000 -0,023403 
36,300000 -0,023398 
36,400000 -0,023339 
36,500000 -0,023252 
36,600000 -0,023160 
36,700000 -0,023321 
36,800000 -0,023207 
36,900000 -0,023214 
37,000000 -0,023226 
37,100000 -0,023255 
37,200000 -0,023177 
37,300000 -0,023121 
37,400000 -0,023359 
37,500000 -0,023302 
37,600000 -0,023149 
37,700000 -0,023134 
37,800000 -0,023187 
37,900000 -0,023282 
38,000000 -0,023337 
38,100000 -0,023399 
38,200000 -0,023393 
38,300000 -0,023165 
38,400000 -0,023473 
38,500000 -0,023464 
38,600000 -0,023284 
38,700000 -0,023177 
38,800000 -0,023438 
38,900000 -0,023503 
39,000000 -0,023621 
39,100000 -0,023880 
39,200000 -0,023971 
39,300000 -0,024141 
39,400000 -0,024542 
39,500000 -0,025114 
39,600000 -0,026280 
39,700000 -0,027937 
39,800000 -0,031893 
39,900000 -0,038563 
40,000000 -0,042445 
40,100000 -0,044177 
40,200000 -0,043574 
40,300000 -0,041448 
40,400000 -0,036104 
40,500000 -0,029303 
40,600000 -0,025829 
40,700000 -0,024238 
40,800000 -0,023896 
40,900000 -0,023777 
41,000000 -0,023937 
41,100000 -0,023848 
41,200000 -0,023942 
41,300000 -0,023879 
41,400000 -0,023694 
41,500000 -0,023630 
41,600000 -0,023450 
41,700000 -0,023383 
41,800000 -0,023372 
41,900000 -0,023562 
42,000000 -0,023719 
42,100000 -0,023861 
42,200000 -0,023913 
42,300000 -0,023991 
42,400000 -0,023786 
42,500000 -0,023620 
42,600000 -0,023719 
42,700000 -0,023747 
42,800000 -0,024139 
42,900000 -0,024908 
43,000000 -0,025703 
43,100000 -0,025994 
43,200000 -0,026061 
43,300000 -0,026134 
43,400000 -0,025965 
43,500000 -0,025687 
43,600000 -0,025875 
43,700000 -0,026808 
43,800000 -0,029139 
43,900000 -0,034286 
44,000000 -0,038039 
44,100000 -0,040380 
44,200000 -0,040262 
44,300000 -0,038649 
44,400000 -0,035223 
44,500000 -0,029399 
44,600000 -0,025971 
44,700000 -0,024574 
44,800000 -0,024007 
44,900000 -0,024068 
45,000000 -0,024141 
45,100000 -0,024350 
45,200000 -0,024315 
45,300000 -0,024221 
45,400000 -0,024019 
45,500000 -0,023738 
45,600000 -0,023381 
45,700000 -0,023399 
45,800000 -0,023440 
45,900000 -0,023414 
46,000000 -0,023336 
46,100000 -0,023663 
46,200000 -0,023749 
46,300000 -0,023794 
46,400000 -0,023754 
46,500000 -0,023683 
46,600000 -0,023857 
46,700000 -0,023959 
46,800000 -0,024835 
46,900000 -0,025726 
47,000000 -0,026464 
47,100000 -0,026783 
47,200000 -0,026834 
47,300000 -0,026666 
47,400000 -0,026203 
47,500000 -0,024899 
47,600000 -0,023870 
47,700000 -0,023378 
47,800000 -0,023333 
47,900000 -0,023210 
48,000000 -0,023408 
48,100000 -0,023516 
48,200000 -0,023485 
48,300000 -0,023299 
48,400000 -0,023339 
48,500000 -0,023419 
48,600000 -0,023167 
48,700000 -0,023069 
48,800000 -0,023134 
48,900000 -0,023115 
49,000000 -0,023173 
49,100000 -0,023098 
49,200000 -0,023366 
49,300000 -0,023337 
49,400000 -0,023261 
49,500000 -0,023340 
49,600000 -0,023422 
49,700000 -0,023585 
49,800000 -0,023764 
49,900000 -0,024278 
