0,000000 -0,030676 
0,100000 -0,035841 
0,200000 -0,036839 
0,300000 -0,037006 
0,400000 -0,037310 
0,500000 -0,037367 
0,600000 -0,037358 
0,700000 -0,037326 
0,800000 -0,037295 
0,900000 -0,037307 
1,000000 -0,037349 
1,100000 -0,037140 
1,200000 -0,037203 
1,300000 -0,037378 
1,400000 -0,037247 
1,500000 -0,037383 
1,600000 -0,037235 
1,700000 -0,037214 
1,800000 -0,037223 
1,900000 -0,031175 
2,000000 -0,026627 
2,100000 -0,025390 
2,200000 -0,024478 
2,300000 -0,023715 
2,400000 -0,023482 
2,500000 -0,023296 
2,600000 -0,023098 
2,700000 -0,023388 
2,800000 -0,024669 
2,900000 -0,027206 
3,000000 -0,028064 
3,100000 -0,025456 
3,200000 -0,023770 
3,300000 -0,023383 
3,400000 -0,023326 
3,500000 -0,023158 
3,600000 -0,023307 
3,700000 -0,023262 
3,800000 -0,023223 
3,900000 -0,023309 
4,000000 -0,023072 
4,100000 -0,023098 
4,200000 -0,023256 
4,300000 -0,023225 
4,400000 -0,023234 
4,500000 -0,023184 
4,600000 -0,023221 
4,700000 -0,023193 
4,800000 -0,023236 
4,900000 -0,023141 
5,000000 -0,023245 
5,100000 -0,023333 
5,200000 -0,023139 
5,300000 -0,023177 
5,400000 -0,023058 
5,500000 -0,023130 
5,600000 -0,023127 
5,700000 -0,023325 
5,800000 -0,023170 
5,900000 -0,023194 
6,000000 -0,023211 
6,100000 -0,023209 
6,200000 -0,023373 
6,300000 -0,023163 
6,400000 -0,023167 
6,500000 -0,023386 
6,600000 -0,023342 
6,700000 -0,023269 
6,800000 -0,023232 
6,900000 -0,023289 
7,000000 -0,023210 
7,100000 -0,023317 
7,200000 -0,023395 
7,300000 -0,023345 
7,400000 -0,023636 
7,500000 -0,023583 
7,600000 -0,023627 
7,700000 -0,023565 
7,800000 -0,023444 
7,900000 -0,023372 
8,000000 -0,023138 
8,100000 -0,023294 
8,200000 -0,023204 
8,300000 -0,023284 
8,400000 -0,023327 
8,500000 -0,023367 
8,600000 -0,023312 
8,700000 -0,023348 
8,800000 -0,023368 
8,900000 -0,023177 
9,000000 -0,023298 
9,100000 -0,023242 
9,200000 -0,023174 
9,300000 -0,023244 
9,400000 -0,023209 
9,500000 -0,023155 
9,600000 -0,023141 
9,700000 -0,023292 
9,800000 -0,023260 
9,900000 -0,023249 
10,000000 -0,023257 
10,100000 -0,023291 
10,200000 -0,023316 
10,300000 -0,023149 
10,400000 -0,023247 
10,500000 -0,023218 
10,600000 -0,023200 
10,700000 -0,023114 
10,800000 -0,023245 
10,900000 -0,023129 
11,000000 -0,023238 
11,100000 -0,023141 
11,200000 -0,023151 
11,300000 -0,023132 
11,400000 -0,023172 
11,500000 -0,023199 
11,600000 -0,023204 
11,700000 -0,023204 
11,800000 -0,023184 
11,900000 -0,023319 
12,000000 -0,023546 
12,100000 -0,023906 
12,200000 -0,025028 
12,300000 -0,025831 
12,400000 -0,026122 
12,500000 -0,025726 
12,600000 -0,024752 
12,700000 -0,023952 
12,800000 -0,023452 
12,900000 -0,023258 
13,000000 -0,023372 
13,100000 -0,023457 
13,200000 -0,023418 
13,300000 -0,023668 
13,400000 -0,023687 
13,500000 -0,023727 
13,600000 -0,024023 
13,700000 -0,024214 
13,800000 -0,025049 
13,900000 -0,028388 
14,000000 -0,038963 
14,100000 -0,065470 
14,200000 -0,095149 
14,300000 -0,111095 
14,400000 -0,108654 
14,500000 -0,094416 
14,600000 -0,061900 
14,700000 -0,037579 
14,800000 -0,028195 
14,900000 -0,025747 
15,000000 -0,025049 
15,100000 -0,025393 
15,200000 -0,025780 
15,300000 -0,026055 
15,400000 -0,025957 
15,500000 -0,025501 
15,600000 -0,024453 
15,700000 -0,024084 
15,800000 -0,024077 
15,900000 -0,025784 
16,000000 -0,029426 
16,100000 -0,036613 
16,200000 -0,041936 
16,300000 -0,044044 
16,400000 -0,042462 
16,500000 -0,037564 
16,600000 -0,029886 
16,700000 -0,025687 
16,800000 -0,024642 
16,900000 -0,025669 
17,000000 -0,028641 
17,100000 -0,034451 
17,200000 -0,038562 
17,300000 -0,039544 
17,400000 -0,038219 
17,500000 -0,034219 
17,600000 -0,028561 
17,700000 -0,025397 
17,800000 -0,026055 
17,900000 -0,029612 
18,000000 -0,040792 
18,100000 -0,054777 
18,200000 -0,063153 
18,300000 -0,064991 
18,400000 -0,062979 
18,500000 -0,051247 
18,600000 -0,035299 
18,700000 -0,027076 
18,800000 -0,024643 
18,900000 -0,023985 
19,000000 -0,023738 
19,100000 -0,024005 
19,200000 -0,024070 
19,300000 -0,024137 
19,400000 -0,023876 
19,500000 -0,023808 
19,600000 -0,023658 
19,700000 -0,023888 
19,800000 -0,025047 
19,900000 -0,028101 
20,000000 -0,034717 
20,100000 -0,040685 
20,200000 -0,043332 
20,300000 -0,043383 
20,400000 -0,041514 
20,500000 -0,034677 
20,600000 -0,027734 
20,700000 -0,024740 
20,800000 -0,023766 
20,900000 -0,023474 
21,000000 -0,023463 
21,100000 -0,023377 
21,200000 -0,023459 
21,300000 -0,023293 
21,400000 -0,023196 
21,500000 -0,023468 
21,600000 -0,023323 
21,700000 -0,023260 
21,800000 -0,023411 
21,900000 -0,023471 
22,000000 -0,023513 
22,100000 -0,023578 
22,200000 -0,023676 
22,300000 -0,023713 
22,400000 -0,023553 
22,500000 -0,023471 
22,600000 -0,023266 
22,700000 -0,023152 
22,800000 -0,023324 
22,900000 -0,023125 
23,000000 -0,023201 
23,100000 -0,023304 
23,200000 -0,023094 
23,300000 -0,023140 
23,400000 -0,023207 
23,500000 -0,023224 
23,600000 -0,023197 
23,700000 -0,023312 
23,800000 -0,023196 
23,900000 -0,023206 
24,000000 -0,023249 
24,100000 -0,023266 
24,200000 -0,023227 
24,300000 -0,023345 
24,400000 -0,023108 
24,500000 -0,023122 
24,600000 -0,023137 
24,700000 -0,022964 
24,800000 -0,023081 
24,900000 -0,023031 
25,000000 -0,023117 
25,100000 -0,023173 
25,200000 -0,023102 
25,300000 -0,023146 
25,400000 -0,023020 
25,500000 -0,022857 
25,600000 -0,022865 
25,700000 -0,022876 
25,800000 -0,023219 
25,900000 -0,024362 
26,000000 -0,025344 
26,100000 -0,025957 
26,200000 -0,026176 
26,300000 -0,025893 
26,400000 -0,025604 
26,500000 -0,024648 
26,600000 -0,023943 
26,700000 -0,024635 
26,800000 -0,026242 
26,900000 -0,030903 
27,000000 -0,036289 
27,100000 -0,039297 
27,200000 -0,040926 
27,300000 -0,041010 
27,400000 -0,040809 
27,500000 -0,040764 
27,600000 -0,060127 
27,700000 -0,129555 
27,800000 -0,289766 
27,900000 -0,704675 
28,000000 -1,101428 
28,100000 -1,246030 
28,200000 -1,248302 
28,300000 -1,139229 
28,400000 -0,931074 
28,500000 -0,548476 
28,600000 -0,206568 
28,700000 -0,078086 
28,800000 -0,046057 
28,900000 -0,038062 
29,000000 -0,036662 
29,100000 -0,036291 
29,200000 -0,035540 
29,300000 -0,034318 
29,400000 -0,032279 
29,500000 -0,029052 
29,600000 -0,026575 
29,700000 -0,027341 
29,800000 -0,032349 
29,900000 -0,042119 
30,000000 -0,050383 
30,100000 -0,054072 
30,200000 -0,054469 
30,300000 -0,051943 
30,400000 -0,046425 
30,500000 -0,036373 
30,600000 -0,028635 
30,700000 -0,025643 
30,800000 -0,024988 
30,900000 -0,025452 
31,000000 -0,026146 
31,100000 -0,026457 
31,200000 -0,026526 
31,300000 -0,026562 
31,400000 -0,026528 
31,500000 -0,026439 
31,600000 -0,028458 
31,700000 -0,041805 
31,800000 -0,078518 
31,900000 -0,134729 
32,000000 -0,179168 
32,100000 -0,197520 
32,200000 -0,197829 
32,300000 -0,180783 
32,400000 -0,146704 
32,500000 -0,087907 
32,600000 -0,047664 
32,700000 -0,031984 
32,800000 -0,026975 
32,900000 -0,025418 
33,000000 -0,024740 
33,100000 -0,024428 
33,200000 -0,024193 
33,300000 -0,024116 
33,400000 -0,024001 
33,500000 -0,023745 
33,600000 -0,023604 
33,700000 -0,023708 
33,800000 -0,023729 
33,900000 -0,024088 
34,000000 -0,024160 
34,100000 -0,024340 
34,200000 -0,024326 
34,300000 -0,024215 
34,400000 -0,024179 
34,500000 -0,023826 
34,600000 -0,023614 
34,700000 -0,023469 
34,800000 -0,023446 
34,900000 -0,023505 
35,000000 -0,023547 
35,100000 -0,023535 
35,200000 -0,023544 
35,300000 -0,023427 
35,400000 -0,023549 
35,500000 -0,023330 
35,600000 -0,023453 
35,700000 -0,023410 
35,800000 -0,023504 
35,900000 -0,023485 
36,000000 -0,023735 
36,100000 -0,023557 
36,200000 -0,023573 
36,300000 -0,023536 
36,400000 -0,023497 
36,500000 -0,023467 
36,600000 -0,023499 
36,700000 -0,023594 
36,800000 -0,023485 
36,900000 -0,023494 
37,000000 -0,023359 
37,100000 -0,023393 
37,200000 -0,023473 
37,300000 -0,023510 
37,400000 -0,023511 
37,500000 -0,023477 
37,600000 -0,023414 
37,700000 -0,023493 
37,800000 -0,023446 
37,900000 -0,023359 
38,000000 -0,023451 
38,100000 -0,023353 
38,200000 -0,023430 
38,300000 -0,023579 
38,400000 -0,023656 
38,500000 -0,023494 
38,600000 -0,023482 
38,700000 -0,023510 
38,800000 -0,023411 
38,900000 -0,023456 
39,000000 -0,023517 
39,100000 -0,023578 
39,200000 -0,023930 
39,300000 -0,023818 
39,400000 -0,023726 
39,500000 -0,023929 
39,600000 -0,024260 
39,700000 -0,025134 
39,800000 -0,027744 
39,900000 -0,033522 
40,000000 -0,037630 
40,100000 -0,038791 
40,200000 -0,038184 
40,300000 -0,036336 
40,400000 -0,032266 
40,500000 -0,027194 
40,600000 -0,024752 
40,700000 -0,023967 
40,800000 -0,023581 
40,900000 -0,023804 
41,000000 -0,023937 
41,100000 -0,023852 
41,200000 -0,023903 
41,300000 -0,023926 
41,400000 -0,023741 
41,500000 -0,023621 
41,600000 -0,023615 
41,700000 -0,023243 
41,800000 -0,023420 
41,900000 -0,023608 
42,000000 -0,023788 
42,100000 -0,023893 
42,200000 -0,023946 
42,300000 -0,023917 
42,400000 -0,023728 
42,500000 -0,023402 
42,600000 -0,023419 
42,700000 -0,023523 
42,800000 -0,023615 
42,900000 -0,024240 
43,000000 -0,024708 
43,100000 -0,024977 
43,200000 -0,024899 
43,300000 -0,024959 
43,400000 -0,024577 
43,500000 -0,024239 
43,600000 -0,024029 
43,700000 -0,024456 
43,800000 -0,025904 
43,900000 -0,030624 
44,000000 -0,034606 
44,100000 -0,035958 
44,200000 -0,036159 
44,300000 -0,034614 
44,400000 -0,031682 
44,500000 -0,027107 
44,600000 -0,024681 
44,700000 -0,023908 
44,800000 -0,023716 
44,900000 -0,023897 
45,000000 -0,024020 
45,100000 -0,024110 
45,200000 -0,024083 
45,300000 -0,023922 
45,400000 -0,023906 
45,500000 -0,023766 
45,600000 -0,023457 
45,700000 -0,023446 
45,800000 -0,023456 
45,900000 -0,023548 
46,000000 -0,023634 
46,100000 -0,023640 
46,200000 -0,023740 
46,300000 -0,023547 
46,400000 -0,023664 
46,500000 -0,023644 
46,600000 -0,023567 
46,700000 -0,023739 
46,800000 -0,023780 
46,900000 -0,024486 
47,000000 -0,025534 
47,100000 -0,025861 
47,200000 -0,025868 
47,300000 -0,025698 
47,400000 -0,025026 
47,500000 -0,024120 
47,600000 -0,023702 
47,700000 -0,023569 
47,800000 -0,023470 
47,900000 -0,023561 
48,000000 -0,023640 
48,100000 -0,023555 
48,200000 -0,023376 
48,300000 -0,023532 
48,400000 -0,023571 
48,500000 -0,023494 
48,600000 -0,023597 
48,700000 -0,023521 
48,800000 -0,023453 
48,900000 -0,023481 
49,000000 -0,023493 
49,100000 -0,023450 
49,200000 -0,023643 
49,300000 -0,023547 
49,400000 -0,023377 
49,500000 -0,023499 
49,600000 -0,023447 
49,700000 -0,023425 
49,800000 -0,023541 
49,900000 -0,023820 
