0,000000 -1,057613 
0,100000 -0,987152 
0,200000 -0,982387 
0,300000 -0,977652 
0,400000 -0,977592 
0,500000 -0,982211 
0,600000 -0,980474 
0,700000 -0,978846 
0,800000 -0,980445 
0,900000 -0,980356 
1,000000 -0,978827 
1,100000 -0,979857 
1,200000 -0,977941 
1,300000 -0,975673 
1,400000 -0,980510 
1,500000 -0,979915 
1,600000 -0,978717 
1,700000 -0,980578 
1,800000 -0,977267 
1,900000 -1,004902 
2,000000 -1,017694 
2,100000 -0,998691 
2,200000 -0,955057 
2,300000 -0,909748 
2,400000 -0,862978 
2,500000 -0,816062 
2,600000 -0,765522 
2,700000 -0,718569 
2,800000 -0,672148 
2,900000 -0,629360 
3,000000 -0,587577 
3,100000 -0,554163 
3,200000 -0,515436 
3,300000 -0,479949 
3,400000 -0,453195 
3,500000 -0,432357 
3,600000 -0,412581 
3,700000 -0,396370 
3,800000 -0,381097 
3,900000 -0,366361 
4,000000 -0,356066 
4,100000 -0,344051 
4,200000 -0,330741 
4,300000 -0,319172 
4,400000 -0,309349 
4,500000 -0,300095 
4,600000 -0,291532 
4,700000 -0,282429 
4,800000 -0,274608 
4,900000 -0,266282 
5,000000 -0,258334 
5,100000 -0,250862 
5,200000 -0,240080 
5,300000 -0,231560 
5,400000 -0,222763 
5,500000 -0,216446 
5,600000 -0,208566 
5,700000 -0,200916 
5,800000 -0,195258 
5,900000 -0,189395 
6,000000 -0,182792 
6,100000 -0,176823 
6,200000 -0,170338 
6,300000 -0,165049 
6,400000 -0,159793 
6,500000 -0,154772 
6,600000 -0,150018 
6,700000 -0,147534 
6,800000 -0,143626 
6,900000 -0,139319 
7,000000 -0,136885 
7,100000 -0,133833 
7,200000 -0,131189 
7,300000 -0,128424 
7,400000 -0,125234 
7,500000 -0,123015 
7,600000 -0,121007 
7,700000 -0,119560 
7,800000 -0,117949 
7,900000 -0,115678 
8,000000 -0,114182 
8,100000 -0,112956 
8,200000 -0,110615 
8,300000 -0,109142 
8,400000 -0,107690 
8,500000 -0,106428 
8,600000 -0,105133 
8,700000 -0,103657 
8,800000 -0,102809 
8,900000 -0,101887 
9,000000 -0,100552 
9,100000 -0,099557 
9,200000 -0,098291 
9,300000 -0,096885 
9,400000 -0,096218 
9,500000 -0,095542 
9,600000 -0,093867 
9,700000 -0,093390 
9,800000 -0,092510 
9,900000 -0,091806 
10,000000 -0,091469 
10,100000 -0,090538 
10,200000 -0,090010 
10,300000 -0,088702 
10,400000 -0,088238 
10,500000 -0,087820 
10,600000 -0,087641 
10,700000 -0,087142 
10,800000 -0,086795 
10,900000 -0,086765 
11,000000 -0,086608 
11,100000 -0,086575 
11,200000 -0,086379 
11,300000 -0,086442 
11,400000 -0,086606 
11,500000 -0,086540 
11,600000 -0,086901 
11,700000 -0,087147 
11,800000 -0,087443 
11,900000 -0,087981 
12,000000 -0,089375 
12,100000 -0,089851 
12,200000 -0,090453 
12,300000 -0,090914 
12,400000 -0,092165 
12,500000 -0,092768 
12,600000 -0,093562 
12,700000 -0,095527 
12,800000 -0,096883 
12,900000 -0,098099 
13,000000 -0,099800 
13,100000 -0,101773 
13,200000 -0,104105 
13,300000 -0,105830 
13,400000 -0,109510 
13,500000 -0,112170 
13,600000 -0,116082 
13,700000 -0,119443 
13,800000 -0,122794 
13,900000 -0,126603 
14,000000 -0,130574 
14,100000 -0,134484 
14,200000 -0,137610 
14,300000 -0,140410 
14,400000 -0,139289 
14,500000 -0,135953 
14,600000 -0,130702 
14,700000 -0,124626 
14,800000 -0,118632 
14,900000 -0,113862 
15,000000 -0,109499 
15,100000 -0,106276 
15,200000 -0,102810 
15,300000 -0,101340 
15,400000 -0,099494 
15,500000 -0,097918 
15,600000 -0,097038 
15,700000 -0,096758 
15,800000 -0,096602 
15,900000 -0,096802 
16,000000 -0,097247 
16,100000 -0,098306 
16,200000 -0,098633 
16,300000 -0,099141 
16,400000 -0,099442 
16,500000 -0,098872 
16,600000 -0,098481 
16,700000 -0,098375 
16,800000 -0,098446 
16,900000 -0,098845 
17,000000 -0,099533 
17,100000 -0,100346 
17,200000 -0,101610 
17,300000 -0,102394 
17,400000 -0,103354 
17,500000 -0,103517 
17,600000 -0,103776 
17,700000 -0,104366 
17,800000 -0,105393 
17,900000 -0,106499 
18,000000 -0,107426 
18,100000 -0,108377 
18,200000 -0,109546 
18,300000 -0,109889 
18,400000 -0,108240 
18,500000 -0,104975 
18,600000 -0,101125 
18,700000 -0,097695 
18,800000 -0,094117 
18,900000 -0,091671 
19,000000 -0,089255 
19,100000 -0,087652 
19,200000 -0,086883 
19,300000 -0,086624 
19,400000 -0,086299 
19,500000 -0,086397 
19,600000 -0,086905 
19,700000 -0,087259 
19,800000 -0,087777 
19,900000 -0,088089 
20,000000 -0,089516 
20,100000 -0,090458 
20,200000 -0,090932 
20,300000 -0,091614 
20,400000 -0,091303 
20,500000 -0,089902 
20,600000 -0,088348 
20,700000 -0,087249 
20,800000 -0,086375 
20,900000 -0,085868 
21,000000 -0,085732 
21,100000 -0,085347 
21,200000 -0,085674 
21,300000 -0,086098 
21,400000 -0,086565 
21,500000 -0,086928 
21,600000 -0,087905 
21,700000 -0,089874 
21,800000 -0,089840 
21,900000 -0,091436 
22,000000 -0,092898 
22,100000 -0,094768 
22,200000 -0,096027 
22,300000 -0,097563 
22,400000 -0,099679 
22,500000 -0,101369 
22,600000 -0,103432 
22,700000 -0,106115 
22,800000 -0,107892 
22,900000 -0,110287 
23,000000 -0,112695 
23,100000 -0,115679 
23,200000 -0,118561 
23,300000 -0,120920 
23,400000 -0,123981 
23,500000 -0,127273 
23,600000 -0,131299 
23,700000 -0,134957 
23,800000 -0,139429 
23,900000 -0,143760 
24,000000 -0,147401 
24,100000 -0,152294 
24,200000 -0,157942 
24,300000 -0,162677 
24,400000 -0,167965 
24,500000 -0,173223 
24,600000 -0,182271 
24,700000 -0,190610 
24,800000 -0,197206 
24,900000 -0,205028 
25,000000 -0,213215 
25,100000 -0,221842 
25,200000 -0,232058 
25,300000 -0,241966 
25,400000 -0,253258 
25,500000 -0,264168 
25,600000 -0,279672 
25,700000 -0,297478 
25,800000 -0,311007 
25,900000 -0,326988 
26,000000 -0,342400 
26,100000 -0,361637 
26,200000 -0,380512 
26,300000 -0,401810 
26,400000 -0,425868 
26,500000 -0,452098 
26,600000 -0,485747 
26,700000 -0,519170 
26,800000 -0,553369 
26,900000 -0,588169 
27,000000 -0,629327 
27,100000 -0,671892 
27,200000 -0,720681 
27,300000 -0,773559 
27,400000 -0,832300 
27,500000 -0,889177 
27,600000 -0,963727 
27,700000 -1,036843 
27,800000 -1,097530 
27,900000 -1,159873 
28,000000 -1,205006 
28,100000 -1,233199 
28,200000 -1,232393 
28,300000 -1,187709 
28,400000 -1,096784 
28,500000 -0,973323 
28,600000 -0,807408 
28,700000 -0,683496 
28,800000 -0,594131 
28,900000 -0,526047 
29,000000 -0,468464 
29,100000 -0,421446 
29,200000 -0,383382 
29,300000 -0,351539 
29,400000 -0,323304 
29,500000 -0,300241 
29,600000 -0,280906 
29,700000 -0,260903 
29,800000 -0,246751 
29,900000 -0,236054 
30,000000 -0,228418 
30,100000 -0,220576 
30,200000 -0,214377 
30,300000 -0,205052 
30,400000 -0,199160 
30,500000 -0,191793 
30,600000 -0,184423 
30,700000 -0,179345 
30,800000 -0,176020 
30,900000 -0,174574 
31,000000 -0,174867 
31,100000 -0,176446 
31,200000 -0,179640 
31,300000 -0,184622 
31,400000 -0,189791 
31,500000 -0,196201 
31,600000 -0,202493 
31,700000 -0,211016 
31,800000 -0,220443 
31,900000 -0,226641 
32,000000 -0,230714 
32,100000 -0,232888 
32,200000 -0,229592 
32,300000 -0,219529 
32,400000 -0,202766 
32,500000 -0,181962 
32,600000 -0,161290 
32,700000 -0,137503 
32,800000 -0,119403 
32,900000 -0,105960 
33,000000 -0,095774 
33,100000 -0,086862 
33,200000 -0,079684 
33,300000 -0,073260 
33,400000 -0,067615 
33,500000 -0,062574 
33,600000 -0,059018 
33,700000 -0,054512 
33,800000 -0,051160 
33,900000 -0,048358 
34,000000 -0,046396 
34,100000 -0,044204 
34,200000 -0,042531 
34,300000 -0,040960 
34,400000 -0,039186 
34,500000 -0,038190 
34,600000 -0,037421 
34,700000 -0,036261 
34,800000 -0,035023 
34,900000 -0,033974 
35,000000 -0,033125 
35,100000 -0,032692 
35,200000 -0,032211 
35,300000 -0,031478 
35,400000 -0,031227 
35,500000 -0,030742 
35,600000 -0,030251 
35,700000 -0,029943 
35,800000 -0,029716 
35,900000 -0,029379 
36,000000 -0,029102 
36,100000 -0,028887 
36,200000 -0,028989 
36,300000 -0,028773 
36,400000 -0,028545 
36,500000 -0,028648 
36,600000 -0,028542 
36,700000 -0,028446 
36,800000 -0,028448 
36,900000 -0,028589 
37,000000 -0,028602 
37,100000 -0,028653 
37,200000 -0,028753 
37,300000 -0,028750 
37,400000 -0,028856 
37,500000 -0,028916 
37,600000 -0,029106 
37,700000 -0,029455 
37,800000 -0,029516 
37,900000 -0,029961 
38,000000 -0,030181 
38,100000 -0,030556 
38,200000 -0,030886 
38,300000 -0,031297 
38,400000 -0,031429 
38,500000 -0,032107 
38,600000 -0,032451 
38,700000 -0,033021 
38,800000 -0,033722 
38,900000 -0,034253 
39,000000 -0,035224 
39,100000 -0,036159 
39,200000 -0,036946 
39,300000 -0,037626 
39,400000 -0,038396 
39,500000 -0,039284 
39,600000 -0,040190 
39,700000 -0,041487 
39,800000 -0,042136 
39,900000 -0,042945 
40,000000 -0,043413 
40,100000 -0,043538 
40,200000 -0,043242 
40,300000 -0,042284 
40,400000 -0,040387 
40,500000 -0,038562 
40,600000 -0,037078 
40,700000 -0,035475 
40,800000 -0,034028 
40,900000 -0,033135 
41,000000 -0,032250 
41,100000 -0,031621 
41,200000 -0,031128 
41,300000 -0,030708 
41,400000 -0,030355 
41,500000 -0,030018 
41,600000 -0,030124 
41,700000 -0,030010 
41,800000 -0,029700 
41,900000 -0,029873 
42,000000 -0,029908 
42,100000 -0,029991 
42,200000 -0,030115 
42,300000 -0,030366 
42,400000 -0,030623 
42,500000 -0,031020 
42,600000 -0,031243 
42,700000 -0,031746 
42,800000 -0,032017 
42,900000 -0,032409 
43,000000 -0,032793 
43,100000 -0,033310 
43,200000 -0,033701 
43,300000 -0,034440 
43,400000 -0,034933 
43,500000 -0,035408 
43,600000 -0,036164 
43,700000 -0,036601 
43,800000 -0,037138 
43,900000 -0,037632 
44,000000 -0,037768 
44,100000 -0,037923 
44,200000 -0,037796 
44,300000 -0,037025 
44,400000 -0,035818 
44,500000 -0,034304 
44,600000 -0,033128 
44,700000 -0,032107 
44,800000 -0,030987 
44,900000 -0,030140 
45,000000 -0,029362 
45,100000 -0,028762 
45,200000 -0,028431 
45,300000 -0,028297 
45,400000 -0,027969 
45,500000 -0,027773 
45,600000 -0,027611 
45,700000 -0,027295 
45,800000 -0,027312 
45,900000 -0,027151 
46,000000 -0,027082 
46,100000 -0,027044 
46,200000 -0,026988 
46,300000 -0,027125 
46,400000 -0,027126 
46,500000 -0,027115 
46,600000 -0,027023 
46,700000 -0,027094 
46,800000 -0,027230 
46,900000 -0,027253 
47,000000 -0,027391 
47,100000 -0,027322 
47,200000 -0,027129 
47,300000 -0,027041 
47,400000 -0,026794 
47,500000 -0,026494 
47,600000 -0,026127 
47,700000 -0,025978 
47,800000 -0,025672 
47,900000 -0,025500 
48,000000 -0,025218 
48,100000 -0,025080 
48,200000 -0,025050 
48,300000 -0,025106 
48,400000 -0,024807 
48,500000 -0,024825 
48,600000 -0,024907 
48,700000 -0,024722 
48,800000 -0,024623 
48,900000 -0,024826 
49,000000 -0,024854 
49,100000 -0,024772 
49,200000 -0,024767 
49,300000 -0,024745 
49,400000 -0,024986 
49,500000 -0,025035 
49,600000 -0,024841 
49,700000 -0,024971 
49,800000 -0,025077 
49,900000 -0,025093 
