0,000000 -1,035114 
0,100000 -0,958132 
0,200000 -0,948260 
0,300000 -0,948292 
0,400000 -0,944817 
0,500000 -0,944955 
0,600000 -0,944893 
0,700000 -0,946361 
0,800000 -0,945162 
0,900000 -0,947763 
1,000000 -0,948995 
1,100000 -0,944466 
1,200000 -0,944469 
1,300000 -0,948183 
1,400000 -0,946937 
1,500000 -0,948664 
1,600000 -0,946682 
1,700000 -0,948636 
1,800000 -0,948011 
1,900000 -0,978923 
2,000000 -0,980319 
2,100000 -0,951398 
2,200000 -0,893952 
2,300000 -0,840415 
2,400000 -0,787942 
2,500000 -0,733517 
2,600000 -0,683017 
2,700000 -0,635076 
2,800000 -0,589977 
2,900000 -0,548379 
3,000000 -0,512042 
3,100000 -0,478497 
3,200000 -0,443898 
3,300000 -0,414906 
3,400000 -0,393701 
3,500000 -0,374541 
3,600000 -0,359562 
3,700000 -0,345795 
3,800000 -0,334033 
3,900000 -0,321889 
4,000000 -0,311614 
4,100000 -0,301004 
4,200000 -0,288149 
4,300000 -0,277747 
4,400000 -0,267988 
4,500000 -0,258326 
4,600000 -0,250348 
4,700000 -0,241917 
4,800000 -0,233045 
4,900000 -0,224925 
5,000000 -0,216238 
5,100000 -0,208961 
5,200000 -0,199130 
5,300000 -0,190149 
5,400000 -0,182572 
5,500000 -0,176219 
5,600000 -0,169090 
5,700000 -0,163295 
5,800000 -0,156948 
5,900000 -0,151416 
6,000000 -0,146481 
6,100000 -0,141733 
6,200000 -0,136721 
6,300000 -0,132146 
6,400000 -0,128207 
6,500000 -0,125506 
6,600000 -0,121932 
6,700000 -0,118918 
6,800000 -0,116384 
6,900000 -0,113678 
7,000000 -0,112374 
7,100000 -0,110437 
7,200000 -0,108333 
7,300000 -0,106288 
7,400000 -0,103990 
7,500000 -0,101313 
7,600000 -0,100321 
7,700000 -0,099061 
7,800000 -0,097454 
7,900000 -0,095804 
8,000000 -0,094721 
8,100000 -0,093693 
8,200000 -0,092115 
8,300000 -0,090823 
8,400000 -0,089425 
8,500000 -0,087896 
8,600000 -0,086482 
8,700000 -0,085521 
8,800000 -0,084223 
8,900000 -0,083399 
9,000000 -0,082510 
9,100000 -0,081620 
9,200000 -0,080641 
9,300000 -0,079359 
9,400000 -0,078382 
9,500000 -0,077504 
9,600000 -0,077034 
9,700000 -0,076609 
9,800000 -0,075763 
9,900000 -0,074994 
10,000000 -0,074644 
10,100000 -0,073973 
10,200000 -0,073596 
10,300000 -0,072724 
10,400000 -0,072347 
10,500000 -0,072379 
10,600000 -0,071849 
10,700000 -0,071567 
10,800000 -0,071447 
10,900000 -0,071748 
11,000000 -0,071321 
11,100000 -0,071385 
11,200000 -0,071821 
11,300000 -0,071475 
11,400000 -0,072158 
11,500000 -0,072261 
11,600000 -0,072589 
11,700000 -0,073410 
11,800000 -0,074058 
11,900000 -0,074791 
12,000000 -0,075533 
12,100000 -0,076026 
12,200000 -0,076795 
12,300000 -0,077644 
12,400000 -0,078623 
12,500000 -0,080115 
12,600000 -0,080926 
12,700000 -0,081856 
12,800000 -0,083447 
12,900000 -0,084376 
13,000000 -0,085819 
13,100000 -0,087518 
13,200000 -0,089751 
13,300000 -0,091732 
13,400000 -0,095047 
13,500000 -0,098684 
13,600000 -0,101695 
13,700000 -0,105315 
13,800000 -0,109248 
13,900000 -0,113126 
14,000000 -0,117139 
14,100000 -0,122057 
14,200000 -0,125053 
14,300000 -0,128482 
14,400000 -0,128949 
14,500000 -0,125295 
14,600000 -0,118723 
14,700000 -0,111854 
14,800000 -0,105105 
14,900000 -0,099441 
15,000000 -0,095262 
15,100000 -0,091146 
15,200000 -0,088866 
15,300000 -0,086860 
15,400000 -0,085286 
15,500000 -0,083627 
15,600000 -0,082658 
15,700000 -0,082539 
15,800000 -0,082914 
15,900000 -0,083286 
16,000000 -0,083972 
16,100000 -0,084611 
16,200000 -0,086221 
16,300000 -0,086886 
16,400000 -0,087264 
16,500000 -0,086977 
16,600000 -0,086533 
16,700000 -0,085909 
16,800000 -0,086038 
16,900000 -0,086291 
17,000000 -0,086856 
17,100000 -0,087941 
17,200000 -0,089352 
17,300000 -0,090494 
17,400000 -0,090667 
17,500000 -0,091414 
17,600000 -0,091444 
17,700000 -0,091602 
17,800000 -0,092436 
17,900000 -0,093656 
18,000000 -0,095394 
18,100000 -0,096558 
18,200000 -0,097860 
18,300000 -0,098860 
18,400000 -0,097540 
18,500000 -0,093415 
18,600000 -0,089219 
18,700000 -0,084865 
18,800000 -0,081624 
18,900000 -0,078803 
19,000000 -0,076938 
19,100000 -0,075403 
19,200000 -0,074374 
19,300000 -0,073736 
19,400000 -0,073375 
19,500000 -0,073814 
19,600000 -0,074448 
19,700000 -0,075322 
19,800000 -0,076298 
19,900000 -0,077165 
20,000000 -0,077961 
20,100000 -0,079121 
20,200000 -0,080133 
20,300000 -0,080396 
20,400000 -0,080406 
20,500000 -0,078202 
20,600000 -0,076520 
20,700000 -0,074624 
20,800000 -0,073331 
20,900000 -0,072539 
21,000000 -0,072164 
21,100000 -0,071943 
21,200000 -0,071856 
21,300000 -0,071926 
21,400000 -0,072055 
21,500000 -0,072648 
21,600000 -0,073497 
21,700000 -0,074186 
21,800000 -0,075571 
21,900000 -0,076365 
22,000000 -0,076884 
22,100000 -0,077853 
22,200000 -0,079559 
22,300000 -0,080345 
22,400000 -0,082056 
22,500000 -0,084163 
22,600000 -0,085981 
22,700000 -0,087644 
22,800000 -0,090099 
22,900000 -0,092557 
23,000000 -0,094036 
23,100000 -0,097186 
23,200000 -0,099975 
23,300000 -0,102168 
23,400000 -0,104901 
23,500000 -0,108097 
23,600000 -0,111680 
23,700000 -0,115448 
23,800000 -0,118484 
23,900000 -0,121875 
24,000000 -0,126206 
24,100000 -0,129750 
24,200000 -0,133794 
24,300000 -0,138634 
24,400000 -0,143325 
24,500000 -0,147385 
24,600000 -0,154619 
24,700000 -0,160541 
24,800000 -0,167092 
24,900000 -0,173822 
25,000000 -0,180520 
25,100000 -0,187722 
25,200000 -0,195559 
25,300000 -0,203726 
25,400000 -0,213169 
25,500000 -0,224485 
25,600000 -0,239562 
25,700000 -0,255540 
25,800000 -0,270051 
25,900000 -0,284366 
26,000000 -0,299580 
26,100000 -0,315462 
26,200000 -0,333203 
26,300000 -0,353274 
26,400000 -0,376040 
26,500000 -0,398997 
26,600000 -0,430481 
26,700000 -0,461575 
26,800000 -0,492611 
26,900000 -0,527174 
27,000000 -0,564861 
27,100000 -0,605705 
27,200000 -0,649806 
27,300000 -0,700241 
27,400000 -0,761881 
27,500000 -0,823375 
27,600000 -0,909167 
27,700000 -0,990645 
27,800000 -1,066997 
27,900000 -1,132929 
28,000000 -1,196419 
28,100000 -1,235627 
28,200000 -1,240961 
28,300000 -1,199658 
28,400000 -1,104812 
28,500000 -0,962657 
28,600000 -0,782123 
28,700000 -0,648209 
28,800000 -0,556381 
28,900000 -0,485508 
29,000000 -0,429624 
29,100000 -0,381427 
29,200000 -0,345829 
29,300000 -0,313235 
29,400000 -0,287784 
29,500000 -0,265381 
29,600000 -0,247190 
29,700000 -0,229231 
29,800000 -0,216081 
29,900000 -0,206766 
30,000000 -0,200483 
30,100000 -0,194596 
30,200000 -0,188127 
30,300000 -0,182877 
30,400000 -0,175452 
30,500000 -0,167810 
30,600000 -0,161547 
30,700000 -0,155536 
30,800000 -0,152837 
30,900000 -0,153028 
31,000000 -0,154490 
31,100000 -0,156530 
31,200000 -0,160903 
31,300000 -0,165668 
31,400000 -0,172134 
31,500000 -0,178907 
31,600000 -0,186993 
31,700000 -0,198389 
31,800000 -0,209617 
31,900000 -0,217788 
32,000000 -0,224246 
32,100000 -0,229503 
32,200000 -0,226630 
32,300000 -0,217784 
32,400000 -0,199783 
32,500000 -0,176086 
32,600000 -0,151471 
32,700000 -0,127271 
32,800000 -0,108853 
32,900000 -0,095842 
33,000000 -0,085147 
33,100000 -0,077256 
33,200000 -0,070165 
33,300000 -0,064435 
33,400000 -0,059551 
33,500000 -0,055462 
33,600000 -0,051991 
33,700000 -0,048393 
33,800000 -0,045492 
33,900000 -0,043170 
34,000000 -0,041504 
34,100000 -0,039571 
34,200000 -0,038082 
34,300000 -0,037007 
34,400000 -0,035755 
34,500000 -0,034494 
34,600000 -0,033556 
34,700000 -0,032796 
34,800000 -0,031900 
34,900000 -0,031127 
35,000000 -0,030407 
35,100000 -0,029912 
35,200000 -0,029305 
35,300000 -0,029005 
35,400000 -0,028735 
35,500000 -0,028490 
35,600000 -0,028353 
35,700000 -0,028175 
35,800000 -0,028028 
35,900000 -0,027784 
36,000000 -0,027675 
36,100000 -0,027558 
36,200000 -0,027599 
36,300000 -0,027449 
36,400000 -0,027463 
36,500000 -0,027375 
36,600000 -0,027236 
36,700000 -0,027414 
36,800000 -0,027458 
36,900000 -0,027343 
37,000000 -0,027478 
37,100000 -0,027510 
37,200000 -0,027541 
37,300000 -0,027651 
37,400000 -0,027755 
37,500000 -0,027854 
37,600000 -0,028026 
37,700000 -0,028017 
37,800000 -0,028199 
37,900000 -0,028495 
38,000000 -0,028688 
38,100000 -0,028848 
38,200000 -0,029127 
38,300000 -0,029547 
38,400000 -0,029943 
38,500000 -0,030286 
38,600000 -0,030842 
38,700000 -0,031332 
38,800000 -0,032011 
38,900000 -0,032591 
39,000000 -0,033314 
39,100000 -0,034105 
39,200000 -0,035093 
39,300000 -0,035998 
39,400000 -0,037024 
39,500000 -0,038054 
39,600000 -0,038624 
39,700000 -0,039695 
39,800000 -0,040835 
39,900000 -0,042135 
40,000000 -0,042889 
40,100000 -0,043146 
40,200000 -0,042881 
40,300000 -0,041898 
40,400000 -0,039956 
40,500000 -0,037914 
40,600000 -0,036291 
40,700000 -0,034272 
40,800000 -0,033035 
40,900000 -0,031981 
41,000000 -0,031040 
41,100000 -0,030302 
41,200000 -0,030035 
41,300000 -0,029513 
41,400000 -0,029378 
41,500000 -0,029093 
41,600000 -0,029036 
41,700000 -0,028885 
41,800000 -0,028843 
41,900000 -0,028905 
42,000000 -0,028959 
42,100000 -0,029224 
42,200000 -0,029293 
42,300000 -0,029350 
42,400000 -0,029464 
42,500000 -0,029616 
42,600000 -0,029945 
42,700000 -0,030412 
42,800000 -0,030768 
42,900000 -0,031355 
43,000000 -0,032118 
43,100000 -0,032341 
43,200000 -0,032893 
43,300000 -0,033462 
43,400000 -0,034064 
43,500000 -0,034787 
43,600000 -0,035229 
43,700000 -0,035841 
43,800000 -0,036630 
43,900000 -0,037211 
44,000000 -0,037641 
44,100000 -0,037777 
44,200000 -0,037596 
44,300000 -0,036938 
44,400000 -0,035438 
44,500000 -0,033778 
44,600000 -0,032462 
44,700000 -0,031275 
44,800000 -0,030082 
44,900000 -0,029061 
45,000000 -0,028504 
45,100000 -0,028100 
45,200000 -0,027797 
45,300000 -0,027597 
45,400000 -0,027220 
45,500000 -0,026837 
45,600000 -0,026886 
45,700000 -0,026612 
45,800000 -0,026561 
45,900000 -0,026453 
46,000000 -0,026503 
46,100000 -0,026385 
46,200000 -0,026333 
46,300000 -0,026394 
46,400000 -0,026485 
46,500000 -0,026481 
46,600000 -0,026626 
46,700000 -0,026650 
46,800000 -0,026787 
46,900000 -0,026849 
47,000000 -0,026860 
47,100000 -0,026906 
47,200000 -0,026858 
47,300000 -0,026699 
47,400000 -0,026296 
47,500000 -0,026064 
47,600000 -0,025737 
47,700000 -0,025271 
47,800000 -0,025205 
47,900000 -0,024947 
48,000000 -0,024750 
48,100000 -0,024744 
48,200000 -0,024429 
48,300000 -0,024537 
48,400000 -0,024601 
48,500000 -0,024376 
48,600000 -0,024380 
48,700000 -0,024280 
48,800000 -0,024288 
48,900000 -0,024306 
49,000000 -0,024371 
49,100000 -0,024303 
49,200000 -0,024361 
49,300000 -0,024418 
49,400000 -0,024440 
49,500000 -0,024421 
49,600000 -0,024549 
49,700000 -0,024577 
49,800000 -0,024865 
49,900000 -0,024825 
