0,000000 -1,044888 
0,100000 -0,961340 
0,200000 -0,950801 
0,300000 -0,947174 
0,400000 -0,950470 
0,500000 -0,949117 
0,600000 -0,948456 
0,700000 -0,948546 
0,800000 -0,949623 
0,900000 -0,945914 
1,000000 -0,950242 
1,100000 -0,950438 
1,200000 -0,945916 
1,300000 -0,948445 
1,400000 -0,947501 
1,500000 -0,949784 
1,600000 -0,952382 
1,700000 -0,948915 
1,800000 -0,949380 
1,900000 -0,954950 
2,000000 -0,929153 
2,100000 -0,883560 
2,200000 -0,809377 
2,300000 -0,748764 
2,400000 -0,693479 
2,500000 -0,639729 
2,600000 -0,589021 
2,700000 -0,542084 
2,800000 -0,500685 
2,900000 -0,464338 
3,000000 -0,433936 
3,100000 -0,406363 
3,200000 -0,378622 
3,300000 -0,356128 
3,400000 -0,338342 
3,500000 -0,324349 
3,600000 -0,310595 
3,700000 -0,299415 
3,800000 -0,288034 
3,900000 -0,276809 
4,000000 -0,267130 
4,100000 -0,257491 
4,200000 -0,244790 
4,300000 -0,232969 
4,400000 -0,222257 
4,500000 -0,213374 
4,600000 -0,204833 
4,700000 -0,195969 
4,800000 -0,188087 
4,900000 -0,180009 
5,000000 -0,172231 
5,100000 -0,165234 
5,200000 -0,155794 
5,300000 -0,147952 
5,400000 -0,141708 
5,500000 -0,136105 
5,600000 -0,131189 
5,700000 -0,125530 
5,800000 -0,121725 
5,900000 -0,118292 
6,000000 -0,115152 
6,100000 -0,112621 
6,200000 -0,108142 
6,300000 -0,104583 
6,400000 -0,101772 
6,500000 -0,099745 
6,600000 -0,097877 
6,700000 -0,095159 
6,800000 -0,093503 
6,900000 -0,092064 
7,000000 -0,090121 
7,100000 -0,088976 
7,200000 -0,087316 
7,300000 -0,085403 
7,400000 -0,084203 
7,500000 -0,082503 
7,600000 -0,080925 
7,700000 -0,079255 
7,800000 -0,078229 
7,900000 -0,076596 
8,000000 -0,075528 
8,100000 -0,074343 
8,200000 -0,072870 
8,300000 -0,071615 
8,400000 -0,070372 
8,500000 -0,069391 
8,600000 -0,068060 
8,700000 -0,067355 
8,800000 -0,066568 
8,900000 -0,065801 
9,000000 -0,064795 
9,100000 -0,063890 
9,200000 -0,063289 
9,300000 -0,062581 
9,400000 -0,061804 
9,500000 -0,061353 
9,600000 -0,060830 
9,700000 -0,060454 
9,800000 -0,060009 
9,900000 -0,059746 
10,000000 -0,059035 
10,100000 -0,058965 
10,200000 -0,058712 
10,300000 -0,058432 
10,400000 -0,058376 
10,500000 -0,058058 
10,600000 -0,057814 
10,700000 -0,057766 
10,800000 -0,057729 
10,900000 -0,058067 
11,000000 -0,057935 
11,100000 -0,058016 
11,200000 -0,058005 
11,300000 -0,058179 
11,400000 -0,058625 
11,500000 -0,058732 
11,600000 -0,059207 
11,700000 -0,059975 
11,800000 -0,060519 
11,900000 -0,060988 
12,000000 -0,061369 
12,100000 -0,062154 
12,200000 -0,062627 
12,300000 -0,063319 
12,400000 -0,064552 
12,500000 -0,065652 
12,600000 -0,066544 
12,700000 -0,067241 
12,800000 -0,068368 
12,900000 -0,069955 
13,000000 -0,070974 
13,100000 -0,073039 
13,200000 -0,075082 
13,300000 -0,077302 
13,400000 -0,080557 
13,500000 -0,084408 
13,600000 -0,087659 
13,700000 -0,091735 
13,800000 -0,095948 
13,900000 -0,100478 
14,000000 -0,104720 
14,100000 -0,110400 
14,200000 -0,114336 
14,300000 -0,118618 
14,400000 -0,119028 
14,500000 -0,114668 
14,600000 -0,106965 
14,700000 -0,098614 
14,800000 -0,091407 
14,900000 -0,085461 
15,000000 -0,080885 
15,100000 -0,077431 
15,200000 -0,074826 
15,300000 -0,072629 
15,400000 -0,071184 
15,500000 -0,070369 
15,600000 -0,069742 
15,700000 -0,069478 
15,800000 -0,069958 
15,900000 -0,070305 
16,000000 -0,071240 
16,100000 -0,072087 
16,200000 -0,073408 
16,300000 -0,075188 
16,400000 -0,075713 
16,500000 -0,075422 
16,600000 -0,074169 
16,700000 -0,073326 
16,800000 -0,073156 
16,900000 -0,073701 
17,000000 -0,074379 
17,100000 -0,075584 
17,200000 -0,076651 
17,300000 -0,078184 
17,400000 -0,078978 
17,500000 -0,079710 
17,600000 -0,079530 
17,700000 -0,079591 
17,800000 -0,080958 
17,900000 -0,081947 
18,000000 -0,083731 
18,100000 -0,085759 
18,200000 -0,087329 
18,300000 -0,088052 
18,400000 -0,087485 
18,500000 -0,082979 
18,600000 -0,077470 
18,700000 -0,072409 
18,800000 -0,068722 
18,900000 -0,065710 
19,000000 -0,063751 
19,100000 -0,062192 
19,200000 -0,061113 
19,300000 -0,060659 
19,400000 -0,059828 
19,500000 -0,060339 
19,600000 -0,061085 
19,700000 -0,061682 
19,800000 -0,062655 
19,900000 -0,063745 
20,000000 -0,064901 
20,100000 -0,066138 
20,200000 -0,067064 
20,300000 -0,067525 
20,400000 -0,067149 
20,500000 -0,065264 
20,600000 -0,062557 
20,700000 -0,060818 
20,800000 -0,059145 
20,900000 -0,058184 
21,000000 -0,057725 
21,100000 -0,057314 
21,200000 -0,056875 
21,300000 -0,057141 
21,400000 -0,057099 
21,500000 -0,057810 
21,600000 -0,058109 
21,700000 -0,058854 
21,800000 -0,059552 
21,900000 -0,060199 
22,000000 -0,060721 
22,100000 -0,061567 
22,200000 -0,062578 
22,300000 -0,063417 
22,400000 -0,064993 
22,500000 -0,066273 
22,600000 -0,067484 
22,700000 -0,068988 
22,800000 -0,070629 
22,900000 -0,071864 
23,000000 -0,073805 
23,100000 -0,075778 
23,200000 -0,077391 
23,300000 -0,079142 
23,400000 -0,081407 
23,500000 -0,083615 
23,600000 -0,087191 
23,700000 -0,089424 
23,800000 -0,092537 
23,900000 -0,095159 
24,000000 -0,098286 
24,100000 -0,101203 
24,200000 -0,105017 
24,300000 -0,107713 
24,400000 -0,111973 
24,500000 -0,116260 
24,600000 -0,121533 
24,700000 -0,127020 
24,800000 -0,131898 
24,900000 -0,137459 
25,000000 -0,143566 
25,100000 -0,150890 
25,200000 -0,157002 
25,300000 -0,164357 
25,400000 -0,172776 
25,500000 -0,183428 
25,600000 -0,194797 
25,700000 -0,206629 
25,800000 -0,219693 
25,900000 -0,231039 
26,000000 -0,244901 
26,100000 -0,261097 
26,200000 -0,276206 
26,300000 -0,294885 
26,400000 -0,316795 
26,500000 -0,337550 
26,600000 -0,367373 
26,700000 -0,397175 
26,800000 -0,427421 
26,900000 -0,459920 
27,000000 -0,497379 
27,100000 -0,540680 
27,200000 -0,585951 
27,300000 -0,639610 
27,400000 -0,701626 
27,500000 -0,765930 
27,600000 -0,859712 
27,700000 -0,949725 
27,800000 -1,034637 
27,900000 -1,115711 
28,000000 -1,191556 
28,100000 -1,241021 
28,200000 -1,261554 
28,300000 -1,218682 
28,400000 -1,107736 
28,500000 -0,939665 
28,600000 -0,734356 
28,700000 -0,589415 
28,800000 -0,493517 
28,900000 -0,420717 
29,000000 -0,368981 
29,100000 -0,323636 
29,200000 -0,288717 
29,300000 -0,258828 
29,400000 -0,237026 
29,500000 -0,217520 
29,600000 -0,202744 
29,700000 -0,188202 
29,800000 -0,178584 
29,900000 -0,171882 
30,000000 -0,167069 
30,100000 -0,163759 
30,200000 -0,160194 
30,300000 -0,155816 
30,400000 -0,149776 
30,500000 -0,143136 
30,600000 -0,137061 
30,700000 -0,132373 
30,800000 -0,131276 
30,900000 -0,130548 
31,000000 -0,132643 
31,100000 -0,135347 
31,200000 -0,140342 
31,300000 -0,146553 
31,400000 -0,153764 
31,500000 -0,162089 
31,600000 -0,171658 
31,700000 -0,185384 
31,800000 -0,199201 
31,900000 -0,210067 
32,000000 -0,219040 
32,100000 -0,225185 
32,200000 -0,224452 
32,300000 -0,216396 
32,400000 -0,196635 
32,500000 -0,169991 
32,600000 -0,143459 
32,700000 -0,117208 
32,800000 -0,098200 
32,900000 -0,084742 
33,000000 -0,074987 
33,100000 -0,066818 
33,200000 -0,060765 
33,300000 -0,055584 
33,400000 -0,051070 
33,500000 -0,047501 
33,600000 -0,044591 
33,700000 -0,041668 
33,800000 -0,039172 
33,900000 -0,037373 
34,000000 -0,036181 
34,100000 -0,034699 
34,200000 -0,033458 
34,300000 -0,032606 
34,400000 -0,031755 
34,500000 -0,031035 
34,600000 -0,030238 
34,700000 -0,029384 
34,800000 -0,028826 
34,900000 -0,028186 
35,000000 -0,027827 
35,100000 -0,027676 
35,200000 -0,027321 
35,300000 -0,027088 
35,400000 -0,026969 
35,500000 -0,026777 
35,600000 -0,026692 
35,700000 -0,026599 
35,800000 -0,026562 
35,900000 -0,026464 
36,000000 -0,026260 
36,100000 -0,026334 
36,200000 -0,026267 
36,300000 -0,025955 
36,400000 -0,026209 
36,500000 -0,026253 
36,600000 -0,026142 
36,700000 -0,026285 
36,800000 -0,026192 
36,900000 -0,026210 
37,000000 -0,026192 
37,100000 -0,026348 
37,200000 -0,026441 
37,300000 -0,026583 
37,400000 -0,026685 
37,500000 -0,026755 
37,600000 -0,026975 
37,700000 -0,027065 
37,800000 -0,027320 
37,900000 -0,027400 
38,000000 -0,027613 
38,100000 -0,028067 
38,200000 -0,028122 
38,300000 -0,028301 
38,400000 -0,028730 
38,500000 -0,029026 
38,600000 -0,029383 
38,700000 -0,029877 
38,800000 -0,030754 
38,900000 -0,031326 
39,000000 -0,032082 
39,100000 -0,032654 
39,200000 -0,033580 
39,300000 -0,034566 
39,400000 -0,035920 
39,500000 -0,036969 
39,600000 -0,037905 
39,700000 -0,039061 
39,800000 -0,040275 
39,900000 -0,041447 
40,000000 -0,042381 
40,100000 -0,043002 
40,200000 -0,042651 
40,300000 -0,041367 
40,400000 -0,039313 
40,500000 -0,037095 
40,600000 -0,034791 
40,700000 -0,033085 
40,800000 -0,031797 
40,900000 -0,030554 
41,000000 -0,029583 
41,100000 -0,029044 
41,200000 -0,028672 
41,300000 -0,028319 
41,400000 -0,028123 
41,500000 -0,027998 
41,600000 -0,027607 
41,700000 -0,027738 
41,800000 -0,027910 
41,900000 -0,027676 
42,000000 -0,027930 
42,100000 -0,028180 
42,200000 -0,028270 
42,300000 -0,028505 
42,400000 -0,028552 
42,500000 -0,028779 
42,600000 -0,029045 
42,700000 -0,029415 
42,800000 -0,029887 
42,900000 -0,030514 
43,000000 -0,031036 
43,100000 -0,031552 
43,200000 -0,031994 
43,300000 -0,032541 
43,400000 -0,033089 
43,500000 -0,033592 
43,600000 -0,034330 
43,700000 -0,035083 
43,800000 -0,035960 
43,900000 -0,036769 
44,000000 -0,037130 
44,100000 -0,037584 
44,200000 -0,037488 
44,300000 -0,036810 
44,400000 -0,035418 
44,500000 -0,033444 
44,600000 -0,032098 
44,700000 -0,030759 
44,800000 -0,029422 
44,900000 -0,028640 
45,000000 -0,027920 
45,100000 -0,027469 
45,200000 -0,027288 
45,300000 -0,027060 
45,400000 -0,026666 
45,500000 -0,026563 
45,600000 -0,026343 
45,700000 -0,026193 
45,800000 -0,025912 
45,900000 -0,026028 
46,000000 -0,026044 
46,100000 -0,025874 
46,200000 -0,026058 
46,300000 -0,026002 
46,400000 -0,025996 
46,500000 -0,026195 
46,600000 -0,026451 
46,700000 -0,026429 
46,800000 -0,026456 
46,900000 -0,026629 
47,000000 -0,026724 
47,100000 -0,026896 
47,200000 -0,026782 
47,300000 -0,026682 
47,400000 -0,026379 
47,500000 -0,025953 
47,600000 -0,025444 
47,700000 -0,025356 
47,800000 -0,024973 
47,900000 -0,024848 
48,000000 -0,024696 
48,100000 -0,024329 
48,200000 -0,024426 
48,300000 -0,024284 
48,400000 -0,024263 
48,500000 -0,024225 
48,600000 -0,024091 
48,700000 -0,024094 
48,800000 -0,024378 
48,900000 -0,024205 
49,000000 -0,024123 
49,100000 -0,024320 
49,200000 -0,024258 
49,300000 -0,024252 
49,400000 -0,024564 
49,500000 -0,024419 
49,600000 -0,024424 
49,700000 -0,024673 
49,800000 -0,024639 
49,900000 -0,024705 
