0,000000 -1,048434 
0,100000 -0,963910 
0,200000 -0,953207 
0,300000 -0,951725 
0,400000 -0,949952 
0,500000 -0,949390 
0,600000 -0,951083 
0,700000 -0,949050 
0,800000 -0,950480 
0,900000 -0,950377 
1,000000 -0,949271 
1,100000 -0,950536 
1,200000 -0,950495 
1,300000 -0,947808 
1,400000 -0,951986 
1,500000 -0,950308 
1,600000 -0,949808 
1,700000 -0,952294 
1,800000 -0,950976 
1,900000 -0,921923 
2,000000 -0,864552 
2,100000 -0,796473 
2,200000 -0,718397 
2,300000 -0,652556 
2,400000 -0,589185 
2,500000 -0,537925 
2,600000 -0,490218 
2,700000 -0,451024 
2,800000 -0,415618 
2,900000 -0,387778 
3,000000 -0,362207 
3,100000 -0,342260 
3,200000 -0,318858 
3,300000 -0,301873 
3,400000 -0,285871 
3,500000 -0,274002 
3,600000 -0,262042 
3,700000 -0,250491 
3,800000 -0,239441 
3,900000 -0,229029 
4,000000 -0,217938 
4,100000 -0,208513 
4,200000 -0,194762 
4,300000 -0,183869 
4,400000 -0,174024 
4,500000 -0,166154 
4,600000 -0,156961 
4,700000 -0,149397 
4,800000 -0,142085 
4,900000 -0,135929 
5,000000 -0,129266 
5,100000 -0,122968 
5,200000 -0,118080 
5,300000 -0,112063 
5,400000 -0,107436 
5,500000 -0,103680 
5,600000 -0,099796 
5,700000 -0,097043 
5,800000 -0,094151 
5,900000 -0,091661 
6,000000 -0,089456 
6,100000 -0,087616 
6,200000 -0,084420 
6,300000 -0,082605 
6,400000 -0,081122 
6,500000 -0,078868 
6,600000 -0,077278 
6,700000 -0,075776 
6,800000 -0,074081 
6,900000 -0,071685 
7,000000 -0,071004 
7,100000 -0,070114 
7,200000 -0,068227 
7,300000 -0,066632 
7,400000 -0,065524 
7,500000 -0,063928 
7,600000 -0,062657 
7,700000 -0,061575 
7,800000 -0,060614 
7,900000 -0,059898 
8,000000 -0,058438 
8,100000 -0,057380 
8,200000 -0,056597 
8,300000 -0,055784 
8,400000 -0,054903 
8,500000 -0,054045 
8,600000 -0,053448 
8,700000 -0,052418 
8,800000 -0,052079 
8,900000 -0,051462 
9,000000 -0,051160 
9,100000 -0,050749 
9,200000 -0,050214 
9,300000 -0,049855 
9,400000 -0,049202 
9,500000 -0,048732 
9,600000 -0,048707 
9,700000 -0,048412 
9,800000 -0,048213 
9,900000 -0,047732 
10,000000 -0,047487 
10,100000 -0,047619 
10,200000 -0,047511 
10,300000 -0,047385 
10,400000 -0,047277 
10,500000 -0,047259 
10,600000 -0,047055 
10,700000 -0,047105 
10,800000 -0,047501 
10,900000 -0,047552 
11,000000 -0,047401 
11,100000 -0,047651 
11,200000 -0,047657 
11,300000 -0,047691 
11,400000 -0,048014 
11,500000 -0,048130 
11,600000 -0,048584 
11,700000 -0,048784 
11,800000 -0,049294 
11,900000 -0,049847 
12,000000 -0,050501 
12,100000 -0,050854 
12,200000 -0,051486 
12,300000 -0,052295 
12,400000 -0,053504 
12,500000 -0,054435 
12,600000 -0,055503 
12,700000 -0,056272 
12,800000 -0,056944 
12,900000 -0,058504 
13,000000 -0,060049 
13,100000 -0,061272 
13,200000 -0,063087 
13,300000 -0,065449 
13,400000 -0,068389 
13,500000 -0,071873 
13,600000 -0,075392 
13,700000 -0,079528 
13,800000 -0,083640 
13,900000 -0,088668 
14,000000 -0,094085 
14,100000 -0,099869 
14,200000 -0,105542 
14,300000 -0,110551 
14,400000 -0,111928 
14,500000 -0,107477 
14,600000 -0,099235 
14,700000 -0,089317 
14,800000 -0,081430 
14,900000 -0,074784 
15,000000 -0,069552 
15,100000 -0,066134 
15,200000 -0,063693 
15,300000 -0,061993 
15,400000 -0,060737 
15,500000 -0,059622 
15,600000 -0,058966 
15,700000 -0,059121 
15,800000 -0,059672 
15,900000 -0,060432 
16,000000 -0,061309 
16,100000 -0,062773 
16,200000 -0,064245 
16,300000 -0,065274 
16,400000 -0,065899 
16,500000 -0,065031 
16,600000 -0,064023 
16,700000 -0,062944 
16,800000 -0,062700 
16,900000 -0,063461 
17,000000 -0,064190 
17,100000 -0,065531 
17,200000 -0,066879 
17,300000 -0,068346 
17,400000 -0,069502 
17,500000 -0,069566 
17,600000 -0,069422 
17,700000 -0,069543 
17,800000 -0,070593 
17,900000 -0,072617 
18,000000 -0,074647 
18,100000 -0,076929 
18,200000 -0,079461 
18,300000 -0,080754 
18,400000 -0,080432 
18,500000 -0,075418 
18,600000 -0,068537 
18,700000 -0,063327 
18,800000 -0,059208 
18,900000 -0,056109 
19,000000 -0,054064 
19,100000 -0,052341 
19,200000 -0,051481 
19,300000 -0,050839 
19,400000 -0,050705 
19,500000 -0,050958 
19,600000 -0,051499 
19,700000 -0,052094 
19,800000 -0,053274 
19,900000 -0,054735 
20,000000 -0,056164 
20,100000 -0,057301 
20,200000 -0,058146 
20,300000 -0,058988 
20,400000 -0,058409 
20,500000 -0,055930 
20,600000 -0,052717 
20,700000 -0,050620 
20,800000 -0,048843 
20,900000 -0,047779 
21,000000 -0,047281 
21,100000 -0,046711 
21,200000 -0,046745 
21,300000 -0,046458 
21,400000 -0,046526 
21,500000 -0,046955 
21,600000 -0,047188 
21,700000 -0,047471 
21,800000 -0,048265 
21,900000 -0,048609 
22,000000 -0,049236 
22,100000 -0,049877 
22,200000 -0,050770 
22,300000 -0,051362 
22,400000 -0,052075 
22,500000 -0,053138 
22,600000 -0,053941 
22,700000 -0,055257 
22,800000 -0,056198 
22,900000 -0,057239 
23,000000 -0,058224 
23,100000 -0,060149 
23,200000 -0,061323 
23,300000 -0,062410 
23,400000 -0,064359 
23,500000 -0,066171 
23,600000 -0,068187 
23,700000 -0,070410 
23,800000 -0,072776 
23,900000 -0,075075 
24,000000 -0,077762 
24,100000 -0,080414 
24,200000 -0,083109 
24,300000 -0,085882 
24,400000 -0,089496 
24,500000 -0,092700 
24,600000 -0,097404 
24,700000 -0,101438 
24,800000 -0,106010 
24,900000 -0,110420 
25,000000 -0,115210 
25,100000 -0,120320 
25,200000 -0,126162 
25,300000 -0,132012 
25,400000 -0,138604 
25,500000 -0,145357 
25,600000 -0,156433 
25,700000 -0,167292 
25,800000 -0,176733 
25,900000 -0,188078 
26,000000 -0,201196 
26,100000 -0,213417 
26,200000 -0,229015 
26,300000 -0,245803 
26,400000 -0,264310 
26,500000 -0,285134 
26,600000 -0,312135 
26,700000 -0,339230 
26,800000 -0,367047 
26,900000 -0,398439 
27,000000 -0,433300 
27,100000 -0,472710 
27,200000 -0,518910 
27,300000 -0,569746 
27,400000 -0,628814 
27,500000 -0,697211 
27,600000 -0,799178 
27,700000 -0,903400 
27,800000 -1,003047 
27,900000 -1,100218 
28,000000 -1,190857 
28,100000 -1,256278 
28,200000 -1,286477 
28,300000 -1,243714 
28,400000 -1,124724 
28,500000 -0,935450 
28,600000 -0,698620 
28,700000 -0,538716 
28,800000 -0,440183 
28,900000 -0,367974 
29,000000 -0,314404 
29,100000 -0,272565 
29,200000 -0,240270 
29,300000 -0,214078 
29,400000 -0,193600 
29,500000 -0,176507 
29,600000 -0,164053 
29,700000 -0,152811 
29,800000 -0,144958 
29,900000 -0,141784 
30,000000 -0,139270 
30,100000 -0,137969 
30,200000 -0,135781 
30,300000 -0,132773 
30,400000 -0,127359 
30,500000 -0,120383 
30,600000 -0,114875 
30,700000 -0,110733 
30,800000 -0,109147 
30,900000 -0,109790 
31,000000 -0,112059 
31,100000 -0,115465 
31,200000 -0,120201 
31,300000 -0,126623 
31,400000 -0,134334 
31,500000 -0,143852 
31,600000 -0,155185 
31,700000 -0,172400 
31,800000 -0,188539 
31,900000 -0,203122 
32,000000 -0,215815 
32,100000 -0,225073 
32,200000 -0,226272 
32,300000 -0,217368 
32,400000 -0,196576 
32,500000 -0,166177 
32,600000 -0,136176 
32,700000 -0,109065 
32,800000 -0,089361 
32,900000 -0,076471 
33,000000 -0,067449 
33,100000 -0,059730 
33,200000 -0,054168 
33,300000 -0,049127 
33,400000 -0,045787 
33,500000 -0,042371 
33,600000 -0,040059 
33,700000 -0,037479 
33,800000 -0,035642 
33,900000 -0,033927 
34,000000 -0,032541 
34,100000 -0,031712 
34,200000 -0,030964 
34,300000 -0,030291 
34,400000 -0,029118 
34,500000 -0,028501 
34,600000 -0,027948 
34,700000 -0,027500 
34,800000 -0,027082 
34,900000 -0,026873 
35,000000 -0,026563 
35,100000 -0,026272 
35,200000 -0,026242 
35,300000 -0,026000 
35,400000 -0,025875 
35,500000 -0,025760 
35,600000 -0,025681 
35,700000 -0,025521 
35,800000 -0,025548 
35,900000 -0,025139 
36,000000 -0,025468 
36,100000 -0,025225 
36,200000 -0,025243 
36,300000 -0,025318 
36,400000 -0,025307 
36,500000 -0,025151 
36,600000 -0,025184 
36,700000 -0,025351 
36,800000 -0,025334 
36,900000 -0,025428 
37,000000 -0,025539 
37,100000 -0,025627 
37,200000 -0,025691 
37,300000 -0,025698 
37,400000 -0,025687 
37,500000 -0,025896 
37,600000 -0,026179 
37,700000 -0,026307 
37,800000 -0,026422 
37,900000 -0,026641 
38,000000 -0,026762 
38,100000 -0,026926 
38,200000 -0,027277 
38,300000 -0,027347 
38,400000 -0,027531 
38,500000 -0,027987 
38,600000 -0,028202 
38,700000 -0,028662 
38,800000 -0,029357 
38,900000 -0,030090 
39,000000 -0,030828 
39,100000 -0,031401 
39,200000 -0,032153 
39,300000 -0,032955 
39,400000 -0,034169 
39,500000 -0,035638 
39,600000 -0,036924 
39,700000 -0,037976 
39,800000 -0,039512 
39,900000 -0,041185 
40,000000 -0,042181 
40,100000 -0,042752 
40,200000 -0,042493 
40,300000 -0,041530 
40,400000 -0,039259 
40,500000 -0,036408 
40,600000 -0,033654 
40,700000 -0,031857 
40,800000 -0,030672 
40,900000 -0,029207 
41,000000 -0,028273 
41,100000 -0,027855 
41,200000 -0,027484 
41,300000 -0,027346 
41,400000 -0,027086 
41,500000 -0,027044 
41,600000 -0,027002 
41,700000 -0,027099 
41,800000 -0,026887 
41,900000 -0,027015 
42,000000 -0,027045 
42,100000 -0,027211 
42,200000 -0,027368 
42,300000 -0,027633 
42,400000 -0,027510 
42,500000 -0,027966 
42,600000 -0,028140 
42,700000 -0,028439 
42,800000 -0,028805 
42,900000 -0,029412 
43,000000 -0,030099 
43,100000 -0,030470 
43,200000 -0,031191 
43,300000 -0,031694 
43,400000 -0,032241 
43,500000 -0,032849 
43,600000 -0,033319 
43,700000 -0,034263 
43,800000 -0,035494 
43,900000 -0,036524 
44,000000 -0,037128 
44,100000 -0,037398 
44,200000 -0,037680 
44,300000 -0,036848 
44,400000 -0,035663 
44,500000 -0,033429 
44,600000 -0,031552 
44,700000 -0,029922 
44,800000 -0,028678 
44,900000 -0,027988 
45,000000 -0,027321 
45,100000 -0,026994 
45,200000 -0,026845 
45,300000 -0,026548 
45,400000 -0,026186 
45,500000 -0,026133 
45,600000 -0,025918 
45,700000 -0,025602 
45,800000 -0,025717 
45,900000 -0,025511 
46,000000 -0,025622 
46,100000 -0,025528 
46,200000 -0,025689 
46,300000 -0,025820 
46,400000 -0,025921 
46,500000 -0,026083 
46,600000 -0,026149 
46,700000 -0,026185 
46,800000 -0,026403 
46,900000 -0,026544 
47,000000 -0,026665 
47,100000 -0,026842 
47,200000 -0,026751 
47,300000 -0,026587 
47,400000 -0,026328 
47,500000 -0,026006 
47,600000 -0,025525 
47,700000 -0,025039 
47,800000 -0,024933 
47,900000 -0,024743 
48,000000 -0,024394 
48,100000 -0,024438 
48,200000 -0,024237 
48,300000 -0,024223 
48,400000 -0,024190 
48,500000 -0,024036 
48,600000 -0,024024 
48,700000 -0,024239 
48,800000 -0,024057 
48,900000 -0,024095 
49,000000 -0,024088 
49,100000 -0,023981 
49,200000 -0,024048 
49,300000 -0,024205 
49,400000 -0,024200 
49,500000 -0,024280 
49,600000 -0,024552 
49,700000 -0,024607 
49,800000 -0,024626 
49,900000 -0,024766 
