0,000000 -1,017931 
0,100000 -0,901019 
0,200000 -0,886109 
0,300000 -0,883822 
0,400000 -0,885225 
0,500000 -0,883399 
0,600000 -0,883458 
0,700000 -0,881391 
0,800000 -0,882228 
0,900000 -0,884929 
1,000000 -0,882545 
1,100000 -0,883916 
1,200000 -0,881928 
1,300000 -0,883226 
1,400000 -0,886382 
1,500000 -0,886467 
1,600000 -0,881857 
1,700000 -0,882961 
1,800000 -0,883130 
1,900000 -0,763219 
2,000000 -0,652924 
2,100000 -0,573993 
2,200000 -0,488806 
2,300000 -0,425754 
2,400000 -0,380308 
2,500000 -0,343379 
2,600000 -0,314877 
2,700000 -0,290656 
2,800000 -0,271642 
2,900000 -0,254255 
3,000000 -0,238970 
3,100000 -0,224109 
3,200000 -0,202617 
3,300000 -0,187554 
3,400000 -0,172615 
3,500000 -0,160608 
3,600000 -0,149251 
3,700000 -0,139603 
3,800000 -0,129004 
3,900000 -0,122008 
4,000000 -0,112911 
4,100000 -0,106864 
4,200000 -0,099874 
4,300000 -0,092826 
4,400000 -0,087756 
4,500000 -0,083272 
4,600000 -0,080144 
4,700000 -0,076204 
4,800000 -0,073601 
4,900000 -0,071369 
5,000000 -0,068994 
5,100000 -0,066765 
5,200000 -0,063729 
5,300000 -0,061711 
5,400000 -0,059329 
5,500000 -0,057964 
5,600000 -0,056443 
5,700000 -0,054719 
5,800000 -0,053293 
5,900000 -0,051856 
6,000000 -0,050069 
6,100000 -0,049266 
6,200000 -0,047583 
6,300000 -0,046456 
6,400000 -0,045411 
6,500000 -0,044139 
6,600000 -0,043674 
6,700000 -0,042459 
6,800000 -0,042061 
6,900000 -0,041060 
7,000000 -0,040089 
7,100000 -0,039724 
7,200000 -0,039035 
7,300000 -0,038427 
7,400000 -0,037935 
7,500000 -0,037706 
7,600000 -0,037251 
7,700000 -0,036744 
7,800000 -0,036440 
7,900000 -0,035847 
8,000000 -0,035734 
8,100000 -0,035325 
8,200000 -0,035012 
8,300000 -0,034590 
8,400000 -0,034256 
8,500000 -0,033970 
8,600000 -0,033880 
8,700000 -0,033480 
8,800000 -0,033371 
8,900000 -0,033077 
9,000000 -0,032906 
9,100000 -0,032737 
9,200000 -0,032529 
9,300000 -0,032310 
9,400000 -0,032205 
9,500000 -0,031960 
9,600000 -0,032138 
9,700000 -0,031870 
9,800000 -0,031697 
9,900000 -0,031433 
10,000000 -0,031708 
10,100000 -0,031636 
10,200000 -0,031506 
10,300000 -0,031480 
10,400000 -0,031388 
10,500000 -0,031533 
10,600000 -0,031494 
10,700000 -0,031534 
10,800000 -0,031672 
10,900000 -0,031757 
11,000000 -0,031839 
11,100000 -0,032189 
11,200000 -0,032408 
11,300000 -0,032449 
11,400000 -0,032493 
11,500000 -0,032953 
11,600000 -0,033361 
11,700000 -0,033643 
11,800000 -0,033810 
11,900000 -0,034345 
12,000000 -0,034961 
12,100000 -0,035460 
12,200000 -0,036151 
12,300000 -0,036981 
12,400000 -0,037675 
12,500000 -0,038118 
12,600000 -0,038588 
12,700000 -0,039046 
12,800000 -0,039721 
12,900000 -0,040668 
13,000000 -0,042030 
13,100000 -0,043236 
13,200000 -0,044732 
13,300000 -0,047005 
13,400000 -0,049660 
13,500000 -0,052663 
13,600000 -0,056225 
13,700000 -0,059969 
13,800000 -0,064536 
13,900000 -0,070686 
14,000000 -0,077949 
14,100000 -0,086743 
14,200000 -0,095793 
14,300000 -0,102987 
14,400000 -0,105132 
14,500000 -0,098923 
14,600000 -0,086242 
14,700000 -0,072696 
14,800000 -0,062849 
14,900000 -0,054860 
15,000000 -0,050087 
15,100000 -0,046945 
15,200000 -0,044841 
15,300000 -0,043543 
15,400000 -0,042898 
15,500000 -0,042452 
15,600000 -0,041862 
15,700000 -0,042199 
15,800000 -0,043127 
15,900000 -0,045010 
16,000000 -0,046639 
16,100000 -0,048512 
16,200000 -0,050813 
16,300000 -0,052230 
16,400000 -0,053166 
16,500000 -0,051827 
16,600000 -0,049526 
16,700000 -0,048004 
16,800000 -0,047529 
16,900000 -0,047795 
17,000000 -0,048886 
17,100000 -0,050768 
17,200000 -0,052772 
17,300000 -0,054911 
17,400000 -0,055999 
17,500000 -0,055939 
17,600000 -0,054045 
17,700000 -0,054271 
17,800000 -0,055506 
17,900000 -0,058141 
18,000000 -0,061706 
18,100000 -0,066066 
18,200000 -0,069543 
18,300000 -0,072433 
18,400000 -0,072006 
18,500000 -0,065075 
18,600000 -0,056028 
18,700000 -0,048483 
18,800000 -0,043813 
18,900000 -0,040554 
19,000000 -0,038785 
19,100000 -0,037422 
19,200000 -0,036809 
19,300000 -0,036497 
19,400000 -0,036220 
19,500000 -0,036846 
19,600000 -0,037533 
19,700000 -0,038342 
19,800000 -0,039879 
19,900000 -0,041986 
20,000000 -0,044006 
20,100000 -0,046328 
20,200000 -0,047753 
20,300000 -0,048734 
20,400000 -0,048175 
20,500000 -0,044286 
20,600000 -0,040084 
20,700000 -0,037042 
20,800000 -0,034802 
20,900000 -0,033464 
21,000000 -0,032625 
21,100000 -0,031954 
21,200000 -0,031535 
21,300000 -0,031202 
21,400000 -0,031113 
21,500000 -0,031200 
21,600000 -0,031163 
21,700000 -0,031390 
21,800000 -0,031707 
21,900000 -0,031982 
22,000000 -0,032045 
22,100000 -0,032401 
22,200000 -0,032729 
22,300000 -0,032887 
22,400000 -0,033277 
22,500000 -0,033565 
22,600000 -0,033921 
22,700000 -0,034333 
22,800000 -0,034972 
22,900000 -0,035569 
23,000000 -0,036261 
23,100000 -0,036899 
23,200000 -0,037556 
23,300000 -0,038074 
23,400000 -0,038791 
23,500000 -0,039316 
23,600000 -0,040698 
23,700000 -0,041579 
23,800000 -0,042554 
23,900000 -0,043680 
24,000000 -0,044513 
24,100000 -0,045943 
24,200000 -0,046983 
24,300000 -0,048407 
24,400000 -0,049580 
24,500000 -0,051581 
24,600000 -0,053568 
24,700000 -0,055861 
24,800000 -0,057951 
24,900000 -0,061055 
25,000000 -0,063155 
25,100000 -0,066690 
25,200000 -0,070339 
25,300000 -0,074022 
25,400000 -0,078149 
25,500000 -0,082504 
25,600000 -0,088346 
25,700000 -0,095038 
25,800000 -0,100821 
25,900000 -0,107700 
26,000000 -0,115220 
26,100000 -0,122221 
26,200000 -0,132710 
26,300000 -0,142928 
26,400000 -0,155123 
26,500000 -0,166836 
26,600000 -0,187856 
26,700000 -0,211304 
26,800000 -0,232070 
26,900000 -0,261110 
27,000000 -0,289052 
27,100000 -0,323786 
27,200000 -0,363930 
27,300000 -0,408185 
27,400000 -0,462207 
27,500000 -0,530011 
27,600000 -0,647490 
27,700000 -0,782111 
27,800000 -0,928673 
27,900000 -1,080246 
28,000000 -1,228078 
28,100000 -1,334130 
28,200000 -1,388895 
28,300000 -1,341256 
28,400000 -1,184704 
28,500000 -0,914411 
28,600000 -0,607717 
28,700000 -0,423735 
28,800000 -0,323742 
28,900000 -0,257766 
29,000000 -0,209945 
29,100000 -0,177641 
29,200000 -0,153792 
29,300000 -0,135384 
29,400000 -0,120816 
29,500000 -0,109537 
29,600000 -0,101369 
29,700000 -0,097488 
29,800000 -0,096022 
29,900000 -0,096716 
30,000000 -0,097979 
30,100000 -0,099450 
30,200000 -0,100002 
30,300000 -0,098637 
30,400000 -0,094151 
30,500000 -0,085880 
30,600000 -0,078721 
30,700000 -0,074448 
30,800000 -0,073513 
30,900000 -0,074688 
31,000000 -0,077672 
31,100000 -0,081530 
31,200000 -0,086613 
31,300000 -0,093104 
31,400000 -0,101082 
31,500000 -0,111506 
31,600000 -0,125250 
31,700000 -0,148722 
31,800000 -0,173842 
31,900000 -0,197198 
32,000000 -0,217929 
32,100000 -0,232652 
32,200000 -0,237386 
32,300000 -0,227733 
32,400000 -0,200433 
32,500000 -0,159156 
32,600000 -0,120915 
32,700000 -0,090002 
32,800000 -0,069550 
32,900000 -0,057708 
33,000000 -0,049689 
33,100000 -0,044043 
33,200000 -0,039864 
33,300000 -0,036751 
33,400000 -0,034185 
33,500000 -0,032417 
33,600000 -0,030590 
33,700000 -0,029386 
33,800000 -0,028584 
33,900000 -0,027887 
34,000000 -0,027587 
34,100000 -0,026951 
34,200000 -0,026642 
34,300000 -0,026130 
34,400000 -0,025911 
34,500000 -0,025564 
34,600000 -0,025167 
34,700000 -0,024932 
34,800000 -0,024681 
34,900000 -0,024500 
35,000000 -0,024427 
35,100000 -0,024252 
35,200000 -0,024221 
35,300000 -0,024108 
35,400000 -0,024121 
35,500000 -0,024204 
35,600000 -0,023995 
35,700000 -0,024093 
35,800000 -0,024139 
35,900000 -0,023880 
36,000000 -0,024045 
36,100000 -0,024095 
36,200000 -0,024165 
36,300000 -0,024122 
36,400000 -0,024026 
36,500000 -0,024138 
36,600000 -0,024172 
36,700000 -0,024172 
36,800000 -0,023970 
36,900000 -0,024177 
37,000000 -0,024139 
37,100000 -0,024344 
37,200000 -0,024338 
37,300000 -0,024344 
37,400000 -0,024372 
37,500000 -0,024532 
37,600000 -0,024512 
37,700000 -0,024587 
37,800000 -0,024750 
37,900000 -0,024981 
38,000000 -0,025129 
38,100000 -0,025329 
38,200000 -0,025432 
38,300000 -0,025524 
38,400000 -0,026025 
38,500000 -0,026123 
38,600000 -0,026432 
38,700000 -0,026834 
38,800000 -0,027300 
38,900000 -0,027662 
39,000000 -0,028112 
39,100000 -0,028747 
39,200000 -0,029457 
39,300000 -0,030066 
39,400000 -0,031200 
39,500000 -0,032529 
39,600000 -0,034227 
39,700000 -0,036261 
39,800000 -0,038083 
39,900000 -0,040539 
40,000000 -0,042604 
40,100000 -0,043514 
40,200000 -0,043420 
40,300000 -0,041878 
40,400000 -0,038682 
40,500000 -0,034796 
40,600000 -0,031827 
40,700000 -0,029428 
40,800000 -0,028097 
40,900000 -0,027407 
41,000000 -0,026494 
41,100000 -0,026117 
41,200000 -0,025945 
41,300000 -0,025706 
41,400000 -0,025486 
41,500000 -0,025288 
41,600000 -0,025300 
41,700000 -0,025254 
41,800000 -0,025238 
41,900000 -0,025497 
42,000000 -0,025396 
42,100000 -0,025593 
42,200000 -0,025781 
42,300000 -0,025869 
42,400000 -0,026136 
42,500000 -0,026353 
42,600000 -0,026669 
42,700000 -0,026879 
42,800000 -0,027384 
42,900000 -0,027953 
43,000000 -0,028291 
43,100000 -0,028619 
43,200000 -0,029344 
43,300000 -0,029799 
43,400000 -0,030174 
43,500000 -0,030685 
43,600000 -0,031797 
43,700000 -0,032748 
43,800000 -0,034154 
43,900000 -0,035966 
44,000000 -0,037392 
44,100000 -0,038159 
44,200000 -0,038334 
44,300000 -0,037619 
44,400000 -0,035436 
44,500000 -0,032688 
44,600000 -0,029917 
44,700000 -0,028081 
44,800000 -0,027220 
44,900000 -0,026362 
45,000000 -0,026086 
45,100000 -0,025728 
45,200000 -0,025429 
45,300000 -0,025502 
45,400000 -0,025085 
45,500000 -0,024989 
45,600000 -0,024858 
45,700000 -0,024429 
45,800000 -0,024484 
45,900000 -0,024608 
46,000000 -0,024552 
46,100000 -0,024712 
46,200000 -0,024864 
46,300000 -0,024757 
46,400000 -0,024931 
46,500000 -0,025261 
46,600000 -0,025236 
46,700000 -0,025638 
46,800000 -0,025938 
46,900000 -0,026086 
47,000000 -0,026535 
47,100000 -0,026838 
47,200000 -0,026791 
47,300000 -0,026438 
47,400000 -0,026063 
47,500000 -0,025529 
47,600000 -0,024808 
47,700000 -0,024529 
47,800000 -0,024495 
47,900000 -0,024047 
48,000000 -0,024054 
48,100000 -0,023929 
48,200000 -0,023939 
48,300000 -0,024000 
48,400000 -0,023753 
48,500000 -0,023775 
48,600000 -0,023858 
48,700000 -0,023771 
48,800000 -0,023869 
48,900000 -0,023824 
49,000000 -0,023873 
49,100000 -0,023866 
49,200000 -0,023876 
49,300000 -0,023887 
49,400000 -0,024029 
49,500000 -0,024108 
49,600000 -0,024213 
49,700000 -0,024232 
49,800000 -0,024262 
49,900000 -0,024562 
