0,000000 -0,965965 
0,100000 -0,800760 
0,200000 -0,784292 
0,300000 -0,779929 
0,400000 -0,777758 
0,500000 -0,778191 
0,600000 -0,776872 
0,700000 -0,778971 
0,800000 -0,779811 
0,900000 -0,778766 
1,000000 -0,777799 
1,100000 -0,778563 
1,200000 -0,778796 
1,300000 -0,777725 
1,400000 -0,777682 
1,500000 -0,778242 
1,600000 -0,778562 
1,700000 -0,779348 
1,800000 -0,778380 
1,900000 -0,645246 
2,000000 -0,521510 
2,100000 -0,443347 
2,200000 -0,371019 
2,300000 -0,322379 
2,400000 -0,288634 
2,500000 -0,262497 
2,600000 -0,239676 
2,700000 -0,220055 
2,800000 -0,200406 
2,900000 -0,182230 
3,000000 -0,166012 
3,100000 -0,151996 
3,200000 -0,136229 
3,300000 -0,122912 
3,400000 -0,112945 
3,500000 -0,103655 
3,600000 -0,095776 
3,700000 -0,088764 
3,800000 -0,082871 
3,900000 -0,077881 
4,000000 -0,073574 
4,100000 -0,069733 
4,200000 -0,065679 
4,300000 -0,062411 
4,400000 -0,059413 
4,500000 -0,057164 
4,600000 -0,055002 
4,700000 -0,052874 
4,800000 -0,050823 
4,900000 -0,048907 
5,000000 -0,047362 
5,100000 -0,045963 
5,200000 -0,044188 
5,300000 -0,042749 
5,400000 -0,041475 
5,500000 -0,040293 
5,600000 -0,039186 
5,700000 -0,038385 
5,800000 -0,037603 
5,900000 -0,036975 
6,000000 -0,035806 
6,100000 -0,035513 
6,200000 -0,034533 
6,300000 -0,034019 
6,400000 -0,033724 
6,500000 -0,033002 
6,600000 -0,032767 
6,700000 -0,032215 
6,800000 -0,031940 
6,900000 -0,031427 
7,000000 -0,031046 
7,100000 -0,030661 
7,200000 -0,030322 
7,300000 -0,030099 
7,400000 -0,029895 
7,500000 -0,029516 
7,600000 -0,029420 
7,700000 -0,029174 
7,800000 -0,028877 
7,900000 -0,028777 
8,000000 -0,028608 
8,100000 -0,028490 
8,200000 -0,028418 
8,300000 -0,028214 
8,400000 -0,028069 
8,500000 -0,027916 
8,600000 -0,027862 
8,700000 -0,027667 
8,800000 -0,027661 
8,900000 -0,027542 
9,000000 -0,027468 
9,100000 -0,027381 
9,200000 -0,027487 
9,300000 -0,027279 
9,400000 -0,027072 
9,500000 -0,027149 
9,600000 -0,027098 
9,700000 -0,027019 
9,800000 -0,027190 
9,900000 -0,027025 
10,000000 -0,027013 
10,100000 -0,027103 
10,200000 -0,027087 
10,300000 -0,026982 
10,400000 -0,027175 
10,500000 -0,027191 
10,600000 -0,027225 
10,700000 -0,027126 
10,800000 -0,027187 
10,900000 -0,027428 
11,000000 -0,027410 
11,100000 -0,027554 
11,200000 -0,027651 
11,300000 -0,027621 
11,400000 -0,027813 
11,500000 -0,028075 
11,600000 -0,028323 
11,700000 -0,028354 
11,800000 -0,028832 
11,900000 -0,029148 
12,000000 -0,029538 
12,100000 -0,030044 
12,200000 -0,030971 
12,300000 -0,031490 
12,400000 -0,032092 
12,500000 -0,032747 
12,600000 -0,032788 
12,700000 -0,033073 
12,800000 -0,033250 
12,900000 -0,033984 
13,000000 -0,034977 
13,100000 -0,036127 
13,200000 -0,037743 
13,300000 -0,039051 
13,400000 -0,041906 
13,500000 -0,044540 
13,600000 -0,047639 
13,700000 -0,051465 
13,800000 -0,056018 
13,900000 -0,062953 
14,000000 -0,071750 
14,100000 -0,082210 
14,200000 -0,093751 
14,300000 -0,104197 
14,400000 -0,107499 
14,500000 -0,100372 
14,600000 -0,083298 
14,700000 -0,066262 
14,800000 -0,054445 
14,900000 -0,046779 
15,000000 -0,042153 
15,100000 -0,039623 
15,200000 -0,038044 
15,300000 -0,037054 
15,400000 -0,036684 
15,500000 -0,036479 
15,600000 -0,036163 
15,700000 -0,036462 
15,800000 -0,037614 
15,900000 -0,039141 
16,000000 -0,041433 
16,100000 -0,044097 
16,200000 -0,047101 
16,300000 -0,049355 
16,400000 -0,049765 
16,500000 -0,047836 
16,600000 -0,044790 
16,700000 -0,042508 
16,800000 -0,041369 
16,900000 -0,041711 
17,000000 -0,043384 
17,100000 -0,045595 
17,200000 -0,048259 
17,300000 -0,050405 
17,400000 -0,051420 
17,500000 -0,050126 
17,600000 -0,048372 
17,700000 -0,047495 
17,800000 -0,048932 
17,900000 -0,052234 
18,000000 -0,057229 
18,100000 -0,063091 
18,200000 -0,067957 
18,300000 -0,071375 
18,400000 -0,070906 
18,500000 -0,062634 
18,600000 -0,051738 
18,700000 -0,043535 
18,800000 -0,038151 
18,900000 -0,035098 
19,000000 -0,033144 
19,100000 -0,032172 
19,200000 -0,031635 
19,300000 -0,031476 
19,400000 -0,031552 
19,500000 -0,031994 
19,600000 -0,032829 
19,700000 -0,034087 
19,800000 -0,035740 
19,900000 -0,038037 
20,000000 -0,040857 
20,100000 -0,043686 
20,200000 -0,045786 
20,300000 -0,046792 
20,400000 -0,046184 
20,500000 -0,041290 
20,600000 -0,036290 
20,700000 -0,032316 
20,800000 -0,029921 
20,900000 -0,028878 
21,000000 -0,027874 
21,100000 -0,027359 
21,200000 -0,027173 
21,300000 -0,026882 
21,400000 -0,026725 
21,500000 -0,026895 
21,600000 -0,026771 
21,700000 -0,026814 
21,800000 -0,027035 
21,900000 -0,027013 
22,000000 -0,027169 
22,100000 -0,027312 
22,200000 -0,027623 
22,300000 -0,027755 
22,400000 -0,027759 
22,500000 -0,027708 
22,600000 -0,027965 
22,700000 -0,028231 
22,800000 -0,028449 
22,900000 -0,028718 
23,000000 -0,028699 
23,100000 -0,029215 
23,200000 -0,029406 
23,300000 -0,029914 
23,400000 -0,030162 
23,500000 -0,030552 
23,600000 -0,030875 
23,700000 -0,031594 
23,800000 -0,032430 
23,900000 -0,032741 
24,000000 -0,033699 
24,100000 -0,034333 
24,200000 -0,034997 
24,300000 -0,036014 
24,400000 -0,036741 
24,500000 -0,037525 
24,600000 -0,039222 
24,700000 -0,040615 
24,800000 -0,041768 
24,900000 -0,043069 
25,000000 -0,044766 
25,100000 -0,046933 
25,200000 -0,048548 
25,300000 -0,050984 
25,400000 -0,053232 
25,500000 -0,056172 
25,600000 -0,060325 
25,700000 -0,064570 
25,800000 -0,069095 
25,900000 -0,074111 
26,000000 -0,079978 
26,100000 -0,086252 
26,200000 -0,092871 
26,300000 -0,100281 
26,400000 -0,109608 
26,500000 -0,118895 
26,600000 -0,133646 
26,700000 -0,151158 
26,800000 -0,169178 
26,900000 -0,190887 
27,000000 -0,217818 
27,100000 -0,248345 
27,200000 -0,285017 
27,300000 -0,325487 
27,400000 -0,374519 
27,500000 -0,437945 
27,600000 -0,555510 
27,700000 -0,701881 
27,800000 -0,878904 
27,900000 -1,085636 
28,000000 -1,271438 
28,100000 -1,415271 
28,200000 -1,469294 
28,300000 -1,417735 
28,400000 -1,229181 
28,500000 -0,908672 
28,600000 -0,553472 
28,700000 -0,352459 
28,800000 -0,254222 
28,900000 -0,194597 
29,000000 -0,155828 
29,100000 -0,129775 
29,200000 -0,111099 
29,300000 -0,098019 
29,400000 -0,087733 
29,500000 -0,079668 
29,600000 -0,074738 
29,700000 -0,072802 
29,800000 -0,074578 
29,900000 -0,078568 
30,000000 -0,082653 
30,100000 -0,086207 
30,200000 -0,087574 
30,300000 -0,086343 
30,400000 -0,081032 
30,500000 -0,072326 
30,600000 -0,064135 
30,700000 -0,059245 
30,800000 -0,057875 
30,900000 -0,059660 
31,000000 -0,062033 
31,100000 -0,065748 
31,200000 -0,071114 
31,300000 -0,076296 
31,400000 -0,085023 
31,500000 -0,095437 
31,600000 -0,109025 
31,700000 -0,135245 
31,800000 -0,165276 
31,900000 -0,197417 
32,000000 -0,225209 
32,100000 -0,244055 
32,200000 -0,248505 
32,300000 -0,237034 
32,400000 -0,204783 
32,500000 -0,154515 
32,600000 -0,111667 
32,700000 -0,078092 
32,800000 -0,058896 
32,900000 -0,048039 
33,000000 -0,041433 
33,100000 -0,036749 
33,200000 -0,033524 
33,300000 -0,031430 
33,400000 -0,029888 
33,500000 -0,028320 
33,600000 -0,027605 
33,700000 -0,026838 
33,800000 -0,026383 
33,900000 -0,026177 
34,000000 -0,025769 
34,100000 -0,025496 
34,200000 -0,025386 
34,300000 -0,025153 
34,400000 -0,024913 
34,500000 -0,024716 
34,600000 -0,024334 
34,700000 -0,024082 
34,800000 -0,024031 
34,900000 -0,023850 
35,000000 -0,023858 
35,100000 -0,023831 
35,200000 -0,023819 
35,300000 -0,023767 
35,400000 -0,023716 
35,500000 -0,023690 
35,600000 -0,023698 
35,700000 -0,023688 
35,800000 -0,023729 
35,900000 -0,023921 
36,000000 -0,023668 
36,100000 -0,023809 
36,200000 -0,023823 
36,300000 -0,023818 
36,400000 -0,023836 
36,500000 -0,023846 
36,600000 -0,023841 
36,700000 -0,023594 
36,800000 -0,023735 
36,900000 -0,023799 
37,000000 -0,023832 
37,100000 -0,023764 
37,200000 -0,023763 
37,300000 -0,023885 
37,400000 -0,023813 
37,500000 -0,024032 
37,600000 -0,024063 
37,700000 -0,024031 
37,800000 -0,024186 
37,900000 -0,024246 
38,000000 -0,024497 
38,100000 -0,024654 
38,200000 -0,024592 
38,300000 -0,024841 
38,400000 -0,024924 
38,500000 -0,025030 
38,600000 -0,025405 
38,700000 -0,025415 
38,800000 -0,026025 
38,900000 -0,026542 
39,000000 -0,026919 
39,100000 -0,027338 
39,200000 -0,027802 
39,300000 -0,028520 
39,400000 -0,029511 
39,500000 -0,030982 
39,600000 -0,032413 
39,700000 -0,034414 
39,800000 -0,037202 
39,900000 -0,040463 
40,000000 -0,043204 
40,100000 -0,044463 
40,200000 -0,044307 
40,300000 -0,042193 
40,400000 -0,038772 
40,500000 -0,034094 
40,600000 -0,030400 
40,700000 -0,028149 
40,800000 -0,027029 
40,900000 -0,026273 
41,000000 -0,025632 
41,100000 -0,025295 
41,200000 -0,025061 
41,300000 -0,024950 
41,400000 -0,024850 
41,500000 -0,024734 
41,600000 -0,024501 
41,700000 -0,024648 
41,800000 -0,024672 
41,900000 -0,024660 
42,000000 -0,024907 
42,100000 -0,025082 
42,200000 -0,025116 
42,300000 -0,025356 
42,400000 -0,025383 
42,500000 -0,025514 
42,600000 -0,025842 
42,700000 -0,026003 
42,800000 -0,026244 
42,900000 -0,026906 
43,000000 -0,027597 
43,100000 -0,028025 
43,200000 -0,028416 
43,300000 -0,028852 
43,400000 -0,029145 
43,500000 -0,029688 
43,600000 -0,030405 
43,700000 -0,031690 
43,800000 -0,033343 
43,900000 -0,035991 
44,000000 -0,037859 
44,100000 -0,039089 
44,200000 -0,039097 
44,300000 -0,038307 
44,400000 -0,035959 
44,500000 -0,032317 
44,600000 -0,029370 
44,700000 -0,027657 
44,800000 -0,026412 
44,900000 -0,025804 
45,000000 -0,025640 
45,100000 -0,025109 
45,200000 -0,025048 
45,300000 -0,024873 
45,400000 -0,024683 
45,500000 -0,024593 
45,600000 -0,024299 
45,700000 -0,024192 
45,800000 -0,024263 
45,900000 -0,024261 
46,000000 -0,024417 
46,100000 -0,024290 
46,200000 -0,024528 
46,300000 -0,024683 
46,400000 -0,024799 
46,500000 -0,024580 
46,600000 -0,024797 
46,700000 -0,025130 
46,800000 -0,025728 
46,900000 -0,026123 
47,000000 -0,026470 
47,100000 -0,026927 
47,200000 -0,026986 
47,300000 -0,026795 
47,400000 -0,026207 
47,500000 -0,025396 
47,600000 -0,024647 
47,700000 -0,024279 
47,800000 -0,024142 
47,900000 -0,023909 
48,000000 -0,023895 
48,100000 -0,023692 
48,200000 -0,023782 
48,300000 -0,023811 
48,400000 -0,023562 
48,500000 -0,023663 
48,600000 -0,023695 
48,700000 -0,023680 
48,800000 -0,023734 
48,900000 -0,023712 
49,000000 -0,023622 
49,100000 -0,023679 
49,200000 -0,023777 
49,300000 -0,023854 
49,400000 -0,023851 
49,500000 -0,023885 
49,600000 -0,023971 
49,700000 -0,024089 
49,800000 -0,024278 
49,900000 -0,024392 
