0,000000 -0,935350 
0,100000 -0,681660 
0,200000 -0,647695 
0,300000 -0,642810 
0,400000 -0,641161 
0,500000 -0,640203 
0,600000 -0,640441 
0,700000 -0,639917 
0,800000 -0,639728 
0,900000 -0,640606 
1,000000 -0,639041 
1,100000 -0,639696 
1,200000 -0,639925 
1,300000 -0,638224 
1,400000 -0,637708 
1,500000 -0,640006 
1,600000 -0,639913 
1,700000 -0,640484 
1,800000 -0,638881 
1,900000 -0,495338 
2,000000 -0,375067 
2,100000 -0,312386 
2,200000 -0,261730 
2,300000 -0,221765 
2,400000 -0,194831 
2,500000 -0,171602 
2,600000 -0,150453 
2,700000 -0,134985 
2,800000 -0,120359 
2,900000 -0,108455 
3,000000 -0,097538 
3,100000 -0,088299 
3,200000 -0,078232 
3,300000 -0,071162 
3,400000 -0,065508 
3,500000 -0,061113 
3,600000 -0,057128 
3,700000 -0,054008 
3,800000 -0,050875 
3,900000 -0,048157 
4,000000 -0,046062 
4,100000 -0,043834 
4,200000 -0,041785 
4,300000 -0,039820 
4,400000 -0,038313 
4,500000 -0,037016 
4,600000 -0,035894 
4,700000 -0,034841 
4,800000 -0,033710 
4,900000 -0,033182 
5,000000 -0,032484 
5,100000 -0,031666 
5,200000 -0,031022 
5,300000 -0,030229 
5,400000 -0,029609 
5,500000 -0,029546 
5,600000 -0,028943 
5,700000 -0,028635 
5,800000 -0,028276 
5,900000 -0,028028 
6,000000 -0,027570 
6,100000 -0,027558 
6,200000 -0,027381 
6,300000 -0,026954 
6,400000 -0,026902 
6,500000 -0,026719 
6,600000 -0,026558 
6,700000 -0,026434 
6,800000 -0,026141 
6,900000 -0,026115 
7,000000 -0,025868 
7,100000 -0,025863 
7,200000 -0,025760 
7,300000 -0,025698 
7,400000 -0,025676 
7,500000 -0,025639 
7,600000 -0,025545 
7,700000 -0,025477 
7,800000 -0,025280 
7,900000 -0,025138 
8,000000 -0,025021 
8,100000 -0,024941 
8,200000 -0,024915 
8,300000 -0,024989 
8,400000 -0,024885 
8,500000 -0,024818 
8,600000 -0,024712 
8,700000 -0,024774 
8,800000 -0,024807 
8,900000 -0,024797 
9,000000 -0,024521 
9,100000 -0,024590 
9,200000 -0,024749 
9,300000 -0,024703 
9,400000 -0,024730 
9,500000 -0,024633 
9,600000 -0,024533 
9,700000 -0,024635 
9,800000 -0,024641 
9,900000 -0,024644 
10,000000 -0,024736 
10,100000 -0,024505 
10,200000 -0,024638 
10,300000 -0,024761 
10,400000 -0,024588 
10,500000 -0,024555 
10,600000 -0,024746 
10,700000 -0,024696 
10,800000 -0,024696 
10,900000 -0,024751 
11,000000 -0,024801 
11,100000 -0,025002 
11,200000 -0,025071 
11,300000 -0,025108 
11,400000 -0,025280 
11,500000 -0,025277 
11,600000 -0,025439 
11,700000 -0,025596 
11,800000 -0,025912 
11,900000 -0,026275 
12,000000 -0,026656 
12,100000 -0,026951 
12,200000 -0,027544 
12,300000 -0,028168 
12,400000 -0,028661 
12,500000 -0,028895 
12,600000 -0,028821 
12,700000 -0,028596 
12,800000 -0,028687 
12,900000 -0,028961 
13,000000 -0,029619 
13,100000 -0,030535 
13,200000 -0,031507 
13,300000 -0,032664 
13,400000 -0,034790 
13,500000 -0,037202 
13,600000 -0,039758 
13,700000 -0,043345 
13,800000 -0,048034 
13,900000 -0,054941 
14,000000 -0,065112 
14,100000 -0,079465 
14,200000 -0,096836 
14,300000 -0,109312 
14,400000 -0,112857 
14,500000 -0,102612 
14,600000 -0,080786 
14,700000 -0,060683 
14,800000 -0,047472 
14,900000 -0,039849 
15,000000 -0,036026 
15,100000 -0,033874 
15,200000 -0,032725 
15,300000 -0,032411 
15,400000 -0,032117 
15,500000 -0,032043 
15,600000 -0,031908 
15,700000 -0,031853 
15,800000 -0,032991 
15,900000 -0,034912 
16,000000 -0,038077 
16,100000 -0,041838 
16,200000 -0,045594 
16,300000 -0,048217 
16,400000 -0,048349 
16,500000 -0,045347 
16,600000 -0,040637 
16,700000 -0,037153 
16,800000 -0,035994 
16,900000 -0,036565 
17,000000 -0,038712 
17,100000 -0,041833 
17,200000 -0,045261 
17,300000 -0,047397 
17,400000 -0,047760 
17,500000 -0,046042 
17,600000 -0,043073 
17,700000 -0,041938 
17,800000 -0,043168 
17,900000 -0,047183 
18,000000 -0,053209 
18,100000 -0,061791 
18,200000 -0,069142 
18,300000 -0,072932 
18,400000 -0,072184 
18,500000 -0,061686 
18,600000 -0,048452 
18,700000 -0,039109 
18,800000 -0,033525 
18,900000 -0,030600 
19,000000 -0,029071 
19,100000 -0,028426 
19,200000 -0,028126 
19,300000 -0,028119 
19,400000 -0,028279 
19,500000 -0,028617 
19,600000 -0,029340 
19,700000 -0,030525 
19,800000 -0,032524 
19,900000 -0,035590 
20,000000 -0,039470 
20,100000 -0,043259 
20,200000 -0,045975 
20,300000 -0,046879 
20,400000 -0,045710 
20,500000 -0,040239 
20,600000 -0,033729 
20,700000 -0,029715 
20,800000 -0,027524 
20,900000 -0,026119 
21,000000 -0,025513 
21,100000 -0,025225 
21,200000 -0,024899 
21,300000 -0,024534 
21,400000 -0,024563 
21,500000 -0,024488 
21,600000 -0,024476 
21,700000 -0,024700 
21,800000 -0,024671 
21,900000 -0,024451 
22,000000 -0,024722 
22,100000 -0,024791 
22,200000 -0,024981 
22,300000 -0,025077 
22,400000 -0,024952 
22,500000 -0,024848 
22,600000 -0,025005 
22,700000 -0,024932 
22,800000 -0,024854 
22,900000 -0,024956 
23,000000 -0,025199 
23,100000 -0,025079 
23,200000 -0,025428 
23,300000 -0,025639 
23,400000 -0,025783 
23,500000 -0,025902 
23,600000 -0,026067 
23,700000 -0,026262 
23,800000 -0,026458 
23,900000 -0,026853 
24,000000 -0,027082 
24,100000 -0,027342 
24,200000 -0,027647 
24,300000 -0,027998 
24,400000 -0,028296 
24,500000 -0,028595 
24,600000 -0,029151 
24,700000 -0,029764 
24,800000 -0,030363 
24,900000 -0,031241 
25,000000 -0,032202 
25,100000 -0,033069 
25,200000 -0,034031 
25,300000 -0,035319 
25,400000 -0,036693 
25,500000 -0,038060 
25,600000 -0,039934 
25,700000 -0,042272 
25,800000 -0,044785 
25,900000 -0,047775 
26,000000 -0,051158 
26,100000 -0,055083 
26,200000 -0,059052 
26,300000 -0,063747 
26,400000 -0,069000 
26,500000 -0,075328 
26,600000 -0,085080 
26,700000 -0,096477 
26,800000 -0,109437 
26,900000 -0,125754 
27,000000 -0,145676 
27,100000 -0,169632 
27,200000 -0,198188 
27,300000 -0,232383 
27,400000 -0,276092 
27,500000 -0,333638 
27,600000 -0,452097 
27,700000 -0,610866 
27,800000 -0,822183 
27,900000 -1,087069 
28,000000 -1,354788 
28,100000 -1,532377 
28,200000 -1,589676 
28,300000 -1,510564 
28,400000 -1,279403 
28,500000 -0,882825 
28,600000 -0,481614 
28,700000 -0,276313 
28,800000 -0,184254 
28,900000 -0,136017 
29,000000 -0,106041 
29,100000 -0,088603 
29,200000 -0,077637 
29,300000 -0,068904 
29,400000 -0,062660 
29,500000 -0,057203 
29,600000 -0,053610 
29,700000 -0,054976 
29,800000 -0,059396 
29,900000 -0,065739 
30,000000 -0,073194 
30,100000 -0,078440 
30,200000 -0,080550 
30,300000 -0,078741 
30,400000 -0,072040 
30,500000 -0,061509 
30,600000 -0,051362 
30,700000 -0,046095 
30,800000 -0,044444 
30,900000 -0,045713 
31,000000 -0,047908 
31,100000 -0,051295 
31,200000 -0,055828 
31,300000 -0,061305 
31,400000 -0,068478 
31,500000 -0,078557 
31,600000 -0,091937 
31,700000 -0,120800 
31,800000 -0,158138 
31,900000 -0,199022 
32,000000 -0,235268 
32,100000 -0,258080 
32,200000 -0,264450 
32,300000 -0,249295 
32,400000 -0,210832 
32,500000 -0,150599 
32,600000 -0,100017 
32,700000 -0,066400 
32,800000 -0,048245 
32,900000 -0,039263 
33,000000 -0,034297 
33,100000 -0,030968 
33,200000 -0,029034 
33,300000 -0,027770 
33,400000 -0,026802 
33,500000 -0,026202 
33,600000 -0,025581 
33,700000 -0,025323 
33,800000 -0,025251 
33,900000 -0,025097 
34,000000 -0,024960 
34,100000 -0,024839 
34,200000 -0,024718 
34,300000 -0,024864 
34,400000 -0,024631 
34,500000 -0,024172 
34,600000 -0,024017 
34,700000 -0,023975 
34,800000 -0,023805 
34,900000 -0,023785 
35,000000 -0,023708 
35,100000 -0,023747 
35,200000 -0,023763 
35,300000 -0,023672 
35,400000 -0,023742 
35,500000 -0,023697 
35,600000 -0,023606 
35,700000 -0,023653 
35,800000 -0,023772 
35,900000 -0,023861 
36,000000 -0,023783 
36,100000 -0,023759 
36,200000 -0,023773 
36,300000 -0,023835 
36,400000 -0,023839 
36,500000 -0,023798 
36,600000 -0,023763 
36,700000 -0,023615 
36,800000 -0,023735 
36,900000 -0,023750 
37,000000 -0,023768 
37,100000 -0,023861 
37,200000 -0,023779 
37,300000 -0,023992 
37,400000 -0,023778 
37,500000 -0,023956 
37,600000 -0,023766 
37,700000 -0,023942 
37,800000 -0,023946 
37,900000 -0,023886 
38,000000 -0,024049 
38,100000 -0,024172 
38,200000 -0,024173 
38,300000 -0,024273 
38,400000 -0,024324 
38,500000 -0,024309 
38,600000 -0,024462 
38,700000 -0,024713 
38,800000 -0,024850 
38,900000 -0,025241 
39,000000 -0,025709 
39,100000 -0,026176 
39,200000 -0,026745 
39,300000 -0,027361 
39,400000 -0,028146 
39,500000 -0,029121 
39,600000 -0,030860 
39,700000 -0,033082 
39,800000 -0,036205 
39,900000 -0,040704 
40,000000 -0,044144 
40,100000 -0,045761 
40,200000 -0,045799 
40,300000 -0,043453 
40,400000 -0,038714 
40,500000 -0,033132 
40,600000 -0,029176 
40,700000 -0,027117 
40,800000 -0,025912 
40,900000 -0,025423 
41,000000 -0,024846 
41,100000 -0,024687 
41,200000 -0,024728 
41,300000 -0,024647 
41,400000 -0,024517 
41,500000 -0,024457 
41,600000 -0,024194 
41,700000 -0,024149 
41,800000 -0,024293 
41,900000 -0,024244 
42,000000 -0,024444 
42,100000 -0,024512 
42,200000 -0,024743 
42,300000 -0,024788 
42,400000 -0,024850 
42,500000 -0,024836 
42,600000 -0,024901 
42,700000 -0,025354 
42,800000 -0,025623 
42,900000 -0,026283 
43,000000 -0,026665 
43,100000 -0,027309 
43,200000 -0,027788 
43,300000 -0,027884 
43,400000 -0,028176 
43,500000 -0,028531 
43,600000 -0,029157 
43,700000 -0,030437 
43,800000 -0,032381 
43,900000 -0,036026 
44,000000 -0,038674 
44,100000 -0,040234 
44,200000 -0,040445 
44,300000 -0,039402 
44,400000 -0,036490 
44,500000 -0,031906 
44,600000 -0,028437 
44,700000 -0,026782 
44,800000 -0,025808 
44,900000 -0,025212 
45,000000 -0,024999 
45,100000 -0,024778 
45,200000 -0,024740 
45,300000 -0,024658 
45,400000 -0,024510 
45,500000 -0,024247 
45,600000 -0,024099 
45,700000 -0,024024 
45,800000 -0,024085 
45,900000 -0,023908 
46,000000 -0,024038 
46,100000 -0,024254 
46,200000 -0,024226 
46,300000 -0,024359 
46,400000 -0,024464 
46,500000 -0,024561 
46,600000 -0,024688 
46,700000 -0,025127 
46,800000 -0,025527 
46,900000 -0,026024 
47,000000 -0,026677 
47,100000 -0,027163 
47,200000 -0,027387 
47,300000 -0,027101 
47,400000 -0,026307 
47,500000 -0,025424 
47,600000 -0,024664 
47,700000 -0,024240 
47,800000 -0,024032 
47,900000 -0,023891 
48,000000 -0,023807 
48,100000 -0,023817 
48,200000 -0,023776 
48,300000 -0,023691 
48,400000 -0,023643 
48,500000 -0,023663 
48,600000 -0,023706 
48,700000 -0,023473 
48,800000 -0,023598 
48,900000 -0,023697 
49,000000 -0,023649 
49,100000 -0,023697 
49,200000 -0,023659 
49,300000 -0,023711 
49,400000 -0,023776 
49,500000 -0,023857 
49,600000 -0,023920 
49,700000 -0,024079 
49,800000 -0,024277 
49,900000 -0,024524 
