0,000000 -0,780745 
0,100000 -0,487551 
0,200000 -0,448692 
0,300000 -0,439033 
0,400000 -0,435893 
0,500000 -0,434733 
0,600000 -0,434921 
0,700000 -0,434817 
0,800000 -0,435241 
0,900000 -0,434013 
1,000000 -0,434297 
1,100000 -0,435227 
1,200000 -0,434229 
1,300000 -0,433904 
1,400000 -0,434379 
1,500000 -0,435067 
1,600000 -0,435726 
1,700000 -0,435064 
1,800000 -0,434108 
1,900000 -0,321717 
2,000000 -0,229009 
2,100000 -0,181181 
2,200000 -0,142145 
2,300000 -0,114507 
2,400000 -0,096698 
2,500000 -0,083265 
2,600000 -0,073057 
2,700000 -0,065281 
2,800000 -0,059588 
2,900000 -0,054852 
3,000000 -0,050362 
3,100000 -0,046177 
3,200000 -0,041666 
3,300000 -0,038444 
3,400000 -0,036206 
3,500000 -0,034384 
3,600000 -0,032898 
3,700000 -0,031686 
3,800000 -0,030601 
3,900000 -0,029615 
4,000000 -0,028779 
4,100000 -0,028318 
4,200000 -0,027588 
4,300000 -0,027236 
4,400000 -0,026890 
4,500000 -0,026540 
4,600000 -0,026259 
4,700000 -0,025867 
4,800000 -0,025659 
4,900000 -0,025392 
5,000000 -0,025113 
5,100000 -0,025074 
5,200000 -0,024935 
5,300000 -0,024616 
5,400000 -0,024462 
5,500000 -0,024569 
5,600000 -0,024417 
5,700000 -0,024323 
5,800000 -0,024197 
5,900000 -0,024165 
6,000000 -0,024230 
6,100000 -0,024043 
6,200000 -0,024044 
6,300000 -0,024013 
6,400000 -0,023930 
6,500000 -0,023954 
6,600000 -0,023870 
6,700000 -0,023899 
6,800000 -0,023892 
6,900000 -0,023840 
7,000000 -0,023831 
7,100000 -0,023821 
7,200000 -0,023818 
7,300000 -0,023901 
7,400000 -0,023950 
7,500000 -0,023951 
7,600000 -0,023892 
7,700000 -0,023982 
7,800000 -0,023834 
7,900000 -0,023653 
8,000000 -0,023712 
8,100000 -0,023686 
8,200000 -0,023560 
8,300000 -0,023639 
8,400000 -0,023689 
8,500000 -0,023613 
8,600000 -0,023739 
8,700000 -0,023707 
8,800000 -0,023609 
8,900000 -0,023497 
9,000000 -0,023619 
9,100000 -0,023671 
9,200000 -0,023616 
9,300000 -0,023490 
9,400000 -0,023538 
9,500000 -0,023536 
9,600000 -0,023608 
9,700000 -0,023654 
9,800000 -0,023538 
9,900000 -0,023687 
10,000000 -0,023605 
10,100000 -0,023639 
10,200000 -0,023576 
10,300000 -0,023555 
10,400000 -0,023601 
10,500000 -0,023614 
10,600000 -0,023572 
10,700000 -0,023617 
10,800000 -0,023610 
10,900000 -0,023566 
11,000000 -0,023679 
11,100000 -0,023685 
11,200000 -0,023733 
11,300000 -0,023843 
11,400000 -0,023805 
11,500000 -0,023866 
11,600000 -0,023954 
11,700000 -0,024087 
11,800000 -0,024257 
11,900000 -0,024411 
12,000000 -0,024762 
12,100000 -0,025137 
12,200000 -0,026021 
12,300000 -0,026602 
12,400000 -0,026938 
12,500000 -0,026856 
12,600000 -0,026477 
12,700000 -0,026019 
12,800000 -0,025669 
12,900000 -0,025650 
13,000000 -0,026113 
13,100000 -0,026368 
13,200000 -0,026818 
13,300000 -0,027487 
13,400000 -0,028644 
13,500000 -0,030398 
13,600000 -0,032178 
13,700000 -0,035074 
13,800000 -0,039270 
13,900000 -0,045979 
14,000000 -0,057320 
14,100000 -0,075204 
14,200000 -0,096938 
14,300000 -0,114990 
14,400000 -0,118375 
14,500000 -0,105117 
14,600000 -0,076968 
14,700000 -0,052790 
14,800000 -0,039359 
14,900000 -0,032987 
15,000000 -0,029951 
15,100000 -0,028760 
15,200000 -0,028478 
15,300000 -0,028561 
15,400000 -0,028697 
15,500000 -0,028361 
15,600000 -0,027945 
15,700000 -0,027949 
15,800000 -0,029172 
15,900000 -0,031187 
16,000000 -0,034992 
16,100000 -0,039940 
16,200000 -0,045068 
16,300000 -0,048198 
16,400000 -0,047344 
16,500000 -0,043117 
16,600000 -0,036982 
16,700000 -0,032490 
16,800000 -0,031185 
16,900000 -0,031965 
17,000000 -0,034739 
17,100000 -0,038906 
17,200000 -0,042801 
17,300000 -0,045507 
17,400000 -0,045150 
17,500000 -0,041946 
17,600000 -0,037630 
17,700000 -0,035785 
17,800000 -0,037232 
17,900000 -0,041757 
18,000000 -0,049949 
18,100000 -0,060743 
18,200000 -0,070144 
18,300000 -0,075061 
18,400000 -0,073743 
18,500000 -0,060617 
18,600000 -0,044459 
18,700000 -0,034141 
18,800000 -0,029230 
18,900000 -0,027119 
19,000000 -0,026408 
19,100000 -0,025973 
19,200000 -0,025773 
19,300000 -0,025952 
19,400000 -0,026139 
19,500000 -0,026394 
19,600000 -0,027134 
19,700000 -0,028099 
19,800000 -0,030066 
19,900000 -0,033551 
20,000000 -0,038383 
20,100000 -0,043337 
20,200000 -0,046971 
20,300000 -0,047970 
20,400000 -0,046539 
20,500000 -0,038972 
20,600000 -0,031416 
20,700000 -0,027409 
20,800000 -0,025609 
20,900000 -0,024557 
21,000000 -0,024108 
21,100000 -0,023818 
21,200000 -0,023708 
21,300000 -0,023530 
21,400000 -0,023667 
21,500000 -0,023647 
21,600000 -0,023689 
21,700000 -0,023696 
21,800000 -0,023774 
21,900000 -0,023779 
22,000000 -0,023807 
22,100000 -0,023832 
22,200000 -0,023947 
22,300000 -0,023990 
22,400000 -0,023897 
22,500000 -0,023789 
22,600000 -0,023724 
22,700000 -0,023551 
22,800000 -0,023609 
22,900000 -0,023643 
23,000000 -0,023530 
23,100000 -0,023660 
23,200000 -0,023680 
23,300000 -0,023694 
23,400000 -0,023745 
23,500000 -0,023789 
23,600000 -0,023826 
23,700000 -0,023792 
23,800000 -0,023948 
23,900000 -0,023967 
24,000000 -0,023966 
24,100000 -0,024068 
24,200000 -0,024161 
24,300000 -0,024183 
24,400000 -0,024258 
24,500000 -0,024308 
24,600000 -0,024333 
24,700000 -0,024544 
24,800000 -0,024686 
24,900000 -0,024806 
25,000000 -0,025276 
25,100000 -0,025562 
25,200000 -0,025776 
25,300000 -0,026125 
25,400000 -0,026548 
25,500000 -0,026805 
25,600000 -0,027424 
25,700000 -0,028445 
25,800000 -0,029393 
25,900000 -0,031038 
26,000000 -0,032902 
26,100000 -0,034888 
26,200000 -0,036907 
26,300000 -0,038536 
26,400000 -0,040533 
26,500000 -0,042369 
26,600000 -0,046862 
26,700000 -0,052699 
26,800000 -0,060392 
26,900000 -0,070791 
27,000000 -0,083962 
27,100000 -0,099194 
27,200000 -0,118171 
27,300000 -0,140661 
27,400000 -0,171672 
27,500000 -0,215902 
27,600000 -0,324870 
27,700000 -0,493804 
27,800000 -0,732014 
27,900000 -1,057755 
28,000000 -1,396370 
28,100000 -1,604711 
28,200000 -1,663527 
28,300000 -1,571558 
28,400000 -1,302551 
28,500000 -0,818427 
28,600000 -0,383299 
28,700000 -0,186100 
28,800000 -0,114178 
28,900000 -0,081631 
29,000000 -0,065541 
29,100000 -0,057192 
29,200000 -0,051839 
29,300000 -0,048235 
29,400000 -0,045104 
29,500000 -0,041651 
29,600000 -0,039378 
29,700000 -0,042599 
29,800000 -0,048528 
29,900000 -0,057513 
30,000000 -0,066432 
30,100000 -0,072391 
30,200000 -0,074507 
30,300000 -0,072474 
30,400000 -0,065066 
30,500000 -0,051855 
30,600000 -0,040709 
30,700000 -0,035132 
30,800000 -0,033449 
30,900000 -0,034284 
31,000000 -0,036249 
31,100000 -0,038348 
31,200000 -0,041464 
31,300000 -0,045157 
31,400000 -0,050329 
31,500000 -0,058227 
31,600000 -0,071731 
31,700000 -0,102731 
31,800000 -0,144083 
31,900000 -0,194411 
32,000000 -0,239750 
32,100000 -0,265396 
32,200000 -0,271572 
32,300000 -0,255689 
32,400000 -0,210120 
32,500000 -0,137239 
32,600000 -0,081967 
32,700000 -0,050932 
32,800000 -0,037143 
32,900000 -0,031027 
33,000000 -0,028151 
33,100000 -0,026804 
33,200000 -0,025830 
33,300000 -0,025232 
33,400000 -0,024752 
33,500000 -0,024310 
33,600000 -0,024177 
33,700000 -0,023974 
33,800000 -0,024074 
33,900000 -0,024206 
34,000000 -0,024486 
34,100000 -0,024490 
34,200000 -0,024552 
34,300000 -0,024421 
34,400000 -0,024342 
34,500000 -0,023905 
34,600000 -0,023838 
34,700000 -0,023613 
34,800000 -0,023521 
34,900000 -0,023591 
35,000000 -0,023478 
35,100000 -0,023501 
35,200000 -0,023560 
35,300000 -0,023635 
35,400000 -0,023447 
35,500000 -0,023505 
35,600000 -0,023439 
35,700000 -0,023603 
35,800000 -0,023542 
35,900000 -0,023471 
36,000000 -0,023530 
36,100000 -0,023539 
36,200000 -0,023711 
36,300000 -0,023604 
36,400000 -0,023553 
36,500000 -0,023556 
36,600000 -0,023485 
36,700000 -0,023412 
36,800000 -0,023527 
36,900000 -0,023578 
37,000000 -0,023474 
37,100000 -0,023433 
37,200000 -0,023690 
37,300000 -0,023383 
37,400000 -0,023419 
37,500000 -0,023508 
37,600000 -0,023515 
37,700000 -0,023487 
37,800000 -0,023544 
37,900000 -0,023632 
38,000000 -0,023597 
38,100000 -0,023685 
38,200000 -0,023764 
38,300000 -0,023851 
38,400000 -0,023890 
38,500000 -0,023871 
38,600000 -0,023745 
38,700000 -0,023862 
38,800000 -0,023989 
38,900000 -0,024231 
39,000000 -0,024527 
39,100000 -0,024959 
39,200000 -0,025043 
39,300000 -0,025853 
39,400000 -0,026639 
39,500000 -0,027302 
39,600000 -0,028705 
39,700000 -0,031348 
39,800000 -0,034898 
39,900000 -0,040153 
40,000000 -0,044147 
40,100000 -0,046146 
40,200000 -0,046027 
40,300000 -0,043498 
40,400000 -0,037867 
40,500000 -0,031341 
40,600000 -0,027420 
40,700000 -0,025636 
40,800000 -0,024561 
40,900000 -0,024114 
41,000000 -0,024094 
41,100000 -0,024131 
41,200000 -0,023987 
41,300000 -0,023847 
41,400000 -0,023755 
41,500000 -0,023776 
41,600000 -0,023745 
41,700000 -0,023606 
41,800000 -0,023597 
41,900000 -0,023872 
42,000000 -0,023893 
42,100000 -0,024040 
42,200000 -0,024276 
42,300000 -0,024224 
42,400000 -0,024213 
42,500000 -0,024127 
42,600000 -0,024344 
42,700000 -0,024301 
42,800000 -0,024686 
42,900000 -0,025359 
43,000000 -0,026001 
43,100000 -0,026439 
43,200000 -0,026824 
43,300000 -0,027081 
43,400000 -0,026996 
43,500000 -0,027193 
43,600000 -0,027581 
43,700000 -0,028872 
43,800000 -0,031248 
43,900000 -0,035465 
44,000000 -0,038736 
44,100000 -0,040822 
44,200000 -0,041149 
44,300000 -0,040074 
44,400000 -0,036304 
44,500000 -0,030676 
44,600000 -0,027208 
44,700000 -0,025643 
44,800000 -0,024913 
44,900000 -0,024461 
45,000000 -0,024493 
45,100000 -0,024452 
45,200000 -0,024446 
45,300000 -0,024263 
45,400000 -0,024134 
45,500000 -0,023851 
45,600000 -0,023722 
45,700000 -0,023664 
45,800000 -0,023655 
45,900000 -0,023666 
46,000000 -0,023820 
46,100000 -0,023959 
46,200000 -0,023859 
46,300000 -0,023937 
46,400000 -0,023997 
46,500000 -0,024170 
46,600000 -0,024309 
46,700000 -0,024535 
46,800000 -0,025245 
46,900000 -0,025777 
47,000000 -0,026703 
47,100000 -0,027264 
47,200000 -0,027339 
47,300000 -0,027119 
47,400000 -0,026378 
47,500000 -0,025113 
47,600000 -0,024067 
47,700000 -0,023771 
47,800000 -0,023578 
47,900000 -0,023379 
48,000000 -0,023460 
48,100000 -0,023536 
48,200000 -0,023656 
48,300000 -0,023555 
48,400000 -0,023568 
48,500000 -0,023359 
48,600000 -0,023484 
48,700000 -0,023558 
48,800000 -0,023406 
48,900000 -0,023394 
49,000000 -0,023499 
49,100000 -0,023459 
49,200000 -0,023502 
49,300000 -0,023553 
49,400000 -0,023572 
49,500000 -0,023663 
49,600000 -0,023810 
49,700000 -0,023785 
49,800000 -0,024047 
49,900000 -0,024184 
