0,000000 -1,079651 
0,100000 -0,194866 
0,200000 -0,090297 
0,300000 -0,061464 
0,400000 -0,050535 
0,500000 -0,045185 
0,600000 -0,042328 
0,700000 -0,040998 
0,800000 -0,040328 
0,900000 -0,039723 
1,000000 -0,038774 
1,100000 -0,038174 
1,200000 -0,038171 
1,300000 -0,037918 
1,400000 -0,037611 
1,500000 -0,037517 
1,600000 -0,037264 
1,700000 -0,037115 
1,800000 -0,037159 
1,900000 -0,031778 
2,000000 -0,027748 
2,100000 -0,026730 
2,200000 -0,025681 
2,300000 -0,024794 
2,400000 -0,024388 
2,500000 -0,024200 
2,600000 -0,024216 
2,700000 -0,025257 
2,800000 -0,027774 
2,900000 -0,030913 
3,000000 -0,031215 
3,100000 -0,027181 
3,200000 -0,024778 
3,300000 -0,023918 
3,400000 -0,023810 
3,500000 -0,023698 
3,600000 -0,023624 
3,700000 -0,023484 
3,800000 -0,023480 
3,900000 -0,023594 
4,000000 -0,023389 
4,100000 -0,023501 
4,200000 -0,023606 
4,300000 -0,023637 
4,400000 -0,023578 
4,500000 -0,023570 
4,600000 -0,023402 
4,700000 -0,023536 
4,800000 -0,023519 
4,900000 -0,023461 
5,000000 -0,023646 
5,100000 -0,023591 
5,200000 -0,023502 
5,300000 -0,023424 
5,400000 -0,023505 
5,500000 -0,023517 
5,600000 -0,023383 
5,700000 -0,023389 
5,800000 -0,023441 
5,900000 -0,023351 
6,000000 -0,023414 
6,100000 -0,023586 
6,200000 -0,023480 
6,300000 -0,023591 
6,400000 -0,023493 
6,500000 -0,023489 
6,600000 -0,023410 
6,700000 -0,023432 
6,800000 -0,023433 
6,900000 -0,023542 
7,000000 -0,023623 
7,100000 -0,023887 
7,200000 -0,023928 
7,300000 -0,024059 
7,400000 -0,024116 
7,500000 -0,024034 
7,600000 -0,024067 
7,700000 -0,023972 
7,800000 -0,023733 
7,900000 -0,023639 
8,000000 -0,023395 
8,100000 -0,023519 
8,200000 -0,023503 
8,300000 -0,023415 
8,400000 -0,023657 
8,500000 -0,023698 
8,600000 -0,023701 
8,700000 -0,023626 
8,800000 -0,023375 
8,900000 -0,023374 
9,000000 -0,023374 
9,100000 -0,023220 
9,200000 -0,023372 
9,300000 -0,023571 
9,400000 -0,023375 
9,500000 -0,023668 
9,600000 -0,023576 
9,700000 -0,023329 
9,800000 -0,023459 
9,900000 -0,023520 
10,000000 -0,023349 
10,100000 -0,023546 
10,200000 -0,023437 
10,300000 -0,023209 
10,400000 -0,023368 
10,500000 -0,023284 
10,600000 -0,023257 
10,700000 -0,023515 
10,800000 -0,023280 
10,900000 -0,023295 
11,000000 -0,023351 
11,100000 -0,023195 
11,200000 -0,023392 
11,300000 -0,023689 
11,400000 -0,024533 
11,500000 -0,026328 
11,600000 -0,028027 
11,700000 -0,029000 
11,800000 -0,029580 
11,900000 -0,030002 
12,000000 -0,030079 
12,100000 -0,030159 
12,200000 -0,030070 
12,300000 -0,029646 
12,400000 -0,029277 
12,500000 -0,028966 
12,600000 -0,028268 
12,700000 -0,027503 
12,800000 -0,026138 
12,900000 -0,025579 
13,000000 -0,025956 
13,100000 -0,028341 
13,200000 -0,040152 
13,300000 -0,071636 
13,400000 -0,133226 
13,500000 -0,177520 
13,600000 -0,198057 
13,700000 -0,207247 
13,800000 -0,211404 
13,900000 -0,212592 
14,000000 -0,210188 
14,100000 -0,206349 
14,200000 -0,198545 
14,300000 -0,191244 
14,400000 -0,178761 
14,500000 -0,162679 
14,600000 -0,143364 
14,700000 -0,110630 
14,800000 -0,066059 
14,900000 -0,042371 
15,000000 -0,037063 
15,100000 -0,039971 
15,200000 -0,050588 
15,300000 -0,061193 
15,400000 -0,069179 
15,500000 -0,073128 
15,600000 -0,074155 
15,700000 -0,074404 
15,800000 -0,072941 
15,900000 -0,073340 
16,000000 -0,075118 
16,100000 -0,082363 
16,200000 -0,089537 
16,300000 -0,093107 
16,400000 -0,093886 
16,500000 -0,090920 
16,600000 -0,086700 
16,700000 -0,079542 
16,800000 -0,071291 
16,900000 -0,073032 
17,000000 -0,090492 
17,100000 -0,113996 
17,200000 -0,130950 
17,300000 -0,139941 
17,400000 -0,143349 
17,500000 -0,142955 
17,600000 -0,140029 
17,700000 -0,134418 
17,800000 -0,125937 
17,900000 -0,121288 
18,000000 -0,116493 
18,100000 -0,113560 
18,200000 -0,109364 
18,300000 -0,104398 
18,400000 -0,099035 
18,500000 -0,089961 
18,600000 -0,080062 
18,700000 -0,067091 
18,800000 -0,053278 
18,900000 -0,054308 
19,000000 -0,061620 
19,100000 -0,067255 
19,200000 -0,070020 
19,300000 -0,072459 
19,400000 -0,073173 
19,500000 -0,073068 
19,600000 -0,073053 
19,700000 -0,072449 
19,800000 -0,072052 
19,900000 -0,070221 
20,000000 -0,068887 
20,100000 -0,066531 
20,200000 -0,064359 
20,300000 -0,062202 
20,400000 -0,059143 
20,500000 -0,054624 
20,600000 -0,049040 
20,700000 -0,041732 
20,800000 -0,032154 
20,900000 -0,026698 
21,000000 -0,025129 
21,100000 -0,024760 
21,200000 -0,024447 
21,300000 -0,024498 
21,400000 -0,024610 
21,500000 -0,024435 
21,600000 -0,024359 
21,700000 -0,024384 
21,800000 -0,024321 
21,900000 -0,024412 
22,000000 -0,024150 
22,100000 -0,024056 
22,200000 -0,024060 
22,300000 -0,024070 
22,400000 -0,023997 
22,500000 -0,024048 
22,600000 -0,024085 
22,700000 -0,024130 
22,800000 -0,023783 
22,900000 -0,023692 
23,000000 -0,023693 
23,100000 -0,023591 
23,200000 -0,023704 
23,300000 -0,023678 
23,400000 -0,023697 
23,500000 -0,023711 
23,600000 -0,024129 
23,700000 -0,024240 
23,800000 -0,024159 
23,900000 -0,024249 
24,000000 -0,024250 
24,100000 -0,024150 
24,200000 -0,024366 
24,300000 -0,024527 
24,400000 -0,025394 
24,500000 -0,028201 
24,600000 -0,031036 
24,700000 -0,032801 
24,800000 -0,033717 
24,900000 -0,033934 
25,000000 -0,034136 
25,100000 -0,034423 
25,200000 -0,035683 
25,300000 -0,038904 
25,400000 -0,048925 
25,500000 -0,061682 
25,600000 -0,072402 
25,700000 -0,079958 
25,800000 -0,086188 
25,900000 -0,091754 
26,000000 -0,108754 
26,100000 -0,184544 
26,200000 -0,373503 
26,300000 -1,037279 
26,400000 -2,056194 
26,500000 -2,745274 
26,600000 -3,180268 
26,700000 -3,412258 
26,800000 -3,527859 
26,900000 -3,597714 
27,000000 -3,654106 
27,100000 -3,654177 
27,200000 -3,651538 
27,300000 -3,647292 
27,400000 -3,644092 
27,500000 -3,608368 
27,600000 -3,544739 
27,700000 -3,459766 
27,800000 -3,335367 
27,900000 -3,183673 
28,000000 -3,036452 
28,100000 -2,908587 
28,200000 -2,772964 
28,300000 -2,634101 
28,400000 -2,418175 
28,500000 -2,171707 
28,600000 -1,785821 
28,700000 -1,343526 
28,800000 -0,705933 
28,900000 -0,313205 
29,000000 -0,190870 
29,100000 -0,160125 
29,200000 -0,152953 
29,300000 -0,149027 
29,400000 -0,146267 
29,500000 -0,143278 
29,600000 -0,139840 
29,700000 -0,135767 
29,800000 -0,135413 
29,900000 -0,149214 
30,000000 -0,212377 
30,100000 -0,349465 
30,200000 -0,470542 
30,300000 -0,542531 
30,400000 -0,587831 
30,500000 -0,611427 
30,600000 -0,627219 
30,700000 -0,629329 
30,800000 -0,623893 
30,900000 -0,613188 
31,000000 -0,606418 
31,100000 -0,606493 
31,200000 -0,605315 
31,300000 -0,604742 
31,400000 -0,596047 
31,500000 -0,588371 
31,600000 -0,579899 
31,700000 -0,558049 
31,800000 -0,531400 
31,900000 -0,508881 
32,000000 -0,488054 
32,100000 -0,466656 
32,200000 -0,443933 
32,300000 -0,416735 
32,400000 -0,382591 
32,500000 -0,344790 
32,600000 -0,304957 
32,700000 -0,239200 
32,800000 -0,151295 
32,900000 -0,075527 
33,000000 -0,042841 
33,100000 -0,033258 
33,200000 -0,029739 
33,300000 -0,028740 
33,400000 -0,027773 
33,500000 -0,027399 
33,600000 -0,027191 
33,700000 -0,026890 
33,800000 -0,026405 
33,900000 -0,026396 
34,000000 -0,026290 
34,100000 -0,026123 
34,200000 -0,025975 
34,300000 -0,026002 
34,400000 -0,025687 
34,500000 -0,025552 
34,600000 -0,025285 
34,700000 -0,025046 
34,800000 -0,024854 
34,900000 -0,024398 
35,000000 -0,024307 
35,100000 -0,024293 
35,200000 -0,024276 
35,300000 -0,024228 
35,400000 -0,024244 
35,500000 -0,024349 
35,600000 -0,024338 
35,700000 -0,024335 
35,800000 -0,024455 
35,900000 -0,024528 
36,000000 -0,024587 
36,100000 -0,024519 
36,200000 -0,024585 
36,300000 -0,024523 
36,400000 -0,024516 
36,500000 -0,024703 
36,600000 -0,024649 
36,700000 -0,024687 
36,800000 -0,025067 
36,900000 -0,025115 
37,000000 -0,025226 
37,100000 -0,025545 
37,200000 -0,025566 
37,300000 -0,025923 
37,400000 -0,027547 
37,500000 -0,031061 
37,600000 -0,042975 
37,700000 -0,057041 
37,800000 -0,068423 
37,900000 -0,075690 
38,000000 -0,080326 
38,100000 -0,083684 
38,200000 -0,086168 
38,300000 -0,087424 
38,400000 -0,088344 
38,500000 -0,088810 
38,600000 -0,090121 
38,700000 -0,090264 
38,800000 -0,090185 
38,900000 -0,090075 
39,000000 -0,090175 
39,100000 -0,089921 
39,200000 -0,089817 
39,300000 -0,088253 
39,400000 -0,087440 
39,500000 -0,086940 
39,600000 -0,084616 
39,700000 -0,083210 
39,800000 -0,080913 
39,900000 -0,078695 
40,000000 -0,075800 
40,100000 -0,073798 
40,200000 -0,071212 
40,300000 -0,068401 
40,400000 -0,065632 
40,500000 -0,063143 
40,600000 -0,060606 
40,700000 -0,057416 
40,800000 -0,052461 
40,900000 -0,042631 
41,000000 -0,036927 
41,100000 -0,035717 
41,200000 -0,036684 
41,300000 -0,039928 
41,400000 -0,051030 
41,500000 -0,064131 
41,600000 -0,073664 
41,700000 -0,080058 
41,800000 -0,084597 
41,900000 -0,088272 
42,000000 -0,090457 
42,100000 -0,092599 
42,200000 -0,092721 
42,300000 -0,094500 
42,400000 -0,095068 
42,500000 -0,095523 
42,600000 -0,095712 
42,700000 -0,095398 
42,800000 -0,095147 
42,900000 -0,094379 
43,000000 -0,094044 
43,100000 -0,093577 
43,200000 -0,092055 
43,300000 -0,091341 
43,400000 -0,089893 
43,500000 -0,088403 
43,600000 -0,086177 
43,700000 -0,083977 
43,800000 -0,081940 
43,900000 -0,078928 
44,000000 -0,076141 
44,100000 -0,073710 
44,200000 -0,072929 
44,300000 -0,072690 
44,400000 -0,072497 
44,500000 -0,070664 
44,600000 -0,068468 
44,700000 -0,065881 
44,800000 -0,062109 
44,900000 -0,054869 
45,000000 -0,046958 
45,100000 -0,043570 
45,200000 -0,042415 
45,300000 -0,041962 
45,400000 -0,042145 
45,500000 -0,041649 
45,600000 -0,041883 
45,700000 -0,041494 
45,800000 -0,041566 
45,900000 -0,041171 
46,000000 -0,040532 
46,100000 -0,039968 
46,200000 -0,039579 
46,300000 -0,039392 
46,400000 -0,039077 
46,500000 -0,038610 
46,600000 -0,038149 
46,700000 -0,037403 
46,800000 -0,036781 
46,900000 -0,036157 
47,000000 -0,036225 
47,100000 -0,036771 
47,200000 -0,037510 
47,300000 -0,037867 
47,400000 -0,037492 
47,500000 -0,037222 
47,600000 -0,036748 
47,700000 -0,036162 
47,800000 -0,035593 
47,900000 -0,034582 
48,000000 -0,032945 
48,100000 -0,032447 
48,200000 -0,032730 
48,300000 -0,032765 
48,400000 -0,033129 
48,500000 -0,033265 
48,600000 -0,033454 
48,700000 -0,033592 
48,800000 -0,033723 
48,900000 -0,033768 
49,000000 -0,034314 
49,100000 -0,034654 
49,200000 -0,035053 
49,300000 -0,035251 
49,400000 -0,035215 
49,500000 -0,035050 
49,600000 -0,034951 
49,700000 -0,034846 
49,800000 -0,034692 
49,900000 -0,034502 
