0,000000 -0,923174 
0,100000 -0,187251 
0,200000 -0,089409 
0,300000 -0,060113 
0,400000 -0,049403 
0,500000 -0,044468 
0,600000 -0,041755 
0,700000 -0,040395 
0,800000 -0,039458 
0,900000 -0,038707 
1,000000 -0,038040 
1,100000 -0,037752 
1,200000 -0,037112 
1,300000 -0,037380 
1,400000 -0,037022 
1,500000 -0,036620 
1,600000 -0,036903 
1,700000 -0,036698 
1,800000 -0,036550 
1,900000 -0,031507 
2,000000 -0,027596 
2,100000 -0,026513 
2,200000 -0,025551 
2,300000 -0,024748 
2,400000 -0,024423 
2,500000 -0,024237 
2,600000 -0,023999 
2,700000 -0,024958 
2,800000 -0,026877 
2,900000 -0,030106 
3,000000 -0,030643 
3,100000 -0,026932 
3,200000 -0,024689 
3,300000 -0,023957 
3,400000 -0,023588 
3,500000 -0,023629 
3,600000 -0,023606 
3,700000 -0,023607 
3,800000 -0,023392 
3,900000 -0,023580 
4,000000 -0,023527 
4,100000 -0,023485 
4,200000 -0,023509 
4,300000 -0,023529 
4,400000 -0,023333 
4,500000 -0,023467 
4,600000 -0,023374 
4,700000 -0,023431 
4,800000 -0,023474 
4,900000 -0,023453 
5,000000 -0,023384 
5,100000 -0,023306 
5,200000 -0,023344 
5,300000 -0,023362 
5,400000 -0,023334 
5,500000 -0,023303 
5,600000 -0,023401 
5,700000 -0,023262 
5,800000 -0,023372 
5,900000 -0,023281 
6,000000 -0,023435 
6,100000 -0,023217 
6,200000 -0,023408 
6,300000 -0,023198 
6,400000 -0,023149 
6,500000 -0,023395 
6,600000 -0,023431 
6,700000 -0,023121 
6,800000 -0,023276 
6,900000 -0,023195 
7,000000 -0,023380 
7,100000 -0,023647 
7,200000 -0,023706 
7,300000 -0,023960 
7,400000 -0,024035 
7,500000 -0,024078 
7,600000 -0,023840 
7,700000 -0,023822 
7,800000 -0,023702 
7,900000 -0,023456 
8,000000 -0,023508 
8,100000 -0,023491 
8,200000 -0,023544 
8,300000 -0,023462 
8,400000 -0,023394 
8,500000 -0,023550 
8,600000 -0,023394 
8,700000 -0,023429 
8,800000 -0,023380 
8,900000 -0,023221 
9,000000 -0,023232 
9,100000 -0,023375 
9,200000 -0,023293 
9,300000 -0,023352 
9,400000 -0,023428 
9,500000 -0,023375 
9,600000 -0,023369 
9,700000 -0,023415 
9,800000 -0,023302 
9,900000 -0,023442 
10,000000 -0,023357 
10,100000 -0,023227 
10,200000 -0,023363 
10,300000 -0,023085 
10,400000 -0,023237 
10,500000 -0,023238 
10,600000 -0,023100 
10,700000 -0,023318 
10,800000 -0,023266 
10,900000 -0,023209 
11,000000 -0,023293 
11,100000 -0,023282 
11,200000 -0,023219 
11,300000 -0,023416 
11,400000 -0,023278 
11,500000 -0,023534 
11,600000 -0,024120 
11,700000 -0,025481 
11,800000 -0,027031 
11,900000 -0,028158 
12,000000 -0,028821 
12,100000 -0,029157 
12,200000 -0,029096 
12,300000 -0,029036 
12,400000 -0,028394 
12,500000 -0,027954 
12,600000 -0,027107 
12,700000 -0,026101 
12,800000 -0,024790 
12,900000 -0,024370 
13,000000 -0,024378 
13,100000 -0,024621 
13,200000 -0,025200 
13,300000 -0,025931 
13,400000 -0,033621 
13,500000 -0,054729 
13,600000 -0,099357 
13,700000 -0,141419 
13,800000 -0,167822 
13,900000 -0,178877 
14,000000 -0,184723 
14,100000 -0,183372 
14,200000 -0,179126 
14,300000 -0,171469 
14,400000 -0,158045 
14,500000 -0,142040 
14,600000 -0,120569 
14,700000 -0,079735 
14,800000 -0,047804 
14,900000 -0,035848 
15,000000 -0,031480 
15,100000 -0,029968 
15,200000 -0,029323 
15,300000 -0,030088 
15,400000 -0,037354 
15,500000 -0,048259 
15,600000 -0,056771 
15,700000 -0,060809 
15,800000 -0,062713 
15,900000 -0,063604 
16,000000 -0,063586 
16,100000 -0,063293 
16,200000 -0,062156 
16,300000 -0,061575 
16,400000 -0,066040 
16,500000 -0,070737 
16,600000 -0,070519 
16,700000 -0,062940 
16,800000 -0,057595 
16,900000 -0,055454 
17,000000 -0,055037 
17,100000 -0,054758 
17,200000 -0,056879 
17,300000 -0,063990 
17,400000 -0,088572 
17,500000 -0,106214 
17,600000 -0,113111 
17,700000 -0,110837 
17,800000 -0,106883 
17,900000 -0,106108 
18,000000 -0,104082 
18,100000 -0,102084 
18,200000 -0,097518 
18,300000 -0,093423 
18,400000 -0,088666 
18,500000 -0,079574 
18,600000 -0,066510 
18,700000 -0,046421 
18,800000 -0,032889 
18,900000 -0,028030 
19,000000 -0,027012 
19,100000 -0,028458 
19,200000 -0,034287 
19,300000 -0,044989 
19,400000 -0,054656 
19,500000 -0,060703 
19,600000 -0,063799 
19,700000 -0,064214 
19,800000 -0,064883 
19,900000 -0,064197 
20,000000 -0,063450 
20,100000 -0,061907 
20,200000 -0,059623 
20,300000 -0,057356 
20,400000 -0,054648 
20,500000 -0,049737 
20,600000 -0,042475 
20,700000 -0,033098 
20,800000 -0,026799 
20,900000 -0,024651 
21,000000 -0,023848 
21,100000 -0,023917 
21,200000 -0,023976 
21,300000 -0,023927 
21,400000 -0,024103 
21,500000 -0,024335 
21,600000 -0,024196 
21,700000 -0,024174 
21,800000 -0,024362 
21,900000 -0,024117 
22,000000 -0,024250 
22,100000 -0,024131 
22,200000 -0,023978 
22,300000 -0,024022 
22,400000 -0,023981 
22,500000 -0,024012 
22,600000 -0,023771 
22,700000 -0,023564 
22,800000 -0,023380 
22,900000 -0,023496 
23,000000 -0,023478 
23,100000 -0,023552 
23,200000 -0,023543 
23,300000 -0,023665 
23,400000 -0,023772 
23,500000 -0,023750 
23,600000 -0,023768 
23,700000 -0,023627 
23,800000 -0,023618 
23,900000 -0,023640 
24,000000 -0,023731 
24,100000 -0,024012 
24,200000 -0,024049 
24,300000 -0,024042 
24,400000 -0,024060 
24,500000 -0,024022 
24,600000 -0,023898 
24,700000 -0,023780 
24,800000 -0,024323 
24,900000 -0,025755 
25,000000 -0,027970 
25,100000 -0,030464 
25,200000 -0,031628 
25,300000 -0,032418 
25,400000 -0,032830 
25,500000 -0,032849 
25,600000 -0,032940 
25,700000 -0,034227 
25,800000 -0,037318 
25,900000 -0,047389 
26,000000 -0,058844 
26,100000 -0,066829 
26,200000 -0,072093 
26,300000 -0,076053 
26,400000 -0,080715 
26,500000 -0,087907 
26,600000 -0,144687 
26,700000 -0,297234 
26,800000 -0,754770 
26,900000 -1,649660 
27,000000 -2,328368 
27,100000 -2,677771 
27,200000 -2,868019 
27,300000 -2,967597 
27,400000 -3,025247 
27,500000 -3,034988 
27,600000 -3,026104 
27,700000 -2,981563 
27,800000 -2,919239 
27,900000 -2,839041 
28,000000 -2,684862 
28,100000 -2,519831 
28,200000 -2,380407 
28,300000 -2,201605 
28,400000 -1,978317 
28,500000 -1,720449 
28,600000 -1,190716 
28,700000 -0,540494 
28,800000 -0,227580 
28,900000 -0,139318 
29,000000 -0,124112 
29,100000 -0,119221 
29,200000 -0,118017 
29,300000 -0,116457 
29,400000 -0,114709 
29,500000 -0,112312 
29,600000 -0,109027 
29,700000 -0,103949 
29,800000 -0,100715 
29,900000 -0,096018 
30,000000 -0,093987 
30,100000 -0,091129 
30,200000 -0,087644 
30,300000 -0,085265 
30,400000 -0,084287 
30,500000 -0,092224 
30,600000 -0,113104 
30,700000 -0,232727 
30,800000 -0,349263 
30,900000 -0,410795 
31,000000 -0,454727 
31,100000 -0,476757 
31,200000 -0,492404 
31,300000 -0,498735 
31,400000 -0,499584 
31,500000 -0,499979 
31,600000 -0,495616 
31,700000 -0,481592 
31,800000 -0,468663 
31,900000 -0,445040 
32,000000 -0,429704 
32,100000 -0,396553 
32,200000 -0,378620 
32,300000 -0,349645 
32,400000 -0,316819 
32,500000 -0,277907 
32,600000 -0,227926 
32,700000 -0,126870 
32,800000 -0,061023 
32,900000 -0,038242 
33,000000 -0,030984 
33,100000 -0,028393 
33,200000 -0,027627 
33,300000 -0,027400 
33,400000 -0,026840 
33,500000 -0,026612 
33,600000 -0,026410 
33,700000 -0,026137 
33,800000 -0,025905 
33,900000 -0,025798 
34,000000 -0,025658 
34,100000 -0,025516 
34,200000 -0,025289 
34,300000 -0,025049 
34,400000 -0,024731 
34,500000 -0,024741 
34,600000 -0,024606 
34,700000 -0,024389 
34,800000 -0,024068 
34,900000 -0,024067 
35,000000 -0,023891 
35,100000 -0,023825 
35,200000 -0,024026 
35,300000 -0,024013 
35,400000 -0,023909 
35,500000 -0,023969 
35,600000 -0,024073 
35,700000 -0,023995 
35,800000 -0,024070 
35,900000 -0,023932 
36,000000 -0,023938 
36,100000 -0,023820 
36,200000 -0,024022 
36,300000 -0,023971 
36,400000 -0,023922 
36,500000 -0,023995 
36,600000 -0,024092 
36,700000 -0,024098 
36,800000 -0,024178 
36,900000 -0,023951 
37,000000 -0,024006 
37,100000 -0,024206 
37,200000 -0,024131 
37,300000 -0,024086 
37,400000 -0,024292 
37,500000 -0,024399 
37,600000 -0,024647 
37,700000 -0,024886 
37,800000 -0,024896 
37,900000 -0,024915 
38,000000 -0,025225 
38,100000 -0,025986 
38,200000 -0,027475 
38,300000 -0,033094 
38,400000 -0,045634 
38,500000 -0,056102 
38,600000 -0,063982 
38,700000 -0,068705 
38,800000 -0,072616 
38,900000 -0,074358 
39,000000 -0,076073 
39,100000 -0,076055 
39,200000 -0,076011 
39,300000 -0,076469 
39,400000 -0,076347 
39,500000 -0,076270 
39,600000 -0,075852 
39,700000 -0,074632 
39,800000 -0,072137 
39,900000 -0,069124 
40,000000 -0,066816 
40,100000 -0,064436 
40,200000 -0,062021 
40,300000 -0,058897 
40,400000 -0,055128 
40,500000 -0,051897 
40,600000 -0,047024 
40,700000 -0,040131 
40,800000 -0,032478 
40,900000 -0,028338 
41,000000 -0,027099 
41,100000 -0,026677 
41,200000 -0,026814 
41,300000 -0,027888 
41,400000 -0,029018 
41,500000 -0,029887 
41,600000 -0,030441 
41,700000 -0,030686 
41,800000 -0,030870 
41,900000 -0,031091 
42,000000 -0,032031 
42,100000 -0,033930 
42,200000 -0,041133 
42,300000 -0,052736 
42,400000 -0,063018 
42,500000 -0,069725 
42,600000 -0,074288 
42,700000 -0,077340 
42,800000 -0,079462 
42,900000 -0,079721 
43,000000 -0,080874 
43,100000 -0,080943 
43,200000 -0,081027 
43,300000 -0,080628 
43,400000 -0,080719 
43,500000 -0,080135 
43,600000 -0,078602 
43,700000 -0,077129 
43,800000 -0,074187 
43,900000 -0,070237 
44,000000 -0,067741 
44,100000 -0,065447 
44,200000 -0,062814 
44,300000 -0,060325 
44,400000 -0,057261 
44,500000 -0,053523 
44,600000 -0,049095 
44,700000 -0,043888 
44,800000 -0,036368 
44,900000 -0,030161 
45,000000 -0,027974 
45,100000 -0,028678 
45,200000 -0,030876 
45,300000 -0,032714 
45,400000 -0,034406 
45,500000 -0,035280 
45,600000 -0,036056 
45,700000 -0,036068 
45,800000 -0,036263 
45,900000 -0,036068 
46,000000 -0,036286 
46,100000 -0,036379 
46,200000 -0,036161 
46,300000 -0,036158 
46,400000 -0,036220 
46,500000 -0,036256 
46,600000 -0,035828 
46,700000 -0,035304 
46,800000 -0,034937 
46,900000 -0,034028 
47,000000 -0,033237 
47,100000 -0,032393 
47,200000 -0,032177 
47,300000 -0,031401 
47,400000 -0,030902 
47,500000 -0,029824 
47,600000 -0,028973 
47,700000 -0,027624 
47,800000 -0,026456 
47,900000 -0,024998 
48,000000 -0,025218 
48,100000 -0,026014 
48,200000 -0,026804 
48,300000 -0,027361 
48,400000 -0,027640 
48,500000 -0,028059 
48,600000 -0,028236 
48,700000 -0,028552 
48,800000 -0,028648 
48,900000 -0,028703 
49,000000 -0,029192 
49,100000 -0,029935 
49,200000 -0,030321 
49,300000 -0,030390 
49,400000 -0,030798 
49,500000 -0,030703 
49,600000 -0,030705 
49,700000 -0,030787 
49,800000 -0,030501 
49,900000 -0,030555 
