0,000000 -0,745516 
0,100000 -0,165374 
0,200000 -0,081521 
0,300000 -0,056077 
0,400000 -0,046678 
0,500000 -0,042895 
0,600000 -0,040973 
0,700000 -0,039421 
0,800000 -0,038575 
0,900000 -0,037946 
1,000000 -0,037676 
1,100000 -0,037407 
1,200000 -0,037230 
1,300000 -0,036980 
1,400000 -0,036642 
1,500000 -0,036552 
1,600000 -0,036474 
1,700000 -0,036438 
1,800000 -0,036253 
1,900000 -0,030966 
2,000000 -0,027094 
2,100000 -0,026221 
2,200000 -0,025148 
2,300000 -0,024124 
2,400000 -0,023796 
2,500000 -0,023653 
2,600000 -0,023792 
2,700000 -0,024155 
2,800000 -0,026181 
2,900000 -0,029485 
3,000000 -0,030089 
3,100000 -0,026813 
3,200000 -0,024372 
3,300000 -0,023732 
3,400000 -0,023546 
3,500000 -0,023438 
3,600000 -0,023510 
3,700000 -0,023315 
3,800000 -0,023426 
3,900000 -0,023369 
4,000000 -0,023286 
4,100000 -0,023368 
4,200000 -0,023427 
4,300000 -0,023361 
4,400000 -0,023251 
4,500000 -0,023346 
4,600000 -0,023327 
4,700000 -0,023254 
4,800000 -0,023220 
4,900000 -0,023263 
5,000000 -0,023335 
5,100000 -0,023226 
5,200000 -0,023258 
5,300000 -0,023199 
5,400000 -0,023115 
5,500000 -0,023155 
5,600000 -0,023125 
5,700000 -0,023157 
5,800000 -0,023274 
5,900000 -0,023201 
6,000000 -0,023079 
6,100000 -0,023250 
6,200000 -0,023237 
6,300000 -0,023263 
6,400000 -0,023372 
6,500000 -0,023328 
6,600000 -0,023202 
6,700000 -0,023201 
6,800000 -0,023193 
6,900000 -0,023104 
7,000000 -0,023227 
7,100000 -0,023220 
7,200000 -0,023370 
7,300000 -0,023563 
7,400000 -0,023852 
7,500000 -0,023531 
7,600000 -0,023819 
7,700000 -0,023572 
7,800000 -0,023403 
7,900000 -0,023281 
8,000000 -0,023210 
8,100000 -0,023169 
8,200000 -0,023343 
8,300000 -0,023274 
8,400000 -0,023384 
8,500000 -0,023375 
8,600000 -0,023244 
8,700000 -0,023313 
8,800000 -0,023162 
8,900000 -0,023083 
9,000000 -0,023221 
9,100000 -0,023189 
9,200000 -0,023174 
9,300000 -0,023275 
9,400000 -0,023154 
9,500000 -0,023142 
9,600000 -0,023348 
9,700000 -0,023279 
9,800000 -0,023322 
9,900000 -0,023462 
10,000000 -0,023257 
10,100000 -0,023300 
10,200000 -0,023156 
10,300000 -0,023178 
10,400000 -0,023293 
10,500000 -0,023258 
10,600000 -0,023329 
10,700000 -0,023330 
10,800000 -0,023215 
10,900000 -0,023218 
11,000000 -0,023275 
11,100000 -0,023094 
11,200000 -0,023339 
11,300000 -0,023259 
11,400000 -0,023128 
11,500000 -0,023124 
11,600000 -0,023360 
11,700000 -0,023396 
11,800000 -0,024087 
11,900000 -0,025393 
12,000000 -0,027029 
12,100000 -0,028215 
12,200000 -0,028544 
12,300000 -0,028612 
12,400000 -0,028265 
12,500000 -0,027731 
12,600000 -0,026662 
12,700000 -0,024847 
12,800000 -0,023995 
12,900000 -0,023841 
13,000000 -0,023882 
13,100000 -0,024069 
13,200000 -0,024162 
13,300000 -0,024307 
13,400000 -0,024913 
13,500000 -0,025833 
13,600000 -0,030199 
13,700000 -0,044622 
13,800000 -0,080324 
13,900000 -0,119809 
14,000000 -0,144261 
14,100000 -0,155670 
14,200000 -0,156869 
14,300000 -0,154829 
14,400000 -0,141282 
14,500000 -0,125217 
14,600000 -0,096528 
14,700000 -0,056117 
14,800000 -0,035931 
14,900000 -0,030284 
15,000000 -0,028613 
15,100000 -0,028043 
15,200000 -0,027508 
15,300000 -0,027344 
15,400000 -0,027128 
15,500000 -0,027665 
15,600000 -0,029989 
15,700000 -0,037105 
15,800000 -0,045826 
15,900000 -0,052504 
16,000000 -0,054674 
16,100000 -0,056390 
16,200000 -0,055549 
16,300000 -0,053584 
16,400000 -0,050534 
16,500000 -0,047651 
16,600000 -0,043180 
16,700000 -0,042075 
16,800000 -0,044628 
16,900000 -0,046823 
17,000000 -0,047776 
17,100000 -0,048342 
17,200000 -0,047820 
17,300000 -0,046768 
17,400000 -0,045885 
17,500000 -0,047583 
17,600000 -0,056435 
17,700000 -0,070227 
17,800000 -0,080494 
17,900000 -0,086662 
18,000000 -0,089596 
18,100000 -0,089513 
18,200000 -0,087768 
18,300000 -0,083792 
18,400000 -0,078773 
18,500000 -0,068689 
18,600000 -0,051884 
18,700000 -0,035848 
18,800000 -0,028052 
18,900000 -0,025907 
19,000000 -0,025178 
19,100000 -0,025041 
19,200000 -0,024742 
19,300000 -0,024895 
19,400000 -0,026444 
19,500000 -0,033154 
19,600000 -0,042990 
19,700000 -0,050472 
19,800000 -0,054693 
19,900000 -0,056378 
20,000000 -0,057007 
20,100000 -0,056291 
20,200000 -0,054739 
20,300000 -0,052600 
20,400000 -0,050001 
20,500000 -0,044322 
20,600000 -0,035042 
20,700000 -0,027702 
20,800000 -0,024707 
20,900000 -0,023786 
21,000000 -0,023453 
21,100000 -0,023173 
21,200000 -0,023227 
21,300000 -0,023245 
21,400000 -0,023365 
21,500000 -0,023569 
21,600000 -0,023693 
21,700000 -0,023832 
21,800000 -0,023757 
21,900000 -0,023975 
22,000000 -0,023891 
22,100000 -0,023917 
22,200000 -0,023800 
22,300000 -0,023680 
22,400000 -0,023744 
22,500000 -0,023503 
22,600000 -0,023359 
22,700000 -0,023199 
22,800000 -0,022938 
22,900000 -0,023011 
23,000000 -0,023181 
23,100000 -0,023086 
23,200000 -0,023104 
23,300000 -0,023057 
23,400000 -0,023073 
23,500000 -0,023255 
23,600000 -0,023394 
23,700000 -0,023361 
23,800000 -0,023401 
23,900000 -0,023456 
24,000000 -0,023264 
24,100000 -0,023386 
24,200000 -0,023357 
24,300000 -0,023235 
24,400000 -0,023422 
24,500000 -0,023559 
24,600000 -0,023645 
24,700000 -0,023567 
24,800000 -0,023544 
24,900000 -0,023442 
25,000000 -0,023443 
25,100000 -0,023398 
25,200000 -0,023618 
25,300000 -0,024685 
25,400000 -0,026919 
25,500000 -0,029215 
25,600000 -0,030662 
25,700000 -0,031308 
25,800000 -0,031626 
25,900000 -0,031655 
26,000000 -0,031545 
26,100000 -0,031944 
26,200000 -0,033454 
26,300000 -0,039530 
26,400000 -0,050192 
26,500000 -0,059413 
26,600000 -0,064016 
26,700000 -0,066891 
26,800000 -0,070330 
26,900000 -0,076163 
27,000000 -0,093278 
27,100000 -0,167894 
27,200000 -0,341341 
27,300000 -0,915934 
27,400000 -1,642532 
27,500000 -2,103079 
27,600000 -2,312853 
27,700000 -2,394867 
27,800000 -2,410122 
27,900000 -2,374184 
28,000000 -2,297142 
28,100000 -2,167788 
28,200000 -1,998275 
28,300000 -1,842964 
28,400000 -1,630133 
28,500000 -1,333416 
28,600000 -0,607280 
28,700000 -0,208261 
28,800000 -0,098100 
28,900000 -0,067281 
29,000000 -0,055495 
29,100000 -0,052461 
29,200000 -0,056603 
29,300000 -0,067356 
29,400000 -0,077155 
29,500000 -0,081190 
29,600000 -0,081700 
29,700000 -0,078211 
29,800000 -0,076541 
29,900000 -0,074910 
30,000000 -0,072979 
30,100000 -0,070103 
30,200000 -0,068426 
30,300000 -0,066469 
30,400000 -0,062496 
30,500000 -0,057079 
30,600000 -0,048080 
30,700000 -0,038056 
30,800000 -0,034069 
30,900000 -0,036903 
31,000000 -0,050042 
31,100000 -0,081863 
31,200000 -0,169035 
31,300000 -0,261349 
31,400000 -0,326345 
31,500000 -0,362629 
31,600000 -0,378089 
31,700000 -0,384081 
31,800000 -0,382839 
31,900000 -0,373977 
32,000000 -0,358823 
32,100000 -0,336480 
32,200000 -0,314377 
32,300000 -0,288653 
32,400000 -0,255127 
32,500000 -0,209947 
32,600000 -0,140014 
32,700000 -0,070611 
32,800000 -0,038247 
32,900000 -0,029248 
33,000000 -0,026620 
33,100000 -0,025650 
33,200000 -0,025670 
33,300000 -0,025527 
33,400000 -0,025612 
33,500000 -0,025506 
33,600000 -0,025309 
33,700000 -0,025286 
33,800000 -0,024944 
33,900000 -0,024880 
34,000000 -0,024854 
34,100000 -0,024573 
34,200000 -0,024534 
34,300000 -0,024451 
34,400000 -0,024398 
34,500000 -0,024141 
34,600000 -0,023927 
34,700000 -0,023601 
34,800000 -0,023365 
34,900000 -0,023329 
35,000000 -0,023343 
35,100000 -0,023468 
35,200000 -0,023503 
35,300000 -0,023610 
35,400000 -0,023547 
35,500000 -0,023564 
35,600000 -0,023567 
35,700000 -0,023515 
35,800000 -0,023562 
35,900000 -0,023619 
36,000000 -0,023611 
36,100000 -0,023482 
36,200000 -0,023587 
36,300000 -0,023564 
36,400000 -0,023654 
36,500000 -0,023501 
36,600000 -0,023435 
36,700000 -0,023406 
36,800000 -0,023304 
36,900000 -0,023481 
37,000000 -0,023503 
37,100000 -0,023450 
37,200000 -0,023630 
37,300000 -0,023756 
37,400000 -0,023718 
37,500000 -0,023685 
37,600000 -0,023609 
37,700000 -0,023556 
37,800000 -0,023639 
37,900000 -0,023673 
38,000000 -0,023762 
38,100000 -0,023883 
38,200000 -0,024010 
38,300000 -0,024115 
38,400000 -0,024184 
38,500000 -0,024188 
38,600000 -0,024098 
38,700000 -0,024348 
38,800000 -0,025988 
38,900000 -0,030094 
39,000000 -0,039543 
39,100000 -0,048805 
39,200000 -0,055203 
39,300000 -0,058908 
39,400000 -0,061364 
39,500000 -0,062454 
39,600000 -0,062620 
39,700000 -0,062507 
39,800000 -0,061982 
39,900000 -0,059936 
40,000000 -0,057803 
40,100000 -0,056014 
40,200000 -0,053725 
40,300000 -0,050805 
40,400000 -0,047304 
40,500000 -0,042365 
40,600000 -0,035652 
40,700000 -0,028822 
40,800000 -0,025984 
40,900000 -0,025214 
41,000000 -0,024960 
41,100000 -0,025197 
41,200000 -0,025163 
41,300000 -0,025253 
41,400000 -0,025126 
41,500000 -0,025014 
41,600000 -0,024820 
41,700000 -0,024735 
41,800000 -0,024649 
41,900000 -0,024883 
42,000000 -0,026145 
42,100000 -0,027110 
42,200000 -0,027667 
42,300000 -0,028148 
42,400000 -0,028252 
42,500000 -0,028333 
42,600000 -0,028417 
42,700000 -0,028634 
42,800000 -0,029896 
42,900000 -0,038099 
43,000000 -0,048980 
43,100000 -0,057063 
43,200000 -0,062040 
43,300000 -0,065084 
43,400000 -0,066743 
43,500000 -0,067213 
43,600000 -0,067104 
43,700000 -0,066099 
43,800000 -0,065087 
43,900000 -0,062949 
44,000000 -0,061052 
44,100000 -0,058726 
44,200000 -0,056960 
44,300000 -0,054056 
44,400000 -0,050189 
44,500000 -0,045531 
44,600000 -0,039352 
44,700000 -0,031602 
44,800000 -0,027411 
44,900000 -0,025869 
45,000000 -0,025395 
45,100000 -0,025350 
45,200000 -0,025219 
45,300000 -0,025194 
45,400000 -0,025001 
45,500000 -0,024776 
45,600000 -0,024665 
45,700000 -0,024543 
45,800000 -0,024785 
45,900000 -0,026027 
46,000000 -0,028304 
46,100000 -0,030019 
46,200000 -0,030979 
46,300000 -0,031673 
46,400000 -0,032106 
46,500000 -0,032123 
46,600000 -0,032176 
46,700000 -0,031879 
46,800000 -0,031590 
46,900000 -0,031580 
47,000000 -0,030954 
47,100000 -0,030519 
47,200000 -0,029904 
47,300000 -0,029277 
47,400000 -0,028661 
47,500000 -0,027921 
47,600000 -0,026612 
47,700000 -0,025047 
47,800000 -0,024080 
47,900000 -0,023770 
48,000000 -0,023707 
48,100000 -0,023686 
48,200000 -0,023683 
48,300000 -0,023635 
48,400000 -0,023633 
48,500000 -0,023554 
48,600000 -0,023497 
48,700000 -0,023646 
48,800000 -0,023891 
48,900000 -0,024636 
49,000000 -0,025544 
49,100000 -0,026316 
49,200000 -0,026752 
49,300000 -0,026817 
49,400000 -0,027027 
49,500000 -0,027004 
49,600000 -0,027090 
49,700000 -0,027127 
49,800000 -0,027346 
49,900000 -0,027730 
