0,000000 -0,506688 
0,100000 -0,136532 
0,200000 -0,072023 
0,300000 -0,052270 
0,400000 -0,044917 
0,500000 -0,041782 
0,600000 -0,040305 
0,700000 -0,039393 
0,800000 -0,038792 
0,900000 -0,038670 
1,000000 -0,037931 
1,100000 -0,037814 
1,200000 -0,037520 
1,300000 -0,037514 
1,400000 -0,037408 
1,500000 -0,037356 
1,600000 -0,037292 
1,700000 -0,037192 
1,800000 -0,036995 
1,900000 -0,031127 
2,000000 -0,027223 
2,100000 -0,025923 
2,200000 -0,024760 
2,300000 -0,024061 
2,400000 -0,023894 
2,500000 -0,023784 
2,600000 -0,023737 
2,700000 -0,023730 
2,800000 -0,025567 
2,900000 -0,029621 
3,000000 -0,030191 
3,100000 -0,027056 
3,200000 -0,024439 
3,300000 -0,023612 
3,400000 -0,023333 
3,500000 -0,023298 
3,600000 -0,023381 
3,700000 -0,023367 
3,800000 -0,023354 
3,900000 -0,023340 
4,000000 -0,023430 
4,100000 -0,023305 
4,200000 -0,023363 
4,300000 -0,023309 
4,400000 -0,023369 
4,500000 -0,023402 
4,600000 -0,023368 
4,700000 -0,023319 
4,800000 -0,023270 
4,900000 -0,023246 
5,000000 -0,023323 
5,100000 -0,023384 
5,200000 -0,023162 
5,300000 -0,023307 
5,400000 -0,023284 
5,500000 -0,023290 
5,600000 -0,023284 
5,700000 -0,023161 
5,800000 -0,023240 
5,900000 -0,023405 
6,000000 -0,023134 
6,100000 -0,023296 
6,200000 -0,023263 
6,300000 -0,023294 
6,400000 -0,023241 
6,500000 -0,023330 
6,600000 -0,023360 
6,700000 -0,023429 
6,800000 -0,023290 
6,900000 -0,023307 
7,000000 -0,023286 
7,100000 -0,023408 
7,200000 -0,023234 
7,300000 -0,023511 
7,400000 -0,023563 
7,500000 -0,023596 
7,600000 -0,023604 
7,700000 -0,023567 
7,800000 -0,023310 
7,900000 -0,023436 
8,000000 -0,023391 
8,100000 -0,023372 
8,200000 -0,023379 
8,300000 -0,023353 
8,400000 -0,023490 
8,500000 -0,023485 
8,600000 -0,023353 
8,700000 -0,023285 
8,800000 -0,023288 
8,900000 -0,023330 
9,000000 -0,023323 
9,100000 -0,023286 
9,200000 -0,023343 
9,300000 -0,023368 
9,400000 -0,023450 
9,500000 -0,023362 
9,600000 -0,023386 
9,700000 -0,023387 
9,800000 -0,023316 
9,900000 -0,023409 
10,000000 -0,023325 
10,100000 -0,023433 
10,200000 -0,023298 
10,300000 -0,023344 
10,400000 -0,023212 
10,500000 -0,023286 
10,600000 -0,023175 
10,700000 -0,023162 
10,800000 -0,023253 
10,900000 -0,023355 
11,000000 -0,023361 
11,100000 -0,023355 
11,200000 -0,023160 
11,300000 -0,023381 
11,400000 -0,023397 
11,500000 -0,023109 
11,600000 -0,023206 
11,700000 -0,023223 
11,800000 -0,023337 
11,900000 -0,023374 
12,000000 -0,023661 
12,100000 -0,024346 
12,200000 -0,025723 
12,300000 -0,026858 
12,400000 -0,027348 
12,500000 -0,026849 
12,600000 -0,025626 
12,700000 -0,024203 
12,800000 -0,023584 
12,900000 -0,023521 
13,000000 -0,023501 
13,100000 -0,023479 
13,200000 -0,023635 
13,300000 -0,023833 
13,400000 -0,023873 
13,500000 -0,024008 
13,600000 -0,024030 
13,700000 -0,024335 
13,800000 -0,025434 
13,900000 -0,030842 
14,000000 -0,045182 
14,100000 -0,076473 
14,200000 -0,104879 
14,300000 -0,117638 
14,400000 -0,114982 
14,500000 -0,099241 
14,600000 -0,066276 
14,700000 -0,040013 
14,800000 -0,029335 
14,900000 -0,026160 
15,000000 -0,025156 
15,100000 -0,025490 
15,200000 -0,025889 
15,300000 -0,025984 
15,400000 -0,025730 
15,500000 -0,025328 
15,600000 -0,024488 
15,700000 -0,023992 
15,800000 -0,024394 
15,900000 -0,026474 
16,000000 -0,032018 
16,100000 -0,038984 
16,200000 -0,044037 
16,300000 -0,045226 
16,400000 -0,043641 
16,500000 -0,038827 
16,600000 -0,030670 
16,700000 -0,026110 
16,800000 -0,025020 
16,900000 -0,026295 
17,000000 -0,030917 
17,100000 -0,036135 
17,200000 -0,039160 
17,300000 -0,039753 
17,400000 -0,038688 
17,500000 -0,034792 
17,600000 -0,029012 
17,700000 -0,025885 
17,800000 -0,027340 
17,900000 -0,033097 
18,000000 -0,046757 
18,100000 -0,060054 
18,200000 -0,066873 
18,300000 -0,067941 
18,400000 -0,065273 
18,500000 -0,053884 
18,600000 -0,036984 
18,700000 -0,027801 
18,800000 -0,024942 
18,900000 -0,024186 
19,000000 -0,024108 
19,100000 -0,023997 
19,200000 -0,024145 
19,300000 -0,024109 
19,400000 -0,023985 
19,500000 -0,023848 
19,600000 -0,023787 
19,700000 -0,024201 
19,800000 -0,025981 
19,900000 -0,030783 
20,000000 -0,038015 
20,100000 -0,043013 
20,200000 -0,044789 
20,300000 -0,044697 
20,400000 -0,043007 
20,500000 -0,035976 
20,600000 -0,028493 
20,700000 -0,024782 
20,800000 -0,023927 
20,900000 -0,023525 
21,000000 -0,023437 
21,100000 -0,023335 
21,200000 -0,023407 
21,300000 -0,023271 
21,400000 -0,023208 
21,500000 -0,023230 
21,600000 -0,023191 
21,700000 -0,023180 
21,800000 -0,023392 
21,900000 -0,023382 
22,000000 -0,023614 
22,100000 -0,023670 
22,200000 -0,023594 
22,300000 -0,023567 
22,400000 -0,023577 
22,500000 -0,023563 
22,600000 -0,023286 
22,700000 -0,023155 
22,800000 -0,023151 
22,900000 -0,023247 
23,000000 -0,023252 
23,100000 -0,023163 
23,200000 -0,023180 
23,300000 -0,023153 
23,400000 -0,023120 
23,500000 -0,023217 
23,600000 -0,023206 
23,700000 -0,023122 
23,800000 -0,023194 
23,900000 -0,023319 
24,000000 -0,023404 
24,100000 -0,023324 
24,200000 -0,023370 
24,300000 -0,023297 
24,400000 -0,023286 
24,500000 -0,023102 
24,600000 -0,022930 
24,700000 -0,023032 
24,800000 -0,022996 
24,900000 -0,023165 
25,000000 -0,023354 
25,100000 -0,023529 
25,200000 -0,023532 
25,300000 -0,023422 
25,400000 -0,023365 
25,500000 -0,023218 
25,600000 -0,023167 
25,700000 -0,023382 
25,800000 -0,024373 
25,900000 -0,026255 
26,000000 -0,027972 
26,100000 -0,028576 
26,200000 -0,028773 
26,300000 -0,028439 
26,400000 -0,027845 
26,500000 -0,026141 
26,600000 -0,025225 
26,700000 -0,026594 
26,800000 -0,031827 
26,900000 -0,040385 
27,000000 -0,046908 
27,100000 -0,050177 
27,200000 -0,051565 
27,300000 -0,052261 
27,400000 -0,052003 
27,500000 -0,052664 
27,600000 -0,100565 
27,700000 -0,220861 
27,800000 -0,575247 
27,900000 -1,060625 
28,000000 -1,364010 
28,100000 -1,432767 
28,200000 -1,409895 
28,300000 -1,281397 
28,400000 -1,055375 
28,500000 -0,650091 
28,600000 -0,246010 
28,700000 -0,086193 
28,800000 -0,051880 
28,900000 -0,042790 
29,000000 -0,039804 
29,100000 -0,038441 
29,200000 -0,037613 
29,300000 -0,035685 
29,400000 -0,033847 
29,500000 -0,030106 
29,600000 -0,027491 
29,700000 -0,028803 
29,800000 -0,035798 
29,900000 -0,043422 
30,000000 -0,048409 
30,100000 -0,049908 
30,200000 -0,049549 
30,300000 -0,047606 
30,400000 -0,043488 
30,500000 -0,035662 
30,600000 -0,028359 
30,700000 -0,025354 
30,800000 -0,025279 
30,900000 -0,025851 
31,000000 -0,026378 
31,100000 -0,026672 
31,200000 -0,026841 
31,300000 -0,026834 
31,400000 -0,027116 
31,500000 -0,028148 
31,600000 -0,034054 
31,700000 -0,062847 
31,800000 -0,121877 
31,900000 -0,177077 
32,000000 -0,207614 
32,100000 -0,217270 
32,200000 -0,210212 
32,300000 -0,194359 
32,400000 -0,159769 
32,500000 -0,099318 
32,600000 -0,052642 
32,700000 -0,033614 
32,800000 -0,027448 
32,900000 -0,025226 
33,000000 -0,024506 
33,100000 -0,024220 
33,200000 -0,024051 
33,300000 -0,023845 
33,400000 -0,023789 
33,500000 -0,023652 
33,600000 -0,023492 
33,700000 -0,023504 
33,800000 -0,023757 
33,900000 -0,023989 
34,000000 -0,024042 
34,100000 -0,024176 
34,200000 -0,024105 
34,300000 -0,024038 
34,400000 -0,023709 
34,500000 -0,023541 
34,600000 -0,023317 
34,700000 -0,023336 
34,800000 -0,023165 
34,900000 -0,023235 
35,000000 -0,023345 
35,100000 -0,023294 
35,200000 -0,023378 
35,300000 -0,023373 
35,400000 -0,023254 
35,500000 -0,023192 
35,600000 -0,023248 
35,700000 -0,023220 
35,800000 -0,023365 
35,900000 -0,023245 
36,000000 -0,023342 
36,100000 -0,023480 
36,200000 -0,023378 
36,300000 -0,023244 
36,400000 -0,023286 
36,500000 -0,023318 
36,600000 -0,023375 
36,700000 -0,023367 
36,800000 -0,023242 
36,900000 -0,023325 
37,000000 -0,023387 
37,100000 -0,023411 
37,200000 -0,023367 
37,300000 -0,023350 
37,400000 -0,023379 
37,500000 -0,023415 
37,600000 -0,023345 
37,700000 -0,023259 
37,800000 -0,023360 
37,900000 -0,023255 
38,000000 -0,023431 
38,100000 -0,023533 
38,200000 -0,023457 
38,300000 -0,023220 
38,400000 -0,023300 
38,500000 -0,023332 
38,600000 -0,023234 
38,700000 -0,023292 
38,800000 -0,023364 
38,900000 -0,023502 
39,000000 -0,023628 
39,100000 -0,023665 
39,200000 -0,023603 
39,300000 -0,023643 
39,400000 -0,023627 
39,500000 -0,024035 
39,600000 -0,024730 
39,700000 -0,027487 
39,800000 -0,033145 
39,900000 -0,038858 
40,000000 -0,040935 
40,100000 -0,041542 
40,200000 -0,040583 
40,300000 -0,038187 
40,400000 -0,033750 
40,500000 -0,027998 
40,600000 -0,024925 
40,700000 -0,023848 
40,800000 -0,023714 
40,900000 -0,023613 
41,000000 -0,023884 
41,100000 -0,024033 
41,200000 -0,023855 
41,300000 -0,023912 
41,400000 -0,023717 
41,500000 -0,023526 
41,600000 -0,023393 
41,700000 -0,023318 
41,800000 -0,023436 
41,900000 -0,023616 
42,000000 -0,023663 
42,100000 -0,023756 
42,200000 -0,023728 
42,300000 -0,023738 
42,400000 -0,023673 
42,500000 -0,023499 
42,600000 -0,023390 
42,700000 -0,023563 
42,800000 -0,023910 
42,900000 -0,024490 
43,000000 -0,024920 
43,100000 -0,025156 
43,200000 -0,025126 
43,300000 -0,025015 
43,400000 -0,024786 
43,500000 -0,024431 
43,600000 -0,024774 
43,700000 -0,026643 
43,800000 -0,032026 
43,900000 -0,038680 
44,000000 -0,042024 
44,100000 -0,042820 
44,200000 -0,042056 
44,300000 -0,039969 
44,400000 -0,035931 
44,500000 -0,029711 
44,600000 -0,025583 
44,700000 -0,024077 
44,800000 -0,023787 
44,900000 -0,023954 
45,000000 -0,023947 
45,100000 -0,024035 
45,200000 -0,024052 
45,300000 -0,023919 
45,400000 -0,023858 
45,500000 -0,023713 
45,600000 -0,023494 
45,700000 -0,023358 
45,800000 -0,023458 
45,900000 -0,023544 
46,000000 -0,023508 
46,100000 -0,023577 
46,200000 -0,023687 
46,300000 -0,023504 
46,400000 -0,023528 
46,500000 -0,023547 
46,600000 -0,023594 
46,700000 -0,023748 
46,800000 -0,024667 
46,900000 -0,025700 
47,000000 -0,026307 
47,100000 -0,026493 
47,200000 -0,026549 
47,300000 -0,026118 
47,400000 -0,025379 
47,500000 -0,024331 
47,600000 -0,023604 
47,700000 -0,023366 
47,800000 -0,023336 
47,900000 -0,023407 
48,000000 -0,023399 
48,100000 -0,023254 
48,200000 -0,023306 
48,300000 -0,023333 
48,400000 -0,023302 
48,500000 -0,023267 
48,600000 -0,023199 
48,700000 -0,023389 
48,800000 -0,023169 
48,900000 -0,023158 
49,000000 -0,023186 
49,100000 -0,023117 
49,200000 -0,023259 
49,300000 -0,023233 
49,400000 -0,023169 
49,500000 -0,023229 
49,600000 -0,023279 
49,700000 -0,023276 
49,800000 -0,023888 
49,900000 -0,024276 
