0,000000 -0,290237 
0,100000 -0,333309 
0,200000 -0,346901 
0,300000 -0,350584 
0,400000 -0,350702 
0,500000 -0,352814 
0,600000 -0,353163 
0,700000 -0,352787 
0,800000 -0,353077 
0,900000 -0,352920 
1,000000 -0,352257 
1,100000 -0,351650 
1,200000 -0,352424 
1,300000 -0,352989 
1,400000 -0,352737 
1,500000 -0,352222 
1,600000 -0,351584 
1,700000 -0,353092 
1,800000 -0,351968 
1,900000 -0,297085 
2,000000 -0,257145 
2,100000 -0,245883 
2,200000 -0,234406 
2,300000 -0,227373 
2,400000 -0,224541 
2,500000 -0,223904 
2,600000 -0,223399 
2,700000 -0,224370 
2,800000 -0,239136 
2,900000 -0,279615 
3,000000 -0,292457 
3,100000 -0,258049 
3,200000 -0,234077 
3,300000 -0,226029 
3,400000 -0,224763 
3,500000 -0,223889 
3,600000 -0,223463 
3,700000 -0,222897 
3,800000 -0,222975 
3,900000 -0,223250 
4,000000 -0,222863 
4,100000 -0,223173 
4,200000 -0,223141 
4,300000 -0,223395 
4,400000 -0,223479 
4,500000 -0,223088 
4,600000 -0,224301 
4,700000 -0,223847 
4,800000 -0,223617 
4,900000 -0,222337 
5,000000 -0,223374 
5,100000 -0,223167 
5,200000 -0,222620 
5,300000 -0,222796 
5,400000 -0,222814 
5,500000 -0,222444 
5,600000 -0,222690 
5,700000 -0,222841 
5,800000 -0,222886 
5,900000 -0,223467 
6,000000 -0,221922 
6,100000 -0,222239 
6,200000 -0,223045 
6,300000 -0,222582 
6,400000 -0,222533 
6,500000 -0,223968 
6,600000 -0,223873 
6,700000 -0,223793 
6,800000 -0,222584 
6,900000 -0,222756 
7,000000 -0,224513 
7,100000 -0,223404 
7,200000 -0,222588 
7,300000 -0,224306 
7,400000 -0,225203 
7,500000 -0,226106 
7,600000 -0,227138 
7,700000 -0,226237 
7,800000 -0,225799 
7,900000 -0,224224 
8,000000 -0,224195 
8,100000 -0,223945 
8,200000 -0,224624 
8,300000 -0,225453 
8,400000 -0,225297 
8,500000 -0,224983 
8,600000 -0,223833 
8,700000 -0,224255 
8,800000 -0,225075 
8,900000 -0,224566 
9,000000 -0,225125 
9,100000 -0,223827 
9,200000 -0,223873 
9,300000 -0,224030 
9,400000 -0,223771 
9,500000 -0,223567 
9,600000 -0,224198 
9,700000 -0,223779 
9,800000 -0,222896 
9,900000 -0,225151 
10,000000 -0,225178 
10,100000 -0,224473 
10,200000 -0,225174 
10,300000 -0,224339 
10,400000 -0,224390 
10,500000 -0,224996 
10,600000 -0,224437 
10,700000 -0,225925 
10,800000 -0,225102 
10,900000 -0,224042 
11,000000 -0,225329 
11,100000 -0,224246 
11,200000 -0,225797 
11,300000 -0,224376 
11,400000 -0,223900 
11,500000 -0,224615 
11,600000 -0,225499 
11,700000 -0,224926 
11,800000 -0,224912 
11,900000 -0,226182 
12,000000 -0,225393 
12,100000 -0,227096 
12,200000 -0,231471 
12,300000 -0,242652 
12,400000 -0,253775 
12,500000 -0,255128 
12,600000 -0,241764 
12,700000 -0,230702 
12,800000 -0,227314 
12,900000 -0,226639 
13,000000 -0,225841 
13,100000 -0,226238 
13,200000 -0,226142 
13,300000 -0,228076 
13,400000 -0,231093 
13,500000 -0,230352 
13,600000 -0,228902 
13,700000 -0,229613 
13,800000 -0,232936 
13,900000 -0,235361 
14,000000 -0,242591 
14,100000 -0,275193 
14,200000 -0,379249 
14,300000 -0,606827 
14,400000 -0,776823 
14,500000 -0,704427 
14,600000 -0,451443 
14,700000 -0,300426 
14,800000 -0,252923 
14,900000 -0,238852 
15,000000 -0,233228 
15,100000 -0,231338 
15,200000 -0,232187 
15,300000 -0,236491 
15,400000 -0,241059 
15,500000 -0,237755 
15,600000 -0,231428 
15,700000 -0,228744 
15,800000 -0,227300 
15,900000 -0,228827 
16,000000 -0,230756 
16,100000 -0,243413 
16,200000 -0,272702 
16,300000 -0,322307 
16,400000 -0,344550 
16,500000 -0,306780 
16,600000 -0,258731 
16,700000 -0,237334 
16,800000 -0,230988 
16,900000 -0,228353 
17,000000 -0,229790 
17,100000 -0,238421 
17,200000 -0,260562 
17,300000 -0,298657 
17,400000 -0,313922 
17,500000 -0,285003 
17,600000 -0,249366 
17,700000 -0,234623 
17,800000 -0,230065 
17,900000 -0,230441 
18,000000 -0,237287 
18,100000 -0,263051 
18,200000 -0,324972 
18,300000 -0,429109 
18,400000 -0,480855 
18,500000 -0,382128 
18,600000 -0,283306 
18,700000 -0,244741 
18,800000 -0,231744 
18,900000 -0,227978 
19,000000 -0,226269 
19,100000 -0,227306 
19,200000 -0,228191 
19,300000 -0,230312 
19,400000 -0,230380 
19,500000 -0,228395 
19,600000 -0,227006 
19,700000 -0,226063 
19,800000 -0,227512 
19,900000 -0,228191 
20,000000 -0,231807 
20,100000 -0,246940 
20,200000 -0,280395 
20,300000 -0,322152 
20,400000 -0,337300 
20,500000 -0,285441 
20,600000 -0,245008 
20,700000 -0,232098 
20,800000 -0,228068 
20,900000 -0,228146 
21,000000 -0,227001 
21,100000 -0,226110 
21,200000 -0,225706 
21,300000 -0,226669 
21,400000 -0,226231 
21,500000 -0,226576 
21,600000 -0,225359 
21,700000 -0,225943 
21,800000 -0,225771 
21,900000 -0,225951 
22,000000 -0,225579 
22,100000 -0,224767 
22,200000 -0,226948 
22,300000 -0,228903 
22,400000 -0,228431 
22,500000 -0,227557 
22,600000 -0,226587 
22,700000 -0,225259 
22,800000 -0,225799 
22,900000 -0,226004 
23,000000 -0,224803 
23,100000 -0,225861 
23,200000 -0,225639 
23,300000 -0,224403 
23,400000 -0,224827 
23,500000 -0,225135 
23,600000 -0,224724 
23,700000 -0,225089 
23,800000 -0,224831 
23,900000 -0,226569 
24,000000 -0,224953 
24,100000 -0,225300 
24,200000 -0,225236 
24,300000 -0,226534 
24,400000 -0,226104 
24,500000 -0,224898 
24,600000 -0,224165 
24,700000 -0,224208 
24,800000 -0,224985 
24,900000 -0,223606 
25,000000 -0,223810 
25,100000 -0,222816 
25,200000 -0,224816 
25,300000 -0,225735 
25,400000 -0,225172 
25,500000 -0,223668 
25,600000 -0,223088 
25,700000 -0,222149 
25,800000 -0,222145 
25,900000 -0,221939 
26,000000 -0,223493 
26,100000 -0,227993 
26,200000 -0,237567 
26,300000 -0,249852 
26,400000 -0,251461 
26,500000 -0,236215 
26,600000 -0,227655 
26,700000 -0,227148 
26,800000 -0,226094 
26,900000 -0,227618 
27,000000 -0,233456 
27,100000 -0,250738 
27,200000 -0,287829 
27,300000 -0,333119 
27,400000 -0,334119 
27,500000 -0,288449 
27,600000 -0,261911 
27,700000 -0,266439 
27,800000 -0,290727 
27,900000 -0,359258 
28,000000 -0,614013 
28,100000 -1,269868 
28,200000 -2,878460 
28,300000 -4,717167 
28,400000 -4,219442 
28,500000 -1,932996 
28,600000 -0,726984 
28,700000 -0,394073 
28,800000 -0,290809 
28,900000 -0,258219 
29,000000 -0,247000 
29,100000 -0,245518 
29,200000 -0,252414 
29,300000 -0,263721 
29,400000 -0,260256 
29,500000 -0,245194 
29,600000 -0,234092 
29,700000 -0,231672 
29,800000 -0,230489 
29,900000 -0,231115 
30,000000 -0,233713 
30,100000 -0,243818 
30,200000 -0,265340 
30,300000 -0,288818 
30,400000 -0,279341 
30,500000 -0,249827 
30,600000 -0,234013 
30,700000 -0,230115 
30,800000 -0,226558 
30,900000 -0,227825 
31,000000 -0,228207 
31,100000 -0,228876 
31,200000 -0,233149 
31,300000 -0,235260 
31,400000 -0,234660 
31,500000 -0,231572 
31,600000 -0,230374 
31,700000 -0,231080 
31,800000 -0,235137 
31,900000 -0,243568 
32,000000 -0,269453 
32,100000 -0,338407 
32,200000 -0,493273 
32,300000 -0,654001 
32,400000 -0,548911 
32,500000 -0,358440 
32,600000 -0,266939 
32,700000 -0,241168 
32,800000 -0,232157 
32,900000 -0,229933 
33,000000 -0,227293 
33,100000 -0,227506 
33,200000 -0,226828 
33,300000 -0,227468 
33,400000 -0,227740 
33,500000 -0,226972 
33,600000 -0,227027 
33,700000 -0,226924 
33,800000 -0,227324 
33,900000 -0,226853 
34,000000 -0,227747 
34,100000 -0,227713 
34,200000 -0,226990 
34,300000 -0,228651 
34,400000 -0,227553 
34,500000 -0,227672 
34,600000 -0,227035 
34,700000 -0,227940 
34,800000 -0,226665 
34,900000 -0,225689 
35,000000 -0,226675 
35,100000 -0,227485 
35,200000 -0,226796 
35,300000 -0,226753 
35,400000 -0,227677 
35,500000 -0,228150 
35,600000 -0,226269 
35,700000 -0,225840 
35,800000 -0,227766 
35,900000 -0,226358 
36,000000 -0,228121 
36,100000 -0,227881 
36,200000 -0,226175 
36,300000 -0,226931 
36,400000 -0,227214 
36,500000 -0,226626 
36,600000 -0,227350 
36,700000 -0,226052 
36,800000 -0,226817 
36,900000 -0,227075 
37,000000 -0,226422 
37,100000 -0,227930 
37,200000 -0,226391 
37,300000 -0,227185 
37,400000 -0,227223 
37,500000 -0,225937 
37,600000 -0,226377 
37,700000 -0,227919 
37,800000 -0,226339 
37,900000 -0,227514 
38,000000 -0,227170 
38,100000 -0,226649 
38,200000 -0,227631 
38,300000 -0,226814 
38,400000 -0,226602 
38,500000 -0,227149 
38,600000 -0,227704 
38,700000 -0,227758 
38,800000 -0,227005 
38,900000 -0,228323 
39,000000 -0,228443 
39,100000 -0,227157 
39,200000 -0,228078 
39,300000 -0,227731 
39,400000 -0,228144 
39,500000 -0,228731 
39,600000 -0,226924 
39,700000 -0,226877 
39,800000 -0,227331 
39,900000 -0,227896 
40,000000 -0,228846 
40,100000 -0,232398 
40,200000 -0,238476 
40,300000 -0,240773 
40,400000 -0,235505 
40,500000 -0,230143 
40,600000 -0,227531 
40,700000 -0,228059 
40,800000 -0,227976 
40,900000 -0,227129 
41,000000 -0,227229 
41,100000 -0,226148 
41,200000 -0,228275 
41,300000 -0,228356 
41,400000 -0,228208 
41,500000 -0,228105 
41,600000 -0,227781 
41,700000 -0,228386 
41,800000 -0,228074 
41,900000 -0,227553 
42,000000 -0,227575 
42,100000 -0,228454 
42,200000 -0,226446 
42,300000 -0,228498 
42,400000 -0,227806 
42,500000 -0,227663 
42,600000 -0,227471 
42,700000 -0,227248 
42,800000 -0,227724 
42,900000 -0,226939 
43,000000 -0,227025 
43,100000 -0,227158 
43,200000 -0,228998 
43,300000 -0,228211 
43,400000 -0,227579 
43,500000 -0,227855 
43,600000 -0,227268 
43,700000 -0,227857 
43,800000 -0,227370 
43,900000 -0,228714 
44,000000 -0,227886 
44,100000 -0,228867 
44,200000 -0,232034 
44,300000 -0,235434 
44,400000 -0,232391 
44,500000 -0,229432 
44,600000 -0,227114 
44,700000 -0,227935 
44,800000 -0,226736 
44,900000 -0,227381 
45,000000 -0,226699 
45,100000 -0,226431 
45,200000 -0,226615 
45,300000 -0,227120 
45,400000 -0,227099 
45,500000 -0,226489 
45,600000 -0,227606 
45,700000 -0,228003 
45,800000 -0,227403 
45,900000 -0,226518 
46,000000 -0,227956 
46,100000 -0,227969 
46,200000 -0,227224 
46,300000 -0,226935 
46,400000 -0,226831 
46,500000 -0,227839 
46,600000 -0,227993 
46,700000 -0,226955 
46,800000 -0,227438 
46,900000 -0,227971 
47,000000 -0,227421 
47,100000 -0,229026 
47,200000 -0,227577 
47,300000 -0,228671 
47,400000 -0,227088 
47,500000 -0,228682 
47,600000 -0,227018 
47,700000 -0,227068 
47,800000 -0,227725 
47,900000 -0,227397 
48,000000 -0,227597 
48,100000 -0,226908 
48,200000 -0,227738 
48,300000 -0,227111 
48,400000 -0,228105 
48,500000 -0,227423 
48,600000 -0,226803 
48,700000 -0,226846 
48,800000 -0,227464 
48,900000 -0,227694 
49,000000 -0,227759 
49,100000 -0,226547 
49,200000 -0,227161 
49,300000 -0,227794 
49,400000 -0,227834 
49,500000 -0,227449 
49,600000 -0,227857 
49,700000 -0,227172 
49,800000 -0,228674 
49,900000 -0,227922 
