0,000000 -1,777549 
0,100000 -1,299827 
0,200000 -1,071810 
0,300000 -0,948130 
0,400000 -0,850867 
0,500000 -0,787435 
0,600000 -0,776998 
0,700000 -0,762243 
0,800000 -0,748753 
0,900000 -0,750178 
1,000000 -0,749903 
1,100000 -0,746773 
1,200000 -0,744792 
1,300000 -0,731253 
1,400000 -0,731805 
1,500000 -0,728030 
1,600000 -0,732792 
1,700000 -0,728354 
1,800000 -0,712673 
1,900000 -0,590555 
2,000000 -0,390242 
2,100000 -0,321241 
2,200000 -0,217039 
2,300000 -0,133164 
2,400000 -0,080992 
2,500000 -0,055281 
2,600000 -0,046235 
2,700000 -0,088065 
2,800000 -0,499333 
2,900000 -1,054291 
3,000000 -1,132052 
3,100000 -0,741870 
3,200000 -0,419162 
3,300000 -0,229063 
3,400000 -0,116777 
3,500000 -0,058474 
3,600000 -0,021925 
3,700000 -0,001105 
3,800000 0,014962 
3,900000 0,026686 
4,000000 0,033735 
4,100000 0,037271 
4,200000 0,039821 
4,300000 0,026174 
4,400000 0,027072 
4,500000 0,034250 
4,600000 0,038083 
4,700000 0,039218 
4,800000 0,039456 
4,900000 0,037159 
5,000000 0,038723 
5,100000 0,040101 
5,200000 0,041199 
5,300000 0,040790 
5,400000 0,043780 
5,500000 0,045261 
5,600000 0,043651 
5,700000 0,042831 
5,800000 0,040225 
5,900000 0,046432 
6,000000 0,044343 
6,100000 0,045028 
6,200000 0,045068 
6,300000 0,040616 
6,400000 0,040677 
6,500000 0,042076 
6,600000 0,041316 
6,700000 0,041247 
6,800000 0,040838 
6,900000 0,042980 
7,000000 0,043630 
7,100000 0,045033 
7,200000 0,046656 
7,300000 0,043621 
7,400000 0,040381 
7,500000 0,041611 
7,600000 0,046267 
7,700000 0,044359 
7,800000 0,048672 
7,900000 0,046356 
8,000000 0,044341 
8,100000 0,041362 
8,200000 0,042096 
8,300000 0,043057 
8,400000 0,042978 
8,500000 0,044341 
8,600000 0,045284 
8,700000 0,045437 
8,800000 0,046016 
8,900000 0,041522 
9,000000 0,045778 
9,100000 0,046267 
9,200000 0,044084 
9,300000 0,045311 
9,400000 0,036304 
9,500000 0,037804 
9,600000 0,040171 
9,700000 0,040635 
9,800000 0,038615 
9,900000 0,039795 
10,000000 0,041884 
10,100000 0,037664 
10,200000 0,036330 
10,300000 0,035044 
10,400000 0,036888 
10,500000 0,038278 
10,600000 0,039489 
10,700000 0,039928 
10,800000 0,043764 
10,900000 0,043395 
11,000000 0,044571 
11,100000 0,044342 
11,200000 0,039432 
11,300000 0,041084 
11,400000 0,040083 
11,500000 0,041933 
11,600000 0,042155 
11,700000 0,038945 
11,800000 0,042389 
11,900000 0,039330 
12,000000 0,029219 
12,100000 -0,004992 
12,200000 -0,057995 
12,300000 -0,110871 
12,400000 -0,142488 
12,500000 -0,143720 
12,600000 -0,115284 
12,700000 -0,065490 
12,800000 -0,025266 
12,900000 -0,007009 
13,000000 -0,009372 
13,100000 -0,038776 
13,200000 -0,084456 
13,300000 -0,142835 
13,400000 -0,183329 
13,500000 -0,193050 
13,600000 -0,157846 
13,700000 -0,108387 
13,800000 -0,081779 
13,900000 -0,069529 
14,000000 -0,106843 
14,100000 -0,226707 
14,200000 -0,386796 
14,300000 -0,529199 
14,400000 -0,609220 
14,500000 -0,589126 
14,600000 -0,454939 
14,700000 -0,291608 
14,800000 -0,183988 
14,900000 -0,160456 
15,000000 -0,257310 
15,100000 -0,499020 
15,200000 -0,826068 
15,300000 -1,121779 
15,400000 -1,277514 
15,500000 -1,235149 
15,600000 -0,923076 
15,700000 -0,570015 
15,800000 -0,348740 
15,900000 -0,258603 
16,000000 -0,297184 
16,100000 -0,446727 
16,200000 -0,649612 
16,300000 -0,834330 
16,400000 -0,911501 
16,500000 -0,861576 
16,600000 -0,638711 
16,700000 -0,397076 
16,800000 -0,262137 
16,900000 -0,236889 
17,000000 -0,334558 
17,100000 -0,541000 
17,200000 -0,759325 
17,300000 -0,928487 
17,400000 -0,967998 
17,500000 -0,857096 
17,600000 -0,589358 
17,700000 -0,386498 
17,800000 -0,361507 
17,900000 -0,576825 
18,000000 -1,156570 
18,100000 -2,062061 
18,200000 -3,045095 
18,300000 -3,671351 
18,400000 -3,879976 
18,500000 -3,269580 
18,600000 -2,003725 
18,700000 -1,102955 
18,800000 -0,635392 
18,900000 -0,413910 
19,000000 -0,329135 
19,100000 -0,315156 
19,200000 -0,336648 
19,300000 -0,352062 
19,400000 -0,350385 
19,500000 -0,302847 
19,600000 -0,213593 
19,700000 -0,158744 
19,800000 -0,201470 
19,900000 -0,375508 
20,000000 -0,682416 
20,100000 -1,059502 
20,200000 -1,373138 
20,300000 -1,591777 
20,400000 -1,600757 
20,500000 -1,250729 
20,600000 -0,764405 
20,700000 -0,443559 
20,800000 -0,268500 
20,900000 -0,159203 
21,000000 -0,096561 
21,100000 -0,054795 
21,200000 -0,028717 
21,300000 -0,010669 
21,400000 0,000304 
21,500000 0,004521 
21,600000 0,009789 
21,700000 0,011290 
21,800000 0,014989 
21,900000 0,016579 
22,000000 0,017385 
22,100000 0,018770 
22,200000 0,011580 
22,300000 0,016878 
22,400000 0,013836 
22,500000 0,014712 
22,600000 0,017404 
22,700000 0,018346 
22,800000 0,022232 
22,900000 0,027375 
23,000000 0,028406 
23,100000 0,027290 
23,200000 0,032548 
23,300000 0,032224 
23,400000 0,031552 
23,500000 0,034794 
23,600000 0,034998 
23,700000 0,030265 
23,800000 0,022252 
23,900000 0,006306 
24,000000 -0,014839 
24,100000 -0,036985 
24,200000 -0,050954 
24,300000 -0,058615 
24,400000 -0,062740 
24,500000 -0,051898 
24,600000 -0,028516 
24,700000 -0,017394 
24,800000 -0,029948 
24,900000 -0,072512 
25,000000 -0,139651 
25,100000 -0,211798 
25,200000 -0,262707 
25,300000 -0,294853 
25,400000 -0,294768 
25,500000 -0,256851 
25,600000 -0,179250 
25,700000 -0,161812 
25,800000 -0,254775 
25,900000 -0,482106 
26,000000 -0,829013 
26,100000 -1,208601 
26,200000 -1,517826 
26,300000 -1,665873 
26,400000 -1,641947 
26,500000 -1,420371 
26,600000 -0,928977 
26,700000 -0,616843 
26,800000 -0,568901 
26,900000 -0,762402 
27,000000 -1,150081 
27,100000 -1,589531 
27,200000 -1,953588 
27,300000 -2,137585 
27,400000 -2,094524 
27,500000 -1,815792 
27,600000 -1,286636 
27,700000 -1,156760 
27,800000 -1,704754 
27,900000 -3,051257 
28,000000 -5,054840 
28,100000 -7,027638 
28,200000 -8,285573 
28,300000 -8,560089 
28,400000 -7,838185 
28,500000 -5,930377 
28,600000 -3,286985 
28,700000 -1,766781 
28,800000 -1,276314 
28,900000 -1,281701 
29,000000 -1,551174 
29,100000 -1,882668 
29,200000 -2,122658 
29,300000 -2,209045 
29,400000 -2,064484 
29,500000 -1,681023 
29,600000 -1,076212 
29,700000 -0,661286 
29,800000 -0,476363 
29,900000 -0,450891 
30,000000 -0,507096 
30,100000 -0,592481 
30,200000 -0,658351 
30,300000 -0,696419 
30,400000 -0,660502 
30,500000 -0,569239 
30,600000 -0,428136 
30,700000 -0,533156 
30,800000 -1,016382 
30,900000 -2,012222 
31,000000 -3,411027 
31,100000 -4,783658 
31,200000 -5,651828 
31,300000 -5,912633 
31,400000 -5,542930 
31,500000 -4,356864 
31,600000 -2,590059 
31,700000 -1,405344 
31,800000 -0,850663 
31,900000 -0,575423 
32,000000 -0,455220 
32,100000 -0,395790 
32,200000 -0,369499 
32,300000 -0,327615 
32,400000 -0,294956 
32,500000 -0,220939 
32,600000 -0,136764 
32,700000 -0,077921 
32,800000 -0,038458 
32,900000 -0,019449 
33,000000 -0,010210 
33,100000 -0,006086 
33,200000 0,000337 
33,300000 0,005069 
33,400000 0,004877 
33,500000 0,011111 
33,600000 0,018228 
33,700000 0,023404 
33,800000 0,026588 
33,900000 0,026536 
34,000000 0,024782 
34,100000 0,021517 
34,200000 0,023356 
34,300000 0,021792 
34,400000 0,023337 
34,500000 0,026867 
34,600000 0,033186 
34,700000 0,036099 
34,800000 0,037793 
34,900000 0,037426 
35,000000 0,038708 
35,100000 0,041279 
35,200000 0,038743 
35,300000 0,032731 
35,400000 0,036597 
35,500000 0,038204 
35,600000 0,031164 
35,700000 0,032149 
35,800000 0,027699 
35,900000 0,024522 
36,000000 0,018382 
36,100000 0,015049 
36,200000 0,011061 
36,300000 0,009827 
36,400000 0,013806 
36,500000 0,026543 
36,600000 0,023743 
36,700000 0,026093 
36,800000 0,027623 
36,900000 0,030544 
37,000000 0,024858 
37,100000 0,025064 
37,200000 0,022034 
37,300000 0,020107 
37,400000 0,023142 
37,500000 0,026273 
37,600000 0,035104 
37,700000 0,034008 
37,800000 0,030212 
37,900000 0,020368 
38,000000 0,011104 
38,100000 0,012213 
38,200000 0,009313 
38,300000 0,008370 
38,400000 0,007672 
38,500000 0,016557 
38,600000 0,017225 
38,700000 0,020080 
38,800000 0,013516 
38,900000 -0,002051 
39,000000 -0,023575 
39,100000 -0,034463 
39,200000 -0,056593 
39,300000 -0,071377 
39,400000 -0,088700 
39,500000 -0,110055 
39,600000 -0,201300 
39,700000 -0,477581 
39,800000 -1,155237 
39,900000 -2,590381 
40,000000 -4,251039 
40,100000 -5,483942 
40,200000 -6,059145 
40,300000 -5,850277 
40,400000 -4,855376 
40,500000 -3,062895 
40,600000 -1,643699 
40,700000 -0,915186 
40,800000 -0,549353 
40,900000 -0,344418 
41,000000 -0,262906 
41,100000 -0,218813 
41,200000 -0,200558 
41,300000 -0,178049 
41,400000 -0,150984 
41,500000 -0,109429 
41,600000 -0,064566 
41,700000 -0,033156 
41,800000 -0,028624 
41,900000 -0,067412 
42,000000 -0,109559 
42,100000 -0,157987 
42,200000 -0,182256 
42,300000 -0,198719 
42,400000 -0,201868 
42,500000 -0,156742 
42,600000 -0,092661 
42,700000 -0,063705 
42,800000 -0,060883 
42,900000 -0,140423 
43,000000 -0,256038 
43,100000 -0,364528 
43,200000 -0,444133 
43,300000 -0,476193 
43,400000 -0,461118 
43,500000 -0,380151 
43,600000 -0,243553 
43,700000 -0,165644 
43,800000 -0,155964 
43,900000 -0,264371 
44,000000 -0,419506 
44,100000 -0,575895 
44,200000 -0,676866 
44,300000 -0,707703 
44,400000 -0,667983 
44,500000 -0,525268 
44,600000 -0,344888 
44,700000 -0,238396 
44,800000 -0,250458 
44,900000 -0,533240 
45,000000 -0,929745 
45,100000 -1,334672 
45,200000 -1,655719 
45,300000 -1,805861 
45,400000 -1,777180 
45,500000 -1,483736 
45,600000 -0,948565 
45,700000 -0,571908 
45,800000 -0,389539 
45,900000 -0,368759 
46,000000 -0,499538 
46,100000 -0,670715 
46,200000 -0,802297 
46,300000 -0,877566 
46,400000 -0,866155 
46,500000 -0,728250 
46,600000 -0,486679 
46,700000 -0,285324 
46,800000 -0,164669 
46,900000 -0,103243 
47,000000 -0,063591 
47,100000 -0,052807 
47,200000 -0,049276 
47,300000 -0,041643 
47,400000 -0,037001 
47,500000 -0,014093 
47,600000 0,011568 
47,700000 0,007282 
47,800000 0,023377 
47,900000 0,053575 
48,000000 0,041122 
48,100000 0,042676 
48,200000 0,042374 
48,300000 0,029031 
48,400000 0,032821 
48,500000 0,037850 
48,600000 0,041352 
48,700000 0,037090 
48,800000 0,049374 
48,900000 0,047111 
49,000000 0,044715 
49,100000 0,050560 
49,200000 0,048667 
49,300000 0,048470 
49,400000 0,047090 
49,500000 0,033178 
49,600000 0,041792 
49,700000 0,044367 
49,800000 0,051191 
49,900000 0,037556 
50,000000 0,015160 
50,100000 0,014156 
50,200000 0,008466 
50,300000 0,011039 
50,400000 0,006583 
50,500000 0,010067 
50,600000 0,022668 
50,700000 0,024834 
50,800000 0,031492 
50,900000 0,031240 
51,000000 0,024773 
51,100000 0,027228 
51,200000 0,020948 
51,300000 0,018543 
51,400000 0,017473 
51,500000 0,021072 
51,600000 0,026601 
51,700000 0,030069 
51,800000 0,033416 
51,900000 0,037162 
52,000000 0,037218 
52,100000 0,031510 
52,200000 0,032361 
52,300000 0,035060 
52,400000 0,032865 
52,500000 0,033717 
52,600000 0,049765 
52,700000 0,063789 
52,800000 0,070079 
52,900000 0,059828 
53,000000 0,060814 
53,100000 0,055063 
53,200000 0,052330 
53,300000 0,052276 
53,400000 0,051574 
53,500000 0,052265 
53,600000 0,046883 
53,700000 0,048930 
53,800000 0,051346 
53,900000 0,050794 
54,000000 0,053755 
54,100000 0,052763 
54,200000 0,051983 
54,300000 0,048550 
54,400000 0,049216 
54,500000 0,049848 
54,600000 0,050350 
54,700000 0,053651 
54,800000 0,058914 
54,900000 0,058368 
55,000000 0,059867 
55,100000 0,056716 
55,200000 0,049748 
55,300000 0,054989 
55,400000 0,053178 
55,500000 0,052813 
55,600000 0,052667 
55,700000 0,053448 
55,800000 0,033067 
55,900000 0,034154 
56,000000 0,033255 
56,100000 0,037457 
56,200000 0,038459 
56,300000 0,040867 
56,400000 0,033135 
56,500000 0,036176 
56,600000 0,040917 
56,700000 0,048590 
56,800000 0,046645 
56,900000 0,041500 
57,000000 0,040053 
57,100000 0,045421 
57,200000 0,041417 
57,300000 0,039493 
57,400000 0,040133 
57,500000 0,040025 
57,600000 0,042016 
57,700000 0,046442 
57,800000 0,045613 
57,900000 0,046195 
58,000000 0,044373 
58,100000 0,045955 
58,200000 0,048428 
58,300000 0,042902 
58,400000 0,046559 
58,500000 0,043791 
58,600000 0,047775 
58,700000 0,055163 
58,800000 0,051101 
58,900000 0,049483 
59,000000 0,052329 
59,100000 0,047152 
59,200000 0,046214 
59,300000 0,048809 
59,400000 0,037952 
59,500000 0,054183 
59,600000 0,060286 
59,700000 0,056846 
59,800000 0,049893 
59,900000 0,053142 
60,000000 0,054237 
60,100000 0,055279 
60,200000 0,047502 
60,300000 0,045429 
60,400000 0,043442 
60,500000 0,048902 
60,600000 0,051770 
60,700000 0,052507 
60,800000 0,053578 
60,900000 0,052587 
61,000000 0,050962 
61,100000 0,052411 
61,200000 0,048763 
61,300000 0,048283 
61,400000 0,050665 
61,500000 0,051099 
61,600000 0,053117 
61,700000 0,053488 
61,800000 0,051468 
61,900000 0,051786 
62,000000 0,055861 
62,100000 0,049790 
62,200000 0,046203 
62,300000 0,049321 
62,400000 0,045116 
62,500000 0,046437 
62,600000 0,043818 
62,700000 0,046471 
62,800000 0,048049 
62,900000 0,049096 
63,000000 0,047763 
63,100000 0,049317 
63,200000 0,046715 
63,300000 0,050246 
63,400000 0,047284 
63,500000 0,050511 
63,600000 0,048417 
63,700000 0,049199 
63,800000 0,044792 
63,900000 0,047359 
64,000000 0,047985 
64,100000 0,046846 
64,200000 0,047782 
64,300000 0,049032 
64,400000 0,046809 
64,500000 0,046298 
64,600000 0,047375 
64,700000 0,050303 
64,800000 0,051872 
64,900000 0,049189 
65,000000 0,050179 
65,100000 0,048906 
65,200000 0,047275 
65,300000 0,046268 
65,400000 0,050790 
65,500000 0,044156 
65,600000 0,044061 
65,700000 0,047921 
65,800000 0,050641 
65,900000 0,046887 
66,000000 0,048705 
66,100000 0,045812 
66,200000 0,041083 
66,300000 0,038384 
66,400000 0,037373 
66,500000 0,039892 
66,600000 0,045234 
66,700000 0,046983 
66,800000 0,048350 
66,900000 0,048647 
67,000000 0,049420 
67,100000 0,051349 
67,200000 0,051477 
67,300000 0,049847 
67,400000 0,046133 
67,500000 0,048913 
67,600000 0,047410 
67,700000 0,048914 
67,800000 0,047920 
67,900000 0,049617 
68,000000 0,050216 
68,100000 0,051861 
68,200000 0,051663 
68,300000 0,055024 
68,400000 0,056133 
68,500000 0,054937 
68,600000 0,052440 
68,700000 0,053323 
68,800000 0,046835 
68,900000 0,041906 
69,000000 0,036284 
69,100000 0,021355 
69,200000 0,003096 
69,300000 -0,008888 
69,400000 -0,019466 
69,500000 -0,017402 
69,600000 0,005299 
69,700000 0,019327 
69,800000 0,033100 
69,900000 0,040053 
70,000000 0,045240 
70,100000 0,048067 
70,200000 0,045715 
70,300000 0,044293 
70,400000 0,047977 
70,500000 0,050882 
70,600000 0,050543 
70,700000 0,049948 
70,800000 0,050638 
70,900000 0,053372 
71,000000 0,054271 
71,100000 0,055646 
71,200000 0,056033 
71,300000 0,054084 
71,400000 0,054990 
71,500000 0,053365 
71,600000 0,053366 
71,700000 0,052391 
71,800000 0,051594 
71,900000 0,049889 
72,000000 0,052132 
72,100000 0,055352 
72,200000 0,059894 
72,300000 0,057369 
72,400000 0,060335 
72,500000 0,052625 
72,600000 0,054752 
72,700000 0,053942 
72,800000 0,055068 
72,900000 0,049952 
73,000000 0,050871 
73,100000 0,055000 
73,200000 0,070186 
73,300000 0,063678 
73,400000 0,053012 
73,500000 0,054598 
73,600000 0,057067 
73,700000 0,052802 
73,800000 0,055877 
73,900000 0,054476 
74,000000 0,051003 
74,100000 0,053368 
74,200000 0,052323 
74,300000 0,052168 
74,400000 0,053556 
74,500000 0,058013 
74,600000 0,056335 
74,700000 0,058028 
74,800000 0,056273 
74,900000 0,056124 
75,000000 0,056913 
75,100000 0,056341 
75,200000 0,052339 
75,300000 0,050848 
75,400000 0,050523 
75,500000 0,053068 
75,600000 0,052428 
75,700000 0,055787 
75,800000 0,056875 
75,900000 0,057881 
76,000000 0,056204 
76,100000 0,056677 
76,200000 0,056411 
76,300000 0,053919 
76,400000 0,055618 
76,500000 0,054612 
76,600000 0,054808 
76,700000 0,054159 
76,800000 0,055638 
76,900000 0,055217 
77,000000 0,057829 
77,100000 0,055252 
77,200000 0,054138 
77,300000 0,054258 
77,400000 0,053896 
77,500000 0,054977 
77,600000 0,055543 
77,700000 0,055655 
77,800000 0,056573 
77,900000 0,054232 
78,000000 0,056156 
78,100000 0,052741 
78,200000 0,055490 
78,300000 0,052365 
78,400000 0,053459 
78,500000 0,051640 
78,600000 0,052188 
78,700000 0,053457 
78,800000 0,054891 
78,900000 0,054467 
79,000000 0,052810 
79,100000 0,051688 
79,200000 0,052004 
79,300000 0,055974 
79,400000 0,056182 
79,500000 0,054700 
79,600000 0,052488 
79,700000 0,053250 
79,800000 0,054825 
79,900000 0,053638 
80,000000 0,052532 
80,100000 0,052818 
80,200000 0,052390 
80,300000 0,053767 
80,400000 0,053234 
80,500000 0,056022 
80,600000 0,055191 
80,700000 0,050014 
80,800000 0,052280 
80,900000 0,053233 
81,000000 0,054881 
81,100000 0,054719 
81,200000 0,055654 
81,300000 0,054243 
81,400000 0,054329 
81,500000 0,050649 
81,600000 0,051247 
81,700000 0,055353 
81,800000 0,055732 
81,900000 0,055519 
82,000000 0,054808 
82,100000 0,052304 
82,200000 0,052305 
82,300000 0,052008 
82,400000 0,053498 
82,500000 0,052298 
82,600000 0,052694 
82,700000 0,054536 
82,800000 0,052131 
82,900000 0,052908 
83,000000 0,053023 
83,100000 0,052059 
83,200000 0,053392 
83,300000 0,052614 
83,400000 0,052335 
83,500000 0,053235 
83,600000 0,051439 
83,700000 0,052615 
83,800000 0,050636 
83,900000 0,049559 
84,000000 0,051360 
84,100000 0,051432 
84,200000 0,053251 
84,300000 0,052480 
84,400000 0,049858 
84,500000 0,049685 
84,600000 0,053846 
84,700000 0,053359 
84,800000 0,057249 
84,900000 0,055230 
85,000000 0,054514 
85,100000 0,052856 
85,200000 0,051942 
85,300000 0,052812 
85,400000 0,053662 
85,500000 0,051804 
85,600000 0,050810 
85,700000 0,051451 
85,800000 0,053462 
85,900000 0,054504 
86,000000 0,055942 
86,100000 0,055651 
86,200000 0,055303 
86,300000 0,053876 
86,400000 0,051921 
86,500000 0,053833 
86,600000 0,054185 
86,700000 0,050651 
86,800000 0,050224 
86,900000 0,054234 
87,000000 0,055439 
87,100000 0,054323 
87,200000 0,055350 
87,300000 0,053845 
87,400000 0,053314 
87,500000 0,052548 
87,600000 0,053366 
87,700000 0,056156 
87,800000 0,055990 
87,900000 0,056456 
88,000000 0,057308 
88,100000 0,056644 
88,200000 0,054445 
88,300000 0,054019 
88,400000 0,055823 
88,500000 0,056845 
88,600000 0,054844 
88,700000 0,054519 
88,800000 0,055325 
88,900000 0,053661 
89,000000 0,054560 
89,100000 0,056160 
89,200000 0,055502 
89,300000 0,047121 
89,400000 0,053287 
89,500000 0,050957 
89,600000 0,052418 
89,700000 0,053819 
89,800000 0,054360 
89,900000 0,051305 
90,000000 0,054592 
90,100000 0,056186 
90,200000 0,054751 
90,300000 0,055867 
90,400000 0,049132 
90,500000 0,054020 
90,600000 0,049435 
90,700000 0,053767 
90,800000 0,049082 
90,900000 0,050881 
91,000000 0,055120 
91,100000 0,055269 
91,200000 0,052777 
91,300000 0,051424 
91,400000 0,051303 
91,500000 0,047232 
91,600000 0,043948 
91,700000 0,054744 
91,800000 0,052647 
91,900000 0,051901 
92,000000 0,050799 
92,100000 0,050979 
92,200000 0,051539 
92,300000 0,050186 
92,400000 0,050578 
92,500000 0,050352 
92,600000 0,053718 
92,700000 0,054539 
92,800000 0,053499 
92,900000 0,052226 
93,000000 0,051842 
93,100000 0,052531 
93,200000 0,050694 
93,300000 0,050956 
93,400000 0,053229 
93,500000 0,054054 
93,600000 0,050763 
93,700000 0,051513 
93,800000 0,053116 
93,900000 0,052427 
94,000000 0,052193 
94,100000 0,050250 
94,200000 0,052195 
94,300000 0,050849 
94,400000 0,050897 
94,500000 0,051165 
94,600000 0,050287 
94,700000 0,051214 
94,800000 0,051407 
94,900000 0,052615 
95,000000 0,053996 
95,100000 0,052370 
95,200000 0,052086 
95,300000 0,047482 
95,400000 0,041145 
95,500000 0,049725 
95,600000 0,048471 
95,700000 0,051455 
95,800000 0,050503 
95,900000 0,047507 
96,000000 0,047766 
96,100000 0,049404 
96,200000 0,050922 
96,300000 0,050483 
96,400000 0,052575 
96,500000 0,045376 
96,600000 0,040755 
96,700000 0,041566 
96,800000 0,041363 
96,900000 0,042201 
97,000000 0,044797 
97,100000 0,044690 
97,200000 0,043955 
97,300000 0,051292 
97,400000 0,048059 
97,500000 0,044914 
97,600000 0,043490 
97,700000 0,048542 
97,800000 0,048250 
97,900000 0,046730 
98,000000 0,045975 
98,100000 0,045837 
98,200000 0,051378 
98,300000 0,048832 
98,400000 0,052794 
98,500000 0,045358 
98,600000 0,046052 
98,700000 0,033895 
98,800000 0,034782 
98,900000 0,037171 
99,000000 0,039520 
99,100000 0,040651 
99,200000 0,050407 
99,300000 0,025574 
99,400000 0,043297 
99,500000 0,055730 
99,600000 0,059435 
99,700000 0,044461 
99,800000 0,057980 
99,900000 0,061354 
100,000000 0,058171 
