0,000000 -3,275468 
0,100000 -1,668422 
0,200000 -1,019914 
0,300000 -0,701106 
0,400000 -0,536007 
0,500000 -0,432732 
0,600000 -0,370633 
0,700000 -0,329404 
0,800000 -0,305745 
0,900000 -0,287199 
1,000000 -0,284135 
1,100000 -0,274707 
1,200000 -0,271114 
1,300000 -0,268251 
1,400000 -0,265668 
1,500000 -0,264693 
1,600000 -0,260651 
1,700000 -0,262550 
1,800000 -0,261592 
1,900000 -0,208491 
2,000000 -0,122296 
2,100000 -0,077558 
2,200000 -0,034686 
2,300000 -0,006210 
2,400000 0,012074 
2,500000 0,021410 
2,600000 0,027864 
2,700000 0,017136 
2,800000 -0,067077 
2,900000 -0,253825 
3,000000 -0,334186 
3,100000 -0,219714 
3,200000 -0,098626 
3,300000 -0,033179 
3,400000 0,004563 
3,500000 0,026718 
3,600000 0,042395 
3,700000 0,050604 
3,800000 0,052290 
3,900000 0,056220 
4,000000 0,056488 
4,100000 0,059093 
4,200000 0,061611 
4,300000 0,058846 
4,400000 0,059578 
4,500000 0,061339 
4,600000 0,061822 
4,700000 0,065915 
4,800000 0,063991 
4,900000 0,062878 
5,000000 0,062792 
5,100000 0,063759 
5,200000 0,066304 
5,300000 0,067103 
5,400000 0,070062 
5,500000 0,068078 
5,600000 0,064904 
5,700000 0,062665 
5,800000 0,063051 
5,900000 0,064884 
6,000000 0,061828 
6,100000 0,067568 
6,200000 0,061664 
6,300000 0,064371 
6,400000 0,063434 
6,500000 0,065046 
6,600000 0,068525 
6,700000 0,068158 
6,800000 0,064698 
6,900000 0,066737 
7,000000 0,068763 
7,100000 0,070200 
7,200000 0,065046 
7,300000 0,065730 
7,400000 0,063727 
7,500000 0,067604 
7,600000 0,064208 
7,700000 0,063489 
7,800000 0,062104 
7,900000 0,064187 
8,000000 0,063778 
8,100000 0,069998 
8,200000 0,068096 
8,300000 0,066120 
8,400000 0,065643 
8,500000 0,063696 
8,600000 0,060958 
8,700000 0,058000 
8,800000 0,060233 
8,900000 0,061625 
9,000000 0,062294 
9,100000 0,060982 
9,200000 0,061193 
9,300000 0,062435 
9,400000 0,061846 
9,500000 0,059555 
9,600000 0,062838 
9,700000 0,062480 
9,800000 0,062666 
9,900000 0,055180 
10,000000 0,057678 
10,100000 0,058527 
10,200000 0,059002 
10,300000 0,060546 
10,400000 0,062511 
10,500000 0,063143 
10,600000 0,063347 
10,700000 0,064348 
10,800000 0,067019 
10,900000 0,062850 
11,000000 0,062416 
11,100000 0,064141 
11,200000 0,062315 
11,300000 0,063166 
11,400000 0,062984 
11,500000 0,061400 
11,600000 0,055827 
11,700000 0,057006 
11,800000 0,057660 
11,900000 0,057622 
12,000000 0,056994 
12,100000 0,047620 
12,200000 0,029457 
12,300000 0,014297 
12,400000 0,001197 
12,500000 -0,000913 
12,600000 0,011769 
12,700000 0,029819 
12,800000 0,048016 
12,900000 0,051961 
13,000000 0,055438 
13,100000 0,044022 
13,200000 0,022377 
13,300000 0,000710 
13,400000 -0,008091 
13,500000 -0,020807 
13,600000 -0,006120 
13,700000 0,020025 
13,800000 0,029650 
13,900000 0,028899 
14,000000 0,002859 
14,100000 -0,077126 
14,200000 -0,182135 
14,300000 -0,270307 
14,400000 -0,308183 
14,500000 -0,291553 
14,600000 -0,201430 
14,700000 -0,103330 
14,800000 -0,036865 
14,900000 -0,013461 
15,000000 -0,041414 
15,100000 -0,133941 
15,200000 -0,268748 
15,300000 -0,374115 
15,400000 -0,418234 
15,500000 -0,395796 
15,600000 -0,271219 
15,700000 -0,154352 
15,800000 -0,067301 
15,900000 -0,041483 
16,000000 -0,065679 
16,100000 -0,149877 
16,200000 -0,273410 
16,300000 -0,348088 
16,400000 -0,373782 
16,500000 -0,345307 
16,600000 -0,229964 
16,700000 -0,116136 
16,800000 -0,054089 
16,900000 -0,038932 
17,000000 -0,073838 
17,100000 -0,168253 
17,200000 -0,258143 
17,300000 -0,318426 
17,400000 -0,320769 
17,500000 -0,264988 
17,600000 -0,160724 
17,700000 -0,082739 
17,800000 -0,064211 
17,900000 -0,145292 
18,000000 -0,373032 
18,100000 -0,730113 
18,200000 -1,051364 
18,300000 -1,248689 
18,400000 -1,303967 
18,500000 -1,081844 
18,600000 -0,678645 
18,700000 -0,372674 
18,800000 -0,202397 
18,900000 -0,110906 
19,000000 -0,074491 
19,100000 -0,071808 
19,200000 -0,073848 
19,300000 -0,074179 
19,400000 -0,069452 
19,500000 -0,042764 
19,600000 -0,007999 
19,700000 0,013299 
19,800000 0,021460 
19,900000 -0,003195 
20,000000 -0,045912 
20,100000 -0,093198 
20,200000 -0,126589 
20,300000 -0,153760 
20,400000 -0,148574 
20,500000 -0,101586 
20,600000 -0,039706 
20,700000 -0,001004 
20,800000 0,021036 
20,900000 0,039077 
21,000000 0,044833 
21,100000 0,049405 
21,200000 0,052945 
21,300000 0,055645 
21,400000 0,056572 
21,500000 0,058012 
21,600000 0,060705 
21,700000 0,058518 
21,800000 0,057311 
21,900000 0,059162 
22,000000 0,057431 
22,100000 0,057756 
22,200000 0,055617 
22,300000 0,058255 
22,400000 0,053756 
22,500000 0,054567 
22,600000 0,058319 
22,700000 0,060066 
22,800000 0,060492 
22,900000 0,060753 
23,000000 0,060529 
23,100000 0,061041 
23,200000 0,062472 
23,300000 0,067439 
23,400000 0,063848 
23,500000 0,061812 
23,600000 0,063558 
23,700000 0,059931 
23,800000 0,057348 
23,900000 0,053752 
24,000000 0,045571 
24,100000 0,037100 
24,200000 0,031023 
24,300000 0,027134 
24,400000 0,028795 
24,500000 0,031675 
24,600000 0,043021 
24,700000 0,045909 
24,800000 0,036074 
24,900000 0,017830 
25,000000 -0,009670 
25,100000 -0,035561 
25,200000 -0,056181 
25,300000 -0,061219 
25,400000 -0,056669 
25,500000 -0,045461 
25,600000 -0,016348 
25,700000 -0,007602 
25,800000 -0,045109 
25,900000 -0,148951 
26,000000 -0,323095 
26,100000 -0,472577 
26,200000 -0,570468 
26,300000 -0,605541 
26,400000 -0,586372 
26,500000 -0,482515 
26,600000 -0,292894 
26,700000 -0,180217 
26,800000 -0,176533 
26,900000 -0,290088 
27,000000 -0,483197 
27,100000 -0,673095 
27,200000 -0,797600 
27,300000 -0,847271 
27,400000 -0,813022 
27,500000 -0,685605 
27,600000 -0,508477 
27,700000 -0,566524 
27,800000 -1,007917 
27,900000 -2,102517 
28,000000 -3,631585 
28,100000 -4,847728 
28,200000 -5,454716 
28,300000 -5,436127 
28,400000 -4,864112 
28,500000 -3,591612 
28,600000 -2,028885 
28,700000 -1,089204 
28,800000 -0,704820 
28,900000 -0,601903 
29,000000 -0,639813 
29,100000 -0,712876 
29,200000 -0,760095 
29,300000 -0,751278 
29,400000 -0,682430 
29,500000 -0,531154 
29,600000 -0,327237 
29,700000 -0,183615 
29,800000 -0,122738 
29,900000 -0,122644 
30,000000 -0,144191 
30,100000 -0,178042 
30,200000 -0,198110 
30,300000 -0,200112 
30,400000 -0,189544 
30,500000 -0,146787 
30,600000 -0,094013 
30,700000 -0,140691 
30,800000 -0,324536 
30,900000 -0,727489 
31,000000 -1,230650 
31,100000 -1,680253 
31,200000 -1,936708 
31,300000 -1,984891 
31,400000 -1,838406 
31,500000 -1,438797 
31,600000 -0,877355 
31,700000 -0,511119 
31,800000 -0,350484 
31,900000 -0,328256 
32,000000 -0,358773 
32,100000 -0,393301 
32,200000 -0,407420 
32,300000 -0,388508 
32,400000 -0,342692 
32,500000 -0,238438 
32,600000 -0,121354 
32,700000 -0,052857 
32,800000 -0,007741 
32,900000 0,010951 
33,000000 0,027409 
33,100000 0,035797 
33,200000 0,038248 
33,300000 0,042275 
33,400000 0,043448 
33,500000 0,050659 
33,600000 0,054973 
33,700000 0,058414 
33,800000 0,058935 
33,900000 0,062498 
34,000000 0,060266 
34,100000 0,055520 
34,200000 0,055995 
34,300000 0,056776 
34,400000 0,057299 
34,500000 0,057248 
34,600000 0,059235 
34,700000 0,061993 
34,800000 0,065547 
34,900000 0,062228 
35,000000 0,062209 
35,100000 0,061086 
35,200000 0,059653 
35,300000 0,063610 
35,400000 0,064572 
35,500000 0,064683 
35,600000 0,063051 
35,700000 0,061914 
35,800000 0,059031 
35,900000 0,061257 
36,000000 0,061803 
36,100000 0,062873 
36,200000 0,061015 
36,300000 0,060480 
36,400000 0,061048 
36,500000 0,060924 
36,600000 0,063984 
36,700000 0,062395 
36,800000 0,062622 
36,900000 0,061425 
37,000000 0,059544 
37,100000 0,058443 
37,200000 0,056381 
37,300000 0,055871 
37,400000 0,056378 
37,500000 0,059014 
37,600000 0,060653 
37,700000 0,059751 
37,800000 0,059239 
37,900000 0,054224 
38,000000 0,052661 
38,100000 0,049036 
38,200000 0,047506 
38,300000 0,046858 
38,400000 0,048307 
38,500000 0,052229 
38,600000 0,054863 
38,700000 0,055971 
38,800000 0,049099 
38,900000 0,039366 
39,000000 0,018352 
39,100000 0,005767 
39,200000 -0,004559 
39,300000 -0,006185 
39,400000 -0,002898 
39,500000 0,009737 
39,600000 0,019402 
39,700000 0,006479 
39,800000 -0,038757 
39,900000 -0,158307 
40,000000 -0,274642 
40,100000 -0,350421 
40,200000 -0,383826 
40,300000 -0,379170 
40,400000 -0,317785 
40,500000 -0,196786 
40,600000 -0,096114 
40,700000 -0,038395 
40,800000 -0,013794 
40,900000 -0,031224 
41,000000 -0,065284 
41,100000 -0,096142 
41,200000 -0,114022 
41,300000 -0,122672 
41,400000 -0,109253 
41,500000 -0,076413 
41,600000 -0,028898 
41,700000 0,000702 
41,800000 0,009402 
41,900000 -0,018229 
42,000000 -0,055580 
42,100000 -0,093307 
42,200000 -0,117726 
42,300000 -0,122459 
42,400000 -0,113162 
42,500000 -0,080817 
42,600000 -0,034807 
42,700000 -0,004275 
42,800000 -0,006723 
42,900000 -0,065107 
43,000000 -0,151042 
43,100000 -0,222986 
43,200000 -0,269801 
43,300000 -0,282472 
43,400000 -0,263131 
43,500000 -0,203811 
43,600000 -0,112961 
43,700000 -0,052906 
43,800000 -0,039276 
43,900000 -0,086225 
44,000000 -0,148367 
44,100000 -0,198040 
44,200000 -0,225395 
44,300000 -0,226102 
44,400000 -0,199030 
44,500000 -0,138562 
44,600000 -0,072816 
44,700000 -0,041108 
44,800000 -0,054762 
44,900000 -0,192522 
45,000000 -0,381430 
45,100000 -0,544650 
45,200000 -0,654741 
45,300000 -0,683842 
45,400000 -0,644345 
45,500000 -0,511592 
45,600000 -0,311673 
45,700000 -0,170869 
45,800000 -0,105174 
45,900000 -0,097187 
46,000000 -0,173908 
46,100000 -0,255497 
46,200000 -0,306862 
46,300000 -0,321583 
46,400000 -0,302141 
46,500000 -0,240354 
46,600000 -0,131674 
46,700000 -0,052364 
46,800000 -0,008574 
46,900000 0,019004 
47,000000 0,027841 
47,100000 0,030580 
47,200000 0,031832 
47,300000 0,030730 
47,400000 0,035039 
47,500000 0,039989 
47,600000 0,049721 
47,700000 0,050662 
47,800000 0,053282 
47,900000 0,055626 
48,000000 0,058522 
48,100000 0,058733 
48,200000 0,060380 
48,300000 0,056597 
48,400000 0,057322 
48,500000 0,058260 
48,600000 0,057090 
48,700000 0,059158 
48,800000 0,060087 
48,900000 0,061557 
49,000000 0,062042 
49,100000 0,062539 
49,200000 0,060641 
49,300000 0,059684 
49,400000 0,061695 
49,500000 0,064475 
49,600000 0,063285 
49,700000 0,061785 
49,800000 0,062584 
49,900000 0,059897 
50,000000 0,058709 
50,100000 0,054223 
50,200000 0,050027 
50,300000 0,048881 
50,400000 0,049604 
50,500000 0,048918 
50,600000 0,053255 
50,700000 0,055532 
50,800000 0,052774 
50,900000 0,056643 
51,000000 0,052543 
51,100000 0,050964 
51,200000 0,047789 
51,300000 0,047050 
51,400000 0,048473 
51,500000 0,052388 
51,600000 0,055794 
51,700000 0,060762 
51,800000 0,059841 
51,900000 0,059319 
52,000000 0,061784 
52,100000 0,058818 
52,200000 0,058496 
52,300000 0,056854 
52,400000 0,058190 
52,500000 0,059536 
52,600000 0,059373 
52,700000 0,060160 
52,800000 0,060467 
52,900000 0,059632 
53,000000 0,059906 
53,100000 0,058901 
53,200000 0,058239 
53,300000 0,056000 
53,400000 0,055232 
53,500000 0,057533 
53,600000 0,060498 
53,700000 0,060866 
53,800000 0,063498 
53,900000 0,061937 
54,000000 0,059812 
54,100000 0,061446 
54,200000 0,059877 
54,300000 0,058821 
54,400000 0,057578 
54,500000 0,059857 
54,600000 0,059395 
54,700000 0,061875 
54,800000 0,059742 
54,900000 0,061240 
55,000000 0,061577 
55,100000 0,055024 
55,200000 0,052195 
55,300000 0,051425 
55,400000 0,051516 
55,500000 0,053785 
55,600000 0,057421 
55,700000 0,056010 
55,800000 0,058165 
55,900000 0,055373 
56,000000 0,048576 
56,100000 0,035723 
56,200000 0,020574 
56,300000 0,011005 
56,400000 0,007747 
56,500000 0,014687 
56,600000 0,029301 
56,700000 0,039680 
56,800000 0,048272 
56,900000 0,048811 
57,000000 0,044764 
57,100000 0,029741 
57,200000 0,012587 
57,300000 0,001731 
57,400000 0,000226 
57,500000 0,005865 
57,600000 0,023188 
57,700000 0,037625 
57,800000 0,049362 
57,900000 0,054536 
58,000000 0,056447 
58,100000 0,053976 
58,200000 0,056079 
58,300000 0,058848 
58,400000 0,058091 
58,500000 0,056700 
58,600000 -0,006911 
58,700000 -0,008619 
58,800000 0,002965 
58,900000 0,012864 
59,000000 0,023300 
59,100000 0,024033 
59,200000 0,026388 
59,300000 0,029275 
59,400000 0,027470 
59,500000 0,027544 
59,600000 0,029542 
59,700000 0,030726 
59,800000 0,029694 
59,900000 0,028710 
60,000000 0,030838 
60,100000 0,025893 
60,200000 0,024306 
60,300000 0,027435 
60,400000 0,027663 
60,500000 0,027698 
60,600000 0,028348 
60,700000 0,030375 
60,800000 0,030332 
60,900000 0,028539 
61,000000 0,030884 
61,100000 0,028743 
61,200000 0,027807 
61,300000 0,028276 
61,400000 0,027626 
61,500000 0,028443 
61,600000 0,025990 
61,700000 0,028800 
61,800000 0,028927 
61,900000 0,028112 
62,000000 0,028175 
62,100000 0,028010 
62,200000 0,028294 
62,300000 0,027217 
62,400000 0,027411 
62,500000 0,028796 
62,600000 0,028209 
62,700000 0,032109 
62,800000 0,028131 
62,900000 0,027703 
63,000000 0,028354 
63,100000 0,031684 
63,200000 0,030032 
63,300000 0,029345 
63,400000 0,027987 
63,500000 0,028663 
63,600000 0,028479 
63,700000 0,029173 
63,800000 0,030940 
63,900000 0,029172 
64,000000 0,029453 
64,100000 0,031158 
64,200000 0,027810 
64,300000 0,030070 
64,400000 0,028396 
64,500000 0,030054 
64,600000 0,030518 
64,700000 0,030705 
64,800000 0,031183 
64,900000 0,028786 
65,000000 0,029213 
65,100000 0,027472 
65,200000 0,027914 
65,300000 0,028870 
65,400000 0,029745 
65,500000 0,028116 
65,600000 0,026565 
65,700000 0,026012 
65,800000 0,029700 
65,900000 0,029482 
66,000000 0,031990 
66,100000 0,027757 
66,200000 0,024899 
66,300000 0,024663 
66,400000 0,025453 
66,500000 0,024464 
66,600000 0,023734 
66,700000 0,028981 
66,800000 0,031193 
66,900000 0,027429 
67,000000 0,029032 
67,100000 0,030475 
67,200000 0,027816 
67,300000 0,029477 
67,400000 0,027991 
67,500000 0,027631 
67,600000 0,028420 
67,700000 0,026568 
67,800000 0,027794 
67,900000 0,026174 
68,000000 0,027768 
68,100000 0,028254 
68,200000 0,031067 
68,300000 0,026969 
68,400000 0,027010 
68,500000 0,025855 
68,600000 0,026657 
68,700000 0,026859 
68,800000 0,027229 
68,900000 0,027559 
69,000000 0,025836 
69,100000 0,017546 
69,200000 0,008432 
69,300000 0,004637 
69,400000 0,002897 
69,500000 0,003598 
69,600000 0,009976 
69,700000 0,018431 
69,800000 0,023258 
69,900000 0,024510 
70,000000 0,026059 
70,100000 0,029406 
70,200000 0,025942 
70,300000 0,026320 
70,400000 0,023101 
70,500000 0,021704 
70,600000 0,022041 
70,700000 0,023109 
70,800000 0,028933 
70,900000 0,029782 
71,000000 0,026155 
71,100000 0,024852 
71,200000 0,023639 
71,300000 0,018469 
71,400000 0,014673 
71,500000 0,013628 
71,600000 0,012886 
71,700000 0,019761 
71,800000 0,022799 
71,900000 0,028669 
72,000000 0,027947 
72,100000 0,027403 
72,200000 0,028898 
72,300000 0,026832 
72,400000 0,025644 
72,500000 0,025464 
72,600000 0,026740 
72,700000 0,027417 
72,800000 0,028416 
72,900000 0,026347 
73,000000 0,028205 
73,100000 0,028305 
73,200000 0,030067 
73,300000 0,029168 
73,400000 0,028505 
73,500000 0,031153 
73,600000 0,031185 
73,700000 0,029823 
73,800000 0,033793 
73,900000 0,032846 
74,000000 0,031797 
74,100000 0,034460 
74,200000 0,028028 
74,300000 0,028551 
74,400000 0,028425 
74,500000 0,031813 
74,600000 0,029074 
74,700000 0,029802 
74,800000 0,030918 
74,900000 0,028795 
75,000000 0,028542 
75,100000 0,027822 
75,200000 0,029293 
75,300000 0,028446 
75,400000 0,028497 
75,500000 0,029865 
75,600000 0,030057 
75,700000 0,032361 
75,800000 0,029384 
75,900000 0,029204 
76,000000 0,029730 
76,100000 0,027299 
76,200000 0,029532 
76,300000 0,028425 
76,400000 0,029573 
76,500000 0,027933 
76,600000 0,030399 
76,700000 0,028337 
76,800000 0,030103 
76,900000 0,029202 
77,000000 0,031215 
77,100000 0,031092 
77,200000 0,029405 
77,300000 0,029956 
77,400000 0,028979 
77,500000 0,030891 
77,600000 0,027500 
77,700000 0,028116 
77,800000 0,029698 
77,900000 0,030623 
78,000000 0,029271 
78,100000 0,029617 
78,200000 0,030473 
78,300000 0,029750 
78,400000 0,028728 
78,500000 0,029131 
78,600000 0,027896 
78,700000 0,028068 
78,800000 0,029459 
78,900000 0,029780 
79,000000 0,028724 
79,100000 0,030659 
79,200000 0,030046 
79,300000 0,033669 
79,400000 0,035891 
79,500000 0,032110 
79,600000 0,032076 
79,700000 0,031701 
79,800000 0,026467 
79,900000 0,028748 
80,000000 0,030754 
80,100000 0,031048 
80,200000 0,031009 
80,300000 0,031120 
80,400000 0,029631 
80,500000 0,029764 
80,600000 0,027394 
80,700000 0,030707 
80,800000 0,029852 
80,900000 0,030185 
81,000000 0,030953 
81,100000 0,029804 
81,200000 0,031511 
81,300000 0,031917 
81,400000 0,030649 
81,500000 0,028944 
81,600000 0,028687 
81,700000 0,031457 
81,800000 0,029832 
81,900000 0,028174 
82,000000 0,027981 
82,100000 0,029619 
82,200000 0,029357 
82,300000 0,028218 
82,400000 0,025868 
82,500000 0,029031 
82,600000 0,029785 
82,700000 0,027626 
82,800000 0,029552 
82,900000 0,029682 
83,000000 0,030830 
83,100000 0,030168 
83,200000 0,027944 
83,300000 0,028111 
83,400000 0,028013 
83,500000 0,027621 
83,600000 0,029298 
83,700000 0,027854 
83,800000 0,030651 
83,900000 0,031071 
84,000000 0,031456 
84,100000 0,029318 
84,200000 0,029999 
84,300000 0,029646 
84,400000 0,029350 
84,500000 0,028574 
84,600000 0,028582 
84,700000 0,028200 
84,800000 0,027879 
84,900000 0,025740 
85,000000 0,026868 
85,100000 0,026283 
85,200000 0,026102 
85,300000 0,026905 
85,400000 0,028375 
85,500000 0,025759 
85,600000 0,024968 
85,700000 0,024656 
85,800000 0,026698 
85,900000 0,026996 
86,000000 0,025397 
86,100000 0,031858 
86,200000 0,030432 
86,300000 0,030258 
86,400000 0,029820 
86,500000 0,027222 
86,600000 0,026831 
86,700000 0,023790 
86,800000 0,026333 
86,900000 0,028527 
87,000000 0,028878 
87,100000 0,030579 
87,200000 0,029112 
87,300000 0,026632 
87,400000 0,028440 
87,500000 0,036343 
87,600000 0,029861 
87,700000 0,024730 
87,800000 0,023328 
87,900000 0,025487 
88,000000 0,023312 
88,100000 0,025497 
88,200000 0,027000 
88,300000 0,026570 
88,400000 0,026155 
88,500000 0,026220 
88,600000 0,028820 
88,700000 0,024546 
88,800000 0,023935 
88,900000 0,024427 
89,000000 0,025607 
89,100000 0,027248 
89,200000 0,025248 
89,300000 0,026738 
89,400000 0,026297 
89,500000 0,027848 
89,600000 0,025819 
89,700000 0,029997 
89,800000 0,029779 
89,900000 0,029497 
90,000000 0,029802 
90,100000 0,027512 
90,200000 0,026887 
90,300000 0,027464 
90,400000 0,027476 
90,500000 0,029673 
90,600000 0,028213 
90,700000 0,027496 
90,800000 0,027923 
90,900000 0,029477 
91,000000 0,027748 
91,100000 0,027603 
91,200000 0,027054 
91,300000 0,026395 
91,400000 0,028208 
91,500000 0,027681 
91,600000 0,026707 
91,700000 0,029168 
91,800000 0,028619 
91,900000 0,027461 
92,000000 0,025517 
92,100000 0,026668 
92,200000 0,026257 
92,300000 0,028613 
92,400000 0,027515 
92,500000 0,027709 
92,600000 0,028856 
92,700000 0,026645 
92,800000 0,027111 
92,900000 0,030433 
93,000000 0,029142 
93,100000 0,028183 
93,200000 0,031308 
93,300000 0,037224 
93,400000 0,030101 
93,500000 0,029229 
93,600000 0,030176 
93,700000 0,034044 
93,800000 0,032350 
93,900000 0,032813 
94,000000 0,034236 
94,100000 0,031237 
94,200000 0,031345 
94,300000 0,032311 
94,400000 0,033094 
94,500000 0,033195 
94,600000 0,030778 
94,700000 0,031376 
94,800000 0,033516 
94,900000 0,031171 
95,000000 0,031854 
95,100000 0,025020 
95,200000 0,027813 
95,300000 0,026650 
95,400000 0,030913 
95,500000 0,030192 
95,600000 0,025763 
95,700000 0,030477 
95,800000 0,031867 
95,900000 0,030975 
96,000000 0,031481 
96,100000 0,029344 
96,200000 0,026750 
96,300000 0,027361 
96,400000 0,031671 
96,500000 0,033143 
96,600000 0,033488 
96,700000 0,032519 
96,800000 0,028636 
96,900000 0,032670 
97,000000 0,030946 
97,100000 0,029006 
97,200000 0,029395 
97,300000 0,029729 
97,400000 0,024700 
97,500000 0,022368 
97,600000 0,022487 
97,700000 0,026407 
97,800000 0,028920 
97,900000 0,029058 
98,000000 0,031787 
98,100000 0,029501 
98,200000 0,029772 
98,300000 0,029440 
98,400000 0,030391 
98,500000 0,028391 
98,600000 0,029201 
98,700000 0,030217 
98,800000 0,029732 
98,900000 0,030297 
99,000000 0,028661 
99,100000 0,032744 
99,200000 0,031572 
99,300000 0,029701 
99,400000 0,031706 
99,500000 0,030322 
99,600000 0,029423 
99,700000 0,027726 
99,800000 0,031135 
99,900000 0,031979 
100,000000 0,033546 
