0,000000 -3,351475 
0,100000 -1,721581 
0,200000 -1,045046 
0,300000 -0,710047 
0,400000 -0,527692 
0,500000 -0,426389 
0,600000 -0,365296 
0,700000 -0,327934 
0,800000 -0,296943 
0,900000 -0,279944 
1,000000 -0,273201 
1,100000 -0,270091 
1,200000 -0,266121 
1,300000 -0,262447 
1,400000 -0,261285 
1,500000 -0,258069 
1,600000 -0,252900 
1,700000 -0,255839 
1,800000 -0,252617 
1,900000 -0,207769 
2,000000 -0,113319 
2,100000 -0,063338 
2,200000 -0,019327 
2,300000 0,013278 
2,400000 0,030671 
2,500000 0,038309 
2,600000 0,040701 
2,700000 0,025353 
2,800000 -0,061607 
2,900000 -0,255114 
3,000000 -0,327953 
3,100000 -0,206321 
3,200000 -0,088944 
3,300000 -0,020765 
3,400000 0,019550 
3,500000 0,042868 
3,600000 0,058202 
3,700000 0,064277 
3,800000 0,070992 
3,900000 0,074113 
4,000000 0,071648 
4,100000 0,075876 
4,200000 0,077784 
4,300000 0,077104 
4,400000 0,076200 
4,500000 0,079062 
4,600000 0,080575 
4,700000 0,078948 
4,800000 0,077816 
4,900000 0,077402 
5,000000 0,076260 
5,100000 0,082299 
5,200000 0,083125 
5,300000 0,080754 
5,400000 0,079151 
5,500000 0,079524 
5,600000 0,082237 
5,700000 0,083122 
5,800000 0,082731 
5,900000 0,078350 
6,000000 0,080352 
6,100000 0,080816 
6,200000 0,085204 
6,300000 0,082041 
6,400000 0,079310 
6,500000 0,080363 
6,600000 0,081305 
6,700000 0,079973 
6,800000 0,080419 
6,900000 0,077645 
7,000000 0,078998 
7,100000 0,077651 
7,200000 0,076173 
7,300000 0,078068 
7,400000 0,077605 
7,500000 0,073198 
7,600000 0,080356 
7,700000 0,081187 
7,800000 0,079921 
7,900000 0,082076 
8,000000 0,082723 
8,100000 0,082702 
8,200000 0,079860 
8,300000 0,075244 
8,400000 0,077423 
8,500000 0,079482 
8,600000 0,082070 
8,700000 0,080947 
8,800000 0,079755 
8,900000 0,083147 
9,000000 0,080594 
9,100000 0,080760 
9,200000 0,076572 
9,300000 0,076058 
9,400000 0,081946 
9,500000 0,081042 
9,600000 0,086078 
9,700000 0,083019 
9,800000 0,080191 
9,900000 0,081177 
10,000000 0,085133 
10,100000 0,080512 
10,200000 0,082427 
10,300000 0,081373 
10,400000 0,081424 
10,500000 0,078084 
10,600000 0,082130 
10,700000 0,081341 
10,800000 0,081666 
10,900000 0,086870 
11,000000 0,083261 
11,100000 0,081324 
11,200000 0,079842 
11,300000 0,084798 
11,400000 0,083112 
11,500000 0,080599 
11,600000 0,075070 
11,700000 0,081050 
11,800000 0,080837 
11,900000 0,082070 
12,000000 0,082496 
12,100000 0,066615 
12,200000 0,052013 
12,300000 0,032357 
12,400000 0,016096 
12,500000 0,018656 
12,600000 0,032026 
12,700000 0,041673 
12,800000 0,066006 
12,900000 0,068880 
13,000000 0,069927 
13,100000 0,057523 
13,200000 0,036760 
13,300000 0,021789 
13,400000 0,007723 
13,500000 0,001687 
13,600000 0,015488 
13,700000 0,037448 
13,800000 0,043828 
13,900000 0,047113 
14,000000 0,016192 
14,100000 -0,062117 
14,200000 -0,169064 
14,300000 -0,252693 
14,400000 -0,295395 
14,500000 -0,279974 
14,600000 -0,188726 
14,700000 -0,088292 
14,800000 -0,027790 
14,900000 -0,004730 
15,000000 -0,026811 
15,100000 -0,116441 
15,200000 -0,248247 
15,300000 -0,354501 
15,400000 -0,395891 
15,500000 -0,370744 
15,600000 -0,255936 
15,700000 -0,130850 
15,800000 -0,050774 
15,900000 -0,020473 
16,000000 -0,045034 
16,100000 -0,131647 
16,200000 -0,240313 
16,300000 -0,321314 
16,400000 -0,344809 
16,500000 -0,307659 
16,600000 -0,200932 
16,700000 -0,096183 
16,800000 -0,032955 
16,900000 -0,019947 
17,000000 -0,058122 
17,100000 -0,146592 
17,200000 -0,232510 
17,300000 -0,293095 
17,400000 -0,295407 
17,500000 -0,246583 
17,600000 -0,143150 
17,700000 -0,065039 
17,800000 -0,052206 
17,900000 -0,132646 
18,000000 -0,367447 
18,100000 -0,732338 
18,200000 -1,068234 
18,300000 -1,252839 
18,400000 -1,277262 
18,500000 -1,039785 
18,600000 -0,642423 
18,700000 -0,344300 
18,800000 -0,174517 
18,900000 -0,083155 
19,000000 -0,048233 
19,100000 -0,044438 
19,200000 -0,051858 
19,300000 -0,055326 
19,400000 -0,047592 
19,500000 -0,027648 
19,600000 0,008599 
19,700000 0,031849 
19,800000 0,034744 
19,900000 0,016424 
20,000000 -0,032850 
20,100000 -0,088913 
20,200000 -0,131037 
20,300000 -0,150310 
20,400000 -0,146458 
20,500000 -0,098448 
20,600000 -0,032914 
20,700000 0,010404 
20,800000 0,037457 
20,900000 0,053938 
21,000000 0,063135 
21,100000 0,070184 
21,200000 0,072489 
21,300000 0,074732 
21,400000 0,078040 
21,500000 0,079796 
21,600000 0,077469 
21,700000 0,080219 
21,800000 0,080110 
21,900000 0,080341 
22,000000 0,079307 
22,100000 0,073743 
22,200000 0,073870 
22,300000 0,077736 
22,400000 0,078610 
22,500000 0,080562 
22,600000 0,083746 
22,700000 0,083319 
22,800000 0,084008 
22,900000 0,080188 
23,000000 0,081841 
23,100000 0,084865 
23,200000 0,083663 
23,300000 0,082906 
23,400000 0,082126 
23,500000 0,081496 
23,600000 0,080191 
23,700000 0,079683 
23,800000 0,077811 
23,900000 0,075973 
24,000000 0,066775 
24,100000 0,056437 
24,200000 0,054487 
24,300000 0,048196 
24,400000 0,050572 
24,500000 0,056652 
24,600000 0,066441 
24,700000 0,067756 
24,800000 0,062339 
24,900000 0,041367 
25,000000 0,013743 
25,100000 -0,012826 
25,200000 -0,031191 
25,300000 -0,038995 
25,400000 -0,036038 
25,500000 -0,018957 
25,600000 0,012789 
25,700000 0,011655 
25,800000 -0,026832 
25,900000 -0,138893 
26,000000 -0,303409 
26,100000 -0,455711 
26,200000 -0,553243 
26,300000 -0,588690 
26,400000 -0,562547 
26,500000 -0,451421 
26,600000 -0,272694 
26,700000 -0,164569 
26,800000 -0,155207 
26,900000 -0,264339 
27,000000 -0,454715 
27,100000 -0,639943 
27,200000 -0,765767 
27,300000 -0,805066 
27,400000 -0,779238 
27,500000 -0,661222 
27,600000 -0,483839 
27,700000 -0,545791 
27,800000 -0,994538 
27,900000 -2,149008 
28,000000 -3,633778 
28,100000 -4,904136 
28,200000 -5,531114 
28,300000 -5,483150 
28,400000 -4,951099 
28,500000 -3,664362 
28,600000 -2,032047 
28,700000 -1,077327 
28,800000 -0,687297 
28,900000 -0,579942 
29,000000 -0,625258 
29,100000 -0,690520 
29,200000 -0,729760 
29,300000 -0,726000 
29,400000 -0,662566 
29,500000 -0,511193 
29,600000 -0,302898 
29,700000 -0,160848 
29,800000 -0,104473 
29,900000 -0,102802 
30,000000 -0,133790 
30,100000 -0,166897 
30,200000 -0,184231 
30,300000 -0,190806 
30,400000 -0,172041 
30,500000 -0,128946 
30,600000 -0,079168 
30,700000 -0,122818 
30,800000 -0,307682 
30,900000 -0,726246 
31,000000 -1,229160 
31,100000 -1,655763 
31,200000 -1,910086 
31,300000 -1,953138 
31,400000 -1,804514 
31,500000 -1,414476 
31,600000 -0,848572 
31,700000 -0,486487 
31,800000 -0,330709 
31,900000 -0,311016 
32,000000 -0,345858 
32,100000 -0,385593 
32,200000 -0,399260 
32,300000 -0,382783 
32,400000 -0,334100 
32,500000 -0,226657 
32,600000 -0,117042 
32,700000 -0,036125 
32,800000 0,007800 
32,900000 0,032268 
33,000000 0,047241 
33,100000 0,052158 
33,200000 0,056386 
33,300000 0,060458 
33,400000 0,062260 
33,500000 0,067359 
33,600000 0,072626 
33,700000 0,075543 
33,800000 0,076313 
33,900000 0,075121 
34,000000 0,073942 
34,100000 0,073428 
34,200000 0,071681 
34,300000 0,069669 
34,400000 0,072194 
34,500000 0,074178 
34,600000 0,078906 
34,700000 0,080511 
34,800000 0,079350 
34,900000 0,081075 
35,000000 0,081900 
35,100000 0,082577 
35,200000 0,082014 
35,300000 0,083169 
35,400000 0,081889 
35,500000 0,081778 
35,600000 0,079946 
35,700000 0,082082 
35,800000 0,080026 
35,900000 0,080787 
36,000000 0,080115 
36,100000 0,078465 
36,200000 0,075107 
36,300000 0,075475 
36,400000 0,075902 
36,500000 0,079585 
36,600000 0,081601 
36,700000 0,081440 
36,800000 0,080461 
36,900000 0,078856 
37,000000 0,076546 
37,100000 0,072848 
37,200000 0,073036 
37,300000 0,071890 
37,400000 0,075543 
37,500000 0,078867 
37,600000 0,077659 
37,700000 0,075025 
37,800000 0,078426 
37,900000 0,073877 
38,000000 0,071740 
38,100000 0,068146 
38,200000 0,064735 
38,300000 0,065227 
38,400000 0,067655 
38,500000 0,069931 
38,600000 0,073511 
38,700000 0,072486 
38,800000 0,066080 
38,900000 0,052328 
39,000000 0,039242 
39,100000 0,026375 
39,200000 0,016372 
39,300000 0,010305 
39,400000 0,013142 
39,500000 0,022052 
39,600000 0,032309 
39,700000 0,013449 
39,800000 -0,035815 
39,900000 -0,167408 
40,000000 -0,296511 
40,100000 -0,380206 
40,200000 -0,418002 
40,300000 -0,409249 
40,400000 -0,337183 
40,500000 -0,208278 
40,600000 -0,094007 
40,700000 -0,032219 
40,800000 -0,002966 
40,900000 -0,016221 
41,000000 -0,049212 
41,100000 -0,080300 
41,200000 -0,099240 
41,300000 -0,103278 
41,400000 -0,092189 
41,500000 -0,060314 
41,600000 -0,014847 
41,700000 0,018047 
41,800000 0,028802 
41,900000 0,000282 
42,000000 -0,043267 
42,100000 -0,076513 
42,200000 -0,099179 
42,300000 -0,107427 
42,400000 -0,094834 
42,500000 -0,064015 
42,600000 -0,017207 
42,700000 0,008026 
42,800000 0,005908 
42,900000 -0,046385 
43,000000 -0,130373 
43,100000 -0,203905 
43,200000 -0,253447 
43,300000 -0,267499 
43,400000 -0,252823 
43,500000 -0,186040 
43,600000 -0,099117 
43,700000 -0,039339 
43,800000 -0,022478 
43,900000 -0,068116 
44,000000 -0,136922 
44,100000 -0,187209 
44,200000 -0,219269 
44,300000 -0,221438 
44,400000 -0,195666 
44,500000 -0,127863 
44,600000 -0,058454 
44,700000 -0,025771 
44,800000 -0,041327 
44,900000 -0,177576 
45,000000 -0,370888 
45,100000 -0,530199 
45,200000 -0,633720 
45,300000 -0,667807 
45,400000 -0,623024 
45,500000 -0,495053 
45,600000 -0,295689 
45,700000 -0,154319 
45,800000 -0,088673 
45,900000 -0,081734 
46,000000 -0,153392 
46,100000 -0,232069 
46,200000 -0,284364 
46,300000 -0,304826 
46,400000 -0,289281 
46,500000 -0,230536 
46,600000 -0,118996 
46,700000 -0,037617 
46,800000 0,006448 
46,900000 0,030894 
47,000000 0,038842 
47,100000 0,042035 
47,200000 0,044848 
47,300000 0,046836 
47,400000 0,050539 
47,500000 0,056380 
47,600000 0,064333 
47,700000 0,069387 
47,800000 0,070483 
47,900000 0,076868 
48,000000 0,075838 
48,100000 0,074897 
48,200000 0,076759 
48,300000 0,076146 
48,400000 0,074976 
48,500000 0,077169 
48,600000 0,079161 
48,700000 0,077603 
48,800000 0,079118 
48,900000 0,079238 
49,000000 0,079788 
49,100000 0,078640 
49,200000 0,079038 
49,300000 0,080521 
49,400000 0,078601 
49,500000 0,080308 
49,600000 0,079525 
49,700000 0,077934 
49,800000 0,078596 
49,900000 0,078366 
50,000000 0,075383 
50,100000 0,071625 
50,200000 0,070447 
50,300000 0,072055 
50,400000 0,067998 
50,500000 0,068113 
50,600000 0,075796 
50,700000 0,076566 
50,800000 0,075557 
50,900000 0,077257 
51,000000 0,074282 
51,100000 0,073930 
51,200000 0,074085 
51,300000 0,071493 
51,400000 0,070568 
51,500000 0,072436 
51,600000 0,075285 
51,700000 0,078318 
51,800000 0,078601 
51,900000 0,077656 
52,000000 0,079856 
52,100000 0,077184 
52,200000 0,076787 
52,300000 0,077717 
52,400000 0,077558 
52,500000 0,076320 
52,600000 0,076884 
52,700000 0,077616 
52,800000 0,076635 
52,900000 0,078959 
53,000000 0,077086 
53,100000 0,078873 
53,200000 0,074312 
53,300000 0,074587 
53,400000 0,075199 
53,500000 0,077034 
53,600000 0,077587 
53,700000 0,075457 
53,800000 0,077290 
53,900000 0,077271 
54,000000 0,077611 
54,100000 0,076417 
54,200000 0,078344 
54,300000 0,074542 
54,400000 0,075986 
54,500000 0,076333 
54,600000 0,076968 
54,700000 0,076816 
54,800000 0,081266 
54,900000 0,080404 
55,000000 0,078661 
55,100000 0,075058 
55,200000 0,070025 
55,300000 0,067345 
55,400000 0,067671 
55,500000 0,071166 
55,600000 0,073158 
55,700000 0,074880 
55,800000 0,075660 
55,900000 0,073944 
56,000000 0,066892 
56,100000 0,052715 
56,200000 0,038233 
56,300000 0,026087 
56,400000 0,025457 
56,500000 0,030192 
56,600000 0,046302 
56,700000 0,059558 
56,800000 0,067855 
56,900000 0,067862 
57,000000 0,059273 
57,100000 0,046031 
57,200000 0,024262 
57,300000 0,016573 
57,400000 0,014032 
57,500000 0,016872 
57,600000 0,035116 
57,700000 0,050655 
57,800000 0,063698 
57,900000 0,072334 
58,000000 0,072675 
58,100000 0,074038 
58,200000 0,076917 
58,300000 0,079666 
58,400000 0,077937 
58,500000 0,077712 
58,600000 0,084263 
58,700000 0,080712 
58,800000 0,079316 
58,900000 0,080849 
59,000000 0,081677 
59,100000 0,080346 
59,200000 0,080754 
59,300000 0,079047 
59,400000 0,079135 
59,500000 0,080300 
59,600000 0,079455 
59,700000 0,079013 
59,800000 0,080012 
59,900000 0,080182 
60,000000 0,081625 
60,100000 0,081661 
60,200000 0,080734 
60,300000 0,078871 
60,400000 0,078041 
60,500000 0,080597 
60,600000 0,081725 
60,700000 0,081895 
60,800000 0,081820 
60,900000 0,080003 
61,000000 0,081379 
61,100000 0,077127 
61,200000 0,075835 
61,300000 0,076589 
61,400000 0,077859 
61,500000 0,078606 
61,600000 0,076208 
61,700000 0,082893 
61,800000 0,081708 
61,900000 0,080582 
62,000000 0,081305 
62,100000 0,082412 
62,200000 0,078578 
62,300000 0,078250 
62,400000 0,076247 
62,500000 0,079566 
62,600000 0,081045 
62,700000 0,081291 
62,800000 0,081532 
62,900000 0,081763 
63,000000 0,082083 
63,100000 0,080202 
63,200000 0,080873 
63,300000 0,079273 
63,400000 0,078785 
63,500000 0,078196 
63,600000 0,079987 
63,700000 0,080476 
63,800000 0,076467 
63,900000 0,080013 
64,000000 0,079223 
64,100000 0,078275 
64,200000 0,078170 
64,300000 0,079194 
64,400000 0,077076 
64,500000 0,079723 
64,600000 0,079384 
64,700000 0,079548 
64,800000 0,078702 
64,900000 0,080278 
65,000000 0,079299 
65,100000 0,078730 
65,200000 0,078755 
65,300000 0,080357 
65,400000 0,078382 
65,500000 0,078838 
65,600000 0,079936 
65,700000 0,077465 
65,800000 0,078645 
65,900000 0,080187 
66,000000 0,079048 
66,100000 0,076360 
66,200000 0,074488 
66,300000 0,073032 
66,400000 0,074039 
66,500000 0,074102 
66,600000 0,074277 
66,700000 0,078342 
66,800000 0,079776 
66,900000 0,081252 
67,000000 0,081187 
67,100000 0,079753 
67,200000 0,077781 
67,300000 0,077687 
67,400000 0,079486 
67,500000 0,080198 
67,600000 0,078884 
67,700000 0,079119 
67,800000 0,079683 
67,900000 0,079903 
68,000000 0,079445 
68,100000 0,079734 
68,200000 0,078866 
68,300000 0,080649 
68,400000 0,076281 
68,500000 0,076224 
68,600000 0,077232 
68,700000 0,081384 
68,800000 0,078439 
68,900000 0,078339 
69,000000 0,076594 
69,100000 0,070641 
69,200000 0,062127 
69,300000 0,054228 
69,400000 0,052252 
69,500000 0,054429 
69,600000 0,061972 
69,700000 0,068664 
69,800000 0,075431 
69,900000 0,078777 
70,000000 0,078440 
70,100000 0,080000 
70,200000 0,078725 
70,300000 0,076776 
70,400000 0,077126 
70,500000 0,074512 
70,600000 0,076706 
70,700000 0,077620 
70,800000 0,079235 
70,900000 0,079111 
71,000000 0,076426 
71,100000 0,076922 
71,200000 0,074314 
71,300000 0,070298 
71,400000 0,067762 
71,500000 0,065868 
71,600000 0,069507 
71,700000 0,073521 
71,800000 0,077134 
71,900000 0,079781 
72,000000 0,075830 
72,100000 0,077764 
72,200000 0,081425 
72,300000 0,079605 
72,400000 0,079087 
72,500000 0,076912 
72,600000 0,076705 
72,700000 0,079022 
72,800000 0,078357 
72,900000 0,080086 
73,000000 0,081702 
73,100000 0,082148 
73,200000 0,081343 
73,300000 0,079784 
73,400000 0,079886 
73,500000 0,079616 
73,600000 0,079716 
73,700000 0,082881 
73,800000 0,082555 
73,900000 0,080689 
74,000000 0,081413 
74,100000 0,080682 
74,200000 0,080749 
74,300000 0,081434 
74,400000 0,080930 
74,500000 0,080536 
74,600000 0,080683 
74,700000 0,080370 
74,800000 0,080412 
74,900000 0,082560 
75,000000 0,081143 
75,100000 0,081910 
75,200000 0,083057 
75,300000 0,083816 
75,400000 0,084409 
75,500000 0,075409 
75,600000 0,076186 
75,700000 0,079988 
75,800000 0,081450 
75,900000 0,082567 
76,000000 0,086295 
76,100000 0,083305 
76,200000 0,083978 
76,300000 0,082887 
76,400000 0,082205 
76,500000 0,084244 
76,600000 0,083584 
76,700000 0,082267 
76,800000 0,081966 
76,900000 0,081590 
77,000000 0,080127 
77,100000 0,083113 
77,200000 0,082694 
77,300000 0,080209 
77,400000 0,082228 
77,500000 0,084350 
77,600000 0,082344 
77,700000 0,085872 
77,800000 0,083343 
77,900000 0,081584 
78,000000 0,083506 
78,100000 0,085565 
78,200000 0,083423 
78,300000 0,082138 
78,400000 0,083330 
78,500000 0,082778 
78,600000 0,083584 
78,700000 0,083510 
78,800000 0,083346 
78,900000 0,082781 
79,000000 0,083172 
79,100000 0,083819 
79,200000 0,083758 
79,300000 0,082944 
79,400000 0,083307 
79,500000 0,084678 
79,600000 0,083863 
79,700000 0,082607 
79,800000 0,085876 
79,900000 0,085083 
80,000000 0,084709 
80,100000 0,085161 
80,200000 0,084176 
80,300000 0,083471 
80,400000 0,085532 
80,500000 0,085067 
80,600000 0,083517 
80,700000 0,082633 
80,800000 0,084693 
80,900000 0,083304 
81,000000 0,083319 
81,100000 0,084090 
81,200000 0,084760 
81,300000 0,083680 
81,400000 0,083323 
81,500000 0,083488 
81,600000 0,081637 
81,700000 0,083910 
81,800000 0,083069 
81,900000 0,083395 
82,000000 0,083622 
82,100000 0,084345 
82,200000 0,086086 
82,300000 0,086463 
82,400000 0,087547 
82,500000 0,085752 
82,600000 0,085074 
82,700000 0,084729 
82,800000 0,083789 
82,900000 0,082538 
83,000000 0,079615 
83,100000 0,084932 
83,200000 0,085962 
83,300000 0,084162 
83,400000 0,081618 
83,500000 0,079296 
83,600000 0,083778 
83,700000 0,086109 
83,800000 0,084893 
83,900000 0,083792 
84,000000 0,081538 
84,100000 0,081573 
84,200000 0,081177 
84,300000 0,080088 
84,400000 0,083186 
84,500000 0,083335 
84,600000 0,084310 
84,700000 0,086962 
84,800000 0,085240 
84,900000 0,083667 
85,000000 0,082480 
85,100000 0,081151 
85,200000 0,081819 
85,300000 0,083400 
85,400000 0,080557 
85,500000 0,081658 
85,600000 0,081043 
85,700000 0,081516 
85,800000 0,082538 
85,900000 0,083335 
86,000000 0,083290 
86,100000 0,083010 
86,200000 0,082808 
86,300000 0,082877 
86,400000 0,082217 
86,500000 0,080719 
86,600000 0,079757 
86,700000 0,079941 
86,800000 0,081002 
86,900000 0,081523 
87,000000 0,083200 
87,100000 0,082690 
87,200000 0,082612 
87,300000 0,082635 
87,400000 0,081849 
87,500000 0,079705 
87,600000 0,080140 
87,700000 0,080741 
87,800000 0,082316 
87,900000 0,084458 
88,000000 0,085507 
88,100000 0,081853 
88,200000 0,082407 
88,300000 0,081823 
88,400000 0,083332 
88,500000 0,082912 
88,600000 0,081901 
88,700000 0,080845 
88,800000 0,082716 
88,900000 0,081127 
89,000000 0,081380 
89,100000 0,082152 
89,200000 0,084245 
89,300000 0,082914 
89,400000 0,079836 
89,500000 0,081228 
89,600000 0,083468 
89,700000 0,084151 
89,800000 0,082369 
89,900000 0,082621 
90,000000 0,084587 
90,100000 0,083633 
90,200000 0,082290 
90,300000 0,083778 
90,400000 0,083983 
90,500000 0,083992 
90,600000 0,082853 
90,700000 0,084558 
90,800000 0,081944 
90,900000 0,081990 
91,000000 0,082922 
91,100000 0,084594 
91,200000 0,081375 
91,300000 0,080051 
91,400000 0,082706 
91,500000 0,082276 
91,600000 0,083908 
91,700000 0,084274 
91,800000 0,083265 
91,900000 0,083366 
92,000000 0,082968 
92,100000 0,083546 
92,200000 0,081242 
92,300000 0,081054 
92,400000 0,079919 
92,500000 0,081496 
92,600000 0,082712 
92,700000 0,081540 
92,800000 0,083102 
92,900000 0,082369 
93,000000 0,079881 
93,100000 0,080798 
93,200000 0,082180 
93,300000 0,081995 
93,400000 0,080195 
93,500000 0,082361 
93,600000 0,081468 
93,700000 0,081864 
93,800000 0,081414 
93,900000 0,080448 
94,000000 0,082001 
94,100000 0,081842 
94,200000 0,080300 
94,300000 0,081158 
94,400000 0,084310 
94,500000 0,085005 
94,600000 0,084661 
94,700000 0,083588 
94,800000 0,082539 
94,900000 0,084501 
95,000000 0,084585 
95,100000 0,083067 
95,200000 0,084705 
95,300000 0,081249 
95,400000 0,084265 
95,500000 0,082935 
95,600000 0,080790 
95,700000 0,079963 
95,800000 0,077496 
95,900000 0,078267 
96,000000 0,077956 
96,100000 0,079944 
96,200000 0,080255 
96,300000 0,081025 
96,400000 0,081480 
96,500000 0,081305 
96,600000 0,081442 
96,700000 0,081164 
96,800000 0,081280 
96,900000 0,083739 
97,000000 0,083230 
97,100000 0,078504 
97,200000 0,081107 
97,300000 0,079490 
97,400000 0,080827 
97,500000 0,079639 
97,600000 0,079848 
97,700000 0,076338 
97,800000 0,079711 
97,900000 0,077446 
98,000000 0,079588 
98,100000 0,079586 
98,200000 0,078003 
98,300000 0,077954 
98,400000 0,078329 
98,500000 0,082254 
98,600000 0,080132 
98,700000 0,080376 
98,800000 0,081360 
98,900000 0,081261 
99,000000 0,081807 
99,100000 0,081528 
99,200000 0,079167 
99,300000 0,081125 
99,400000 0,082516 
99,500000 0,079486 
99,600000 0,087262 
99,700000 0,084633 
99,800000 0,083508 
99,900000 0,081952 
100,000000 0,078377 
