0,000000 -6,306819 
0,100000 -2,738714 
0,200000 -1,649682 
0,300000 -1,151059 
0,400000 -0,898286 
0,500000 -0,756375 
0,600000 -0,663474 
0,700000 -0,616932 
0,800000 -0,581632 
0,900000 -0,563157 
1,000000 -0,554002 
1,100000 -0,539445 
1,200000 -0,530635 
1,300000 -0,519541 
1,400000 -0,526283 
1,500000 -0,522962 
1,600000 -0,515582 
1,700000 -0,509129 
1,800000 -0,512280 
1,900000 -0,415337 
2,000000 -0,257408 
2,100000 -0,177838 
2,200000 -0,105279 
2,300000 -0,046828 
2,400000 -0,020394 
2,500000 0,005648 
2,600000 0,008033 
2,700000 -0,015741 
2,800000 -0,197421 
2,900000 -0,622349 
3,000000 -0,735116 
3,100000 -0,479757 
3,200000 -0,242906 
3,300000 -0,115822 
3,400000 -0,043488 
3,500000 0,003347 
3,600000 0,028328 
3,700000 0,045788 
3,800000 0,056307 
3,900000 0,061674 
4,000000 0,064455 
4,100000 0,067072 
4,200000 0,067604 
4,300000 0,071239 
4,400000 0,071143 
4,500000 0,071919 
4,600000 0,074870 
4,700000 0,075442 
4,800000 0,071977 
4,900000 0,073854 
5,000000 0,074725 
5,100000 0,074560 
5,200000 0,073821 
5,300000 0,074461 
5,400000 0,074178 
5,500000 0,074519 
5,600000 0,075146 
5,700000 0,073488 
5,800000 0,074598 
5,900000 0,073819 
6,000000 0,076026 
6,100000 0,075650 
6,200000 0,075196 
6,300000 0,074790 
6,400000 0,074760 
6,500000 0,075953 
6,600000 0,072591 
6,700000 0,071564 
6,800000 0,071741 
6,900000 0,073293 
7,000000 0,073530 
7,100000 0,074098 
7,200000 0,074206 
7,300000 0,074285 
7,400000 0,075637 
7,500000 0,074048 
7,600000 0,074991 
7,700000 0,075199 
7,800000 0,075014 
7,900000 0,076840 
8,000000 0,073666 
8,100000 0,073919 
8,200000 0,073948 
8,300000 0,075183 
8,400000 0,074186 
8,500000 0,075898 
8,600000 0,077599 
8,700000 0,075477 
8,800000 0,074196 
8,900000 0,075251 
9,000000 0,075433 
9,100000 0,076598 
9,200000 0,077148 
9,300000 0,075078 
9,400000 0,074575 
9,500000 0,074518 
9,600000 0,075760 
9,700000 0,075433 
9,800000 0,074688 
9,900000 0,075446 
10,000000 0,076053 
10,100000 0,077128 
10,200000 0,077085 
10,300000 0,075154 
10,400000 0,074220 
10,500000 0,076676 
10,600000 0,075638 
10,700000 0,075739 
10,800000 0,075802 
10,900000 0,076792 
11,000000 0,076288 
11,100000 0,076108 
11,200000 0,075339 
11,300000 0,075637 
11,400000 0,076513 
11,500000 0,076618 
11,600000 0,073982 
11,700000 0,074990 
11,800000 0,074652 
11,900000 0,072774 
12,000000 0,066313 
12,100000 0,045983 
12,200000 0,004732 
12,300000 -0,037661 
12,400000 -0,063734 
12,500000 -0,064683 
12,600000 -0,040098 
12,700000 0,001055 
12,800000 0,030063 
12,900000 0,045055 
13,000000 0,043168 
13,100000 0,024217 
13,200000 -0,020928 
13,300000 -0,063520 
13,400000 -0,088627 
13,500000 -0,090592 
13,600000 -0,062276 
13,700000 -0,023870 
13,800000 -0,002606 
13,900000 -0,002270 
14,000000 -0,059866 
14,100000 -0,215413 
14,200000 -0,438256 
14,300000 -0,628192 
14,400000 -0,722270 
14,500000 -0,690028 
14,600000 -0,499404 
14,700000 -0,286795 
14,800000 -0,153053 
14,900000 -0,104964 
15,000000 -0,149202 
15,100000 -0,327015 
15,200000 -0,581318 
15,300000 -0,802410 
15,400000 -0,901251 
15,500000 -0,861711 
15,600000 -0,628343 
15,700000 -0,360484 
15,800000 -0,201517 
15,900000 -0,136022 
16,000000 -0,167524 
16,100000 -0,312500 
16,200000 -0,507273 
16,300000 -0,658833 
16,400000 -0,706178 
16,500000 -0,653469 
16,600000 -0,449597 
16,700000 -0,252909 
16,800000 -0,138372 
16,900000 -0,109097 
17,000000 -0,165747 
17,100000 -0,302689 
17,200000 -0,449685 
17,300000 -0,553290 
17,400000 -0,572302 
17,500000 -0,495435 
17,600000 -0,325659 
17,700000 -0,189985 
17,800000 -0,155167 
17,900000 -0,271386 
18,000000 -0,633863 
18,100000 -1,213212 
18,200000 -1,791488 
18,300000 -2,190004 
18,400000 -2,308447 
18,500000 -1,904907 
18,600000 -1,167179 
18,700000 -0,636871 
18,800000 -0,353279 
18,900000 -0,210978 
19,000000 -0,155533 
19,100000 -0,159107 
19,200000 -0,178647 
19,300000 -0,195156 
19,400000 -0,197245 
19,500000 -0,155299 
19,600000 -0,080666 
19,700000 -0,031049 
19,800000 -0,019479 
19,900000 -0,060182 
20,000000 -0,159460 
20,100000 -0,275949 
20,200000 -0,371363 
20,300000 -0,429141 
20,400000 -0,432993 
20,500000 -0,320615 
20,600000 -0,178202 
20,700000 -0,074357 
20,800000 -0,014058 
20,900000 0,017629 
21,000000 0,038564 
21,100000 0,049305 
21,200000 0,056396 
21,300000 0,061782 
21,400000 0,063504 
21,500000 0,065768 
21,600000 0,068321 
21,700000 0,065514 
21,800000 0,065931 
21,900000 0,063318 
22,000000 0,063217 
22,100000 0,061878 
22,200000 0,062038 
22,300000 0,062772 
22,400000 0,061698 
22,500000 0,066587 
22,600000 0,068030 
22,700000 0,071925 
22,800000 0,075292 
22,900000 0,075505 
23,000000 0,074269 
23,100000 0,074970 
23,200000 0,077933 
23,300000 0,076479 
23,400000 0,075690 
23,500000 0,077122 
23,600000 0,074766 
23,700000 0,072838 
23,800000 0,067166 
23,900000 0,055896 
24,000000 0,039798 
24,100000 0,021650 
24,200000 0,008172 
24,300000 -0,001301 
24,400000 -0,001653 
24,500000 0,010128 
24,600000 0,037250 
24,700000 0,045478 
24,800000 0,034070 
24,900000 -0,004488 
25,000000 -0,062965 
25,100000 -0,121797 
25,200000 -0,167163 
25,300000 -0,185585 
25,400000 -0,182731 
25,500000 -0,146065 
25,600000 -0,085898 
25,700000 -0,074606 
25,800000 -0,144278 
25,900000 -0,341064 
26,000000 -0,648088 
26,100000 -0,965435 
26,200000 -1,208220 
26,300000 -1,309600 
26,400000 -1,282681 
26,500000 -1,066917 
26,600000 -0,672664 
26,700000 -0,419240 
26,800000 -0,394693 
26,900000 -0,595942 
27,000000 -0,955773 
27,100000 -1,346610 
27,200000 -1,638856 
27,300000 -1,785755 
27,400000 -1,762407 
27,500000 -1,491921 
27,600000 -1,095001 
27,700000 -1,169253 
27,800000 -2,075419 
27,900000 -4,311060 
28,000000 -7,539119 
28,100000 -9,875948 
28,200000 -9,995117 
28,300000 -9,995117 
28,400000 -9,995117 
28,500000 -7,610364 
28,600000 -3,860892 
28,700000 -1,871632 
28,800000 -1,208675 
28,900000 -1,119473 
29,000000 -1,300979 
29,100000 -1,537367 
29,200000 -1,708774 
29,300000 -1,748211 
29,400000 -1,610538 
29,500000 -1,247376 
29,600000 -0,777460 
29,700000 -0,445405 
29,800000 -0,307169 
29,900000 -0,290297 
30,000000 -0,351059 
30,100000 -0,416417 
30,200000 -0,468012 
30,300000 -0,480782 
30,400000 -0,456117 
30,500000 -0,368111 
30,600000 -0,255721 
30,700000 -0,332089 
30,800000 -0,693395 
30,900000 -1,481695 
31,000000 -2,604507 
31,100000 -3,630303 
31,200000 -4,274406 
31,300000 -4,426748 
31,400000 -4,088818 
31,500000 -3,100821 
31,600000 -1,787734 
31,700000 -0,997613 
31,800000 -0,702073 
31,900000 -0,665408 
32,000000 -0,747959 
32,100000 -0,850213 
32,200000 -0,902649 
32,300000 -0,884620 
32,400000 -0,794596 
32,500000 -0,575825 
32,600000 -0,335947 
32,700000 -0,174182 
32,800000 -0,080827 
32,900000 -0,030238 
33,000000 -0,000987 
33,100000 0,017652 
33,200000 0,027016 
33,300000 0,032334 
33,400000 0,039346 
33,500000 0,052865 
33,600000 0,060608 
33,700000 0,062330 
33,800000 0,065348 
33,900000 0,067328 
34,000000 0,065027 
34,100000 0,064334 
34,200000 0,063728 
34,300000 0,061556 
34,400000 0,063290 
34,500000 0,066727 
34,600000 0,066391 
34,700000 0,071323 
34,800000 0,075118 
34,900000 0,075560 
35,000000 0,072725 
35,100000 0,076710 
35,200000 0,075165 
35,300000 0,076593 
35,400000 0,077436 
35,500000 0,077078 
35,600000 0,078096 
35,700000 0,080331 
35,800000 0,075903 
35,900000 0,076103 
36,000000 0,074848 
36,100000 0,071141 
36,200000 0,067211 
36,300000 0,067743 
36,400000 0,066736 
36,500000 0,071264 
36,600000 0,075802 
36,700000 0,074929 
36,800000 0,075203 
36,900000 0,068895 
37,000000 0,065755 
37,100000 0,066885 
37,200000 0,064592 
37,300000 0,061715 
37,400000 0,062220 
37,500000 0,065559 
37,600000 0,071889 
37,700000 0,072106 
37,800000 0,072001 
37,900000 0,064695 
38,000000 0,057844 
38,100000 0,049763 
38,200000 0,047400 
38,300000 0,045767 
38,400000 0,050279 
38,500000 0,058256 
38,600000 0,060405 
38,700000 0,064781 
38,800000 0,053177 
38,900000 0,026460 
39,000000 -0,005452 
39,100000 -0,033081 
39,200000 -0,051719 
39,300000 -0,062337 
39,400000 -0,058109 
39,500000 -0,039349 
39,600000 -0,022493 
39,700000 -0,056631 
39,800000 -0,177708 
39,900000 -0,480724 
40,000000 -0,788857 
40,100000 -1,008791 
40,200000 -1,120307 
40,300000 -1,101254 
40,400000 -0,925942 
40,500000 -0,598759 
40,600000 -0,328428 
40,700000 -0,170234 
40,800000 -0,098100 
40,900000 -0,117841 
41,000000 -0,173733 
41,100000 -0,230316 
41,200000 -0,270271 
41,300000 -0,283322 
41,400000 -0,264597 
41,500000 -0,199148 
41,600000 -0,107729 
41,700000 -0,045445 
41,800000 -0,025478 
41,900000 -0,074482 
42,000000 -0,158931 
42,100000 -0,233696 
42,200000 -0,287723 
42,300000 -0,301407 
42,400000 -0,285071 
42,500000 -0,219292 
42,600000 -0,119689 
42,700000 -0,061605 
42,800000 -0,059821 
42,900000 -0,172209 
43,000000 -0,341771 
43,100000 -0,493430 
43,200000 -0,599588 
43,300000 -0,637993 
43,400000 -0,605233 
43,500000 -0,479616 
43,600000 -0,290967 
43,700000 -0,165758 
43,800000 -0,126489 
43,900000 -0,212225 
44,000000 -0,342350 
44,100000 -0,454371 
44,200000 -0,525980 
44,300000 -0,537507 
44,400000 -0,482923 
44,500000 -0,346711 
44,600000 -0,202193 
44,700000 -0,126029 
44,800000 -0,148142 
44,900000 -0,393272 
45,000000 -0,748245 
45,100000 -1,084525 
45,200000 -1,309032 
45,300000 -1,395803 
45,400000 -1,315266 
45,500000 -1,049712 
45,600000 -0,641906 
45,700000 -0,356316 
45,800000 -0,228527 
45,900000 -0,220383 
46,000000 -0,355210 
46,100000 -0,509839 
46,200000 -0,618642 
46,300000 -0,656035 
46,400000 -0,626991 
46,500000 -0,503144 
46,600000 -0,300787 
46,700000 -0,150411 
46,800000 -0,066034 
46,900000 -0,023481 
47,000000 -0,006844 
47,100000 -0,001082 
47,200000 -0,000624 
47,300000 0,001527 
47,400000 0,011419 
47,500000 0,027000 
47,600000 0,045787 
47,700000 0,060157 
47,800000 0,067015 
47,900000 0,068690 
48,000000 0,068958 
48,100000 0,069434 
48,200000 0,070154 
48,300000 0,071547 
48,400000 0,072023 
48,500000 0,074544 
48,600000 0,076597 
48,700000 0,077095 
48,800000 0,077856 
48,900000 0,079964 
49,000000 0,077300 
49,100000 0,076624 
49,200000 0,075230 
49,300000 0,075210 
49,400000 0,078475 
49,500000 0,078427 
49,600000 0,077496 
49,700000 0,079549 
49,800000 0,075773 
49,900000 0,073081 
50,000000 0,066688 
50,100000 0,060179 
50,200000 0,056521 
50,300000 0,054062 
50,400000 0,057485 
50,500000 0,062157 
50,600000 0,068992 
50,700000 0,072487 
50,800000 0,074722 
50,900000 0,074587 
51,000000 0,072325 
51,100000 0,066276 
51,200000 0,061773 
51,300000 0,059651 
51,400000 0,062583 
51,500000 0,067957 
51,600000 0,071413 
51,700000 0,072643 
51,800000 0,074106 
51,900000 0,077192 
52,000000 0,078275 
52,100000 0,076596 
52,200000 0,074983 
52,300000 0,074140 
52,400000 0,073576 
52,500000 0,076880 
52,600000 0,077085 
52,700000 0,079112 
52,800000 0,078045 
52,900000 0,077986 
53,000000 0,076079 
53,100000 0,073408 
53,200000 0,073983 
53,300000 0,074033 
53,400000 0,073420 
53,500000 0,073490 
53,600000 0,077399 
53,700000 0,078748 
53,800000 0,079871 
53,900000 0,080093 
54,000000 0,079555 
54,100000 0,079056 
54,200000 0,072090 
54,300000 0,072603 
54,400000 0,074240 
54,500000 0,074877 
54,600000 0,075624 
54,700000 0,076480 
54,800000 0,076976 
54,900000 0,075732 
55,000000 0,073350 
55,100000 0,064356 
55,200000 0,056703 
55,300000 0,048965 
55,400000 0,049742 
55,500000 0,054083 
55,600000 0,058885 
55,700000 0,066017 
55,800000 0,064635 
55,900000 0,064129 
56,000000 0,049823 
56,100000 0,026456 
56,200000 -0,003766 
56,300000 -0,026808 
56,400000 -0,031857 
56,500000 -0,021781 
56,600000 0,007903 
56,700000 0,032483 
56,800000 0,050469 
56,900000 0,053116 
57,000000 0,044489 
57,100000 0,014702 
57,200000 -0,018388 
57,300000 -0,045440 
57,400000 -0,050918 
57,500000 -0,039637 
57,600000 -0,008522 
57,700000 0,028041 
57,800000 0,049970 
57,900000 0,060973 
58,000000 0,067677 
58,100000 0,069567 
58,200000 0,068206 
58,300000 0,070344 
58,400000 0,069237 
58,500000 0,068857 
58,600000 0,071374 
58,700000 0,076830 
58,800000 0,078245 
58,900000 0,081638 
59,000000 0,081017 
59,100000 0,081291 
59,200000 0,081219 
59,300000 0,075870 
59,400000 0,076418 
59,500000 0,081801 
59,600000 0,080523 
59,700000 0,083554 
59,800000 0,081089 
59,900000 0,081084 
60,000000 0,082199 
60,100000 0,080219 
60,200000 0,076808 
60,300000 0,073459 
60,400000 0,072223 
60,500000 0,078400 
60,600000 0,079744 
60,700000 0,079917 
60,800000 0,080976 
60,900000 0,078501 
61,000000 0,076448 
61,100000 0,076686 
61,200000 0,079687 
61,300000 0,079574 
61,400000 0,081022 
61,500000 0,080650 
61,600000 0,080667 
61,700000 0,078962 
61,800000 0,079477 
61,900000 0,082588 
62,000000 0,081440 
62,100000 0,080855 
62,200000 0,079475 
62,300000 0,077235 
62,400000 0,081681 
62,500000 0,081289 
62,600000 0,080857 
62,700000 0,085852 
62,800000 0,085801 
62,900000 0,085043 
63,000000 0,084168 
63,100000 0,077340 
63,200000 0,074649 
63,300000 0,076992 
63,400000 0,082306 
63,500000 0,080815 
63,600000 0,081173 
63,700000 0,081803 
63,800000 0,083025 
63,900000 0,082637 
64,000000 0,082619 
64,100000 0,080260 
64,200000 0,080125 
64,300000 0,081036 
64,400000 0,081277 
64,500000 0,082592 
64,600000 0,083452 
64,700000 0,083470 
64,800000 0,081334 
64,900000 0,082284 
65,000000 0,082330 
65,100000 0,084159 
65,200000 0,082110 
65,300000 0,079199 
65,400000 0,079206 
65,500000 0,080629 
65,600000 0,080759 
65,700000 0,079905 
65,800000 0,083583 
65,900000 0,079474 
66,000000 0,078517 
66,100000 0,080470 
66,200000 0,079588 
66,300000 0,075457 
66,400000 0,070874 
66,500000 0,071749 
66,600000 0,076590 
66,700000 0,078080 
66,800000 0,083552 
66,900000 0,083920 
67,000000 0,083748 
67,100000 0,083770 
67,200000 0,083972 
67,300000 0,080831 
67,400000 0,082746 
67,500000 0,080458 
67,600000 0,082992 
67,700000 0,084484 
67,800000 0,083736 
67,900000 0,085603 
68,000000 0,082542 
68,100000 0,083469 
68,200000 0,085048 
68,300000 0,083375 
68,400000 0,081914 
68,500000 0,081474 
68,600000 0,081684 
68,700000 0,083375 
68,800000 0,082799 
68,900000 0,082281 
69,000000 0,073962 
69,100000 0,060053 
69,200000 0,040875 
69,300000 0,024413 
69,400000 0,017800 
69,500000 0,023226 
69,600000 0,043617 
69,700000 0,058925 
69,800000 0,067082 
69,900000 0,075533 
70,000000 0,079090 
70,100000 0,080347 
70,200000 0,080381 
70,300000 0,078581 
70,400000 0,075597 
70,500000 0,076006 
70,600000 0,074688 
70,700000 0,077785 
70,800000 0,081698 
70,900000 0,082304 
71,000000 0,082808 
71,100000 0,081201 
71,200000 0,073119 
71,300000 0,067073 
71,400000 0,059285 
71,500000 0,054390 
71,600000 0,056632 
71,700000 0,065205 
71,800000 0,073187 
71,900000 0,076491 
72,000000 0,078551 
72,100000 0,080060 
72,200000 0,081100 
72,300000 0,078510 
72,400000 0,076358 
72,500000 0,077128 
72,600000 0,076926 
72,700000 0,079075 
72,800000 0,080653 
72,900000 0,084446 
73,000000 0,083523 
73,100000 0,083297 
73,200000 0,082653 
73,300000 0,081543 
73,400000 0,082067 
73,500000 0,082757 
73,600000 0,080780 
73,700000 0,083364 
73,800000 0,083669 
73,900000 0,084308 
74,000000 0,081749 
74,100000 0,080989 
74,200000 0,083115 
74,300000 0,081886 
74,400000 0,082169 
74,500000 0,080857 
74,600000 0,083686 
74,700000 0,083318 
74,800000 0,083350 
74,900000 0,082845 
75,000000 0,083649 
75,100000 0,083424 
75,200000 0,082796 
75,300000 0,082239 
75,400000 0,080884 
75,500000 0,081655 
75,600000 0,081403 
75,700000 0,082579 
75,800000 0,082817 
75,900000 0,082812 
76,000000 0,083199 
76,100000 0,081065 
76,200000 0,080480 
76,300000 0,081622 
76,400000 0,082270 
76,500000 0,082818 
76,600000 0,082859 
76,700000 0,082068 
76,800000 0,082525 
76,900000 0,080741 
77,000000 0,081177 
77,100000 0,078605 
77,200000 0,080286 
77,300000 0,078836 
77,400000 0,079960 
77,500000 0,079270 
77,600000 0,080632 
77,700000 0,082792 
77,800000 0,081243 
77,900000 0,080198 
78,000000 0,080988 
78,100000 0,079946 
78,200000 0,080207 
78,300000 0,079743 
78,400000 0,080602 
78,500000 0,078656 
78,600000 0,078845 
78,700000 0,079351 
78,800000 0,081788 
78,900000 0,081523 
79,000000 0,081213 
79,100000 0,078845 
79,200000 0,078730 
79,300000 0,080002 
79,400000 0,076803 
79,500000 0,080115 
79,600000 0,079963 
79,700000 0,082580 
79,800000 0,081118 
79,900000 0,081902 
80,000000 0,083425 
80,100000 0,082748 
80,200000 0,079854 
80,300000 0,081062 
80,400000 0,083332 
80,500000 0,085083 
80,600000 0,085180 
80,700000 0,083403 
80,800000 0,081052 
80,900000 0,084363 
81,000000 0,083092 
81,100000 0,082977 
81,200000 0,084579 
81,300000 0,082055 
81,400000 0,082291 
81,500000 0,080909 
81,600000 0,079320 
81,700000 0,078922 
81,800000 0,084101 
81,900000 0,084128 
82,000000 0,082144 
82,100000 0,083020 
82,200000 0,081695 
82,300000 0,080859 
82,400000 0,080785 
82,500000 0,082143 
82,600000 0,083572 
82,700000 0,081520 
82,800000 0,080854 
82,900000 0,084067 
83,000000 0,080324 
83,100000 0,081257 
83,200000 0,084073 
83,300000 0,084042 
83,400000 0,082819 
83,500000 0,081291 
83,600000 0,082220 
83,700000 0,082349 
83,800000 0,085960 
83,900000 0,084303 
84,000000 0,087158 
84,100000 0,084305 
84,200000 0,083334 
84,300000 0,084517 
84,400000 0,084232 
84,500000 0,081980 
84,600000 0,079931 
84,700000 0,078673 
84,800000 0,081919 
84,900000 0,081275 
85,000000 0,081962 
85,100000 0,084153 
85,200000 0,084357 
85,300000 0,083713 
85,400000 0,082578 
85,500000 0,079127 
85,600000 0,079205 
85,700000 0,080978 
85,800000 0,083546 
85,900000 0,084056 
86,000000 0,083588 
86,100000 0,078498 
86,200000 0,080378 
86,300000 0,085942 
86,400000 0,083717 
86,500000 0,079134 
86,600000 0,073826 
86,700000 0,075940 
86,800000 0,079459 
86,900000 0,082379 
87,000000 0,082038 
87,100000 0,082510 
87,200000 0,083734 
87,300000 0,080864 
87,400000 0,081867 
87,500000 0,083242 
87,600000 0,083244 
87,700000 0,082233 
87,800000 0,084190 
87,900000 0,082288 
88,000000 0,081062 
88,100000 0,080787 
88,200000 0,082629 
88,300000 0,084563 
88,400000 0,084216 
88,500000 0,083840 
88,600000 0,082453 
88,700000 0,082418 
88,800000 0,083402 
88,900000 0,082574 
89,000000 0,083931 
89,100000 0,083052 
89,200000 0,082964 
89,300000 0,082066 
89,400000 0,083236 
89,500000 0,084680 
89,600000 0,082968 
89,700000 0,081729 
89,800000 0,081129 
89,900000 0,079701 
90,000000 0,080802 
90,100000 0,083357 
90,200000 0,084357 
90,300000 0,082823 
90,400000 0,081518 
90,500000 0,083453 
90,600000 0,081878 
90,700000 0,084070 
90,800000 0,083373 
90,900000 0,084860 
91,000000 0,081725 
91,100000 0,084191 
91,200000 0,084845 
91,300000 0,085508 
91,400000 0,084296 
91,500000 0,084342 
91,600000 0,082440 
91,700000 0,084570 
91,800000 0,082345 
91,900000 0,083012 
92,000000 0,084743 
92,100000 0,085334 
92,200000 0,081709 
92,300000 0,081724 
92,400000 0,084457 
92,500000 0,084695 
92,600000 0,085506 
92,700000 0,086138 
92,800000 0,085250 
92,900000 0,082532 
93,000000 0,082226 
93,100000 0,084344 
93,200000 0,086063 
93,300000 0,084756 
93,400000 0,085590 
93,500000 0,082403 
93,600000 0,084539 
93,700000 0,083808 
93,800000 0,086177 
93,900000 0,081945 
94,000000 0,080664 
94,100000 0,081818 
94,200000 0,083780 
94,300000 0,085860 
94,400000 0,085307 
94,500000 0,082191 
94,600000 0,081089 
94,700000 0,084442 
94,800000 0,085134 
94,900000 0,085104 
95,000000 0,087583 
95,100000 0,089205 
95,200000 0,086751 
95,300000 0,082811 
95,400000 0,083001 
95,500000 0,084620 
95,600000 0,084808 
95,700000 0,086373 
95,800000 0,084174 
95,900000 0,084957 
96,000000 0,081762 
96,100000 0,082906 
96,200000 0,084662 
96,300000 0,085102 
96,400000 0,084664 
96,500000 0,082887 
96,600000 0,080555 
96,700000 0,084180 
96,800000 0,084488 
96,900000 0,084757 
97,000000 0,084387 
97,100000 0,084512 
97,200000 0,083437 
97,300000 0,083352 
97,400000 0,081402 
97,500000 0,080624 
97,600000 0,083148 
97,700000 0,082213 
97,800000 0,080983 
97,900000 0,080172 
98,000000 0,081601 
98,100000 0,081492 
98,200000 0,083971 
98,300000 0,082321 
98,400000 0,083301 
98,500000 0,082166 
98,600000 0,082523 
98,700000 0,084094 
98,800000 0,085027 
98,900000 0,085735 
99,000000 0,084154 
99,100000 0,082878 
99,200000 0,084279 
99,300000 0,085329 
99,400000 0,084758 
99,500000 0,086015 
99,600000 0,083169 
99,700000 0,083059 
99,800000 0,083599 
99,900000 0,086748 
100,000000 0,082801 
