0,000000 -2,862994 
0,100000 -2,929086 
0,200000 -2,945100 
0,300000 -2,959499 
0,400000 -2,964307 
0,500000 -2,982453 
0,600000 -2,981002 
0,700000 -2,955945 
0,800000 -2,955043 
0,900000 -2,963286 
1,000000 -2,971224 
1,100000 -2,961362 
1,200000 -2,958496 
1,300000 -2,958925 
1,400000 -2,969390 
1,500000 -2,947658 
1,600000 -2,943909 
1,700000 -2,936159 
1,800000 -2,958472 
1,900000 -2,960142 
2,000000 -2,917323 
2,100000 -2,839327 
2,200000 -2,695314 
2,300000 -2,533380 
2,400000 -2,381361 
2,500000 -2,225967 
2,600000 -2,072441 
2,700000 -1,928149 
2,800000 -1,794949 
2,900000 -1,667423 
3,000000 -1,545407 
3,100000 -1,430361 
3,200000 -1,327198 
3,300000 -1,235273 
3,400000 -1,145229 
3,500000 -1,079795 
3,600000 -1,025125 
3,700000 -0,973728 
3,800000 -0,923722 
3,900000 -0,882934 
4,000000 -0,846360 
4,100000 -0,805000 
4,200000 -0,766139 
4,300000 -0,731153 
4,400000 -0,693734 
4,500000 -0,671739 
4,600000 -0,639149 
4,700000 -0,611797 
4,800000 -0,585224 
4,900000 -0,551775 
5,000000 -0,535953 
5,100000 -0,510680 
5,200000 -0,481496 
5,300000 -0,463100 
5,400000 -0,434961 
5,500000 -0,410721 
5,600000 -0,392624 
5,700000 -0,372590 
5,800000 -0,353174 
5,900000 -0,337102 
6,000000 -0,324457 
6,100000 -0,307620 
6,200000 -0,294718 
6,300000 -0,275619 
6,400000 -0,267353 
6,500000 -0,251826 
6,600000 -0,244092 
6,700000 -0,233096 
6,800000 -0,224466 
6,900000 -0,220236 
7,000000 -0,211685 
7,100000 -0,205650 
7,200000 -0,198296 
7,300000 -0,193490 
7,400000 -0,187856 
7,500000 -0,178001 
7,600000 -0,172051 
7,700000 -0,173760 
7,800000 -0,163772 
7,900000 -0,158944 
8,000000 -0,156901 
8,100000 -0,150364 
8,200000 -0,146427 
8,300000 -0,143131 
8,400000 -0,136875 
8,500000 -0,133801 
8,600000 -0,132064 
8,700000 -0,126311 
8,800000 -0,124617 
8,900000 -0,122021 
9,000000 -0,117099 
9,100000 -0,113989 
9,200000 -0,112866 
9,300000 -0,109760 
9,400000 -0,106486 
9,500000 -0,106947 
9,600000 -0,105669 
9,700000 -0,103698 
9,800000 -0,101141 
9,900000 -0,101041 
10,000000 -0,097206 
10,100000 -0,098530 
10,200000 -0,097613 
10,300000 -0,095394 
10,400000 -0,095188 
10,500000 -0,095542 
10,600000 -0,094362 
10,700000 -0,093079 
10,800000 -0,092802 
10,900000 -0,094561 
11,000000 -0,094584 
11,100000 -0,094795 
11,200000 -0,098942 
11,300000 -0,102375 
11,400000 -0,100618 
11,500000 -0,103928 
11,600000 -0,106068 
11,700000 -0,110601 
11,800000 -0,112439 
11,900000 -0,117248 
12,000000 -0,118854 
12,100000 -0,123844 
12,200000 -0,131073 
12,300000 -0,132086 
12,400000 -0,136583 
12,500000 -0,140090 
12,600000 -0,143752 
12,700000 -0,147952 
12,800000 -0,153873 
12,900000 -0,158409 
13,000000 -0,161656 
13,100000 -0,170570 
13,200000 -0,179281 
13,300000 -0,182666 
13,400000 -0,194740 
13,500000 -0,204658 
13,600000 -0,216041 
13,700000 -0,229046 
13,800000 -0,238929 
13,900000 -0,253030 
14,000000 -0,266115 
14,100000 -0,283128 
14,200000 -0,295154 
14,300000 -0,307209 
14,400000 -0,310762 
14,500000 -0,307485 
14,600000 -0,299402 
14,700000 -0,293679 
14,800000 -0,281312 
14,900000 -0,272124 
15,000000 -0,269921 
15,100000 -0,268235 
15,200000 -0,269490 
15,300000 -0,267623 
15,400000 -0,268670 
15,500000 -0,265288 
15,600000 -0,259706 
15,700000 -0,257109 
15,800000 -0,257041 
15,900000 -0,255182 
16,000000 -0,257561 
16,100000 -0,262522 
16,200000 -0,264703 
16,300000 -0,269158 
16,400000 -0,268528 
16,500000 -0,263833 
16,600000 -0,259420 
16,700000 -0,258024 
16,800000 -0,258951 
16,900000 -0,257227 
17,000000 -0,259992 
17,100000 -0,265421 
17,200000 -0,270890 
17,300000 -0,275475 
17,400000 -0,277528 
17,500000 -0,273192 
17,600000 -0,276092 
17,700000 -0,276840 
17,800000 -0,280842 
17,900000 -0,283568 
18,000000 -0,286864 
18,100000 -0,296497 
18,200000 -0,296566 
18,300000 -0,298447 
18,400000 -0,291309 
18,500000 -0,266359 
18,600000 -0,238971 
18,700000 -0,212557 
18,800000 -0,187390 
18,900000 -0,169735 
19,000000 -0,151448 
19,100000 -0,138432 
19,200000 -0,127870 
19,300000 -0,116398 
19,400000 -0,107717 
19,500000 -0,102272 
19,600000 -0,093410 
19,700000 -0,090605 
19,800000 -0,088639 
19,900000 -0,085322 
20,000000 -0,082401 
20,100000 -0,083582 
20,200000 -0,082607 
20,300000 -0,080603 
20,400000 -0,079063 
20,500000 -0,072878 
20,600000 -0,069103 
20,700000 -0,066746 
20,800000 -0,062602 
20,900000 -0,060017 
21,000000 -0,059997 
21,100000 -0,058101 
21,200000 -0,056714 
21,300000 -0,057921 
21,400000 -0,060003 
21,500000 -0,059503 
21,600000 -0,060526 
21,700000 -0,063517 
21,800000 -0,063639 
21,900000 -0,068216 
22,000000 -0,070250 
22,100000 -0,073666 
22,200000 -0,077099 
22,300000 -0,080944 
22,400000 -0,082756 
22,500000 -0,089285 
22,600000 -0,094423 
22,700000 -0,099215 
22,800000 -0,105317 
22,900000 -0,109642 
23,000000 -0,116289 
23,100000 -0,123574 
23,200000 -0,131868 
23,300000 -0,138124 
23,400000 -0,145842 
23,500000 -0,153214 
23,600000 -0,164215 
23,700000 -0,174705 
23,800000 -0,183479 
23,900000 -0,197232 
24,000000 -0,208690 
24,100000 -0,219410 
24,200000 -0,232363 
24,300000 -0,245505 
24,400000 -0,259617 
24,500000 -0,273546 
24,600000 -0,291911 
24,700000 -0,313070 
24,800000 -0,330611 
24,900000 -0,352101 
25,000000 -0,376528 
25,100000 -0,396140 
25,200000 -0,422354 
25,300000 -0,447149 
25,400000 -0,475956 
25,500000 -0,502726 
25,600000 -0,547799 
25,700000 -0,585563 
25,800000 -0,625303 
25,900000 -0,671976 
26,000000 -0,719050 
26,100000 -0,764019 
26,200000 -0,812650 
26,300000 -0,858747 
26,400000 -0,911608 
26,500000 -0,964269 
26,600000 -1,032142 
26,700000 -1,103084 
26,800000 -1,180846 
26,900000 -1,265739 
27,000000 -1,366359 
27,100000 -1,456073 
27,200000 -1,562949 
27,300000 -1,683046 
27,400000 -1,810830 
27,500000 -1,937573 
27,600000 -2,094978 
27,700000 -2,261798 
27,800000 -2,420792 
27,900000 -2,588129 
28,000000 -2,713917 
28,100000 -2,814104 
28,200000 -2,827723 
28,300000 -2,764206 
28,400000 -2,564994 
28,500000 -2,291363 
28,600000 -1,970867 
28,700000 -1,684022 
28,800000 -1,464573 
28,900000 -1,293014 
29,000000 -1,148775 
29,100000 -1,023372 
29,200000 -0,925294 
29,300000 -0,842866 
29,400000 -0,757546 
29,500000 -0,693893 
29,600000 -0,635389 
29,700000 -0,580194 
29,800000 -0,537483 
29,900000 -0,505251 
30,000000 -0,478998 
30,100000 -0,459607 
30,200000 -0,446877 
30,300000 -0,438222 
30,400000 -0,427735 
30,500000 -0,417912 
30,600000 -0,415726 
30,700000 -0,416141 
30,800000 -0,424658 
30,900000 -0,430566 
31,000000 -0,441998 
31,100000 -0,448425 
31,200000 -0,455571 
31,300000 -0,455149 
31,400000 -0,454205 
31,500000 -0,436455 
31,600000 -0,430543 
31,700000 -0,418177 
31,800000 -0,412490 
31,900000 -0,410562 
32,000000 -0,412616 
32,100000 -0,407146 
32,200000 -0,390793 
32,300000 -0,368468 
32,400000 -0,330549 
32,500000 -0,288910 
32,600000 -0,236875 
32,700000 -0,197605 
32,800000 -0,155130 
32,900000 -0,122091 
33,000000 -0,094969 
33,100000 -0,073198 
33,200000 -0,059596 
33,300000 -0,045023 
33,400000 -0,029233 
33,500000 -0,020438 
33,600000 -0,008371 
33,700000 -0,000854 
33,800000 0,006834 
33,900000 0,016220 
34,000000 0,020119 
34,100000 0,023608 
34,200000 0,028449 
34,300000 0,031750 
34,400000 0,034563 
34,500000 0,036253 
34,600000 0,038544 
34,700000 0,041953 
34,800000 0,046024 
34,900000 0,045097 
35,000000 0,047835 
35,100000 0,048733 
35,200000 0,049600 
35,300000 0,051321 
35,400000 0,053457 
35,500000 0,051843 
35,600000 0,051235 
35,700000 0,050956 
35,800000 0,052701 
35,900000 0,052521 
36,000000 0,051494 
36,100000 0,050762 
36,200000 0,052388 
36,300000 0,049513 
36,400000 0,050276 
36,500000 0,050458 
36,600000 0,049711 
36,700000 0,048098 
36,800000 0,047537 
36,900000 0,047104 
37,000000 0,040618 
37,100000 0,042560 
37,200000 0,040467 
37,300000 0,040286 
37,400000 0,038994 
37,500000 0,038044 
37,600000 0,036466 
37,700000 0,036378 
37,800000 0,033967 
37,900000 0,032152 
38,000000 0,027320 
38,100000 0,025215 
38,200000 0,024932 
38,300000 0,023686 
38,400000 0,020615 
38,500000 0,017052 
38,600000 0,015326 
38,700000 0,011725 
38,800000 0,005463 
38,900000 0,006833 
39,000000 0,000380 
39,100000 -0,005961 
39,200000 -0,009826 
39,300000 -0,011837 
39,400000 -0,017416 
39,500000 -0,022083 
39,600000 -0,024979 
39,700000 -0,029115 
39,800000 -0,031864 
39,900000 -0,037175 
40,000000 -0,043329 
40,100000 -0,047561 
40,200000 -0,048260 
40,300000 -0,048934 
40,400000 -0,057392 
40,500000 -0,047055 
40,600000 -0,045310 
40,700000 -0,041891 
40,800000 -0,044880 
40,900000 -0,045376 
41,000000 -0,046413 
41,100000 -0,049055 
41,200000 -0,051698 
41,300000 -0,055180 
41,400000 -0,055882 
41,500000 -0,056912 
41,600000 -0,058027 
41,700000 -0,061197 
41,800000 -0,066188 
41,900000 -0,070164 
42,000000 -0,076482 
42,100000 -0,083459 
42,200000 -0,091439 
42,300000 -0,095997 
42,400000 -0,105794 
42,500000 -0,111411 
42,600000 -0,116670 
42,700000 -0,126486 
42,800000 -0,133729 
42,900000 -0,145630 
43,000000 -0,154699 
43,100000 -0,159968 
43,200000 -0,163916 
43,300000 -0,161918 
43,400000 -0,154544 
43,500000 -0,144667 
43,600000 -0,131634 
43,700000 -0,126471 
43,800000 -0,117512 
43,900000 -0,111693 
44,000000 -0,109937 
44,100000 -0,109067 
44,200000 -0,104634 
44,300000 -0,099367 
44,400000 -0,093181 
44,500000 -0,089304 
44,600000 -0,082409 
44,700000 -0,077001 
44,800000 -0,072336 
44,900000 -0,072444 
45,000000 -0,073194 
45,100000 -0,072098 
45,200000 -0,070691 
45,300000 -0,067920 
45,400000 -0,062086 
45,500000 -0,052562 
45,600000 -0,042817 
45,700000 -0,034633 
45,800000 -0,027898 
45,900000 -0,019255 
46,000000 -0,011666 
46,100000 -0,007826 
46,200000 -0,001377 
46,300000 0,000621 
46,400000 0,005842 
46,500000 0,012798 
46,600000 0,020248 
46,700000 0,027993 
46,800000 0,034032 
46,900000 0,039373 
47,000000 0,044226 
47,100000 0,044307 
47,200000 0,046693 
47,300000 0,052588 
47,400000 0,055652 
47,500000 0,057887 
47,600000 0,059302 
47,700000 0,060105 
47,800000 0,064145 
47,900000 0,065038 
48,000000 0,066309 
48,100000 0,065877 
48,200000 0,070288 
48,300000 0,072857 
48,400000 0,071952 
48,500000 0,070293 
48,600000 0,072902 
48,700000 0,072845 
48,800000 0,073828 
48,900000 0,074679 
49,000000 0,074158 
49,100000 0,073154 
49,200000 0,073042 
49,300000 0,075091 
49,400000 0,072713 
49,500000 0,073552 
49,600000 0,073277 
49,700000 0,073160 
49,800000 0,073885 
49,900000 0,072348 
50,000000 0,073113 
50,100000 0,073302 
50,200000 0,072732 
50,300000 0,072772 
50,400000 0,072895 
50,500000 0,072576 
50,600000 0,073678 
50,700000 0,074628 
50,800000 0,076491 
50,900000 0,074235 
51,000000 0,073954 
51,100000 0,074670 
51,200000 0,075061 
51,300000 0,073445 
51,400000 0,073830 
51,500000 0,079053 
51,600000 0,079015 
51,700000 0,078711 
51,800000 0,076865 
51,900000 0,076140 
52,000000 0,074748 
52,100000 0,076694 
52,200000 0,076266 
52,300000 0,077381 
52,400000 0,077234 
52,500000 0,076816 
52,600000 0,076825 
52,700000 0,076987 
52,800000 0,075871 
52,900000 0,077450 
53,000000 0,076971 
53,100000 0,077780 
53,200000 0,076277 
53,300000 0,073868 
53,400000 0,073795 
53,500000 0,074587 
53,600000 0,074692 
53,700000 0,077952 
53,800000 0,075096 
53,900000 0,075871 
54,000000 0,075758 
54,100000 0,075481 
54,200000 0,075915 
54,300000 0,073491 
54,400000 0,072016 
54,500000 0,072341 
54,600000 0,074351 
54,700000 0,077658 
54,800000 0,073707 
54,900000 0,074337 
55,000000 0,072082 
55,100000 0,071284 
55,200000 0,070406 
55,300000 0,070462 
55,400000 0,070815 
55,500000 0,068069 
55,600000 0,069721 
55,700000 0,068687 
55,800000 0,066868 
55,900000 0,067009 
56,000000 0,067519 
56,100000 0,064662 
56,200000 0,064221 
56,300000 0,063628 
56,400000 0,062301 
56,500000 0,063730 
56,600000 0,062151 
56,700000 0,062116 
56,800000 0,061332 
56,900000 0,059443 
57,000000 0,059449 
57,100000 0,059402 
57,200000 0,057874 
57,300000 0,055409 
57,400000 0,055408 
57,500000 0,054189 
57,600000 0,052165 
57,700000 0,051473 
57,800000 0,050860 
57,900000 0,051910 
58,000000 0,050556 
58,100000 0,048775 
58,200000 0,050541 
58,300000 0,051794 
58,400000 0,054179 
58,500000 0,056153 
58,600000 0,058245 
58,700000 0,060731 
58,800000 0,063885 
58,900000 0,064557 
59,000000 0,069593 
59,100000 0,069308 
59,200000 0,071762 
59,300000 0,073449 
59,400000 0,074472 
59,500000 0,075223 
59,600000 0,075681 
59,700000 0,076151 
59,800000 0,076865 
59,900000 0,077321 
60,000000 0,077973 
60,100000 0,078214 
60,200000 0,077435 
60,300000 0,079193 
60,400000 0,079369 
60,500000 0,079682 
60,600000 0,080005 
60,700000 0,079380 
60,800000 0,078732 
60,900000 0,079250 
61,000000 0,081349 
61,100000 0,082701 
61,200000 0,081891 
61,300000 0,080707 
61,400000 0,080388 
61,500000 0,080712 
61,600000 0,081043 
61,700000 0,080717 
61,800000 0,081339 
61,900000 0,079203 
62,000000 0,079867 
62,100000 0,081503 
62,200000 0,081926 
62,300000 0,082881 
62,400000 0,080948 
62,500000 0,080631 
62,600000 0,081978 
62,700000 0,081661 
62,800000 0,080350 
62,900000 0,081920 
63,000000 0,081930 
63,100000 0,081211 
63,200000 0,080497 
63,300000 0,080481 
63,400000 0,081033 
63,500000 0,081470 
63,600000 0,080674 
63,700000 0,082591 
63,800000 0,078792 
63,900000 0,080406 
64,000000 0,078196 
64,100000 0,080411 
64,200000 0,081893 
64,300000 0,081452 
64,400000 0,079847 
64,500000 0,079471 
64,600000 0,081075 
64,700000 0,079334 
64,800000 0,079906 
64,900000 0,080675 
65,000000 0,080825 
65,100000 0,079442 
65,200000 0,077777 
65,300000 0,077368 
65,400000 0,077539 
65,500000 0,077944 
65,600000 0,078811 
65,700000 0,078432 
65,800000 0,078593 
65,900000 0,076435 
66,000000 0,077948 
66,100000 0,078080 
66,200000 0,077986 
66,300000 0,076820 
66,400000 0,077634 
66,500000 0,078326 
66,600000 0,077425 
66,700000 0,078858 
66,800000 0,077827 
66,900000 0,078422 
67,000000 0,077498 
67,100000 0,076221 
67,200000 0,077380 
67,300000 0,077084 
67,400000 0,076172 
67,500000 0,076730 
67,600000 0,077939 
67,700000 0,075629 
67,800000 0,074754 
67,900000 0,074454 
68,000000 0,074665 
68,100000 0,073502 
68,200000 0,074380 
68,300000 0,073717 
68,400000 0,072469 
68,500000 0,071768 
68,600000 0,072037 
68,700000 0,071442 
68,800000 0,071697 
68,900000 0,069682 
69,000000 0,069917 
69,100000 0,069954 
69,200000 0,070124 
69,300000 0,070000 
69,400000 0,070567 
69,500000 0,071971 
69,600000 0,072182 
69,700000 0,073306 
69,800000 0,074072 
69,900000 0,074892 
70,000000 0,075695 
70,100000 0,076489 
70,200000 0,077804 
70,300000 0,078378 
70,400000 0,079064 
70,500000 0,078590 
70,600000 0,079053 
70,700000 0,078437 
70,800000 0,079891 
70,900000 0,078832 
71,000000 0,080029 
71,100000 0,079562 
71,200000 0,079117 
71,300000 0,079924 
71,400000 0,079613 
71,500000 0,079479 
71,600000 0,080746 
71,700000 0,079835 
71,800000 0,081278 
71,900000 0,079421 
72,000000 0,082033 
72,100000 0,081534 
72,200000 0,080217 
72,300000 0,082199 
72,400000 0,083020 
72,500000 0,081770 
72,600000 0,080776 
72,700000 0,080710 
72,800000 0,082850 
72,900000 0,082519 
73,000000 0,081634 
73,100000 0,082804 
73,200000 0,081297 
73,300000 0,083832 
73,400000 0,083434 
73,500000 0,081607 
73,600000 0,082487 
73,700000 0,082893 
73,800000 0,081908 
73,900000 0,081109 
74,000000 0,082861 
74,100000 0,081854 
74,200000 0,082969 
74,300000 0,082875 
74,400000 0,083375 
74,500000 0,081744 
74,600000 0,081728 
74,700000 0,082178 
74,800000 0,083030 
74,900000 0,083297 
75,000000 0,083333 
75,100000 0,082011 
75,200000 0,082417 
75,300000 0,081461 
75,400000 0,082649 
75,500000 0,082289 
75,600000 0,081847 
75,700000 0,081813 
75,800000 0,082497 
75,900000 0,082997 
76,000000 0,082524 
76,100000 0,082491 
76,200000 0,083123 
76,300000 0,082255 
76,400000 0,078936 
76,500000 0,081502 
76,600000 0,082018 
76,700000 0,080996 
76,800000 0,081225 
76,900000 0,081645 
77,000000 0,081983 
77,100000 0,081389 
77,200000 0,080793 
77,300000 0,081789 
77,400000 0,082841 
77,500000 0,080754 
77,600000 0,082381 
77,700000 0,080631 
77,800000 0,082372 
77,900000 0,081105 
78,000000 0,081914 
78,100000 0,081510 
78,200000 0,081945 
78,300000 0,084041 
78,400000 0,081407 
78,500000 0,081485 
78,600000 0,081353 
78,700000 0,082743 
78,800000 0,081881 
78,900000 0,081717 
79,000000 0,082330 
79,100000 0,082156 
79,200000 0,082297 
79,300000 0,081774 
79,400000 0,082220 
79,500000 0,081192 
79,600000 0,083024 
79,700000 0,083502 
79,800000 0,082459 
79,900000 0,080661 
80,000000 0,082407 
80,100000 0,080969 
80,200000 0,080889 
80,300000 0,080889 
80,400000 0,081462 
80,500000 0,082425 
80,600000 0,081948 
80,700000 0,082651 
80,800000 0,082196 
80,900000 0,081802 
81,000000 0,081265 
81,100000 0,082016 
81,200000 0,082316 
81,300000 0,081767 
81,400000 0,081022 
81,500000 0,081109 
81,600000 0,081486 
81,700000 0,080489 
81,800000 0,081724 
81,900000 0,081466 
82,000000 0,081558 
82,100000 0,082049 
82,200000 0,083208 
82,300000 0,083717 
82,400000 0,082899 
82,500000 0,080628 
82,600000 0,081648 
82,700000 0,082124 
82,800000 0,081680 
82,900000 0,082262 
83,000000 0,080865 
83,100000 0,081587 
83,200000 0,082567 
83,300000 0,081741 
83,400000 0,082252 
83,500000 0,081315 
83,600000 0,081357 
83,700000 0,082539 
83,800000 0,082774 
83,900000 0,083084 
84,000000 0,082041 
84,100000 0,082218 
84,200000 0,080250 
84,300000 0,081359 
84,400000 0,081620 
84,500000 0,081558 
84,600000 0,081479 
84,700000 0,082293 
84,800000 0,081149 
84,900000 0,081182 
85,000000 0,083437 
85,100000 0,082277 
85,200000 0,082208 
85,300000 0,083161 
85,400000 0,082110 
85,500000 0,081671 
85,600000 0,081169 
85,700000 0,083697 
85,800000 0,081239 
85,900000 0,080693 
86,000000 0,081121 
86,100000 0,080266 
86,200000 0,081095 
86,300000 0,081540 
86,400000 0,081332 
86,500000 0,082528 
86,600000 0,084165 
86,700000 0,084409 
86,800000 0,082781 
86,900000 0,083362 
87,000000 0,081368 
87,100000 0,082873 
87,200000 0,082478 
87,300000 0,083469 
87,400000 0,082390 
87,500000 0,082711 
87,600000 0,083701 
87,700000 0,083927 
87,800000 0,082917 
87,900000 0,082117 
88,000000 0,083089 
88,100000 0,082938 
88,200000 0,082543 
88,300000 0,082874 
88,400000 0,081294 
88,500000 0,083228 
88,600000 0,082611 
88,700000 0,083356 
88,800000 0,083426 
88,900000 0,082718 
89,000000 0,083049 
89,100000 0,083645 
89,200000 0,083233 
89,300000 0,082923 
89,400000 0,081773 
89,500000 0,082600 
89,600000 0,080978 
89,700000 0,081027 
89,800000 0,081003 
89,900000 0,082612 
90,000000 0,083721 
90,100000 0,084684 
90,200000 0,084124 
90,300000 0,083049 
90,400000 0,082689 
90,500000 0,084110 
90,600000 0,083796 
90,700000 0,082058 
90,800000 0,082766 
90,900000 0,083573 
91,000000 0,082273 
91,100000 0,084139 
91,200000 0,083243 
91,300000 0,083560 
91,400000 0,082102 
91,500000 0,082971 
91,600000 0,081533 
91,700000 0,082115 
91,800000 0,082212 
91,900000 0,082323 
92,000000 0,082057 
92,100000 0,083871 
92,200000 0,082646 
92,300000 0,082885 
92,400000 0,082210 
92,500000 0,082769 
92,600000 0,081071 
92,700000 0,081749 
92,800000 0,082837 
92,900000 0,081920 
93,000000 0,083372 
93,100000 0,082400 
93,200000 0,081768 
93,300000 0,082897 
93,400000 0,083576 
93,500000 0,082065 
93,600000 0,082538 
93,700000 0,083791 
93,800000 0,082799 
93,900000 0,082135 
94,000000 0,081173 
94,100000 0,082920 
94,200000 0,081550 
94,300000 0,081548 
94,400000 0,082122 
94,500000 0,081550 
94,600000 0,081291 
94,700000 0,082948 
94,800000 0,083246 
94,900000 0,082676 
95,000000 0,081692 
95,100000 0,081689 
95,200000 0,081720 
95,300000 0,082277 
95,400000 0,081370 
95,500000 0,082247 
95,600000 0,081992 
95,700000 0,080365 
95,800000 0,081815 
95,900000 0,083067 
96,000000 0,081292 
96,100000 0,083102 
96,200000 0,080928 
96,300000 0,080380 
96,400000 0,084114 
96,500000 0,082142 
96,600000 0,082191 
96,700000 0,082344 
96,800000 0,081429 
96,900000 0,081185 
97,000000 0,079832 
97,100000 0,079987 
97,200000 0,080586 
97,300000 0,080242 
97,400000 0,080449 
97,500000 0,082584 
97,600000 0,081747 
97,700000 0,081664 
97,800000 0,081357 
97,900000 0,080240 
98,000000 0,081506 
98,100000 0,081544 
98,200000 0,083017 
98,300000 0,082217 
98,400000 0,081977 
98,500000 0,081938 
98,600000 0,081182 
98,700000 0,083156 
98,800000 0,083915 
98,900000 0,083787 
99,000000 0,081386 
99,100000 0,082821 
99,200000 0,083575 
99,300000 0,083304 
99,400000 0,083911 
99,500000 0,081890 
99,600000 0,081041 
99,700000 0,082298 
99,800000 0,082760 
99,900000 0,081084 
100,000000 0,081302 
