0,000000 -2,722939 
0,100000 -1,335033 
0,200000 -0,737610 
0,300000 -0,435497 
0,400000 -0,288408 
0,500000 -0,194720 
0,600000 -0,148820 
0,700000 -0,112896 
0,800000 -0,092850 
0,900000 -0,081571 
1,000000 -0,074378 
1,100000 -0,063836 
1,200000 -0,064547 
1,300000 -0,059976 
1,400000 -0,054801 
1,500000 -0,053392 
1,600000 -0,053913 
1,700000 -0,053305 
1,800000 -0,046830 
1,900000 -0,013053 
2,000000 -0,000856 
2,100000 0,010616 
2,200000 0,023707 
2,300000 0,030931 
2,400000 0,037507 
2,500000 0,041256 
2,600000 0,036321 
2,700000 0,017535 
2,800000 -0,018679 
2,900000 -0,041663 
3,000000 -0,020108 
3,100000 0,010138 
3,200000 0,028345 
3,300000 0,038967 
3,400000 0,044464 
3,500000 0,048750 
3,600000 0,048021 
3,700000 0,050437 
3,800000 0,054101 
3,900000 0,051398 
4,000000 0,053631 
4,100000 0,055342 
4,200000 0,052590 
4,300000 0,049800 
4,400000 0,047792 
4,500000 0,055588 
4,600000 0,052424 
4,700000 0,050696 
4,800000 0,052153 
4,900000 0,052613 
5,000000 0,056371 
5,100000 0,060721 
5,200000 0,062100 
5,300000 0,061237 
5,400000 0,059220 
5,500000 0,059154 
5,600000 0,057476 
5,700000 0,056667 
5,800000 0,057988 
5,900000 0,056287 
6,000000 0,057609 
6,100000 0,054110 
6,200000 0,055305 
6,300000 0,057598 
6,400000 0,055168 
6,500000 0,057520 
6,600000 0,056632 
6,700000 0,054486 
6,800000 0,055756 
6,900000 0,058640 
7,000000 0,059692 
7,100000 0,056538 
7,200000 0,054376 
7,300000 0,055854 
7,400000 0,054677 
7,500000 0,055618 
7,600000 0,054443 
7,700000 0,054518 
7,800000 0,056418 
7,900000 0,057147 
8,000000 0,057350 
8,100000 0,057632 
8,200000 0,057339 
8,300000 0,056717 
8,400000 0,061045 
8,500000 0,061246 
8,600000 0,055767 
8,700000 0,058535 
8,800000 0,056279 
8,900000 0,058181 
9,000000 0,058354 
9,100000 0,057833 
9,200000 0,057311 
9,300000 0,057506 
9,400000 0,058159 
9,500000 0,054808 
9,600000 0,052552 
9,700000 0,057833 
9,800000 0,057802 
9,900000 0,056600 
10,000000 0,056049 
10,100000 0,058734 
10,200000 0,057202 
10,300000 0,057275 
10,400000 0,057713 
10,500000 0,056821 
10,600000 0,054951 
10,700000 0,056305 
10,800000 0,056119 
10,900000 0,057231 
11,000000 0,058456 
11,100000 0,058008 
11,200000 0,058770 
11,300000 0,055893 
11,400000 0,055661 
11,500000 0,053251 
11,600000 0,046537 
11,700000 0,035003 
11,800000 0,019154 
11,900000 0,006011 
12,000000 -0,002544 
12,100000 -0,006712 
12,200000 -0,010196 
12,300000 -0,009711 
12,400000 -0,010093 
12,500000 -0,004176 
12,600000 0,002191 
12,700000 0,010299 
12,800000 0,013914 
12,900000 0,012300 
13,000000 0,010053 
13,100000 0,009106 
13,200000 0,009019 
13,300000 0,005910 
13,400000 -0,010321 
13,500000 -0,053361 
13,600000 -0,127948 
13,700000 -0,204080 
13,800000 -0,266411 
13,900000 -0,314906 
14,000000 -0,341467 
14,100000 -0,353944 
14,200000 -0,357307 
14,300000 -0,345622 
14,400000 -0,337700 
14,500000 -0,338072 
14,600000 -0,320409 
14,700000 -0,287783 
14,800000 -0,270261 
14,900000 -0,261612 
15,000000 -0,261867 
15,100000 -0,260106 
15,200000 -0,251487 
15,300000 -0,240590 
15,400000 -0,257785 
15,500000 -0,284129 
15,600000 -0,292235 
15,700000 -0,274439 
15,800000 -0,261697 
15,900000 -0,258630 
16,000000 -0,254368 
16,100000 -0,251118 
16,200000 -0,246849 
16,300000 -0,249631 
16,400000 -0,280128 
16,500000 -0,310377 
16,600000 -0,315653 
16,700000 -0,292066 
16,800000 -0,284294 
16,900000 -0,274334 
17,000000 -0,269914 
17,100000 -0,272205 
17,200000 -0,291020 
17,300000 -0,348314 
17,400000 -0,514396 
17,500000 -0,660181 
17,600000 -0,744308 
17,700000 -0,779656 
17,800000 -0,799361 
17,900000 -0,816940 
18,000000 -0,809659 
18,100000 -0,791189 
18,200000 -0,758591 
18,300000 -0,715895 
18,400000 -0,664791 
18,500000 -0,567522 
18,600000 -0,412287 
18,700000 -0,240517 
18,800000 -0,129444 
18,900000 -0,068860 
19,000000 -0,035186 
19,100000 -0,016451 
19,200000 -0,013842 
19,300000 -0,020487 
19,400000 -0,032378 
19,500000 -0,046170 
19,600000 -0,050084 
19,700000 -0,048316 
19,800000 -0,045556 
19,900000 -0,042971 
20,000000 -0,040360 
20,100000 -0,036875 
20,200000 -0,030250 
20,300000 -0,025749 
20,400000 -0,019417 
20,500000 -0,007594 
20,600000 0,011094 
20,700000 0,029366 
20,800000 0,039668 
20,900000 0,048346 
21,000000 0,049301 
21,100000 0,051618 
21,200000 0,051070 
21,300000 0,053481 
21,400000 0,053448 
21,500000 0,051421 
21,600000 0,053119 
21,700000 0,054300 
21,800000 0,053472 
21,900000 0,055626 
22,000000 0,055257 
22,100000 0,053208 
22,200000 0,054794 
22,300000 0,054553 
22,400000 0,061388 
22,500000 0,055375 
22,600000 0,055300 
22,700000 0,056998 
22,800000 0,058407 
22,900000 0,056569 
23,000000 0,053320 
23,100000 0,049750 
23,200000 0,050392 
23,300000 0,048390 
23,400000 0,049074 
23,500000 0,045234 
23,600000 0,043260 
23,700000 0,041506 
23,800000 0,036684 
23,900000 0,037667 
24,000000 0,028613 
24,100000 0,016970 
24,200000 0,005027 
24,300000 -0,003763 
24,400000 -0,008991 
24,500000 -0,017235 
24,600000 -0,017308 
24,700000 -0,019666 
24,800000 -0,030279 
24,900000 -0,056685 
25,000000 -0,103217 
25,100000 -0,153539 
25,200000 -0,199411 
25,300000 -0,236469 
25,400000 -0,261993 
25,500000 -0,273239 
25,600000 -0,270533 
25,700000 -0,274251 
25,800000 -0,299516 
25,900000 -0,353313 
26,000000 -0,429359 
26,100000 -0,497013 
26,200000 -0,549496 
26,300000 -0,585189 
26,400000 -0,611285 
26,500000 -0,628139 
26,600000 -0,689800 
26,700000 -0,884936 
26,800000 -1,405697 
26,900000 -2,322701 
27,000000 -3,376650 
27,100000 -4,277715 
27,200000 -4,895648 
27,300000 -5,326332 
27,400000 -5,555004 
27,500000 -5,665490 
27,600000 -5,632827 
27,700000 -5,572511 
27,800000 -5,449317 
27,900000 -5,356059 
28,000000 -5,180125 
28,100000 -5,003926 
28,200000 -4,766518 
28,300000 -4,493051 
28,400000 -4,103500 
28,500000 -3,623707 
28,600000 -2,615395 
28,700000 -1,600487 
28,800000 -1,035364 
28,900000 -0,772302 
29,000000 -0,626705 
29,100000 -0,548571 
29,200000 -0,488325 
29,300000 -0,445475 
29,400000 -0,410355 
29,500000 -0,377975 
29,600000 -0,350230 
29,700000 -0,359107 
29,800000 -0,420281 
29,900000 -0,511876 
30,000000 -0,598536 
30,100000 -0,667280 
30,200000 -0,711847 
30,300000 -0,745093 
30,400000 -0,760841 
30,500000 -0,786752 
30,600000 -0,810622 
30,700000 -0,897122 
30,800000 -0,999933 
30,900000 -1,076796 
31,000000 -1,135024 
31,100000 -1,168555 
31,200000 -1,180535 
31,300000 -1,160839 
31,400000 -1,129806 
31,500000 -1,075394 
31,600000 -0,992522 
31,700000 -0,860615 
31,800000 -0,744773 
31,900000 -0,670060 
32,000000 -0,610677 
32,100000 -0,570212 
32,200000 -0,526645 
32,300000 -0,483629 
32,400000 -0,434376 
32,500000 -0,373933 
32,600000 -0,291298 
32,700000 -0,174319 
32,800000 -0,081804 
32,900000 -0,030053 
33,000000 -0,001200 
33,100000 0,015354 
33,200000 0,024977 
33,300000 0,031800 
33,400000 0,036473 
33,500000 0,038680 
33,600000 0,041228 
33,700000 0,041279 
33,800000 0,043276 
33,900000 0,046503 
34,000000 0,047479 
34,100000 0,050154 
34,200000 0,048685 
34,300000 0,049216 
34,400000 0,049500 
34,500000 0,050406 
34,600000 0,052140 
34,700000 0,056426 
34,800000 0,054811 
34,900000 0,053328 
35,000000 0,054697 
35,100000 0,054709 
35,200000 0,053136 
35,300000 0,052759 
35,400000 0,046081 
35,500000 0,041814 
35,600000 0,040269 
35,700000 0,038040 
35,800000 0,037516 
35,900000 0,033958 
36,000000 0,032934 
36,100000 0,032427 
36,200000 0,031871 
36,300000 0,032294 
36,400000 0,033156 
36,500000 0,030716 
36,600000 0,026700 
36,700000 0,020361 
36,800000 0,020390 
36,900000 0,016544 
37,000000 0,013998 
37,100000 0,015329 
37,200000 0,013869 
37,300000 0,012510 
37,400000 0,007525 
37,500000 -0,001103 
37,600000 -0,008535 
37,700000 -0,016931 
37,800000 -0,021698 
37,900000 -0,026501 
38,000000 -0,030602 
38,100000 -0,032935 
38,200000 -0,040393 
38,300000 -0,052571 
38,400000 -0,075519 
38,500000 -0,100955 
38,600000 -0,127679 
38,700000 -0,147868 
38,800000 -0,164071 
38,900000 -0,172604 
39,000000 -0,177515 
39,100000 -0,177972 
39,200000 -0,183921 
39,300000 -0,191594 
39,400000 -0,205450 
39,500000 -0,220136 
39,600000 -0,230878 
39,700000 -0,232967 
39,800000 -0,233103 
39,900000 -0,230374 
40,000000 -0,224596 
40,100000 -0,221778 
40,200000 -0,220604 
40,300000 -0,220252 
40,400000 -0,229768 
40,500000 -0,235224 
40,600000 -0,233481 
40,700000 -0,221315 
40,800000 -0,207035 
40,900000 -0,200157 
41,000000 -0,196840 
41,100000 -0,204419 
41,200000 -0,231817 
41,300000 -0,302451 
41,400000 -0,400765 
41,500000 -0,501154 
41,600000 -0,582180 
41,700000 -0,644062 
41,800000 -0,684855 
41,900000 -0,713992 
42,000000 -0,734445 
42,100000 -0,744659 
42,200000 -0,776284 
42,300000 -0,815864 
42,400000 -0,857685 
42,500000 -0,892083 
42,600000 -0,918559 
42,700000 -0,919547 
42,800000 -0,895505 
42,900000 -0,864088 
43,000000 -0,837840 
43,100000 -0,823889 
43,200000 -0,818642 
43,300000 -0,831472 
43,400000 -0,840682 
43,500000 -0,841433 
43,600000 -0,815274 
43,700000 -0,757526 
43,800000 -0,675135 
43,900000 -0,596906 
44,000000 -0,550328 
44,100000 -0,530854 
44,200000 -0,525657 
44,300000 -0,527472 
44,400000 -0,534064 
44,500000 -0,532253 
44,600000 -0,520793 
44,700000 -0,495356 
44,800000 -0,468783 
44,900000 -0,428701 
45,000000 -0,403756 
45,100000 -0,383585 
45,200000 -0,372488 
45,300000 -0,360094 
45,400000 -0,334870 
45,500000 -0,320847 
45,600000 -0,300608 
45,700000 -0,265286 
45,800000 -0,220603 
45,900000 -0,176860 
46,000000 -0,143538 
46,100000 -0,122632 
46,200000 -0,111360 
46,300000 -0,097915 
46,400000 -0,088480 
46,500000 -0,076438 
46,600000 -0,062714 
46,700000 -0,047609 
46,800000 -0,024222 
46,900000 0,000379 
47,000000 0,015759 
47,100000 0,026062 
47,200000 0,029896 
47,300000 0,034082 
47,400000 0,036350 
47,500000 0,039399 
47,600000 0,041844 
47,700000 0,046775 
47,800000 0,049274 
47,900000 0,051339 
48,000000 0,052334 
48,100000 0,051237 
48,200000 0,049732 
48,300000 0,049262 
48,400000 0,049226 
48,500000 0,045412 
48,600000 0,046581 
48,700000 0,047986 
48,800000 0,046075 
48,900000 0,045649 
49,000000 0,046206 
49,100000 0,044483 
49,200000 0,040870 
49,300000 0,040043 
49,400000 0,039346 
49,500000 0,037402 
49,600000 0,037498 
49,700000 0,037395 
49,800000 0,038551 
49,900000 0,037394 
50,000000 0,037325 
50,100000 0,037177 
50,200000 0,039171 
50,300000 0,038880 
50,400000 0,037690 
50,500000 0,037482 
50,600000 0,037403 
50,700000 0,038666 
50,800000 0,040789 
50,900000 0,042572 
51,000000 0,042530 
51,100000 0,041857 
51,200000 0,041608 
51,300000 0,042273 
51,400000 0,044681 
51,500000 0,041920 
51,600000 0,041873 
51,700000 0,042552 
51,800000 0,042713 
51,900000 0,044379 
52,000000 0,048100 
52,100000 0,047920 
52,200000 0,047987 
52,300000 0,045922 
52,400000 0,047380 
52,500000 0,046246 
52,600000 0,043657 
52,700000 0,045149 
52,800000 0,044975 
52,900000 0,045160 
53,000000 0,044420 
53,100000 0,046846 
53,200000 0,045195 
53,300000 0,048157 
53,400000 0,048040 
53,500000 0,047546 
53,600000 0,050177 
53,700000 0,047235 
53,800000 0,045191 
53,900000 0,044019 
54,000000 0,041546 
54,100000 0,035539 
54,200000 0,032320 
54,300000 0,030384 
54,400000 0,028853 
54,500000 0,026889 
54,600000 0,025619 
54,700000 0,025948 
54,800000 0,022860 
54,900000 0,020934 
55,000000 0,017895 
55,100000 0,011167 
55,200000 0,004478 
55,300000 0,000638 
55,400000 -0,002812 
55,500000 -0,005181 
55,600000 -0,009242 
55,700000 -0,011509 
55,800000 -0,016496 
55,900000 -0,031303 
56,000000 -0,051072 
56,100000 -0,070625 
56,200000 -0,092057 
56,300000 -0,108519 
56,400000 -0,120002 
56,500000 -0,126319 
56,600000 -0,130807 
56,700000 -0,133358 
56,800000 -0,133554 
56,900000 -0,131010 
57,000000 -0,129742 
57,100000 -0,130267 
57,200000 -0,127776 
57,300000 -0,126370 
57,400000 -0,125761 
57,500000 -0,122069 
57,600000 -0,117662 
57,700000 -0,111584 
57,800000 -0,105837 
57,900000 -0,097038 
58,000000 -0,087699 
58,100000 -0,081496 
58,200000 -0,071807 
58,300000 -0,064282 
58,400000 -0,056364 
58,500000 -0,050445 
58,600000 -0,040156 
58,700000 -0,028054 
58,800000 -0,014756 
58,900000 0,003936 
59,000000 0,019815 
59,100000 0,034846 
59,200000 0,043453 
59,300000 0,047970 
59,400000 0,051872 
59,500000 0,054781 
59,600000 0,054776 
59,700000 0,054636 
59,800000 0,054604 
59,900000 0,056351 
60,000000 0,057505 
60,100000 0,057512 
60,200000 0,058191 
60,300000 0,058347 
60,400000 0,058396 
60,500000 0,058019 
60,600000 0,059565 
60,700000 0,060494 
60,800000 0,060037 
60,900000 0,058594 
61,000000 0,059175 
61,100000 0,059542 
61,200000 0,059796 
61,300000 0,058230 
61,400000 0,058168 
61,500000 0,057059 
61,600000 0,059455 
61,700000 0,060490 
61,800000 0,058097 
61,900000 0,060194 
62,000000 0,057374 
62,100000 0,057813 
62,200000 0,058465 
62,300000 0,058041 
62,400000 0,058831 
62,500000 0,058315 
62,600000 0,059075 
62,700000 0,058175 
62,800000 0,059017 
62,900000 0,056882 
63,000000 0,058483 
63,100000 0,059084 
63,200000 0,060153 
63,300000 0,059618 
63,400000 0,058024 
63,500000 0,058844 
63,600000 0,058157 
63,700000 0,058550 
63,800000 0,056251 
63,900000 0,056256 
64,000000 0,055709 
64,100000 0,054570 
64,200000 0,054129 
64,300000 0,055994 
64,400000 0,055129 
64,500000 0,054773 
64,600000 0,053100 
64,700000 0,054123 
64,800000 0,053735 
64,900000 0,054793 
65,000000 0,054421 
65,100000 0,054017 
65,200000 0,053219 
65,300000 0,053317 
65,400000 0,052667 
65,500000 0,052635 
65,600000 0,053237 
65,700000 0,053545 
65,800000 0,051867 
65,900000 0,052730 
66,000000 0,054151 
66,100000 0,053165 
66,200000 0,053747 
66,300000 0,053431 
66,400000 0,051990 
66,500000 0,044998 
66,600000 0,039352 
66,700000 0,031379 
66,800000 0,025268 
66,900000 0,019762 
67,000000 0,014063 
67,100000 0,010204 
67,200000 0,008189 
67,300000 0,006951 
67,400000 0,003909 
67,500000 0,002102 
67,600000 0,001547 
67,700000 -0,000628 
67,800000 -0,002572 
67,900000 -0,003650 
68,000000 -0,004099 
68,100000 -0,003087 
68,200000 -0,005440 
68,300000 -0,004683 
68,400000 -0,006381 
68,500000 -0,005247 
68,600000 -0,004542 
68,700000 -0,004338 
68,800000 -0,002950 
68,900000 -0,004021 
69,000000 -0,002979 
69,100000 -0,001251 
69,200000 -0,001226 
69,300000 0,001514 
69,400000 0,004256 
69,500000 0,005404 
69,600000 0,009689 
69,700000 0,016584 
69,800000 0,017529 
69,900000 0,021960 
70,000000 0,028579 
70,100000 0,034524 
70,200000 0,040176 
70,300000 0,040998 
70,400000 0,044960 
70,500000 0,044632 
70,600000 0,045063 
70,700000 0,043474 
70,800000 0,045376 
70,900000 0,045777 
71,000000 0,046316 
71,100000 0,047700 
71,200000 0,048964 
71,300000 0,050512 
71,400000 0,051217 
71,500000 0,049951 
71,600000 0,051246 
71,700000 0,052842 
71,800000 0,051976 
71,900000 0,052615 
72,000000 0,053837 
72,100000 0,054525 
72,200000 0,056404 
72,300000 0,057806 
72,400000 0,058667 
72,500000 0,056945 
72,600000 0,057388 
72,700000 0,059437 
72,800000 0,057951 
72,900000 0,057678 
73,000000 0,058635 
73,100000 0,059292 
73,200000 0,059281 
73,300000 0,059078 
73,400000 0,059604 
73,500000 0,064809 
73,600000 0,063043 
73,700000 0,063179 
73,800000 0,060704 
73,900000 0,059396 
74,000000 0,058340 
74,100000 0,057583 
74,200000 0,058864 
74,300000 0,060173 
74,400000 0,059787 
74,500000 0,059434 
74,600000 0,060551 
74,700000 0,058825 
74,800000 0,061929 
74,900000 0,059817 
75,000000 0,059699 
75,100000 0,059976 
75,200000 0,060447 
75,300000 0,057985 
75,400000 0,057875 
75,500000 0,059962 
75,600000 0,059046 
75,700000 0,059966 
75,800000 0,060482 
75,900000 0,059068 
76,000000 0,061026 
76,100000 0,061507 
76,200000 0,061381 
76,300000 0,058537 
76,400000 0,057920 
76,500000 0,059250 
76,600000 0,058947 
76,700000 0,059731 
76,800000 0,056696 
76,900000 0,058358 
77,000000 0,058330 
77,100000 0,056819 
77,200000 0,057727 
77,300000 0,057695 
77,400000 0,059475 
77,500000 0,058383 
77,600000 0,059695 
77,700000 0,060308 
77,800000 0,059538 
77,900000 0,058837 
78,000000 0,059220 
78,100000 0,059188 
78,200000 0,058865 
78,300000 0,057592 
78,400000 0,057392 
78,500000 0,058456 
78,600000 0,058778 
78,700000 0,056858 
78,800000 0,057323 
78,900000 0,058510 
79,000000 0,056755 
79,100000 0,056879 
79,200000 0,058588 
79,300000 0,059142 
79,400000 0,057719 
79,500000 0,057364 
79,600000 0,055936 
79,700000 0,058770 
79,800000 0,058040 
79,900000 0,056930 
80,000000 0,057798 
80,100000 0,057397 
80,200000 0,056707 
80,300000 0,055823 
80,400000 0,057477 
80,500000 0,058418 
80,600000 0,060989 
80,700000 0,059349 
80,800000 0,058214 
80,900000 0,056571 
81,000000 0,057742 
81,100000 0,057010 
81,200000 0,058874 
81,300000 0,060096 
81,400000 0,058272 
81,500000 0,058911 
81,600000 0,058132 
81,700000 0,056715 
81,800000 0,056736 
81,900000 0,057105 
82,000000 0,056791 
82,100000 0,058313 
82,200000 0,057784 
82,300000 0,058889 
82,400000 0,059751 
82,500000 0,058569 
82,600000 0,055489 
82,700000 0,054948 
82,800000 0,055903 
82,900000 0,054279 
83,000000 0,055325 
83,100000 0,057262 
83,200000 0,054548 
83,300000 0,053552 
83,400000 0,053965 
83,500000 0,054146 
83,600000 0,052035 
83,700000 0,052114 
83,800000 0,054093 
83,900000 0,052794 
84,000000 0,051537 
84,100000 0,051818 
84,200000 0,052867 
84,300000 0,050872 
84,400000 0,052707 
84,500000 0,051242 
84,600000 0,049400 
84,700000 0,051743 
84,800000 0,052872 
84,900000 0,052327 
85,000000 0,052201 
85,100000 0,051756 
85,200000 0,053049 
85,300000 0,052817 
85,400000 0,053161 
85,500000 0,052804 
85,600000 0,053790 
85,700000 0,053386 
85,800000 0,053892 
85,900000 0,055586 
86,000000 0,054882 
86,100000 0,056059 
86,200000 0,054423 
86,300000 0,056614 
86,400000 0,057967 
86,500000 0,057469 
86,600000 0,057659 
86,700000 0,057520 
86,800000 0,057346 
86,900000 0,059033 
87,000000 0,060502 
87,100000 0,061301 
87,200000 0,062572 
87,300000 0,061860 
87,400000 0,063150 
87,500000 0,062427 
87,600000 0,064566 
87,700000 0,063445 
87,800000 0,062937 
87,900000 0,062065 
88,000000 0,061370 
88,100000 0,061699 
88,200000 0,063868 
88,300000 0,062615 
88,400000 0,061254 
88,500000 0,061901 
88,600000 0,060746 
88,700000 0,062149 
88,800000 0,061960 
88,900000 0,061352 
89,000000 0,061541 
89,100000 0,062463 
89,200000 0,062644 
89,300000 0,062609 
89,400000 0,064542 
89,500000 0,063717 
89,600000 0,060868 
89,700000 0,059945 
89,800000 0,063205 
89,900000 0,064011 
90,000000 0,063815 
90,100000 0,061900 
90,200000 0,061571 
90,300000 0,061105 
90,400000 0,062663 
90,500000 0,063338 
90,600000 0,062862 
90,700000 0,062215 
90,800000 0,062394 
90,900000 0,064392 
91,000000 0,065174 
91,100000 0,060593 
91,200000 0,060691 
91,300000 0,059922 
91,400000 0,060166 
91,500000 0,060074 
91,600000 0,062318 
91,700000 0,061423 
91,800000 0,061294 
91,900000 0,062239 
92,000000 0,061865 
92,100000 0,061504 
92,200000 0,060413 
92,300000 0,060907 
92,400000 0,060955 
92,500000 0,061326 
92,600000 0,061643 
92,700000 0,061192 
92,800000 0,060735 
92,900000 0,060424 
93,000000 0,062572 
93,100000 0,061607 
93,200000 0,060891 
93,300000 0,059721 
93,400000 0,061167 
93,500000 0,061339 
93,600000 0,061053 
93,700000 0,062217 
93,800000 0,062646 
93,900000 0,060688 
94,000000 0,059273 
94,100000 0,058277 
94,200000 0,058897 
94,300000 0,057310 
94,400000 0,058608 
94,500000 0,055941 
94,600000 0,056121 
94,700000 0,056888 
94,800000 0,057549 
94,900000 0,057371 
95,000000 0,054615 
95,100000 0,054479 
95,200000 0,053645 
95,300000 0,054612 
95,400000 0,055021 
95,500000 0,056364 
95,600000 0,056363 
95,700000 0,052802 
95,800000 0,054053 
95,900000 0,053795 
96,000000 0,055457 
96,100000 0,054828 
96,200000 0,055393 
96,300000 0,055390 
96,400000 0,054242 
96,500000 0,054305 
96,600000 0,053530 
96,700000 0,053751 
96,800000 0,056084 
96,900000 0,054090 
97,000000 0,052905 
97,100000 0,052344 
97,200000 0,053568 
97,300000 0,054469 
97,400000 0,052867 
97,500000 0,051333 
97,600000 0,051596 
97,700000 0,051946 
97,800000 0,050884 
97,900000 0,052681 
98,000000 0,052208 
98,100000 0,052722 
98,200000 0,051907 
98,300000 0,051061 
98,400000 0,048395 
98,500000 0,047978 
98,600000 0,050993 
98,700000 0,050437 
98,800000 0,050244 
98,900000 0,049171 
99,000000 0,050667 
99,100000 0,051144 
99,200000 0,050770 
99,300000 0,050058 
99,400000 0,050976 
99,500000 0,051228 
99,600000 0,049208 
99,700000 0,050393 
99,800000 0,050182 
99,900000 0,051076 
100,000000 0,051322 
