0,000000 -0,394866 
0,100000 -0,239996 
0,200000 -0,158370 
0,300000 -0,112207 
0,400000 -0,086329 
0,500000 -0,071309 
0,600000 -0,062390 
0,700000 -0,060127 
0,800000 -0,051473 
0,900000 -0,049871 
1,000000 -0,054557 
1,100000 -0,052335 
1,200000 -0,049868 
1,300000 -0,051146 
1,400000 -0,049738 
1,500000 -0,049456 
1,600000 -0,044880 
1,700000 -0,045220 
1,800000 -0,040988 
1,900000 -0,012123 
2,000000 0,005018 
2,100000 0,024910 
2,200000 0,031173 
2,300000 0,040253 
2,400000 0,043244 
2,500000 0,043213 
2,600000 0,045104 
2,700000 0,039935 
2,800000 0,025231 
2,900000 0,006190 
3,000000 0,017180 
3,100000 0,030785 
3,200000 0,034094 
3,300000 0,040406 
3,400000 0,044071 
3,500000 0,047206 
3,600000 0,047767 
3,700000 0,048196 
3,800000 0,048771 
3,900000 0,048368 
4,000000 0,049413 
4,100000 0,049887 
4,200000 0,051471 
4,300000 0,050947 
4,400000 0,050833 
4,500000 0,052419 
4,600000 0,052884 
4,700000 0,054547 
4,800000 0,054916 
4,900000 0,051735 
5,000000 0,052852 
5,100000 0,051900 
5,200000 0,052455 
5,300000 0,052299 
5,400000 0,049224 
5,500000 0,049401 
5,600000 0,051621 
5,700000 0,052416 
5,800000 0,053339 
5,900000 0,053633 
6,000000 0,051449 
6,100000 0,052753 
6,200000 0,052940 
6,300000 0,049356 
6,400000 0,052235 
6,500000 0,052900 
6,600000 0,052163 
6,700000 0,051557 
6,800000 0,053745 
6,900000 0,051890 
7,000000 0,053845 
7,100000 0,054648 
7,200000 0,054509 
7,300000 0,053857 
7,400000 0,052475 
7,500000 0,052383 
7,600000 0,050406 
7,700000 0,051350 
7,800000 0,051482 
7,900000 0,051814 
8,000000 0,052127 
8,100000 0,049495 
8,200000 0,053773 
8,300000 0,051627 
8,400000 0,053307 
8,500000 0,051538 
8,600000 0,051774 
8,700000 0,052870 
8,800000 0,052268 
8,900000 0,053052 
9,000000 0,051741 
9,100000 0,052103 
9,200000 0,050714 
9,300000 0,050327 
9,400000 0,051083 
9,500000 0,051030 
9,600000 0,051232 
9,700000 0,053463 
9,800000 0,052438 
9,900000 0,054746 
10,000000 0,052427 
10,100000 0,054761 
10,200000 0,053209 
10,300000 0,053979 
10,400000 0,050646 
10,500000 0,051998 
10,600000 0,054550 
10,700000 0,052829 
10,800000 0,052194 
10,900000 0,056406 
11,000000 0,051485 
11,100000 0,050729 
11,200000 0,050661 
11,300000 0,050260 
11,400000 0,054111 
11,500000 0,052813 
11,600000 0,052765 
11,700000 0,051187 
11,800000 0,051559 
11,900000 0,051202 
12,000000 0,048375 
12,100000 0,048054 
12,200000 0,048289 
12,300000 0,042712 
12,400000 0,039258 
12,500000 0,033731 
12,600000 0,032823 
12,700000 0,040956 
12,800000 0,048310 
12,900000 0,048206 
13,000000 0,051338 
13,100000 0,052521 
13,200000 0,049466 
13,300000 0,046011 
13,400000 0,045163 
13,500000 0,045199 
13,600000 0,047036 
13,700000 0,048877 
13,800000 0,049293 
13,900000 0,048933 
14,000000 0,047678 
14,100000 0,035356 
14,200000 0,016351 
14,300000 -0,022779 
14,400000 -0,043217 
14,500000 -0,022892 
14,600000 0,005326 
14,700000 0,024187 
14,800000 0,027771 
14,900000 0,035378 
15,000000 0,039120 
15,100000 0,035244 
15,200000 0,024580 
15,300000 0,005723 
15,400000 -0,007281 
15,500000 0,004832 
15,600000 0,022556 
15,700000 0,032366 
15,800000 0,038743 
15,900000 0,041253 
16,000000 0,040725 
16,100000 0,041175 
16,200000 0,025974 
16,300000 -0,001426 
16,400000 -0,009744 
16,500000 0,008409 
16,600000 0,030248 
16,700000 0,033719 
16,800000 0,039293 
16,900000 0,041535 
17,000000 0,041558 
17,100000 0,036940 
17,200000 0,022420 
17,300000 0,003148 
17,400000 -0,005217 
17,500000 0,011978 
17,600000 0,027018 
17,700000 0,036631 
17,800000 0,043339 
17,900000 0,046581 
18,000000 0,040378 
18,100000 0,020265 
18,200000 -0,017435 
18,300000 -0,068507 
18,400000 -0,090764 
18,500000 -0,045726 
18,600000 -0,003976 
18,700000 0,020033 
18,800000 0,032846 
18,900000 0,043483 
19,000000 0,045856 
19,100000 0,047285 
19,200000 0,047123 
19,300000 0,044708 
19,400000 0,044865 
19,500000 0,048987 
19,600000 0,051928 
19,700000 0,054053 
19,800000 0,051998 
19,900000 0,050616 
20,000000 0,046452 
20,100000 0,045263 
20,200000 0,040245 
20,300000 0,035119 
20,400000 0,037199 
20,500000 0,042053 
20,600000 0,046626 
20,700000 0,049955 
20,800000 0,053723 
20,900000 0,051253 
21,000000 0,050734 
21,100000 0,051197 
21,200000 0,052011 
21,300000 0,048886 
21,400000 0,050316 
21,500000 0,050254 
21,600000 0,051744 
21,700000 0,053006 
21,800000 0,052076 
21,900000 0,054621 
22,000000 0,049624 
22,100000 0,049083 
22,200000 0,049812 
22,300000 0,051046 
22,400000 0,049518 
22,500000 0,053487 
22,600000 0,053010 
22,700000 0,051899 
22,800000 0,051090 
22,900000 0,052169 
23,000000 0,050580 
23,100000 0,051176 
23,200000 0,053202 
23,300000 0,051952 
23,400000 0,052324 
23,500000 0,051587 
23,600000 0,051828 
23,700000 0,051194 
23,800000 0,054876 
23,900000 0,052259 
24,000000 0,052413 
24,100000 0,052357 
24,200000 0,053115 
24,300000 0,048127 
24,400000 0,048506 
24,500000 0,053867 
24,600000 0,053044 
24,700000 0,055302 
24,800000 0,053242 
24,900000 0,051111 
25,000000 0,050139 
25,100000 0,053887 
25,200000 0,050805 
25,300000 0,050302 
25,400000 0,047651 
25,500000 0,049949 
25,600000 0,049093 
25,700000 0,051654 
25,800000 0,051385 
25,900000 0,051655 
26,000000 0,050477 
26,100000 0,043438 
26,200000 0,032708 
26,300000 0,025837 
26,400000 0,028631 
26,500000 0,038288 
26,600000 0,045259 
26,700000 0,048085 
26,800000 0,050086 
26,900000 0,045885 
27,000000 0,043946 
27,100000 0,038270 
27,200000 0,023685 
27,300000 0,012182 
27,400000 0,013261 
27,500000 0,025450 
27,600000 0,035126 
27,700000 0,035529 
27,800000 0,031565 
27,900000 0,018167 
28,000000 -0,028812 
28,100000 -0,124479 
28,200000 -0,293946 
28,300000 -0,430826 
28,400000 -0,344345 
28,500000 -0,186340 
28,600000 -0,080970 
28,700000 -0,025794 
28,800000 0,009264 
28,900000 0,026061 
29,000000 0,034663 
29,100000 0,034449 
29,200000 0,028246 
29,300000 0,024992 
29,400000 0,029446 
29,500000 0,040669 
29,600000 0,046217 
29,700000 0,049397 
29,800000 0,049941 
29,900000 0,048641 
30,000000 0,049049 
30,100000 0,052076 
30,200000 0,047514 
30,300000 0,043652 
30,400000 0,045471 
30,500000 0,049138 
30,600000 0,051251 
30,700000 0,051475 
30,800000 0,048469 
30,900000 0,049480 
31,000000 0,045634 
31,100000 0,038621 
31,200000 0,023722 
31,300000 0,011466 
31,400000 0,019244 
31,500000 0,033483 
31,600000 0,042119 
31,700000 0,046211 
31,800000 0,047740 
31,900000 0,049662 
32,000000 0,045096 
32,100000 0,034745 
32,200000 0,021638 
32,300000 0,010124 
32,400000 0,024411 
32,500000 0,037563 
32,600000 0,043836 
32,700000 0,048683 
32,800000 0,048384 
32,900000 0,051480 
33,000000 0,052184 
33,100000 0,054428 
33,200000 0,055162 
33,300000 0,053987 
33,400000 0,050865 
33,500000 0,052557 
33,600000 0,051658 
33,700000 0,054629 
33,800000 0,056664 
33,900000 0,052667 
34,000000 0,055657 
34,100000 0,054663 
34,200000 0,054722 
34,300000 0,053670 
34,400000 0,053537 
34,500000 0,053476 
34,600000 0,053491 
34,700000 0,054068 
34,800000 0,053874 
34,900000 0,054069 
35,000000 0,054358 
35,100000 0,054473 
35,200000 0,053024 
35,300000 0,052574 
35,400000 0,049578 
35,500000 0,051367 
35,600000 0,053369 
35,700000 0,055607 
35,800000 0,055082 
35,900000 0,055559 
36,000000 0,056246 
36,100000 0,056053 
36,200000 0,054400 
36,300000 0,052945 
36,400000 0,052516 
36,500000 0,053450 
36,600000 0,053771 
36,700000 0,053614 
36,800000 0,053010 
36,900000 0,053701 
37,000000 0,053568 
37,100000 0,056091 
37,200000 0,052927 
37,300000 0,052588 
37,400000 0,051534 
37,500000 0,052339 
37,600000 0,052727 
37,700000 0,053076 
37,800000 0,053268 
37,900000 0,054411 
38,000000 0,053004 
38,100000 0,052947 
38,200000 0,051723 
38,300000 0,047990 
38,400000 0,049446 
38,500000 0,051515 
38,600000 0,051248 
38,700000 0,053109 
38,800000 0,052047 
38,900000 0,051959 
39,000000 0,052042 
39,100000 0,052054 
39,200000 0,052174 
39,300000 0,052495 
39,400000 0,052409 
39,500000 0,049627 
39,600000 0,051973 
39,700000 0,054210 
39,800000 0,054782 
39,900000 0,056372 
40,000000 0,051598 
40,100000 0,045432 
40,200000 0,045004 
40,300000 0,048087 
40,400000 0,048537 
40,500000 0,049610 
40,600000 0,049654 
40,700000 0,053763 
40,800000 0,053038 
40,900000 0,052568 
41,000000 0,053010 
41,100000 0,052241 
41,200000 0,051101 
41,300000 0,050148 
41,400000 0,052316 
41,500000 0,050876 
41,600000 0,051844 
41,700000 0,050379 
41,800000 0,053052 
41,900000 0,050897 
42,000000 0,052356 
42,100000 0,050771 
42,200000 0,052109 
42,300000 0,050938 
42,400000 0,051881 
42,500000 0,053054 
42,600000 0,050607 
42,700000 0,050750 
42,800000 0,051905 
42,900000 0,051421 
43,000000 0,050597 
43,100000 0,048414 
43,200000 0,047145 
43,300000 0,046458 
43,400000 0,047144 
43,500000 0,048658 
43,600000 0,050622 
43,700000 0,052748 
43,800000 0,054279 
43,900000 0,053320 
44,000000 0,053006 
44,100000 0,052990 
44,200000 0,051246 
44,300000 0,053591 
44,400000 0,053031 
44,500000 0,051220 
44,600000 0,052473 
44,700000 0,053683 
44,800000 0,054448 
44,900000 0,054122 
45,000000 0,053341 
45,100000 0,052928 
45,200000 0,052288 
45,300000 0,051742 
45,400000 0,050313 
45,500000 0,052333 
45,600000 0,053432 
45,700000 0,053598 
45,800000 0,053700 
45,900000 0,054659 
46,000000 0,053918 
46,100000 0,054701 
46,200000 0,048090 
46,300000 0,051279 
46,400000 0,050372 
46,500000 0,050688 
46,600000 0,054997 
46,700000 0,057807 
46,800000 0,053746 
46,900000 0,054359 
47,000000 0,052592 
47,100000 0,052462 
47,200000 0,053565 
47,300000 0,052735 
47,400000 0,052583 
47,500000 0,052889 
47,600000 0,052700 
47,700000 0,054061 
47,800000 0,052051 
47,900000 0,053600 
48,000000 0,053203 
48,100000 0,054102 
48,200000 0,053046 
48,300000 0,053079 
48,400000 0,053287 
48,500000 0,052859 
48,600000 0,053866 
48,700000 0,054422 
48,800000 0,053676 
48,900000 0,052880 
49,000000 0,053004 
49,100000 0,053589 
49,200000 0,052088 
49,300000 0,053250 
49,400000 0,054166 
49,500000 0,053733 
49,600000 0,053721 
49,700000 0,052170 
49,800000 0,053911 
49,900000 0,052929 
50,000000 0,053808 
50,100000 0,051681 
50,200000 0,053958 
50,300000 0,055482 
50,400000 0,054023 
50,500000 0,054586 
50,600000 0,053155 
50,700000 0,052641 
50,800000 0,050959 
50,900000 0,050900 
51,000000 0,055607 
51,100000 0,056277 
51,200000 0,055609 
51,300000 0,052689 
51,400000 0,054739 
51,500000 0,054541 
51,600000 0,053482 
51,700000 0,052738 
51,800000 0,052634 
51,900000 0,054081 
52,000000 0,052670 
52,100000 0,053068 
52,200000 0,052965 
52,300000 0,052826 
52,400000 0,053165 
52,500000 0,049925 
52,600000 0,055392 
52,700000 0,048186 
52,800000 0,050021 
52,900000 0,055020 
53,000000 0,050419 
53,100000 0,054413 
53,200000 0,051280 
53,300000 0,048994 
53,400000 0,047273 
53,500000 0,045782 
53,600000 0,050139 
53,700000 0,052484 
53,800000 0,051823 
53,900000 0,055219 
54,000000 0,051525 
54,100000 0,052992 
54,200000 0,046064 
54,300000 0,049188 
54,400000 0,049059 
54,500000 0,050880 
54,600000 0,052011 
54,700000 0,061404 
54,800000 0,056220 
54,900000 0,059741 
55,000000 0,058901 
55,100000 0,057040 
55,200000 0,056859 
55,300000 0,056242 
55,400000 0,052579 
55,500000 0,056131 
55,600000 0,054814 
55,700000 0,052891 
55,800000 0,052627 
55,900000 0,055991 
56,000000 0,058542 
56,100000 0,054354 
56,200000 0,053413 
56,300000 0,056411 
56,400000 0,055642 
56,500000 0,057416 
56,600000 0,056006 
56,700000 0,056536 
56,800000 0,054740 
56,900000 0,055063 
57,000000 0,056147 
57,100000 0,054006 
57,200000 0,051372 
57,300000 0,055213 
57,400000 0,056694 
57,500000 0,055401 
57,600000 0,053331 
57,700000 0,051916 
57,800000 0,050561 
57,900000 0,053438 
58,000000 0,056341 
58,100000 0,055027 
58,200000 0,055949 
58,300000 0,054005 
58,400000 0,052633 
58,500000 0,049211 
58,600000 0,053006 
58,700000 0,052615 
58,800000 0,052016 
58,900000 0,055932 
59,000000 0,052255 
59,100000 0,053637 
59,200000 0,052455 
59,300000 0,053215 
59,400000 0,055100 
59,500000 0,055914 
59,600000 0,049716 
59,700000 0,052724 
59,800000 0,053208 
59,900000 0,049613 
60,000000 0,051947 
60,100000 0,056277 
60,200000 0,053158 
60,300000 0,056746 
60,400000 0,055812 
60,500000 0,054426 
60,600000 0,052434 
60,700000 0,051833 
60,800000 0,049864 
60,900000 0,050133 
61,000000 0,049827 
61,100000 0,050750 
61,200000 0,049796 
61,300000 0,049527 
61,400000 0,046956 
61,500000 0,044264 
61,600000 0,049553 
61,700000 0,047233 
61,800000 0,048099 
61,900000 0,046997 
62,000000 0,049915 
62,100000 0,051286 
62,200000 0,049284 
62,300000 0,049839 
62,400000 0,047489 
62,500000 0,047760 
62,600000 0,047870 
62,700000 0,048300 
62,800000 0,049943 
62,900000 0,049131 
63,000000 0,046079 
63,100000 0,049058 
63,200000 0,047517 
63,300000 0,047519 
63,400000 0,058428 
63,500000 0,054573 
63,600000 0,055086 
63,700000 0,052689 
63,800000 0,051849 
63,900000 0,053713 
64,000000 0,057584 
64,100000 0,054035 
64,200000 0,057037 
64,300000 0,055885 
64,400000 0,055196 
64,500000 0,049488 
64,600000 0,054473 
64,700000 0,052542 
64,800000 0,050031 
64,900000 0,044020 
65,000000 0,042170 
65,100000 0,046151 
65,200000 0,047524 
65,300000 0,049440 
65,400000 0,046531 
65,500000 0,047650 
65,600000 0,047833 
65,700000 0,055507 
65,800000 0,051233 
65,900000 0,052298 
66,000000 0,046881 
66,100000 0,049215 
66,200000 0,048629 
66,300000 0,047482 
66,400000 0,048749 
66,500000 0,049547 
66,600000 0,051512 
66,700000 0,050445 
66,800000 0,053814 
66,900000 0,056550 
67,000000 0,053099 
67,100000 0,057243 
67,200000 0,054540 
67,300000 0,055347 
67,400000 0,054022 
67,500000 0,051375 
67,600000 0,057797 
67,700000 0,055043 
67,800000 0,056028 
67,900000 0,051245 
68,000000 0,059954 
68,100000 0,059781 
68,200000 0,060196 
68,300000 0,057318 
68,400000 0,056186 
68,500000 0,056878 
68,600000 0,057101 
68,700000 0,057156 
68,800000 0,057320 
68,900000 0,058070 
69,000000 0,054792 
69,100000 0,056150 
69,200000 0,058472 
69,300000 0,057210 
69,400000 0,057573 
69,500000 0,057964 
69,600000 0,052063 
69,700000 0,056719 
69,800000 0,064395 
69,900000 0,062800 
70,000000 0,060122 
70,100000 0,060278 
70,200000 0,054204 
70,300000 0,056139 
70,400000 0,057051 
70,500000 0,057264 
70,600000 0,058012 
70,700000 0,061900 
70,800000 0,062267 
70,900000 0,060990 
71,000000 0,057308 
71,100000 0,046198 
71,200000 0,050294 
71,300000 0,051659 
71,400000 0,055486 
71,500000 0,053432 
71,600000 0,055794 
71,700000 0,053988 
71,800000 0,055797 
71,900000 0,056957 
72,000000 0,059131 
72,100000 0,058224 
72,200000 0,055154 
72,300000 0,052794 
72,400000 0,055784 
72,500000 0,054478 
72,600000 0,059504 
72,700000 0,057968 
72,800000 0,057918 
72,900000 0,058124 
73,000000 0,056353 
73,100000 0,056410 
73,200000 0,056719 
73,300000 0,056236 
73,400000 0,056854 
73,500000 0,050423 
73,600000 0,055139 
73,700000 0,052620 
73,800000 0,056833 
73,900000 0,057960 
74,000000 0,053452 
74,100000 0,051246 
74,200000 0,060050 
74,300000 0,056925 
74,400000 0,055802 
74,500000 0,056397 
74,600000 0,057946 
74,700000 0,057715 
74,800000 0,056065 
74,900000 0,054886 
75,000000 0,056947 
75,100000 0,056768 
75,200000 0,057133 
75,300000 0,049921 
75,400000 0,051504 
75,500000 0,054916 
75,600000 0,059804 
75,700000 0,058636 
75,800000 0,058646 
75,900000 0,058238 
76,000000 0,056369 
76,100000 0,055859 
76,200000 0,058105 
76,300000 0,057403 
76,400000 0,057731 
76,500000 0,057549 
76,600000 0,057985 
76,700000 0,057855 
76,800000 0,059166 
76,900000 0,057668 
77,000000 0,059605 
77,100000 0,057202 
77,200000 0,058131 
77,300000 0,058486 
77,400000 0,056905 
77,500000 0,055650 
77,600000 0,057461 
77,700000 0,058132 
77,800000 0,057260 
77,900000 0,057749 
78,000000 0,056439 
78,100000 0,055881 
78,200000 0,055827 
78,300000 0,058012 
78,400000 0,057573 
78,500000 0,052237 
78,600000 0,057351 
78,700000 0,055607 
78,800000 0,052368 
78,900000 0,058587 
79,000000 0,056553 
79,100000 0,056703 
79,200000 0,058260 
79,300000 0,057946 
79,400000 0,056557 
79,500000 0,055191 
79,600000 0,055758 
79,700000 0,056689 
79,800000 0,058513 
79,900000 0,058702 
80,000000 0,057709 
80,100000 0,057946 
80,200000 0,055872 
80,300000 0,056482 
80,400000 0,056494 
80,500000 0,058714 
80,600000 0,054396 
80,700000 0,066477 
80,800000 0,061961 
80,900000 0,060899 
81,000000 0,064134 
81,100000 0,060865 
81,200000 0,060599 
81,300000 0,055853 
81,400000 0,060039 
81,500000 0,061988 
81,600000 0,062308 
81,700000 0,059271 
81,800000 0,061527 
81,900000 0,062030 
82,000000 0,060692 
82,100000 0,059794 
82,200000 0,058385 
82,300000 0,059423 
82,400000 0,059701 
82,500000 0,060853 
82,600000 0,059850 
82,700000 0,060094 
82,800000 0,060225 
82,900000 0,059437 
83,000000 0,059206 
83,100000 0,059233 
83,200000 0,062535 
83,300000 0,060374 
83,400000 0,056254 
83,500000 0,055889 
83,600000 0,056553 
83,700000 0,057940 
83,800000 0,057482 
83,900000 0,057962 
84,000000 0,060123 
84,100000 0,061595 
84,200000 0,056332 
84,300000 0,057275 
84,400000 0,059544 
84,500000 0,058341 
84,600000 0,057999 
84,700000 0,058269 
84,800000 0,057219 
84,900000 0,056715 
85,000000 0,057813 
85,100000 0,058964 
85,200000 0,058389 
85,300000 0,058014 
85,400000 0,058515 
85,500000 0,058385 
85,600000 0,056287 
85,700000 0,057006 
85,800000 0,055878 
85,900000 0,056796 
86,000000 0,055886 
86,100000 0,058095 
86,200000 0,054882 
86,300000 0,047407 
86,400000 0,049565 
86,500000 0,051574 
86,600000 0,060740 
86,700000 0,062616 
86,800000 0,049178 
86,900000 0,051196 
87,000000 0,054038 
87,100000 0,054790 
87,200000 0,059007 
87,300000 0,060076 
87,400000 0,058654 
87,500000 0,054452 
87,600000 0,058569 
87,700000 0,058902 
87,800000 0,061045 
87,900000 0,050778 
88,000000 0,060514 
88,100000 0,060705 
88,200000 0,058168 
88,300000 0,057453 
88,400000 0,060895 
88,500000 0,057323 
88,600000 0,060125 
88,700000 0,059120 
88,800000 0,057510 
88,900000 0,056295 
89,000000 0,056099 
89,100000 0,055781 
89,200000 0,056509 
89,300000 0,053908 
89,400000 0,056428 
89,500000 0,065026 
89,600000 0,062972 
89,700000 0,064818 
89,800000 0,057083 
89,900000 0,056658 
90,000000 0,056990 
90,100000 0,057529 
90,200000 0,058578 
90,300000 0,057163 
90,400000 0,059448 
90,500000 0,062169 
90,600000 0,059573 
90,700000 0,055932 
90,800000 0,057999 
90,900000 0,056930 
91,000000 0,058077 
91,100000 0,064030 
91,200000 0,063962 
91,300000 0,063305 
91,400000 0,061036 
91,500000 0,055878 
91,600000 0,054963 
91,700000 0,058789 
91,800000 0,057610 
91,900000 0,058472 
92,000000 0,062792 
92,100000 0,061785 
92,200000 0,058305 
92,300000 0,062736 
92,400000 0,061662 
92,500000 0,061024 
92,600000 0,060476 
92,700000 0,059716 
92,800000 0,060480 
92,900000 0,055160 
93,000000 0,060638 
93,100000 0,057734 
93,200000 0,052801 
93,300000 0,058084 
93,400000 0,058678 
93,500000 0,059148 
93,600000 0,057148 
93,700000 0,057071 
93,800000 0,059746 
93,900000 0,064725 
94,000000 0,064065 
94,100000 0,060695 
94,200000 0,054343 
94,300000 0,056729 
94,400000 0,056377 
94,500000 0,056437 
94,600000 0,056747 
94,700000 0,056399 
94,800000 0,057986 
94,900000 0,056033 
95,000000 0,053088 
95,100000 0,055648 
95,200000 0,060807 
95,300000 0,059032 
95,400000 0,059765 
95,500000 0,058985 
95,600000 0,060478 
95,700000 0,060643 
95,800000 0,061825 
95,900000 0,062596 
96,000000 0,062954 
96,100000 0,061718 
96,200000 0,054342 
96,300000 0,058639 
96,400000 0,059460 
96,500000 0,059116 
96,600000 0,060794 
96,700000 0,059644 
96,800000 0,062856 
96,900000 0,062138 
97,000000 0,060352 
97,100000 0,061094 
97,200000 0,060841 
97,300000 0,055537 
97,400000 0,060425 
97,500000 0,059981 
97,600000 0,061539 
97,700000 0,055262 
97,800000 0,062839 
97,900000 0,066693 
98,000000 0,062684 
98,100000 0,063349 
98,200000 0,059366 
98,300000 0,059577 
98,400000 0,061408 
98,500000 0,062522 
98,600000 0,061670 
98,700000 0,061269 
98,800000 0,060569 
98,900000 0,059587 
99,000000 0,061617 
99,100000 0,061836 
99,200000 0,060301 
99,300000 0,060176 
99,400000 0,061222 
99,500000 0,060584 
99,600000 0,062742 
99,700000 0,059591 
99,800000 0,058242 
99,900000 0,063523 
100,000000 0,062380 
