0,000000 -2,155431 
0,100000 -1,125743 
0,200000 -0,626644 
0,300000 -0,385604 
0,400000 -0,252143 
0,500000 -0,173264 
0,600000 -0,127038 
0,700000 -0,099782 
0,800000 -0,080349 
0,900000 -0,068250 
1,000000 -0,062019 
1,100000 -0,055487 
1,200000 -0,053478 
1,300000 -0,050306 
1,400000 -0,046644 
1,500000 -0,045862 
1,600000 -0,045020 
1,700000 -0,044704 
1,800000 -0,037787 
1,900000 -0,007416 
2,000000 0,005482 
2,100000 0,016965 
2,200000 0,033478 
2,300000 0,036946 
2,400000 0,044211 
2,500000 0,045282 
2,600000 0,046201 
2,700000 0,029783 
2,800000 0,001366 
2,900000 -0,020163 
3,000000 -0,003819 
3,100000 0,018652 
3,200000 0,033277 
3,300000 0,044316 
3,400000 0,049732 
3,500000 0,055524 
3,600000 0,058867 
3,700000 0,057869 
3,800000 0,057027 
3,900000 0,057980 
4,000000 0,059113 
4,100000 0,058286 
4,200000 0,058658 
4,300000 0,058978 
4,400000 0,059248 
4,500000 0,060376 
4,600000 0,059223 
4,700000 0,060578 
4,800000 0,062695 
4,900000 0,061266 
5,000000 0,058899 
5,100000 0,061426 
5,200000 0,059996 
5,300000 0,061534 
5,400000 0,058733 
5,500000 0,058852 
5,600000 0,059026 
5,700000 0,059587 
5,800000 0,058474 
5,900000 0,060261 
6,000000 0,061487 
6,100000 0,057856 
6,200000 0,058790 
6,300000 0,058604 
6,400000 0,059517 
6,500000 0,058761 
6,600000 0,058333 
6,700000 0,058637 
6,800000 0,058478 
6,900000 0,058514 
7,000000 0,058302 
7,100000 0,056684 
7,200000 0,059770 
7,300000 0,060032 
7,400000 0,058658 
7,500000 0,055393 
7,600000 0,055519 
7,700000 0,055894 
7,800000 0,053491 
7,900000 0,058073 
8,000000 0,060029 
8,100000 0,060792 
8,200000 0,060466 
8,300000 0,059868 
8,400000 0,059226 
8,500000 0,058260 
8,600000 0,059730 
8,700000 0,059105 
8,800000 0,061097 
8,900000 0,061238 
9,000000 0,058974 
9,100000 0,058163 
9,200000 0,058774 
9,300000 0,059989 
9,400000 0,058438 
9,500000 0,058400 
9,600000 0,059934 
9,700000 0,056934 
9,800000 0,055801 
9,900000 0,057024 
10,000000 0,056406 
10,100000 0,058569 
10,200000 0,058019 
10,300000 0,060512 
10,400000 0,058415 
10,500000 0,058743 
10,600000 0,055370 
10,700000 0,059494 
10,800000 0,052501 
10,900000 0,052183 
11,000000 0,052829 
11,100000 0,052527 
11,200000 0,058744 
11,300000 0,050247 
11,400000 0,053260 
11,500000 0,059410 
11,600000 0,057435 
11,700000 0,063698 
11,800000 0,053747 
11,900000 0,042563 
12,000000 0,034513 
12,100000 0,024175 
12,200000 0,013469 
12,300000 0,007406 
12,400000 0,005775 
12,500000 0,013933 
12,600000 0,029356 
12,700000 0,037940 
12,800000 0,033810 
12,900000 0,027889 
13,000000 0,027589 
13,100000 0,025704 
13,200000 0,024709 
13,300000 0,015922 
13,400000 0,015722 
13,500000 0,022101 
13,600000 0,016265 
13,700000 -0,006273 
13,800000 -0,069903 
13,900000 -0,142342 
14,000000 -0,202549 
14,100000 -0,248930 
14,200000 -0,269847 
14,300000 -0,271825 
14,400000 -0,249032 
14,500000 -0,208656 
14,600000 -0,138599 
14,700000 -0,096265 
14,800000 -0,098859 
14,900000 -0,123196 
15,000000 -0,147218 
15,100000 -0,166138 
15,200000 -0,171813 
15,300000 -0,171050 
15,400000 -0,152488 
15,500000 -0,130010 
15,600000 -0,098158 
15,700000 -0,089567 
15,800000 -0,111451 
15,900000 -0,136508 
16,000000 -0,157237 
16,100000 -0,172055 
16,200000 -0,173242 
16,300000 -0,169004 
16,400000 -0,154523 
16,500000 -0,130702 
16,600000 -0,106095 
16,700000 -0,110500 
16,800000 -0,132470 
16,900000 -0,155907 
17,000000 -0,180239 
17,100000 -0,181709 
17,200000 -0,184528 
17,300000 -0,181110 
17,400000 -0,177883 
17,500000 -0,178080 
17,600000 -0,228965 
17,700000 -0,324826 
17,800000 -0,427697 
17,900000 -0,510317 
18,000000 -0,558178 
18,100000 -0,585599 
18,200000 -0,577053 
18,300000 -0,545979 
18,400000 -0,500211 
18,500000 -0,394479 
18,600000 -0,238904 
18,700000 -0,121235 
18,800000 -0,060191 
18,900000 -0,026746 
19,000000 -0,003379 
19,100000 0,009410 
19,200000 0,017471 
19,300000 0,022454 
19,400000 0,022806 
19,500000 0,019270 
19,600000 0,010561 
19,700000 -0,000167 
19,800000 -0,009125 
19,900000 -0,013717 
20,000000 -0,018365 
20,100000 -0,016325 
20,200000 -0,015485 
20,300000 -0,007932 
20,400000 -0,001761 
20,500000 0,009890 
20,600000 0,028816 
20,700000 0,041308 
20,800000 0,049023 
20,900000 0,050233 
21,000000 0,055966 
21,100000 0,052802 
21,200000 0,055794 
21,300000 0,052345 
21,400000 0,056436 
21,500000 0,057607 
21,600000 0,056640 
21,700000 0,055418 
21,800000 0,055110 
21,900000 0,056668 
22,000000 0,059571 
22,100000 0,054597 
22,200000 0,058755 
22,300000 0,062490 
22,400000 0,063366 
22,500000 0,063978 
22,600000 0,062167 
22,700000 0,062849 
22,800000 0,061996 
22,900000 0,058198 
23,000000 0,058500 
23,100000 0,059759 
23,200000 0,059694 
23,300000 0,061804 
23,400000 0,058383 
23,500000 0,056149 
23,600000 0,052767 
23,700000 0,050542 
23,800000 0,048020 
23,900000 0,047195 
24,000000 0,046252 
24,100000 0,047156 
24,200000 0,045129 
24,300000 0,043800 
24,400000 0,036005 
24,500000 0,028361 
24,600000 0,023769 
24,700000 0,017383 
24,800000 0,013566 
24,900000 0,011569 
25,000000 0,011383 
25,100000 0,008665 
25,200000 -0,000842 
25,300000 -0,012778 
25,400000 -0,046867 
25,500000 -0,086921 
25,600000 -0,119087 
25,700000 -0,142383 
25,800000 -0,157073 
25,900000 -0,165341 
26,000000 -0,168668 
26,100000 -0,169029 
26,200000 -0,176637 
26,300000 -0,206498 
26,400000 -0,251771 
26,500000 -0,295427 
26,600000 -0,304132 
26,700000 -0,313997 
26,800000 -0,328048 
26,900000 -0,343019 
27,000000 -0,383211 
27,100000 -0,506559 
27,200000 -0,792847 
27,300000 -1,434208 
27,400000 -2,274534 
27,500000 -3,066154 
27,600000 -3,672323 
27,700000 -4,020793 
27,800000 -4,191772 
27,900000 -4,232283 
28,000000 -4,148470 
28,100000 -3,950101 
28,200000 -3,729304 
28,300000 -3,472348 
28,400000 -3,137459 
28,500000 -2,587178 
28,600000 -1,642243 
28,700000 -0,994000 
28,800000 -0,669427 
28,900000 -0,485535 
29,000000 -0,384191 
29,100000 -0,322313 
29,200000 -0,281265 
29,300000 -0,262685 
29,400000 -0,246857 
29,500000 -0,219261 
29,600000 -0,169795 
29,700000 -0,130673 
29,800000 -0,103901 
29,900000 -0,091615 
30,000000 -0,093598 
30,100000 -0,109201 
30,200000 -0,164641 
30,300000 -0,253329 
30,400000 -0,337756 
30,500000 -0,404545 
30,600000 -0,445768 
30,700000 -0,470587 
30,800000 -0,481010 
30,900000 -0,484290 
31,000000 -0,494920 
31,100000 -0,515750 
31,200000 -0,571465 
31,300000 -0,639059 
31,400000 -0,681458 
31,500000 -0,691383 
31,600000 -0,646822 
31,700000 -0,587965 
31,800000 -0,542131 
31,900000 -0,513447 
32,000000 -0,482101 
32,100000 -0,443418 
32,200000 -0,410373 
32,300000 -0,374312 
32,400000 -0,324955 
32,500000 -0,251798 
32,600000 -0,146838 
32,700000 -0,065268 
32,800000 -0,015815 
32,900000 0,013002 
33,000000 0,030019 
33,100000 0,038528 
33,200000 0,042727 
33,300000 0,046407 
33,400000 0,047806 
33,500000 0,052175 
33,600000 0,052974 
33,700000 0,055285 
33,800000 0,055391 
33,900000 0,054976 
34,000000 0,055566 
34,100000 0,055147 
34,200000 0,053621 
34,300000 0,055009 
34,400000 0,057246 
34,500000 0,056438 
34,600000 0,056737 
34,700000 0,059714 
34,800000 0,061393 
34,900000 0,059041 
35,000000 0,058687 
35,100000 0,055875 
35,200000 0,057248 
35,300000 0,057714 
35,400000 0,057976 
35,500000 0,056152 
35,600000 0,055252 
35,700000 0,054496 
35,800000 0,056983 
35,900000 0,054429 
36,000000 0,053258 
36,100000 0,051495 
36,200000 0,049597 
36,300000 0,047737 
36,400000 0,048577 
36,500000 0,046526 
36,600000 0,046416 
36,700000 0,046454 
36,800000 0,044746 
36,900000 0,044829 
37,000000 0,044896 
37,100000 0,043528 
37,200000 0,038815 
37,300000 0,037140 
37,400000 0,034870 
37,500000 0,035457 
37,600000 0,036540 
37,700000 0,038859 
37,800000 0,038871 
37,900000 0,039413 
38,000000 0,033768 
38,100000 0,025589 
38,200000 0,019439 
38,300000 0,012870 
38,400000 0,007629 
38,500000 0,006943 
38,600000 0,006594 
38,700000 0,006191 
38,800000 0,004726 
38,900000 -0,006083 
39,000000 -0,025559 
39,100000 -0,050116 
39,200000 -0,067239 
39,300000 -0,084403 
39,400000 -0,093027 
39,500000 -0,099100 
39,600000 -0,099049 
39,700000 -0,089398 
39,800000 -0,087870 
39,900000 -0,086713 
40,000000 -0,090573 
40,100000 -0,098971 
40,200000 -0,106311 
40,300000 -0,107973 
40,400000 -0,107380 
40,500000 -0,096013 
40,600000 -0,076554 
40,700000 -0,060336 
40,800000 -0,050574 
40,900000 -0,049313 
41,000000 -0,054677 
41,100000 -0,065186 
41,200000 -0,074236 
41,300000 -0,082383 
41,400000 -0,084974 
41,500000 -0,083464 
41,600000 -0,074624 
41,700000 -0,067100 
41,800000 -0,070613 
41,900000 -0,107460 
42,000000 -0,179724 
42,100000 -0,254499 
42,200000 -0,332334 
42,300000 -0,388529 
42,400000 -0,423164 
42,500000 -0,443548 
42,600000 -0,456658 
42,700000 -0,456849 
42,800000 -0,452523 
42,900000 -0,460927 
43,000000 -0,477975 
43,100000 -0,484899 
43,200000 -0,493364 
43,300000 -0,481531 
43,400000 -0,460998 
43,500000 -0,425594 
43,600000 -0,361087 
43,700000 -0,288276 
43,800000 -0,237230 
43,900000 -0,225435 
44,000000 -0,234792 
44,100000 -0,253709 
44,200000 -0,271642 
44,300000 -0,282701 
44,400000 -0,281315 
44,500000 -0,270823 
44,600000 -0,246683 
44,700000 -0,222655 
44,800000 -0,201736 
44,900000 -0,200242 
45,000000 -0,203218 
45,100000 -0,211905 
45,200000 -0,214779 
45,300000 -0,215205 
45,400000 -0,208065 
45,500000 -0,191152 
45,600000 -0,166188 
45,700000 -0,128218 
45,800000 -0,101203 
45,900000 -0,086195 
46,000000 -0,073477 
46,100000 -0,062514 
46,200000 -0,056631 
46,300000 -0,051575 
46,400000 -0,043319 
46,500000 -0,031112 
46,600000 -0,016528 
46,700000 0,003458 
46,800000 0,016896 
46,900000 0,028024 
47,000000 0,032787 
47,100000 0,038127 
47,200000 0,043777 
47,300000 0,046170 
47,400000 0,045010 
47,500000 0,047163 
47,600000 0,047861 
47,700000 0,049841 
47,800000 0,052376 
47,900000 0,054543 
48,000000 0,054831 
48,100000 0,054678 
48,200000 0,055318 
48,300000 0,055685 
48,400000 0,055735 
48,500000 0,057621 
48,600000 0,057134 
48,700000 0,057472 
48,800000 0,058425 
48,900000 0,057352 
49,000000 0,055899 
49,100000 0,056056 
49,200000 0,053419 
49,300000 0,053270 
49,400000 0,055070 
49,500000 0,053962 
49,600000 0,051698 
49,700000 0,048033 
49,800000 0,050542 
49,900000 0,050036 
50,000000 0,045670 
50,100000 0,041576 
50,200000 0,038844 
50,300000 0,039559 
50,400000 0,041416 
50,500000 0,042262 
50,600000 0,044615 
50,700000 0,050526 
50,800000 0,045049 
50,900000 0,042002 
51,000000 0,042704 
51,100000 0,045523 
51,200000 0,046604 
51,300000 0,050322 
51,400000 0,051523 
51,500000 0,049492 
51,600000 0,049771 
51,700000 0,051383 
51,800000 0,048633 
51,900000 0,053747 
52,000000 0,054202 
52,100000 0,055272 
52,200000 0,054144 
52,300000 0,054112 
52,400000 0,053830 
52,500000 0,052565 
52,600000 0,052914 
52,700000 0,053314 
52,800000 0,052495 
52,900000 0,050721 
53,000000 0,054750 
53,100000 0,052383 
53,200000 0,048070 
53,300000 0,045928 
53,400000 0,046005 
53,500000 0,048699 
53,600000 0,049362 
53,700000 0,051865 
53,800000 0,049346 
53,900000 0,046646 
54,000000 0,048702 
54,100000 0,049411 
54,200000 0,047267 
54,300000 0,046927 
54,400000 0,046193 
54,500000 0,047044 
54,600000 0,046029 
54,700000 0,048179 
54,800000 0,048713 
54,900000 0,045423 
55,000000 0,043948 
55,100000 0,038673 
55,200000 0,036765 
55,300000 0,035049 
55,400000 0,036113 
55,500000 0,031630 
55,600000 0,034287 
55,700000 0,036232 
55,800000 0,033100 
55,900000 0,030468 
56,000000 0,028485 
56,100000 0,023431 
56,200000 0,022631 
56,300000 0,018515 
56,400000 0,019401 
56,500000 0,019776 
56,600000 0,017110 
56,700000 0,013642 
56,800000 0,002459 
56,900000 -0,014220 
57,000000 -0,027336 
57,100000 -0,038839 
57,200000 -0,051155 
57,300000 -0,057860 
57,400000 -0,061297 
57,500000 -0,062488 
57,600000 -0,063442 
57,700000 -0,061687 
57,800000 -0,057018 
57,900000 -0,043144 
58,000000 -0,042679 
58,100000 -0,041252 
58,200000 -0,040004 
58,300000 -0,029147 
58,400000 -0,025330 
58,500000 -0,013834 
58,600000 -0,009352 
58,700000 0,005684 
58,800000 0,030261 
58,900000 0,042241 
59,000000 0,044143 
59,100000 0,046938 
59,200000 0,043050 
59,300000 0,046836 
59,400000 0,050239 
59,500000 0,051196 
59,600000 0,051392 
59,700000 0,051089 
59,800000 0,050654 
59,900000 0,051577 
60,000000 0,053278 
60,100000 0,051607 
60,200000 0,055497 
60,300000 0,057549 
60,400000 0,055585 
60,500000 0,057155 
60,600000 0,054837 
60,700000 0,050263 
60,800000 0,053313 
60,900000 0,054302 
61,000000 0,053509 
61,100000 0,052359 
61,200000 0,051936 
61,300000 0,048949 
61,400000 0,046326 
61,500000 0,047691 
61,600000 0,050469 
61,700000 0,050036 
61,800000 0,049429 
61,900000 0,051432 
62,000000 0,049477 
62,100000 0,052224 
62,200000 0,051849 
62,300000 0,056866 
62,400000 0,056741 
62,500000 0,054965 
62,600000 0,053190 
62,700000 0,051587 
62,800000 0,052980 
62,900000 0,065257 
63,000000 0,061930 
63,100000 0,059739 
63,200000 0,061631 
63,300000 0,056217 
63,400000 0,051916 
63,500000 0,054658 
63,600000 0,054813 
63,700000 0,054014 
63,800000 0,053481 
63,900000 0,050925 
64,000000 0,049886 
64,100000 0,049638 
64,200000 0,049780 
64,300000 0,049214 
64,400000 0,051007 
64,500000 0,056788 
64,600000 0,055572 
64,700000 0,055005 
64,800000 0,051060 
64,900000 0,048428 
65,000000 0,050104 
65,100000 0,048641 
65,200000 0,048789 
65,300000 0,047964 
65,400000 0,049319 
65,500000 0,046310 
65,600000 0,048069 
65,700000 0,053167 
65,800000 0,052941 
65,900000 0,055033 
66,000000 0,054407 
66,100000 0,051750 
66,200000 0,051597 
66,300000 0,054477 
66,400000 0,056576 
66,500000 0,055653 
66,600000 0,054520 
66,700000 0,052825 
66,800000 0,057060 
66,900000 0,057593 
67,000000 0,058753 
67,100000 0,060592 
67,200000 0,059173 
67,300000 0,053094 
67,400000 0,051046 
67,500000 0,050002 
67,600000 0,047631 
67,700000 0,044910 
67,800000 0,036052 
67,900000 0,032631 
68,000000 0,028751 
68,100000 0,023994 
68,200000 0,022652 
68,300000 0,014957 
68,400000 0,018448 
68,500000 0,019581 
68,600000 0,013275 
68,700000 0,020101 
68,800000 0,019249 
68,900000 0,018475 
69,000000 0,021785 
69,100000 0,023825 
69,200000 0,023750 
69,300000 0,026297 
69,400000 0,026460 
69,500000 0,028291 
69,600000 0,029135 
69,700000 0,036019 
69,800000 0,041041 
69,900000 0,045348 
70,000000 0,046711 
70,100000 0,045047 
70,200000 0,049902 
70,300000 0,049978 
70,400000 0,049844 
70,500000 0,048141 
70,600000 0,048261 
70,700000 0,049174 
70,800000 0,049098 
70,900000 0,049315 
71,000000 0,054079 
71,100000 0,061810 
71,200000 0,045211 
71,300000 0,048542 
71,400000 0,047663 
71,500000 0,050948 
71,600000 0,050091 
71,700000 0,048813 
71,800000 0,051388 
71,900000 0,052755 
72,000000 0,048900 
72,100000 0,056655 
72,200000 0,063098 
72,300000 0,061858 
72,400000 0,058734 
72,500000 0,056285 
72,600000 0,058042 
72,700000 0,052898 
72,800000 0,052529 
72,900000 0,055378 
73,000000 0,059132 
73,100000 0,055980 
73,200000 0,051292 
73,300000 0,055387 
73,400000 0,066147 
73,500000 0,061230 
73,600000 0,054899 
73,700000 0,058303 
73,800000 0,059073 
73,900000 0,060013 
74,000000 0,065482 
74,100000 0,059150 
74,200000 0,057958 
74,300000 0,056908 
74,400000 0,061798 
74,500000 0,059080 
74,600000 0,061198 
74,700000 0,054401 
74,800000 0,058348 
74,900000 0,054326 
75,000000 0,061322 
75,100000 0,060597 
75,200000 0,059414 
75,300000 0,057351 
75,400000 0,059154 
75,500000 0,058220 
75,600000 0,059281 
75,700000 0,059301 
75,800000 0,058041 
75,900000 0,058680 
76,000000 0,057583 
76,100000 0,045004 
76,200000 0,054365 
76,300000 0,058944 
76,400000 0,061552 
76,500000 0,061765 
76,600000 0,059253 
76,700000 0,055793 
76,800000 0,058573 
76,900000 0,051392 
77,000000 0,053629 
77,100000 0,057953 
77,200000 0,055231 
77,300000 0,054536 
77,400000 0,057513 
77,500000 0,059785 
77,600000 0,057281 
77,700000 0,058289 
77,800000 0,059318 
77,900000 0,057030 
78,000000 0,057273 
78,100000 0,056203 
78,200000 0,058956 
78,300000 0,060154 
78,400000 0,061266 
78,500000 0,055743 
78,600000 0,054452 
78,700000 0,056742 
78,800000 0,056258 
78,900000 0,062359 
79,000000 0,056011 
79,100000 0,056315 
79,200000 0,056925 
79,300000 0,056915 
79,400000 0,057132 
79,500000 0,059979 
79,600000 0,059245 
79,700000 0,056192 
79,800000 0,055282 
79,900000 0,058154 
80,000000 0,059309 
80,100000 0,058953 
80,200000 0,059720 
80,300000 0,058593 
80,400000 0,056969 
80,500000 0,056104 
80,600000 0,057338 
80,700000 0,055934 
80,800000 0,055918 
80,900000 0,059021 
81,000000 0,055446 
81,100000 0,056153 
81,200000 0,054975 
81,300000 0,056298 
81,400000 0,055230 
81,500000 0,050541 
81,600000 0,057175 
81,700000 0,058393 
81,800000 0,057931 
81,900000 0,056574 
82,000000 0,055741 
82,100000 0,054817 
82,200000 0,048427 
82,300000 0,054014 
82,400000 0,042350 
82,500000 0,051257 
82,600000 0,053518 
82,700000 0,055860 
82,800000 0,054228 
82,900000 0,054179 
83,000000 0,054690 
83,100000 0,052983 
83,200000 0,046710 
83,300000 0,044467 
83,400000 0,049131 
83,500000 0,062755 
83,600000 0,051694 
83,700000 0,052178 
83,800000 0,063091 
83,900000 0,059399 
84,000000 0,059526 
84,100000 0,059055 
84,200000 0,051176 
84,300000 0,048573 
84,400000 0,054012 
84,500000 0,052792 
84,600000 0,042493 
84,700000 0,052343 
84,800000 0,050740 
84,900000 0,040847 
85,000000 0,052548 
85,100000 0,051464 
85,200000 0,055019 
85,300000 0,058434 
85,400000 0,055362 
85,500000 0,040638 
85,600000 0,049536 
85,700000 0,055407 
85,800000 0,052967 
85,900000 0,054478 
86,000000 0,048366 
86,100000 0,049995 
86,200000 0,045429 
86,300000 0,053022 
86,400000 0,056259 
86,500000 0,057253 
86,600000 0,049841 
86,700000 0,044493 
86,800000 0,042466 
86,900000 0,059916 
87,000000 0,047103 
87,100000 0,049748 
87,200000 0,056580 
87,300000 0,049938 
87,400000 0,059834 
87,500000 0,067029 
87,600000 0,062262 
87,700000 0,063062 
87,800000 0,062299 
87,900000 0,061548 
88,000000 0,060421 
88,100000 0,058626 
88,200000 0,059189 
88,300000 0,059134 
88,400000 0,063578 
88,500000 0,061091 
88,600000 0,059740 
88,700000 0,058500 
88,800000 0,044560 
88,900000 0,042639 
89,000000 0,048026 
89,100000 0,045276 
89,200000 0,058240 
89,300000 0,059158 
89,400000 0,056827 
89,500000 0,060042 
89,600000 0,055703 
89,700000 0,058742 
89,800000 0,057718 
89,900000 0,056884 
90,000000 0,055648 
90,100000 0,054885 
90,200000 0,052713 
90,300000 0,053267 
90,400000 0,055857 
90,500000 0,056444 
90,600000 0,055190 
90,700000 0,053969 
90,800000 0,057829 
90,900000 0,057021 
91,000000 0,055974 
91,100000 0,055674 
91,200000 0,056412 
91,300000 0,057745 
91,400000 0,057477 
91,500000 0,057005 
91,600000 0,056026 
91,700000 0,055517 
91,800000 0,054464 
91,900000 0,053045 
92,000000 0,056090 
92,100000 0,056171 
92,200000 0,054124 
92,300000 0,050672 
92,400000 0,047841 
92,500000 0,050871 
92,600000 0,050942 
92,700000 0,056000 
92,800000 0,050250 
92,900000 0,056856 
93,000000 0,054676 
93,100000 0,050429 
93,200000 0,053157 
93,300000 0,054276 
93,400000 0,058037 
93,500000 0,057201 
93,600000 0,054403 
93,700000 0,064942 
93,800000 0,057597 
93,900000 0,054565 
94,000000 0,056522 
94,100000 0,052166 
94,200000 0,048876 
94,300000 0,054513 
94,400000 0,055492 
94,500000 0,056094 
94,600000 0,055376 
94,700000 0,054212 
94,800000 0,057085 
94,900000 0,057516 
95,000000 0,058155 
95,100000 0,059310 
95,200000 0,059504 
95,300000 0,061370 
95,400000 0,060153 
95,500000 0,060764 
95,600000 0,060227 
95,700000 0,056215 
95,800000 0,055871 
95,900000 0,052390 
96,000000 0,049672 
96,100000 0,051480 
96,200000 0,056933 
96,300000 0,057840 
96,400000 0,054016 
96,500000 0,054235 
96,600000 0,053196 
96,700000 0,053032 
96,800000 0,055453 
96,900000 0,057351 
97,000000 0,056671 
97,100000 0,055893 
97,200000 0,054779 
97,300000 0,055241 
97,400000 0,056478 
97,500000 0,054096 
97,600000 0,053728 
97,700000 0,056845 
97,800000 0,057265 
97,900000 0,058257 
98,000000 0,058857 
98,100000 0,057863 
98,200000 0,059572 
98,300000 0,059557 
98,400000 0,058364 
98,500000 0,058300 
98,600000 0,057562 
98,700000 0,058756 
98,800000 0,056525 
98,900000 0,056178 
99,000000 0,056330 
99,100000 0,059708 
99,200000 0,057737 
99,300000 0,058012 
99,400000 0,058542 
99,500000 0,058234 
99,600000 0,058746 
99,700000 0,059002 
99,800000 0,054325 
99,900000 0,058584 
100,000000 0,057292 
