0,000000 -1,446514 
0,100000 -0,769100 
0,200000 -0,449445 
0,300000 -0,283769 
0,400000 -0,187555 
0,500000 -0,130693 
0,600000 -0,098708 
0,700000 -0,080645 
0,800000 -0,068761 
0,900000 -0,059031 
1,000000 -0,055858 
1,100000 -0,048304 
1,200000 -0,049760 
1,300000 -0,050729 
1,400000 -0,048788 
1,500000 -0,042044 
1,600000 -0,046961 
1,700000 -0,044577 
1,800000 -0,039088 
1,900000 -0,006048 
2,000000 0,007982 
2,100000 0,019451 
2,200000 0,031956 
2,300000 0,040999 
2,400000 0,044024 
2,500000 0,050295 
2,600000 0,046370 
2,700000 0,039201 
2,800000 0,020016 
2,900000 -0,000729 
3,000000 0,012875 
3,100000 0,023352 
3,200000 0,035336 
3,300000 0,044675 
3,400000 0,048863 
3,500000 0,055066 
3,600000 0,055491 
3,700000 0,055946 
3,800000 0,055370 
3,900000 0,052061 
4,000000 0,055531 
4,100000 0,057284 
4,200000 0,054872 
4,300000 0,056897 
4,400000 0,056681 
4,500000 0,056854 
4,600000 0,055341 
4,700000 0,056938 
4,800000 0,057842 
4,900000 0,054886 
5,000000 0,053095 
5,100000 0,052090 
5,200000 0,055172 
5,300000 0,054021 
5,400000 0,058338 
5,500000 0,056309 
5,600000 0,059403 
5,700000 0,059809 
5,800000 0,056701 
5,900000 0,058564 
6,000000 0,058978 
6,100000 0,057363 
6,200000 0,058183 
6,300000 0,055679 
6,400000 0,055321 
6,500000 0,058565 
6,600000 0,058909 
6,700000 0,057807 
6,800000 0,058483 
6,900000 0,058884 
7,000000 0,058424 
7,100000 0,059271 
7,200000 0,056751 
7,300000 0,055488 
7,400000 0,054896 
7,500000 0,056722 
7,600000 0,055481 
7,700000 0,056326 
7,800000 0,056696 
7,900000 0,058488 
8,000000 0,060939 
8,100000 0,058267 
8,200000 0,058695 
8,300000 0,058922 
8,400000 0,056864 
8,500000 0,058132 
8,600000 0,059146 
8,700000 0,058410 
8,800000 0,061102 
8,900000 0,061761 
9,000000 0,059896 
9,100000 0,061867 
9,200000 0,058707 
9,300000 0,059355 
9,400000 0,060813 
9,500000 0,060778 
9,600000 0,059785 
9,700000 0,056850 
9,800000 0,058872 
9,900000 0,059326 
10,000000 0,060870 
10,100000 0,059048 
10,200000 0,059237 
10,300000 0,060501 
10,400000 0,060189 
10,500000 0,060499 
10,600000 0,060699 
10,700000 0,059852 
10,800000 0,061250 
10,900000 0,062152 
11,000000 0,062425 
11,100000 0,061856 
11,200000 0,061331 
11,300000 0,059330 
11,400000 0,056819 
11,500000 0,061167 
11,600000 0,058241 
11,700000 0,058214 
11,800000 0,056518 
11,900000 0,056530 
12,000000 0,053169 
12,100000 0,047365 
12,200000 0,037686 
12,300000 0,030343 
12,400000 0,026502 
12,500000 0,029277 
12,600000 0,039006 
12,700000 0,046551 
12,800000 0,051522 
12,900000 0,052141 
13,000000 0,051130 
13,100000 0,047845 
13,200000 0,043518 
13,300000 0,039727 
13,400000 0,037404 
13,500000 0,038860 
13,600000 0,043781 
13,700000 0,045622 
13,800000 0,045641 
13,900000 0,032278 
14,000000 0,001125 
14,100000 -0,053948 
14,200000 -0,108967 
14,300000 -0,141303 
14,400000 -0,143386 
14,500000 -0,106384 
14,600000 -0,046647 
14,700000 -0,004355 
14,800000 0,015541 
14,900000 0,022366 
15,000000 0,006688 
15,100000 -0,022668 
15,200000 -0,053866 
15,300000 -0,071480 
15,400000 -0,072180 
15,500000 -0,049373 
15,600000 -0,009909 
15,700000 0,015066 
15,800000 0,028909 
15,900000 0,020460 
16,000000 -0,001793 
16,100000 -0,035599 
16,200000 -0,066177 
16,300000 -0,081785 
16,400000 -0,072959 
16,500000 -0,042140 
16,600000 -0,006285 
16,700000 0,022672 
16,800000 0,024225 
16,900000 0,017823 
17,000000 -0,011663 
17,100000 -0,051349 
17,200000 -0,076149 
17,300000 -0,086052 
17,400000 -0,074690 
17,500000 -0,040306 
17,600000 -0,001112 
17,700000 0,013963 
17,800000 0,002061 
17,900000 -0,047073 
18,000000 -0,132394 
18,100000 -0,220691 
18,200000 -0,285085 
18,300000 -0,311651 
18,400000 -0,297221 
18,500000 -0,194345 
18,600000 -0,090485 
18,700000 -0,030917 
18,800000 -0,000143 
18,900000 0,025299 
19,000000 0,032085 
19,100000 0,038334 
19,200000 0,040691 
19,300000 0,039832 
19,400000 0,036936 
19,500000 0,037056 
19,600000 0,050484 
19,700000 0,051321 
19,800000 0,048298 
19,900000 0,034411 
20,000000 0,031019 
20,100000 0,021411 
20,200000 0,016905 
20,300000 0,016307 
20,400000 0,019091 
20,500000 0,032864 
20,600000 0,026766 
20,700000 0,036539 
20,800000 0,042112 
20,900000 0,048863 
21,000000 0,048723 
21,100000 0,049600 
21,200000 0,049691 
21,300000 0,050135 
21,400000 0,050893 
21,500000 0,050628 
21,600000 0,050487 
21,700000 0,051703 
21,800000 0,051142 
21,900000 0,050280 
22,000000 0,051187 
22,100000 0,051551 
22,200000 0,052525 
22,300000 0,052162 
22,400000 0,052827 
22,500000 0,054351 
22,600000 0,053335 
22,700000 0,055105 
22,800000 0,053847 
22,900000 0,053388 
23,000000 0,055618 
23,100000 0,055383 
23,200000 0,054611 
23,300000 0,053516 
23,400000 0,055123 
23,500000 0,055489 
23,600000 0,053395 
23,700000 0,050990 
23,800000 0,049177 
23,900000 0,049458 
24,000000 0,049129 
24,100000 0,046543 
24,200000 0,046495 
24,300000 0,045391 
24,400000 0,049106 
24,500000 0,048114 
24,600000 0,049483 
24,700000 0,049475 
24,800000 0,047073 
24,900000 0,039377 
25,000000 0,033982 
25,100000 0,030101 
25,200000 0,030647 
25,300000 0,031532 
25,400000 0,031787 
25,500000 0,037742 
25,600000 0,037314 
25,700000 0,033478 
25,800000 0,014911 
25,900000 -0,012208 
26,000000 -0,040436 
26,100000 -0,052835 
26,200000 -0,059516 
26,300000 -0,066499 
26,400000 -0,052166 
26,500000 -0,022508 
26,600000 -0,000802 
26,700000 -0,000841 
26,800000 -0,019542 
26,900000 -0,062703 
27,000000 -0,102204 
27,100000 -0,130437 
27,200000 -0,144126 
27,300000 -0,140868 
27,400000 -0,120563 
27,500000 -0,094758 
27,600000 -0,176572 
27,700000 -0,385928 
27,800000 -0,834220 
27,900000 -1,400166 
28,000000 -1,877213 
28,100000 -2,171708 
28,200000 -2,257822 
28,300000 -2,139756 
28,400000 -1,764910 
28,500000 -1,134015 
28,600000 -0,615282 
28,700000 -0,352444 
28,800000 -0,232498 
28,900000 -0,171755 
29,000000 -0,149533 
29,100000 -0,132669 
29,200000 -0,121209 
29,300000 -0,105859 
29,400000 -0,078757 
29,500000 -0,039423 
29,600000 -0,005879 
29,700000 0,010473 
29,800000 0,010921 
29,900000 -0,001902 
30,000000 -0,006064 
30,100000 -0,012021 
30,200000 -0,013648 
30,300000 -0,008228 
30,400000 -0,001960 
30,500000 0,010725 
30,600000 0,018756 
30,700000 -0,004662 
30,800000 -0,059561 
30,900000 -0,120387 
31,000000 -0,171177 
31,100000 -0,197838 
31,200000 -0,204883 
31,300000 -0,197066 
31,400000 -0,151164 
31,500000 -0,093627 
31,600000 -0,056828 
31,700000 -0,066351 
31,800000 -0,114203 
31,900000 -0,162720 
32,000000 -0,203506 
32,100000 -0,229062 
32,200000 -0,219849 
32,300000 -0,202611 
32,400000 -0,152517 
32,500000 -0,080774 
32,600000 -0,023141 
32,700000 0,006774 
32,800000 0,027583 
32,900000 0,038139 
33,000000 0,040362 
33,100000 0,042337 
33,200000 0,045010 
33,300000 0,050452 
33,400000 0,046245 
33,500000 0,047538 
33,600000 0,048740 
33,700000 0,048564 
33,800000 0,049379 
33,900000 0,050603 
34,000000 0,050113 
34,100000 0,054557 
34,200000 0,054568 
34,300000 0,048500 
34,400000 0,057208 
34,500000 0,049811 
34,600000 0,051527 
34,700000 0,058699 
34,800000 0,053656 
34,900000 0,052067 
35,000000 0,052947 
35,100000 0,057320 
35,200000 0,059647 
35,300000 0,051268 
35,400000 0,050184 
35,500000 0,055516 
35,600000 0,062426 
35,700000 0,046714 
35,800000 0,051464 
35,900000 0,056154 
36,000000 0,055228 
36,100000 0,046923 
36,200000 0,051840 
36,300000 0,061909 
36,400000 0,064670 
36,500000 0,063397 
36,600000 0,059424 
36,700000 0,057609 
36,800000 0,057378 
36,900000 0,056495 
37,000000 0,053702 
37,100000 0,052601 
37,200000 0,052738 
37,300000 0,054523 
37,400000 0,056030 
37,500000 0,057473 
37,600000 0,056850 
37,700000 0,056234 
37,800000 0,054563 
37,900000 0,051107 
38,000000 0,052083 
38,100000 0,051756 
38,200000 0,051682 
38,300000 0,051198 
38,400000 0,050253 
38,500000 0,053543 
38,600000 0,053843 
38,700000 0,052054 
38,800000 0,045082 
38,900000 0,042943 
39,000000 0,042176 
39,100000 0,040224 
39,200000 0,039261 
39,300000 0,041437 
39,400000 0,042241 
39,500000 0,047598 
39,600000 0,034051 
39,700000 0,030158 
39,800000 0,015802 
39,900000 0,003889 
40,000000 -0,005571 
40,100000 -0,010365 
40,200000 -0,007810 
40,300000 0,000178 
40,400000 0,013389 
40,500000 0,027080 
40,600000 0,037250 
40,700000 0,037792 
40,800000 0,033806 
40,900000 0,025285 
41,000000 0,024006 
41,100000 0,016803 
41,200000 0,014499 
41,300000 0,012448 
41,400000 0,020985 
41,500000 0,026938 
41,600000 0,039003 
41,700000 0,034719 
41,800000 0,041672 
41,900000 0,030224 
42,000000 0,024046 
42,100000 0,013331 
42,200000 0,012716 
42,300000 0,017155 
42,400000 0,013406 
42,500000 0,021988 
42,600000 0,027033 
42,700000 0,007182 
42,800000 -0,031016 
42,900000 -0,077803 
43,000000 -0,117644 
43,100000 -0,135593 
43,200000 -0,138910 
43,300000 -0,125137 
43,400000 -0,098681 
43,500000 -0,049857 
43,600000 -0,011277 
43,700000 0,005192 
43,800000 -0,006053 
43,900000 -0,022236 
44,000000 -0,014005 
44,100000 -0,038937 
44,200000 -0,028492 
44,300000 -0,025408 
44,400000 -0,013961 
44,500000 0,006434 
44,600000 0,024290 
44,700000 0,020429 
44,800000 0,012319 
44,900000 -0,009989 
45,000000 -0,026028 
45,100000 -0,033439 
45,200000 -0,038243 
45,300000 -0,034070 
45,400000 -0,013068 
45,500000 0,012378 
45,600000 0,021891 
45,700000 0,028758 
45,800000 0,025760 
45,900000 0,022093 
46,000000 0,010886 
46,100000 0,006759 
46,200000 0,003163 
46,300000 0,009511 
46,400000 0,012813 
46,500000 0,029073 
46,600000 0,038505 
46,700000 0,038053 
46,800000 0,047295 
46,900000 0,053385 
47,000000 0,045121 
47,100000 0,044409 
47,200000 0,046782 
47,300000 0,051738 
47,400000 0,048788 
47,500000 0,053014 
47,600000 0,057586 
47,700000 0,054361 
47,800000 0,049668 
47,900000 0,048774 
48,000000 0,046002 
48,100000 0,056915 
48,200000 0,053083 
48,300000 0,047981 
48,400000 0,048602 
48,500000 0,049163 
48,600000 0,050109 
48,700000 0,058437 
48,800000 0,053531 
48,900000 0,054584 
49,000000 0,052479 
49,100000 0,062111 
49,200000 0,055730 
49,300000 0,050560 
49,400000 0,052843 
49,500000 0,055774 
49,600000 0,056783 
49,700000 0,054111 
49,800000 0,052189 
49,900000 0,050839 
50,000000 0,054282 
50,100000 0,052168 
50,200000 0,052109 
50,300000 0,050454 
50,400000 0,053328 
50,500000 0,052341 
50,600000 0,050224 
50,700000 0,049796 
50,800000 0,053691 
50,900000 0,051848 
51,000000 0,058574 
51,100000 0,052483 
51,200000 0,053228 
51,300000 0,054523 
51,400000 0,055924 
51,500000 0,054061 
51,600000 0,054747 
51,700000 0,053613 
51,800000 0,055384 
51,900000 0,044245 
52,000000 0,054763 
52,100000 0,055386 
52,200000 0,057140 
52,300000 0,051113 
52,400000 0,049639 
52,500000 0,054338 
52,600000 0,051247 
52,700000 0,048666 
52,800000 0,051425 
52,900000 0,053490 
53,000000 0,053990 
53,100000 0,055807 
53,200000 0,057064 
53,300000 0,053635 
53,400000 0,052944 
53,500000 0,054692 
53,600000 0,054851 
53,700000 0,052472 
53,800000 0,050729 
53,900000 0,049330 
54,000000 0,050966 
54,100000 0,051634 
54,200000 0,051800 
54,300000 0,054997 
54,400000 0,046977 
54,500000 0,054634 
54,600000 0,049985 
54,700000 0,046875 
54,800000 0,053856 
54,900000 0,050739 
55,000000 0,049037 
55,100000 0,049143 
55,200000 0,054458 
55,300000 0,051826 
55,400000 0,050170 
55,500000 0,047509 
55,600000 0,057765 
55,700000 0,049354 
55,800000 0,052147 
55,900000 0,052011 
56,000000 0,050217 
56,100000 0,056896 
56,200000 0,056024 
56,300000 0,046967 
56,400000 0,051609 
56,500000 0,053014 
56,600000 0,050188 
56,700000 0,052485 
56,800000 0,051384 
56,900000 0,051171 
57,000000 0,047371 
57,100000 0,045067 
57,200000 0,048630 
57,300000 0,048436 
57,400000 0,049057 
57,500000 0,048570 
57,600000 0,047420 
57,700000 0,049118 
57,800000 0,043919 
57,900000 0,037548 
58,000000 0,031236 
58,100000 0,024249 
58,200000 0,020286 
58,300000 0,018723 
58,400000 0,021135 
58,500000 0,031709 
58,600000 0,040971 
58,700000 0,044397 
58,800000 0,044812 
58,900000 0,047329 
59,000000 0,047535 
59,100000 0,042461 
59,200000 0,044485 
59,300000 0,045824 
59,400000 0,042829 
59,500000 0,042540 
59,600000 0,049876 
59,700000 0,049021 
59,800000 0,048437 
59,900000 0,051128 
60,000000 0,049131 
60,100000 0,057149 
60,200000 0,052771 
60,300000 0,050719 
60,400000 0,049914 
60,500000 0,049695 
60,600000 0,050934 
60,700000 0,053926 
60,800000 0,051021 
60,900000 0,048523 
61,000000 0,058729 
61,100000 0,049663 
61,200000 0,049593 
61,300000 0,053163 
61,400000 0,060583 
61,500000 0,050174 
61,600000 0,056960 
61,700000 0,055721 
61,800000 0,053255 
61,900000 0,061720 
62,000000 0,061629 
62,100000 0,054157 
62,200000 0,051989 
62,300000 0,049609 
62,400000 0,053414 
62,500000 0,054901 
62,600000 0,055931 
62,700000 0,059380 
62,800000 0,048725 
62,900000 0,050968 
63,000000 0,052294 
63,100000 0,053086 
63,200000 0,061378 
63,300000 0,060136 
63,400000 0,057776 
63,500000 0,060424 
63,600000 0,056537 
63,700000 0,055423 
63,800000 0,048815 
63,900000 0,045422 
64,000000 0,047254 
64,100000 0,052825 
64,200000 0,058223 
64,300000 0,052239 
64,400000 0,053950 
64,500000 0,052467 
64,600000 0,052464 
64,700000 0,053479 
64,800000 0,054485 
64,900000 0,053825 
65,000000 0,052500 
65,100000 0,052538 
65,200000 0,053302 
65,300000 0,052563 
65,400000 0,054114 
65,500000 0,053277 
65,600000 0,052536 
65,700000 0,052967 
65,800000 0,051132 
65,900000 0,052156 
66,000000 0,050164 
66,100000 0,050699 
66,200000 0,054236 
66,300000 0,049878 
66,400000 0,051903 
66,500000 0,052342 
66,600000 0,051839 
66,700000 0,052906 
66,800000 0,051593 
66,900000 0,050880 
67,000000 0,048502 
67,100000 0,054234 
67,200000 0,054782 
67,300000 0,053777 
67,400000 0,052062 
67,500000 0,052579 
67,600000 0,052500 
67,700000 0,051768 
67,800000 0,054771 
67,900000 0,052549 
68,000000 0,054114 
68,100000 0,055772 
68,200000 0,053772 
68,300000 0,051048 
68,400000 0,050953 
68,500000 0,051328 
68,600000 0,052768 
68,700000 0,052148 
68,800000 0,048339 
68,900000 0,047064 
69,000000 0,045598 
69,100000 0,044628 
69,200000 0,041513 
69,300000 0,039353 
69,400000 0,036668 
69,500000 0,041693 
69,600000 0,044191 
69,700000 0,047426 
69,800000 0,047484 
69,900000 0,050513 
70,000000 0,058051 
70,100000 0,057409 
70,200000 0,054664 
70,300000 0,054728 
70,400000 0,058949 
70,500000 0,054333 
70,600000 0,056110 
70,700000 0,056489 
70,800000 0,055004 
70,900000 0,053146 
71,000000 0,053029 
71,100000 0,054835 
71,200000 0,052513 
71,300000 0,050851 
71,400000 0,053481 
71,500000 0,054106 
71,600000 0,056130 
71,700000 0,046779 
71,800000 0,045741 
71,900000 0,048335 
72,000000 0,052312 
72,100000 0,056095 
72,200000 0,058590 
72,300000 0,057758 
72,400000 0,056809 
72,500000 0,054045 
72,600000 0,054399 
72,700000 0,053057 
72,800000 0,055432 
72,900000 0,060220 
73,000000 0,054101 
73,100000 0,054149 
73,200000 0,052957 
73,300000 0,055784 
73,400000 0,053423 
73,500000 0,055422 
73,600000 0,055036 
73,700000 0,058369 
73,800000 0,058102 
73,900000 0,058017 
74,000000 0,054411 
74,100000 0,055489 
74,200000 0,055969 
74,300000 0,055859 
74,400000 0,056531 
74,500000 0,058312 
74,600000 0,056032 
74,700000 0,056736 
74,800000 0,057203 
74,900000 0,055795 
75,000000 0,056296 
75,100000 0,056930 
75,200000 0,054956 
75,300000 0,048068 
75,400000 0,048180 
75,500000 0,050902 
75,600000 0,051797 
75,700000 0,051262 
75,800000 0,052502 
75,900000 0,052767 
76,000000 0,053479 
76,100000 0,054212 
76,200000 0,053589 
76,300000 0,064121 
76,400000 0,059200 
76,500000 0,056165 
76,600000 0,056673 
76,700000 0,056959 
76,800000 0,053176 
76,900000 0,059291 
77,000000 0,055748 
77,100000 0,050999 
77,200000 0,041274 
77,300000 0,045237 
77,400000 0,048765 
77,500000 0,045148 
77,600000 0,047545 
77,700000 0,048749 
77,800000 0,052004 
77,900000 0,049169 
78,000000 0,050580 
78,100000 0,050688 
78,200000 0,050039 
78,300000 0,049628 
78,400000 0,048842 
78,500000 0,050195 
78,600000 0,050383 
78,700000 0,050509 
78,800000 0,048517 
78,900000 0,048376 
79,000000 0,051017 
79,100000 0,050414 
79,200000 0,049830 
79,300000 0,051119 
79,400000 0,050063 
79,500000 0,049974 
79,600000 0,050773 
79,700000 0,048470 
79,800000 0,050443 
79,900000 0,050892 
80,000000 0,049537 
80,100000 0,048400 
80,200000 0,049444 
80,300000 0,050253 
80,400000 0,050148 
80,500000 0,049117 
80,600000 0,050505 
80,700000 0,050355 
80,800000 0,049751 
80,900000 0,051086 
81,000000 0,051276 
81,100000 0,051100 
81,200000 0,049024 
81,300000 0,052028 
81,400000 0,048817 
81,500000 0,049452 
81,600000 0,052779 
81,700000 0,053659 
81,800000 0,052214 
81,900000 0,050638 
82,000000 0,045122 
82,100000 0,056380 
82,200000 0,055899 
82,300000 0,056897 
82,400000 0,054954 
82,500000 0,055377 
82,600000 0,056532 
82,700000 0,055475 
82,800000 0,054751 
82,900000 0,053008 
83,000000 0,052458 
83,100000 0,053425 
83,200000 0,053806 
83,300000 0,055134 
83,400000 0,054380 
83,500000 0,054543 
83,600000 0,053172 
83,700000 0,054151 
83,800000 0,054805 
83,900000 0,056192 
84,000000 0,056844 
84,100000 0,057540 
84,200000 0,057616 
84,300000 0,054743 
84,400000 0,055287 
84,500000 0,055677 
84,600000 0,056165 
84,700000 0,056149 
84,800000 0,051572 
84,900000 0,044637 
85,000000 0,044924 
85,100000 0,048213 
85,200000 0,048624 
85,300000 0,054481 
85,400000 0,056233 
85,500000 0,052624 
85,600000 0,052156 
85,700000 0,054629 
85,800000 0,050929 
85,900000 0,053750 
86,000000 0,054260 
86,100000 0,051376 
86,200000 0,051880 
86,300000 0,051011 
86,400000 0,050856 
86,500000 0,051452 
86,600000 0,052549 
86,700000 0,052247 
86,800000 0,054116 
86,900000 0,053370 
87,000000 0,061330 
87,100000 0,060457 
87,200000 0,060139 
87,300000 0,057192 
87,400000 0,051187 
87,500000 0,051389 
87,600000 0,053794 
87,700000 0,055243 
87,800000 0,056318 
87,900000 0,055242 
88,000000 0,054338 
88,100000 0,053746 
88,200000 0,054302 
88,300000 0,055836 
88,400000 0,053434 
88,500000 0,053259 
88,600000 0,054770 
88,700000 0,055851 
88,800000 0,055624 
88,900000 0,053551 
89,000000 0,054595 
89,100000 0,055292 
89,200000 0,057488 
89,300000 0,055282 
89,400000 0,053954 
89,500000 0,056380 
89,600000 0,057864 
89,700000 0,056654 
89,800000 0,058228 
89,900000 0,054865 
90,000000 0,054268 
90,100000 0,054610 
90,200000 0,056656 
90,300000 0,055047 
90,400000 0,057251 
90,500000 0,055641 
90,600000 0,056007 
90,700000 0,054333 
90,800000 0,053417 
90,900000 0,051918 
91,000000 0,052965 
91,100000 0,053312 
91,200000 0,059261 
91,300000 0,061104 
91,400000 0,051422 
91,500000 0,052786 
91,600000 0,047512 
91,700000 0,044794 
91,800000 0,046695 
91,900000 0,049052 
92,000000 0,049110 
92,100000 0,051768 
92,200000 0,051953 
92,300000 0,056016 
92,400000 0,055418 
92,500000 0,053740 
92,600000 0,053836 
92,700000 0,053755 
92,800000 0,055077 
92,900000 0,054954 
93,000000 0,057207 
93,100000 0,052816 
93,200000 0,054342 
93,300000 0,053193 
93,400000 0,054438 
93,500000 0,054687 
93,600000 0,053978 
93,700000 0,051811 
93,800000 0,052674 
93,900000 0,055464 
94,000000 0,054660 
94,100000 0,055285 
94,200000 0,053821 
94,300000 0,054030 
94,400000 0,052783 
94,500000 0,051564 
94,600000 0,048748 
94,700000 0,048140 
94,800000 0,051313 
94,900000 0,052892 
95,000000 0,054257 
95,100000 0,054948 
95,200000 0,053716 
95,300000 0,054551 
95,400000 0,057516 
95,500000 0,054626 
95,600000 0,053102 
95,700000 0,052694 
95,800000 0,048388 
95,900000 0,049991 
96,000000 0,051899 
96,100000 0,052113 
96,200000 0,054000 
96,300000 0,052459 
96,400000 0,055031 
96,500000 0,051678 
96,600000 0,052306 
96,700000 0,052431 
96,800000 0,054376 
96,900000 0,054163 
97,000000 0,051721 
97,100000 0,053123 
97,200000 0,053565 
97,300000 0,051565 
97,400000 0,052732 
97,500000 0,051613 
97,600000 0,050030 
97,700000 0,053233 
97,800000 0,051442 
97,900000 0,050936 
98,000000 0,050174 
98,100000 0,054392 
98,200000 0,054036 
98,300000 0,050616 
98,400000 0,054152 
98,500000 0,052458 
98,600000 0,049716 
98,700000 0,048362 
98,800000 0,050016 
98,900000 0,048986 
99,000000 0,051470 
99,100000 0,053615 
99,200000 0,058757 
99,300000 0,051701 
99,400000 0,050603 
99,500000 0,055946 
99,600000 0,061687 
99,700000 0,061134 
99,800000 0,059817 
99,900000 0,058405 
100,000000 0,057095 
