0,000000 -3,384690 
0,100000 -1,584418 
0,200000 -0,887064 
0,300000 -0,540747 
0,400000 -0,348032 
0,500000 -0,236740 
0,600000 -0,165410 
0,700000 -0,132796 
0,800000 -0,112008 
0,900000 -0,091438 
1,000000 -0,082790 
1,100000 -0,070628 
1,200000 -0,066842 
1,300000 -0,060915 
1,400000 -0,057563 
1,500000 -0,057439 
1,600000 -0,054756 
1,700000 -0,054837 
1,800000 -0,050475 
1,900000 -0,025207 
2,000000 -0,012835 
2,100000 0,001948 
2,200000 0,014889 
2,300000 0,025659 
2,400000 0,030627 
2,500000 0,030964 
2,600000 0,027626 
2,700000 -0,004650 
2,800000 -0,043719 
2,900000 -0,068195 
3,000000 -0,040268 
3,100000 -0,003486 
3,200000 0,015584 
3,300000 0,030200 
3,400000 0,040247 
3,500000 0,042581 
3,600000 0,044976 
3,700000 0,048203 
3,800000 0,048245 
3,900000 0,049805 
4,000000 0,048664 
4,100000 0,050849 
4,200000 0,048176 
4,300000 0,051692 
4,400000 0,062040 
4,500000 0,062560 
4,600000 0,059206 
4,700000 0,056343 
4,800000 0,055131 
4,900000 0,055308 
5,000000 0,057110 
5,100000 0,058384 
5,200000 0,058903 
5,300000 0,055528 
5,400000 0,056747 
5,500000 0,056735 
5,600000 0,057449 
5,700000 0,057765 
5,800000 0,060650 
5,900000 0,059876 
6,000000 0,059770 
6,100000 0,058128 
6,200000 0,059167 
6,300000 0,058534 
6,400000 0,052419 
6,500000 0,054734 
6,600000 0,052442 
6,700000 0,053444 
6,800000 0,055720 
6,900000 0,057499 
7,000000 0,054757 
7,100000 0,052683 
7,200000 0,053996 
7,300000 0,053489 
7,400000 0,051977 
7,500000 0,053518 
7,600000 0,055888 
7,700000 0,056922 
7,800000 0,053811 
7,900000 0,059537 
8,000000 0,054567 
8,100000 0,054104 
8,200000 0,057523 
8,300000 0,058384 
8,400000 0,056816 
8,500000 0,055963 
8,600000 0,054611 
8,700000 0,057826 
8,800000 0,059853 
8,900000 0,058960 
9,000000 0,060265 
9,100000 0,059489 
9,200000 0,058503 
9,300000 0,057797 
9,400000 0,058153 
9,500000 0,057931 
9,600000 0,057250 
9,700000 0,056996 
9,800000 0,046674 
9,900000 0,055431 
10,000000 0,056626 
10,100000 0,058075 
10,200000 0,057141 
10,300000 0,058026 
10,400000 0,057788 
10,500000 0,056065 
10,600000 0,057784 
10,700000 0,057775 
10,800000 0,057447 
10,900000 0,054456 
11,000000 0,041805 
11,100000 0,050214 
11,200000 0,051685 
11,300000 0,040547 
11,400000 0,029846 
11,500000 0,013360 
11,600000 -0,002721 
11,700000 -0,015987 
11,800000 -0,025930 
11,900000 -0,031537 
12,000000 -0,035608 
12,100000 -0,036633 
12,200000 -0,036439 
12,300000 -0,036884 
12,400000 -0,044423 
12,500000 -0,042274 
12,600000 -0,030539 
12,700000 -0,027005 
12,800000 -0,019277 
12,900000 -0,012138 
13,000000 -0,013713 
13,100000 -0,026635 
13,200000 -0,060283 
13,300000 -0,134326 
13,400000 -0,238673 
13,500000 -0,329897 
13,600000 -0,388915 
13,700000 -0,423041 
13,800000 -0,439503 
13,900000 -0,452686 
14,000000 -0,464757 
14,100000 -0,485419 
14,200000 -0,510504 
14,300000 -0,553882 
14,400000 -0,608994 
14,500000 -0,636109 
14,600000 -0,586349 
14,700000 -0,513964 
14,800000 -0,452414 
14,900000 -0,405577 
15,000000 -0,394761 
15,100000 -0,417849 
15,200000 -0,460501 
15,300000 -0,501603 
15,400000 -0,537331 
15,500000 -0,538172 
15,600000 -0,518674 
15,700000 -0,469862 
15,800000 -0,423481 
15,900000 -0,392133 
16,000000 -0,403788 
16,100000 -0,450730 
16,200000 -0,507317 
16,300000 -0,545167 
16,400000 -0,563361 
16,500000 -0,557379 
16,600000 -0,533640 
16,700000 -0,494219 
16,800000 -0,488943 
16,900000 -0,549017 
17,000000 -0,693733 
17,100000 -0,872401 
17,200000 -1,025406 
17,300000 -1,164352 
17,400000 -1,226267 
17,500000 -1,250815 
17,600000 -1,247047 
17,700000 -1,225636 
17,800000 -1,138162 
17,900000 -1,104025 
18,000000 -1,061652 
18,100000 -1,017156 
18,200000 -0,982027 
18,300000 -0,936529 
18,400000 -0,870836 
18,500000 -0,779841 
18,600000 -0,647360 
18,700000 -0,459987 
18,800000 -0,293315 
18,900000 -0,202245 
19,000000 -0,154890 
19,100000 -0,132449 
19,200000 -0,119379 
19,300000 -0,112974 
19,400000 -0,111466 
19,500000 -0,104231 
19,600000 -0,097523 
19,700000 -0,089924 
19,800000 -0,081849 
19,900000 -0,074486 
20,000000 -0,068169 
20,100000 -0,063221 
20,200000 -0,053303 
20,300000 -0,047316 
20,400000 -0,041021 
20,500000 -0,031581 
20,600000 -0,015979 
20,700000 -0,002803 
20,800000 0,023002 
20,900000 0,030615 
21,000000 0,037966 
21,100000 0,042917 
21,200000 0,030815 
21,300000 0,041094 
21,400000 0,049193 
21,500000 0,035990 
21,600000 0,054668 
21,700000 0,051690 
21,800000 0,051999 
21,900000 0,051638 
22,000000 0,050680 
22,100000 0,051048 
22,200000 0,052929 
22,300000 0,052087 
22,400000 0,049892 
22,500000 0,044643 
22,600000 0,038297 
22,700000 0,032527 
22,800000 0,028348 
22,900000 0,028731 
23,000000 0,030196 
23,100000 0,027969 
23,200000 0,024262 
23,300000 0,021027 
23,400000 0,015992 
23,500000 0,005441 
23,600000 -0,007939 
23,700000 -0,020625 
23,800000 -0,031259 
23,900000 -0,046487 
24,000000 -0,047788 
24,100000 -0,057468 
24,200000 -0,063546 
24,300000 -0,073141 
24,400000 -0,119056 
24,500000 -0,187270 
24,600000 -0,249098 
24,700000 -0,301541 
24,800000 -0,343402 
24,900000 -0,376344 
25,000000 -0,393499 
25,100000 -0,409482 
25,200000 -0,437529 
25,300000 -0,491125 
25,400000 -0,576400 
25,500000 -0,677449 
25,600000 -0,766292 
25,700000 -0,838928 
25,800000 -0,881652 
25,900000 -0,920437 
26,000000 -0,991384 
26,100000 -1,198518 
26,200000 -1,692097 
26,300000 -2,683977 
26,400000 -3,910481 
26,500000 -4,989410 
26,600000 -5,895035 
26,700000 -6,504549 
26,800000 -6,792151 
26,900000 -6,942293 
27,000000 -7,030285 
27,100000 -7,086229 
27,200000 -7,168147 
27,300000 -7,258916 
27,400000 -7,360427 
27,500000 -7,382408 
27,600000 -7,262462 
27,700000 -7,064590 
27,800000 -6,859041 
27,900000 -6,545325 
28,000000 -6,289376 
28,100000 -6,054550 
28,200000 -5,882051 
28,300000 -5,591369 
28,400000 -5,234553 
28,500000 -4,816464 
28,600000 -4,154396 
28,700000 -3,148625 
28,800000 -2,063843 
28,900000 -1,396297 
29,000000 -1,099431 
29,100000 -1,027614 
29,200000 -1,076213 
29,300000 -1,149613 
29,400000 -1,202900 
29,500000 -1,255017 
29,600000 -1,278459 
29,700000 -1,251672 
29,800000 -1,213915 
29,900000 -1,216907 
30,000000 -1,288170 
30,100000 -1,399965 
30,200000 -1,516489 
30,300000 -1,625389 
30,400000 -1,694340 
30,500000 -1,742825 
30,600000 -1,763550 
30,700000 -1,732583 
30,800000 -1,693237 
30,900000 -1,651963 
31,000000 -1,613132 
31,100000 -1,587518 
31,200000 -1,562106 
31,300000 -1,507092 
31,400000 -1,462630 
31,500000 -1,407403 
31,600000 -1,318660 
31,700000 -1,200801 
31,800000 -1,015514 
31,900000 -0,867715 
32,000000 -0,778667 
32,100000 -0,709048 
32,200000 -0,666691 
32,300000 -0,609741 
32,400000 -0,560550 
32,500000 -0,509813 
32,600000 -0,450625 
32,700000 -0,345309 
32,800000 -0,206652 
32,900000 -0,108240 
33,000000 -0,050103 
33,100000 -0,018990 
33,200000 0,001942 
33,300000 0,013326 
33,400000 0,021546 
33,500000 0,025578 
33,600000 0,031357 
33,700000 0,032510 
33,800000 0,033997 
33,900000 0,033587 
34,000000 0,035819 
34,100000 0,033786 
34,200000 0,033318 
34,300000 0,032367 
34,400000 0,035674 
34,500000 0,036637 
34,600000 0,035419 
34,700000 0,032386 
34,800000 0,029094 
34,900000 0,026099 
35,000000 0,025431 
35,100000 0,023178 
35,200000 0,020705 
35,300000 0,016802 
35,400000 0,016456 
35,500000 0,013933 
35,600000 0,013484 
35,700000 0,008551 
35,800000 0,002208 
35,900000 -0,004885 
36,000000 -0,008405 
36,100000 -0,015986 
36,200000 -0,018883 
36,300000 -0,019810 
36,400000 -0,019680 
36,500000 -0,021777 
36,600000 -0,029798 
36,700000 -0,044207 
36,800000 -0,055428 
36,900000 -0,065916 
37,000000 -0,077276 
37,100000 -0,080315 
37,200000 -0,087537 
37,300000 -0,097551 
37,400000 -0,107242 
37,500000 -0,127016 
37,600000 -0,157576 
37,700000 -0,186126 
37,800000 -0,218268 
37,900000 -0,244107 
38,000000 -0,263216 
38,100000 -0,277708 
38,200000 -0,283207 
38,300000 -0,287157 
38,400000 -0,296900 
38,500000 -0,314705 
38,600000 -0,333383 
38,700000 -0,357409 
38,800000 -0,373973 
38,900000 -0,384135 
39,000000 -0,392412 
39,100000 -0,403632 
39,200000 -0,409439 
39,300000 -0,414101 
39,400000 -0,423751 
39,500000 -0,436188 
39,600000 -0,454232 
39,700000 -0,468741 
39,800000 -0,473846 
39,900000 -0,473522 
40,000000 -0,475530 
40,100000 -0,481494 
40,200000 -0,492632 
40,300000 -0,525651 
40,400000 -0,612794 
40,500000 -0,736635 
40,600000 -0,856685 
40,700000 -0,963330 
40,800000 -1,032743 
40,900000 -1,071323 
41,000000 -1,111492 
41,100000 -1,137238 
41,200000 -1,174211 
41,300000 -1,222209 
41,400000 -1,281702 
41,500000 -1,341768 
41,600000 -1,382017 
41,700000 -1,416211 
41,800000 -1,439468 
41,900000 -1,428382 
42,000000 -1,414825 
42,100000 -1,433608 
42,200000 -1,448398 
42,300000 -1,476306 
42,400000 -1,518100 
42,500000 -1,558591 
42,600000 -1,588473 
42,700000 -1,597755 
42,800000 -1,580865 
42,900000 -1,560599 
43,000000 -1,525401 
43,100000 -1,516622 
43,200000 -1,491406 
43,300000 -1,476112 
43,400000 -1,467494 
43,500000 -1,433329 
43,600000 -1,398254 
43,700000 -1,359880 
43,800000 -1,293580 
43,900000 -1,184504 
44,000000 -1,059134 
44,100000 -0,974839 
44,200000 -0,920726 
44,300000 -0,883849 
44,400000 -0,862771 
44,500000 -0,833858 
44,600000 -0,801555 
44,700000 -0,769389 
44,800000 -0,746916 
44,900000 -0,674257 
45,000000 -0,619728 
45,100000 -0,576306 
45,200000 -0,547144 
45,300000 -0,525124 
45,400000 -0,500290 
45,500000 -0,471025 
45,600000 -0,442542 
45,700000 -0,410771 
45,800000 -0,382145 
45,900000 -0,341354 
46,000000 -0,279913 
46,100000 -0,226752 
46,200000 -0,194103 
46,300000 -0,171114 
46,400000 -0,156337 
46,500000 -0,143497 
46,600000 -0,125062 
46,700000 -0,109697 
46,800000 -0,095307 
46,900000 -0,075386 
47,000000 -0,046389 
47,100000 -0,024822 
47,200000 -0,014438 
47,300000 -0,003326 
47,400000 0,002540 
47,500000 0,005943 
47,600000 0,008807 
47,700000 0,012119 
47,800000 0,014096 
47,900000 0,012425 
48,000000 0,015552 
48,100000 0,020537 
48,200000 0,018611 
48,300000 0,018079 
48,400000 0,016212 
48,500000 0,016135 
48,600000 0,014966 
48,700000 0,013203 
48,800000 0,019171 
48,900000 0,016330 
49,000000 0,015051 
49,100000 0,013704 
49,200000 0,014215 
49,300000 0,013775 
49,400000 0,013389 
49,500000 0,012412 
49,600000 0,014379 
49,700000 0,012527 
49,800000 0,014584 
49,900000 0,009854 
50,000000 0,011984 
50,100000 0,011618 
50,200000 0,009832 
50,300000 0,010602 
50,400000 0,010060 
50,500000 0,013497 
50,600000 0,011058 
50,700000 0,014827 
50,800000 0,015422 
50,900000 0,017557 
51,000000 0,019703 
51,100000 0,018838 
51,200000 0,019429 
51,300000 0,021434 
51,400000 0,021251 
51,500000 0,020906 
51,600000 0,022205 
51,700000 0,027315 
51,800000 0,027377 
51,900000 0,022473 
52,000000 0,020913 
52,100000 0,020175 
52,200000 0,022445 
52,300000 0,024783 
52,400000 0,023918 
52,500000 0,022261 
52,600000 0,023298 
52,700000 0,020927 
52,800000 0,016319 
52,900000 0,012377 
53,000000 0,005742 
53,100000 0,004890 
53,200000 0,003510 
53,300000 -0,000719 
53,400000 -0,005532 
53,500000 -0,007155 
53,600000 -0,001173 
53,700000 -0,004151 
53,800000 -0,012888 
53,900000 -0,016469 
54,000000 -0,022286 
54,100000 -0,029593 
54,200000 -0,033851 
54,300000 -0,036611 
54,400000 -0,042096 
54,500000 -0,052257 
54,600000 -0,070027 
54,700000 -0,094423 
54,800000 -0,119807 
54,900000 -0,147841 
55,000000 -0,169471 
55,100000 -0,187739 
55,200000 -0,201186 
55,300000 -0,213128 
55,400000 -0,219491 
55,500000 -0,224708 
55,600000 -0,235202 
55,700000 -0,239366 
55,800000 -0,240049 
55,900000 -0,241816 
56,000000 -0,240955 
56,100000 -0,247667 
56,200000 -0,242916 
56,300000 -0,238918 
56,400000 -0,235651 
56,500000 -0,232658 
56,600000 -0,233151 
56,700000 -0,231440 
56,800000 -0,228735 
56,900000 -0,226060 
57,000000 -0,224831 
57,100000 -0,218472 
57,200000 -0,212549 
57,300000 -0,205228 
57,400000 -0,198748 
57,500000 -0,190924 
57,600000 -0,184510 
57,700000 -0,173781 
57,800000 -0,169542 
57,900000 -0,162376 
58,000000 -0,154373 
58,100000 -0,146601 
58,200000 -0,137181 
58,300000 -0,128516 
58,400000 -0,115242 
58,500000 -0,104800 
58,600000 -0,093575 
58,700000 -0,084397 
58,800000 -0,076041 
58,900000 -0,068396 
59,000000 -0,048630 
59,100000 -0,029885 
59,200000 -0,004022 
59,300000 0,012937 
59,400000 0,021836 
59,500000 0,027484 
59,600000 0,038713 
59,700000 0,038835 
59,800000 0,038659 
59,900000 0,039734 
60,000000 0,041536 
60,100000 0,041413 
60,200000 0,039595 
60,300000 0,041258 
60,400000 0,042388 
60,500000 0,045416 
60,600000 0,045271 
60,700000 0,047009 
60,800000 0,046464 
60,900000 0,047241 
61,000000 0,048840 
61,100000 0,048867 
61,200000 0,048127 
61,300000 0,048079 
61,400000 0,046907 
61,500000 0,047140 
61,600000 0,047887 
61,700000 0,047647 
61,800000 0,048613 
61,900000 0,047331 
62,000000 0,048677 
62,100000 0,052043 
62,200000 0,045499 
62,300000 0,045595 
62,400000 0,044842 
62,500000 0,044316 
62,600000 0,042838 
62,700000 0,042128 
62,800000 0,043160 
62,900000 0,042653 
63,000000 0,043047 
63,100000 0,042841 
63,200000 0,042870 
63,300000 0,042558 
63,400000 0,040677 
63,500000 0,041244 
63,600000 0,041149 
63,700000 0,040051 
63,800000 0,040953 
63,900000 0,039219 
64,000000 0,040015 
64,100000 0,040671 
64,200000 0,039616 
64,300000 0,037987 
64,400000 0,037917 
64,500000 0,036194 
64,600000 0,039047 
64,700000 0,038947 
64,800000 0,039873 
64,900000 0,036987 
65,000000 0,032805 
65,100000 0,026643 
65,200000 0,017556 
65,300000 0,006719 
65,400000 -0,002119 
65,500000 -0,010686 
65,600000 -0,017231 
65,700000 -0,020733 
65,800000 -0,025765 
65,900000 -0,026546 
66,000000 -0,030043 
66,100000 -0,034867 
66,200000 -0,036048 
66,300000 -0,037918 
66,400000 -0,039404 
66,500000 -0,038927 
66,600000 -0,043406 
66,700000 -0,056756 
66,800000 -0,052833 
66,900000 -0,050388 
67,000000 -0,051997 
67,100000 -0,052953 
67,200000 -0,053976 
67,300000 -0,055801 
67,400000 -0,053099 
67,500000 -0,049175 
67,600000 -0,051671 
67,700000 -0,054237 
67,800000 -0,052220 
67,900000 -0,055095 
68,000000 -0,055165 
68,100000 -0,055873 
68,200000 -0,054185 
68,300000 -0,055153 
68,400000 -0,050291 
68,500000 -0,047908 
68,600000 -0,046470 
68,700000 -0,047124 
68,800000 -0,046371 
68,900000 -0,040217 
69,000000 -0,038726 
69,100000 -0,036674 
69,200000 -0,040326 
69,300000 -0,040426 
69,400000 -0,040594 
69,500000 -0,033815 
69,600000 -0,028154 
69,700000 -0,027614 
69,800000 -0,024684 
69,900000 -0,022560 
70,000000 -0,018679 
70,100000 -0,009993 
70,200000 -0,004810 
70,300000 0,004336 
70,400000 0,011156 
70,500000 0,021398 
70,600000 0,022584 
70,700000 0,024674 
70,800000 0,029254 
70,900000 0,027213 
71,000000 0,020373 
71,100000 0,022912 
71,200000 0,025440 
71,300000 0,029789 
71,400000 0,031489 
71,500000 0,031208 
71,600000 0,031430 
71,700000 0,033705 
71,800000 0,033660 
71,900000 0,033501 
72,000000 0,035502 
72,100000 0,038744 
72,200000 0,039167 
72,300000 0,039676 
72,400000 0,042518 
72,500000 0,043169 
72,600000 0,043637 
72,700000 0,047801 
72,800000 0,041928 
72,900000 0,044835 
73,000000 0,043984 
73,100000 0,044185 
73,200000 0,044284 
73,300000 0,045199 
73,400000 0,044581 
73,500000 0,045231 
73,600000 0,045948 
73,700000 0,045840 
73,800000 0,047042 
73,900000 0,047305 
74,000000 0,045530 
74,100000 0,047006 
74,200000 0,045998 
74,300000 0,042362 
74,400000 0,045850 
74,500000 0,050500 
74,600000 0,049062 
74,700000 0,048000 
74,800000 0,049371 
74,900000 0,048017 
75,000000 0,048695 
75,100000 0,054217 
75,200000 0,046103 
75,300000 0,046679 
75,400000 0,047029 
75,500000 0,046675 
75,600000 0,044420 
75,700000 0,047728 
75,800000 0,046010 
75,900000 0,050245 
76,000000 0,051602 
76,100000 0,046784 
76,200000 0,045246 
76,300000 0,045964 
76,400000 0,046202 
76,500000 0,036339 
76,600000 0,035502 
76,700000 0,036330 
76,800000 0,038407 
76,900000 0,038437 
77,000000 0,039754 
77,100000 0,040508 
77,200000 0,050362 
77,300000 0,048755 
77,400000 0,047268 
77,500000 0,046249 
77,600000 0,044718 
77,700000 0,043008 
77,800000 0,042866 
77,900000 0,041743 
78,000000 0,043565 
78,100000 0,043439 
78,200000 0,042610 
78,300000 0,042235 
78,400000 0,042998 
78,500000 0,042315 
78,600000 0,042920 
78,700000 0,042981 
78,800000 0,043222 
78,900000 0,037121 
79,000000 0,040056 
79,100000 0,040570 
79,200000 0,041406 
79,300000 0,045118 
79,400000 0,043844 
79,500000 0,043779 
79,600000 0,044558 
79,700000 0,045306 
79,800000 0,043564 
79,900000 0,042311 
80,000000 0,039943 
80,100000 0,041826 
80,200000 0,042930 
80,300000 0,043732 
80,400000 0,042580 
80,500000 0,042867 
80,600000 0,037990 
80,700000 0,041372 
80,800000 0,043067 
80,900000 0,041328 
81,000000 0,041652 
81,100000 0,037529 
81,200000 0,037900 
81,300000 0,038874 
81,400000 0,040233 
81,500000 0,039759 
81,600000 0,034372 
81,700000 0,024948 
81,800000 0,027396 
81,900000 0,034591 
82,000000 0,036707 
82,100000 0,038057 
82,200000 0,038049 
82,300000 0,036178 
82,400000 0,034131 
82,500000 0,033983 
82,600000 0,033373 
82,700000 0,034564 
82,800000 0,035067 
82,900000 0,035882 
83,000000 0,033843 
83,100000 0,034666 
83,200000 0,036964 
83,300000 0,036307 
83,400000 0,033353 
83,500000 0,038023 
83,600000 0,039470 
83,700000 0,039039 
83,800000 0,037365 
83,900000 0,039156 
84,000000 0,037728 
84,100000 0,037024 
84,200000 0,037167 
84,300000 0,037171 
84,400000 0,038980 
84,500000 0,038393 
84,600000 0,034546 
84,700000 0,027042 
84,800000 0,032291 
84,900000 0,033109 
85,000000 0,033550 
85,100000 0,035633 
85,200000 0,043114 
85,300000 0,046296 
85,400000 0,040430 
85,500000 0,041515 
85,600000 0,042713 
85,700000 0,041762 
85,800000 0,040959 
85,900000 0,033036 
86,000000 0,032608 
86,100000 0,041564 
86,200000 0,033076 
86,300000 0,034395 
86,400000 0,042692 
86,500000 0,037614 
86,600000 0,038653 
86,700000 0,037972 
86,800000 0,038218 
86,900000 0,055717 
87,000000 0,044907 
87,100000 0,041903 
87,200000 0,043135 
87,300000 0,042244 
87,400000 0,044566 
87,500000 0,043048 
87,600000 0,042924 
87,700000 0,050538 
87,800000 0,051145 
87,900000 0,050430 
88,000000 0,050340 
88,100000 0,048773 
88,200000 0,050674 
88,300000 0,051961 
88,400000 0,047373 
88,500000 0,049458 
88,600000 0,047281 
88,700000 0,048482 
88,800000 0,048029 
88,900000 0,047983 
89,000000 0,047392 
89,100000 0,049212 
89,200000 0,047965 
89,300000 0,048927 
89,400000 0,050430 
89,500000 0,050532 
89,600000 0,048735 
89,700000 0,047087 
89,800000 0,046971 
89,900000 0,049684 
90,000000 0,051925 
90,100000 0,047842 
90,200000 0,051121 
90,300000 0,048720 
90,400000 0,048976 
90,500000 0,049232 
90,600000 0,046800 
90,700000 0,048556 
90,800000 0,047573 
90,900000 0,046730 
91,000000 0,048516 
91,100000 0,048055 
91,200000 0,047486 
91,300000 0,048679 
91,400000 0,046807 
91,500000 0,047677 
91,600000 0,047355 
91,700000 0,047403 
91,800000 0,045993 
91,900000 0,046203 
92,000000 0,045718 
92,100000 0,043546 
92,200000 0,041962 
92,300000 0,040879 
92,400000 0,040181 
92,500000 0,041102 
92,600000 0,040348 
92,700000 0,040700 
92,800000 0,040404 
92,900000 0,040265 
93,000000 0,038345 
93,100000 0,039712 
93,200000 0,039585 
93,300000 0,038074 
93,400000 0,038147 
93,500000 0,036921 
93,600000 0,033248 
93,700000 0,036997 
93,800000 0,034866 
93,900000 0,039816 
94,000000 0,038763 
94,100000 0,029660 
94,200000 0,037644 
94,300000 0,038905 
94,400000 0,035227 
94,500000 0,035086 
94,600000 0,029224 
94,700000 0,039872 
94,800000 0,047988 
94,900000 0,034441 
95,000000 0,039604 
95,100000 0,036869 
95,200000 0,041918 
95,300000 0,039661 
95,400000 0,026799 
95,500000 0,024240 
95,600000 0,040612 
95,700000 0,021972 
95,800000 0,025313 
95,900000 0,024175 
96,000000 0,024934 
96,100000 0,024664 
96,200000 0,025554 
96,300000 0,026194 
96,400000 0,027453 
96,500000 0,026427 
96,600000 0,024672 
96,700000 0,023648 
96,800000 0,025509 
96,900000 0,024111 
97,000000 0,024048 
97,100000 0,026364 
97,200000 0,026646 
97,300000 0,025421 
97,400000 0,021209 
97,500000 0,024872 
97,600000 0,026849 
97,700000 0,025873 
97,800000 0,026350 
97,900000 0,026110 
98,000000 0,028338 
98,100000 0,026600 
98,200000 0,026482 
98,300000 0,026863 
98,400000 0,026794 
98,500000 0,028001 
98,600000 0,026654 
98,700000 0,026997 
98,800000 0,025960 
98,900000 0,030870 
99,000000 0,028570 
99,100000 0,029819 
99,200000 0,028751 
99,300000 0,028689 
99,400000 0,028698 
99,500000 0,027329 
99,600000 0,024192 
99,700000 0,030188 
99,800000 0,029529 
99,900000 0,029685 
100,000000 0,022474 
