0,000000 -2,512886 
0,100000 -2,256562 
0,200000 -2,139134 
0,300000 -2,105386 
0,400000 -2,069155 
0,500000 -2,061135 
0,600000 -2,052913 
0,700000 -2,042776 
0,800000 -2,051925 
0,900000 -2,048486 
1,000000 -2,052757 
1,100000 -2,045925 
1,200000 -2,044836 
1,300000 -2,052710 
1,400000 -2,042081 
1,500000 -2,049466 
1,600000 -2,057043 
1,700000 -2,040820 
1,800000 -2,012115 
1,900000 -1,706831 
2,000000 -1,439995 
2,100000 -1,231772 
2,200000 -1,037299 
2,300000 -0,882100 
2,400000 -0,765245 
2,500000 -0,688452 
2,600000 -0,615677 
2,700000 -0,559398 
2,800000 -0,508700 
2,900000 -0,460513 
3,000000 -0,411374 
3,100000 -0,360174 
3,200000 -0,319444 
3,300000 -0,271748 
3,400000 -0,234445 
3,500000 -0,203603 
3,600000 -0,177831 
3,700000 -0,156554 
3,800000 -0,133640 
3,900000 -0,115918 
4,000000 -0,101308 
4,100000 -0,080813 
4,200000 -0,069832 
4,300000 -0,059183 
4,400000 -0,047736 
4,500000 -0,040551 
4,600000 -0,035192 
4,700000 -0,027625 
4,800000 -0,022066 
4,900000 -0,016569 
5,000000 -0,010389 
5,100000 -0,005385 
5,200000 0,001768 
5,300000 0,004561 
5,400000 0,008657 
5,500000 0,012631 
5,600000 0,017410 
5,700000 0,017897 
5,800000 0,021597 
5,900000 0,023307 
6,000000 0,024822 
6,100000 0,027366 
6,200000 0,029681 
6,300000 0,031659 
6,400000 0,032989 
6,500000 0,034160 
6,600000 0,038621 
6,700000 0,038821 
6,800000 0,041503 
6,900000 0,041637 
7,000000 0,041704 
7,100000 0,041172 
7,200000 0,037410 
7,300000 0,043156 
7,400000 0,043171 
7,500000 0,044046 
7,600000 0,042083 
7,700000 0,045003 
7,800000 0,051901 
7,900000 0,051969 
8,000000 0,053141 
8,100000 0,052346 
8,200000 0,050334 
8,300000 0,052595 
8,400000 0,052736 
8,500000 0,053222 
8,600000 0,051793 
8,700000 0,051339 
8,800000 0,051593 
8,900000 0,051719 
9,000000 0,052777 
9,100000 0,054235 
9,200000 0,053422 
9,300000 0,053393 
9,400000 0,053430 
9,500000 0,052421 
9,600000 0,052369 
9,700000 0,054640 
9,800000 0,054724 
9,900000 0,052240 
10,000000 0,052972 
10,100000 0,053029 
10,200000 0,052646 
10,300000 0,051165 
10,400000 0,051199 
10,500000 0,051217 
10,600000 0,051213 
10,700000 0,052591 
10,800000 0,050471 
10,900000 0,050570 
11,000000 0,050016 
11,100000 0,050380 
11,200000 0,048221 
11,300000 0,047746 
11,400000 0,045680 
11,500000 0,045839 
11,600000 0,045126 
11,700000 0,043050 
11,800000 0,041370 
11,900000 0,037413 
12,000000 0,034616 
12,100000 0,029028 
12,200000 0,024695 
12,300000 0,022177 
12,400000 0,018287 
12,500000 0,015830 
12,600000 0,017077 
12,700000 0,020294 
12,800000 0,019422 
12,900000 0,017864 
13,000000 0,015166 
13,100000 0,010335 
13,200000 0,005564 
13,300000 -0,002454 
13,400000 -0,010253 
13,500000 -0,015418 
13,600000 -0,023373 
13,700000 -0,031793 
13,800000 -0,043995 
13,900000 -0,059850 
14,000000 -0,083453 
14,100000 -0,110216 
14,200000 -0,137243 
14,300000 -0,159284 
14,400000 -0,166694 
14,500000 -0,153746 
14,600000 -0,126382 
14,700000 -0,100532 
14,800000 -0,083948 
14,900000 -0,076387 
15,000000 -0,074997 
15,100000 -0,079686 
15,200000 -0,087157 
15,300000 -0,097352 
15,400000 -0,100943 
15,500000 -0,093389 
15,600000 -0,077953 
15,700000 -0,067301 
15,800000 -0,061223 
15,900000 -0,063220 
16,000000 -0,071831 
16,100000 -0,084697 
16,200000 -0,098265 
16,300000 -0,109038 
16,400000 -0,111288 
16,500000 -0,099902 
16,600000 -0,084192 
16,700000 -0,076024 
16,800000 -0,070889 
16,900000 -0,073853 
17,000000 -0,084121 
17,100000 -0,098588 
17,200000 -0,113923 
17,300000 -0,128600 
17,400000 -0,133372 
17,500000 -0,124898 
17,600000 -0,118750 
17,700000 -0,114824 
17,800000 -0,124322 
17,900000 -0,145183 
18,000000 -0,178503 
18,100000 -0,211974 
18,200000 -0,236225 
18,300000 -0,259189 
18,400000 -0,250378 
18,500000 -0,197152 
18,600000 -0,137697 
18,700000 -0,085653 
18,800000 -0,048993 
18,900000 -0,025174 
19,000000 -0,008346 
19,100000 0,003955 
19,200000 0,012735 
19,300000 0,017549 
19,400000 0,021042 
19,500000 0,026278 
19,600000 0,028501 
19,700000 0,031242 
19,800000 0,029272 
19,900000 0,023839 
20,000000 0,024442 
20,100000 0,020889 
20,200000 0,018659 
20,300000 0,017485 
20,400000 0,017709 
20,500000 0,027623 
20,600000 0,037056 
20,700000 0,043353 
20,800000 0,048328 
20,900000 0,052832 
21,000000 0,054672 
21,100000 0,055818 
21,200000 0,052451 
21,300000 0,054184 
21,400000 0,054972 
21,500000 0,055754 
21,600000 0,055218 
21,700000 0,055898 
21,800000 0,057032 
21,900000 0,055712 
22,000000 0,055624 
22,100000 0,056630 
22,200000 0,056171 
22,300000 0,056421 
22,400000 0,054491 
22,500000 0,054511 
22,600000 0,051963 
22,700000 0,051865 
22,800000 0,051273 
22,900000 0,047521 
23,000000 0,048872 
23,100000 0,048307 
23,200000 0,048388 
23,300000 0,047832 
23,400000 0,046152 
23,500000 0,044119 
23,600000 0,039558 
23,700000 0,037885 
23,800000 0,034811 
23,900000 0,034177 
24,000000 0,027140 
24,100000 0,023798 
24,200000 0,022508 
24,300000 0,019259 
24,400000 0,017149 
24,500000 0,015452 
24,600000 0,010587 
24,700000 0,005138 
24,800000 -0,009180 
24,900000 -0,015968 
25,000000 -0,021585 
25,100000 -0,029128 
25,200000 -0,039036 
25,300000 -0,048120 
25,400000 -0,056488 
25,500000 -0,064287 
25,600000 -0,077564 
25,700000 -0,095812 
25,800000 -0,118019 
25,900000 -0,141994 
26,000000 -0,168787 
26,100000 -0,198157 
26,200000 -0,223997 
26,300000 -0,245752 
26,400000 -0,264580 
26,500000 -0,274297 
26,600000 -0,294219 
26,700000 -0,328101 
26,800000 -0,367727 
26,900000 -0,429713 
27,000000 -0,500023 
27,100000 -0,579529 
27,200000 -0,662200 
27,300000 -0,744898 
27,400000 -0,831078 
27,500000 -0,926222 
27,600000 -1,106414 
27,700000 -1,361363 
27,800000 -1,671839 
27,900000 -2,021575 
28,000000 -2,366873 
28,100000 -2,624995 
28,200000 -2,758686 
28,300000 -2,668231 
28,400000 -2,328080 
28,500000 -1,805344 
28,600000 -1,278057 
28,700000 -0,905723 
28,800000 -0,667991 
28,900000 -0,520862 
29,000000 -0,423183 
29,100000 -0,355319 
29,200000 -0,305723 
29,300000 -0,265029 
29,400000 -0,222675 
29,500000 -0,173439 
29,600000 -0,139599 
29,700000 -0,113222 
29,800000 -0,097446 
29,900000 -0,094097 
30,000000 -0,096871 
30,100000 -0,099446 
30,200000 -0,103860 
30,300000 -0,106903 
30,400000 -0,108375 
30,500000 -0,110458 
30,600000 -0,116060 
30,700000 -0,136138 
30,800000 -0,165363 
30,900000 -0,200273 
31,000000 -0,234424 
31,100000 -0,262288 
31,200000 -0,285578 
31,300000 -0,291877 
31,400000 -0,275493 
31,500000 -0,244726 
31,600000 -0,220047 
31,700000 -0,216156 
31,800000 -0,232862 
31,900000 -0,257232 
32,000000 -0,284918 
32,100000 -0,304670 
32,200000 -0,305867 
32,300000 -0,286713 
32,400000 -0,237162 
32,500000 -0,173179 
32,600000 -0,110635 
32,700000 -0,061307 
32,800000 -0,025562 
32,900000 -0,001384 
33,000000 0,016188 
33,100000 0,028350 
33,200000 0,035305 
33,300000 0,041087 
33,400000 0,042802 
33,500000 0,050330 
33,600000 0,052254 
33,700000 0,056152 
33,800000 0,056942 
33,900000 0,057891 
34,000000 0,058423 
34,100000 0,057025 
34,200000 0,059908 
34,300000 0,059891 
34,400000 0,061065 
34,500000 0,061396 
34,600000 0,062001 
34,700000 0,064900 
34,800000 0,063260 
34,900000 0,063498 
35,000000 0,062891 
35,100000 0,062132 
35,200000 0,062203 
35,300000 0,061791 
35,400000 0,062373 
35,500000 0,062423 
35,600000 0,064038 
35,700000 0,063014 
35,800000 0,063518 
35,900000 0,062909 
36,000000 0,061443 
36,100000 0,059883 
36,200000 0,060515 
36,300000 0,062377 
36,400000 0,059707 
36,500000 0,060090 
36,600000 0,060808 
36,700000 0,059107 
36,800000 0,057719 
36,900000 0,057528 
37,000000 0,057531 
37,100000 0,054325 
37,200000 0,055431 
37,300000 0,055716 
37,400000 0,055587 
37,500000 0,054728 
37,600000 0,051200 
37,700000 0,052852 
37,800000 0,052990 
37,900000 0,052139 
38,000000 0,049762 
38,100000 0,048775 
38,200000 0,047565 
38,300000 0,046135 
38,400000 0,048380 
38,500000 0,045724 
38,600000 0,045433 
38,700000 0,040183 
38,800000 0,036660 
38,900000 0,031376 
39,000000 0,028822 
39,100000 0,025830 
39,200000 0,025274 
39,300000 0,022623 
39,400000 0,019883 
39,500000 0,019540 
39,600000 0,017277 
39,700000 0,011591 
39,800000 0,006773 
39,900000 -0,002213 
40,000000 -0,012556 
40,100000 -0,017417 
40,200000 -0,019962 
40,300000 -0,017271 
40,400000 -0,007948 
40,500000 0,001835 
40,600000 0,009107 
40,700000 0,012110 
40,800000 0,013857 
40,900000 0,010194 
41,000000 0,004841 
41,100000 0,001922 
41,200000 -0,001027 
41,300000 -0,001409 
41,400000 0,000118 
41,500000 0,004016 
41,600000 0,004695 
41,700000 0,007214 
41,800000 0,006889 
41,900000 -0,001763 
42,000000 -0,008171 
42,100000 -0,013643 
42,200000 -0,019319 
42,300000 -0,024866 
42,400000 -0,028825 
42,500000 -0,032565 
42,600000 -0,041370 
42,700000 -0,054746 
42,800000 -0,073081 
42,900000 -0,097552 
43,000000 -0,121877 
43,100000 -0,137823 
43,200000 -0,147676 
43,300000 -0,145541 
43,400000 -0,124430 
43,500000 -0,099078 
43,600000 -0,074131 
43,700000 -0,056326 
43,800000 -0,051941 
43,900000 -0,053845 
44,000000 -0,054383 
44,100000 -0,058548 
44,200000 -0,059445 
44,300000 -0,055680 
44,400000 -0,044571 
44,500000 -0,034257 
44,600000 -0,024631 
44,700000 -0,022248 
44,800000 -0,023980 
44,900000 -0,031172 
45,000000 -0,040456 
45,100000 -0,050320 
45,200000 -0,053542 
45,300000 -0,051191 
45,400000 -0,042034 
45,500000 -0,025623 
45,600000 -0,008403 
45,700000 0,000389 
45,800000 0,004960 
45,900000 0,005568 
46,000000 0,005643 
46,100000 0,002123 
46,200000 0,001847 
46,300000 0,003769 
46,400000 0,013030 
46,500000 0,020200 
46,600000 0,031615 
46,700000 0,040733 
46,800000 0,044234 
46,900000 0,047064 
47,000000 0,048979 
47,100000 0,048356 
47,200000 0,049363 
47,300000 0,052214 
47,400000 0,055029 
47,500000 0,056112 
47,600000 0,057946 
47,700000 0,059226 
47,800000 0,059844 
47,900000 0,061003 
48,000000 0,062785 
48,100000 0,061548 
48,200000 0,062512 
48,300000 0,063781 
48,400000 0,063740 
48,500000 0,066209 
48,600000 0,064189 
48,700000 0,063953 
48,800000 0,064318 
48,900000 0,063335 
49,000000 0,061173 
49,100000 0,061632 
49,200000 0,061307 
49,300000 0,062128 
49,400000 0,063887 
49,500000 0,062109 
49,600000 0,061503 
49,700000 0,061602 
49,800000 0,060661 
49,900000 0,062026 
50,000000 0,063290 
50,100000 0,062170 
50,200000 0,062698 
50,300000 0,060133 
50,400000 0,058347 
50,500000 0,059984 
50,600000 0,059579 
50,700000 0,061485 
50,800000 0,062953 
50,900000 0,060609 
51,000000 0,061154 
51,100000 0,062381 
51,200000 0,062018 
51,300000 0,061237 
51,400000 0,060142 
51,500000 0,062673 
51,600000 0,064689 
51,700000 0,064574 
51,800000 0,061692 
51,900000 0,063597 
52,000000 0,060189 
52,100000 0,060970 
52,200000 0,061497 
52,300000 0,061315 
52,400000 0,061191 
52,500000 0,061812 
52,600000 0,063189 
52,700000 0,063405 
52,800000 0,064392 
52,900000 0,062279 
53,000000 0,061070 
53,100000 0,061954 
53,200000 0,061338 
53,300000 0,062483 
53,400000 0,062318 
53,500000 0,062454 
53,600000 0,062164 
53,700000 0,062993 
53,800000 0,063207 
53,900000 0,064363 
54,000000 0,065335 
54,100000 0,064486 
54,200000 0,061760 
54,300000 0,061968 
54,400000 0,061166 
54,500000 0,061309 
54,600000 0,061827 
54,700000 0,060725 
54,800000 0,062583 
54,900000 0,062215 
55,000000 0,060824 
55,100000 0,059929 
55,200000 0,058386 
55,300000 0,059580 
55,400000 0,056686 
55,500000 0,055330 
55,600000 0,056556 
55,700000 0,057241 
55,800000 0,057843 
55,900000 0,055806 
56,000000 0,057754 
56,100000 0,054097 
56,200000 0,053606 
56,300000 0,052848 
56,400000 0,057112 
56,500000 0,055070 
56,600000 0,052979 
56,700000 0,057187 
56,800000 0,056459 
56,900000 0,057668 
57,000000 0,051383 
57,100000 0,049026 
57,200000 0,053320 
57,300000 0,052363 
57,400000 0,049732 
57,500000 0,048900 
57,600000 0,049411 
57,700000 0,048000 
57,800000 0,043644 
57,900000 0,040942 
58,000000 0,038181 
58,100000 0,035811 
58,200000 0,032913 
58,300000 0,032300 
58,400000 0,033069 
58,500000 0,036924 
58,600000 0,045605 
58,700000 0,048656 
58,800000 0,053112 
58,900000 0,056598 
59,000000 0,059688 
59,100000 0,060540 
59,200000 0,061830 
59,300000 0,063338 
59,400000 0,064687 
59,500000 0,064735 
59,600000 0,063087 
59,700000 0,060392 
59,800000 0,067904 
59,900000 0,065548 
60,000000 0,063512 
60,100000 0,063297 
60,200000 0,063761 
60,300000 0,063370 
60,400000 0,061601 
60,500000 0,066577 
60,600000 0,066164 
60,700000 0,068008 
60,800000 0,066906 
60,900000 0,065421 
61,000000 0,067216 
61,100000 0,065263 
61,200000 0,062616 
61,300000 0,061616 
61,400000 0,061065 
61,500000 0,064109 
61,600000 0,062299 
61,700000 0,063960 
61,800000 0,063962 
61,900000 0,064061 
62,000000 0,064957 
62,100000 0,066098 
62,200000 0,064263 
62,300000 0,065630 
62,400000 0,063873 
62,500000 0,064153 
62,600000 0,064913 
62,700000 0,066593 
62,800000 0,066315 
62,900000 0,066989 
63,000000 0,065587 
63,100000 0,067051 
63,200000 0,066770 
63,300000 0,064027 
63,400000 0,062352 
63,500000 0,063746 
63,600000 0,063192 
63,700000 0,064425 
63,800000 0,066480 
63,900000 0,064033 
64,000000 0,063976 
64,100000 0,064118 
64,200000 0,063645 
64,300000 0,064154 
64,400000 0,063294 
64,500000 0,065359 
64,600000 0,063824 
64,700000 0,064654 
64,800000 0,066443 
64,900000 0,064916 
65,000000 0,062562 
65,100000 0,063320 
65,200000 0,062829 
65,300000 0,063758 
65,400000 0,064734 
65,500000 0,063640 
65,600000 0,064875 
65,700000 0,067886 
65,800000 0,063683 
65,900000 0,066659 
66,000000 0,067707 
66,100000 0,064986 
66,200000 0,064402 
66,300000 0,065369 
66,400000 0,063647 
66,500000 0,063833 
66,600000 0,064344 
66,700000 0,065709 
66,800000 0,065834 
66,900000 0,065491 
67,000000 0,065674 
67,100000 0,066520 
67,200000 0,064131 
67,300000 0,064025 
67,400000 0,063916 
67,500000 0,063007 
67,600000 0,065529 
67,700000 0,064355 
67,800000 0,065969 
67,900000 0,065076 
68,000000 0,062363 
68,100000 0,061497 
68,200000 0,061037 
68,300000 0,062157 
68,400000 0,061842 
68,500000 0,059035 
68,600000 0,061799 
68,700000 0,059153 
68,800000 0,057752 
68,900000 0,059037 
69,000000 0,057376 
69,100000 0,055933 
69,200000 0,054324 
69,300000 0,053828 
69,400000 0,055162 
69,500000 0,056160 
69,600000 0,059872 
69,700000 0,060428 
69,800000 0,059296 
69,900000 0,058267 
70,000000 0,060836 
70,100000 0,061336 
70,200000 0,061903 
70,300000 0,064559 
70,400000 0,061815 
70,500000 0,061333 
70,600000 0,063072 
70,700000 0,064072 
70,800000 0,063286 
70,900000 0,065899 
71,000000 0,064421 
71,100000 0,063683 
71,200000 0,063491 
71,300000 0,065773 
71,400000 0,064885 
71,500000 0,062634 
71,600000 0,061064 
71,700000 0,062698 
71,800000 0,063195 
71,900000 0,064196 
72,000000 0,064586 
72,100000 0,063253 
72,200000 0,064038 
72,300000 0,064450 
72,400000 0,065635 
72,500000 0,067267 
72,600000 0,068616 
72,700000 0,069459 
72,800000 0,068932 
72,900000 0,067326 
73,000000 0,066669 
73,100000 0,067286 
73,200000 0,064375 
73,300000 0,060457 
73,400000 0,060905 
73,500000 0,063184 
73,600000 0,062690 
73,700000 0,062366 
73,800000 0,061552 
73,900000 0,062024 
74,000000 0,063742 
74,100000 0,064198 
74,200000 0,064672 
74,300000 0,063952 
74,400000 0,063714 
74,500000 0,064323 
74,600000 0,063081 
74,700000 0,065765 
74,800000 0,064926 
74,900000 0,064152 
75,000000 0,063376 
75,100000 0,066122 
75,200000 0,064748 
75,300000 0,064521 
75,400000 0,065484 
75,500000 0,065034 
75,600000 0,065527 
75,700000 0,064705 
75,800000 0,064496 
75,900000 0,067804 
76,000000 0,065707 
76,100000 0,064802 
76,200000 0,065819 
76,300000 0,066052 
76,400000 0,066079 
76,500000 0,066607 
76,600000 0,066039 
76,700000 0,062402 
76,800000 0,063259 
76,900000 0,065368 
77,000000 0,066426 
77,100000 0,066530 
77,200000 0,062503 
77,300000 0,065964 
77,400000 0,069876 
77,500000 0,063239 
77,600000 0,065223 
77,700000 0,067716 
77,800000 0,066683 
77,900000 0,066112 
78,000000 0,064801 
78,100000 0,064706 
78,200000 0,064285 
78,300000 0,066672 
78,400000 0,065247 
78,500000 0,066101 
78,600000 0,065938 
78,700000 0,065429 
78,800000 0,066617 
78,900000 0,065792 
79,000000 0,066080 
79,100000 0,065419 
79,200000 0,069060 
79,300000 0,065971 
79,400000 0,065070 
79,500000 0,064599 
79,600000 0,065450 
79,700000 0,065469 
79,800000 0,065012 
79,900000 0,064707 
80,000000 0,066358 
80,100000 0,066305 
80,200000 0,065811 
80,300000 0,064534 
80,400000 0,064965 
80,500000 0,063340 
80,600000 0,063060 
80,700000 0,064034 
80,800000 0,064454 
80,900000 0,063783 
81,000000 0,064148 
81,100000 0,062611 
81,200000 0,064245 
81,300000 0,065839 
81,400000 0,065032 
81,500000 0,063981 
81,600000 0,063465 
81,700000 0,067055 
81,800000 0,065623 
81,900000 0,063656 
82,000000 0,063059 
82,100000 0,066841 
82,200000 0,064077 
82,300000 0,065414 
82,400000 0,065268 
82,500000 0,065765 
82,600000 0,064921 
82,700000 0,062961 
82,800000 0,065445 
82,900000 0,064335 
83,000000 0,064611 
83,100000 0,066790 
83,200000 0,065045 
83,300000 0,063317 
83,400000 0,067096 
83,500000 0,064755 
83,600000 0,063458 
83,700000 0,063679 
83,800000 0,063536 
83,900000 0,065856 
84,000000 0,066488 
84,100000 0,066209 
84,200000 0,065229 
84,300000 0,064417 
84,400000 0,064164 
84,500000 0,064571 
84,600000 0,065465 
84,700000 0,065226 
84,800000 0,064818 
84,900000 0,065289 
85,000000 0,063560 
85,100000 0,065124 
85,200000 0,064278 
85,300000 0,063157 
85,400000 0,062501 
85,500000 0,065525 
85,600000 0,063260 
85,700000 0,063829 
85,800000 0,066140 
85,900000 0,065652 
86,000000 0,064763 
86,100000 0,065130 
86,200000 0,065651 
86,300000 0,066561 
86,400000 0,065885 
86,500000 0,064238 
86,600000 0,063237 
86,700000 0,062388 
86,800000 0,063890 
86,900000 0,063433 
87,000000 0,064999 
87,100000 0,065197 
87,200000 0,065745 
87,300000 0,064588 
87,400000 0,065817 
87,500000 0,067433 
87,600000 0,062475 
87,700000 0,064728 
87,800000 0,068826 
87,900000 0,066327 
88,000000 0,067958 
88,100000 0,066835 
88,200000 0,067409 
88,300000 0,064613 
88,400000 0,065072 
88,500000 0,063179 
88,600000 0,062619 
88,700000 0,062444 
88,800000 0,065313 
88,900000 0,063217 
89,000000 0,065494 
89,100000 0,065916 
89,200000 0,066744 
89,300000 0,066799 
89,400000 0,064760 
89,500000 0,066213 
89,600000 0,065701 
89,700000 0,067402 
89,800000 0,066811 
89,900000 0,065371 
90,000000 0,066603 
90,100000 0,065147 
90,200000 0,064493 
90,300000 0,065194 
90,400000 0,066141 
90,500000 0,067127 
90,600000 0,065360 
90,700000 0,064742 
90,800000 0,062819 
90,900000 0,059191 
91,000000 0,062193 
91,100000 0,064352 
91,200000 0,061796 
91,300000 0,065366 
91,400000 0,065204 
91,500000 0,064554 
91,600000 0,066671 
91,700000 0,066612 
91,800000 0,065708 
91,900000 0,064640 
92,000000 0,062769 
92,100000 0,065474 
92,200000 0,063882 
92,300000 0,064552 
92,400000 0,067238 
92,500000 0,067239 
92,600000 0,067179 
92,700000 0,067974 
92,800000 0,065099 
92,900000 0,065474 
93,000000 0,064177 
93,100000 0,064065 
93,200000 0,066058 
93,300000 0,065793 
93,400000 0,065594 
93,500000 0,065007 
93,600000 0,065848 
93,700000 0,066039 
93,800000 0,066103 
93,900000 0,066060 
94,000000 0,067262 
94,100000 0,067851 
94,200000 0,065168 
94,300000 0,066702 
94,400000 0,067267 
94,500000 0,066701 
94,600000 0,067681 
94,700000 0,067239 
94,800000 0,066092 
94,900000 0,064223 
95,000000 0,066516 
95,100000 0,066216 
95,200000 0,064654 
95,300000 0,065682 
95,400000 0,065641 
95,500000 0,062708 
95,600000 0,066548 
95,700000 0,067242 
95,800000 0,068062 
95,900000 0,065623 
96,000000 0,067503 
96,100000 0,066125 
96,200000 0,064251 
96,300000 0,065738 
96,400000 0,066187 
96,500000 0,065212 
96,600000 0,064319 
96,700000 0,066251 
96,800000 0,067444 
96,900000 0,067060 
97,000000 0,066446 
97,100000 0,064913 
97,200000 0,061203 
97,300000 0,062869 
97,400000 0,063556 
97,500000 0,063729 
97,600000 0,064562 
97,700000 0,065269 
97,800000 0,063008 
97,900000 0,063877 
98,000000 0,065451 
98,100000 0,064609 
98,200000 0,066173 
98,300000 0,065657 
98,400000 0,064236 
98,500000 0,063812 
98,600000 0,065463 
98,700000 0,065866 
98,800000 0,064828 
98,900000 0,065334 
99,000000 0,066182 
99,100000 0,065971 
99,200000 0,065077 
99,300000 0,065580 
99,400000 0,066596 
99,500000 0,064492 
99,600000 0,066866 
99,700000 0,066235 
99,800000 0,065653 
99,900000 0,066210 
100,000000 0,066569 
