0,000000 -2,557026 
0,100000 -2,427064 
0,200000 -2,358594 
0,300000 -2,334336 
0,400000 -2,318851 
0,500000 -2,297778 
0,600000 -2,318444 
0,700000 -2,306986 
0,800000 -2,287634 
0,900000 -2,297834 
1,000000 -2,300586 
1,100000 -2,294760 
1,200000 -2,307560 
1,300000 -2,307178 
1,400000 -2,309066 
1,500000 -2,307067 
1,600000 -2,300046 
1,700000 -2,302652 
1,800000 -2,273341 
1,900000 -2,013304 
2,000000 -1,771943 
2,100000 -1,557499 
2,200000 -1,337464 
2,300000 -1,158152 
2,400000 -1,024228 
2,500000 -0,921880 
2,600000 -0,832067 
2,700000 -0,754907 
2,800000 -0,692414 
2,900000 -0,636022 
3,000000 -0,588632 
3,100000 -0,538673 
3,200000 -0,493206 
3,300000 -0,438357 
3,400000 -0,395335 
3,500000 -0,357409 
3,600000 -0,325979 
3,700000 -0,294248 
3,800000 -0,263007 
3,900000 -0,232539 
4,000000 -0,210479 
4,100000 -0,188533 
4,200000 -0,165630 
4,300000 -0,145211 
4,400000 -0,129731 
4,500000 -0,112929 
4,600000 -0,103107 
4,700000 -0,092746 
4,800000 -0,082666 
4,900000 -0,075889 
5,000000 -0,065980 
5,100000 -0,057805 
5,200000 -0,050076 
5,300000 -0,044845 
5,400000 -0,041128 
5,500000 -0,034052 
5,600000 -0,027227 
5,700000 -0,023783 
5,800000 -0,020371 
5,900000 -0,013841 
6,000000 -0,008625 
6,100000 -0,006092 
6,200000 -0,001872 
6,300000 0,000390 
6,400000 0,004693 
6,500000 0,006869 
6,600000 0,009656 
6,700000 0,010465 
6,800000 0,012244 
6,900000 0,014863 
7,000000 0,018069 
7,100000 0,019025 
7,200000 0,020376 
7,300000 0,024403 
7,400000 0,027405 
7,500000 0,027854 
7,600000 0,030557 
7,700000 0,029819 
7,800000 0,028816 
7,900000 0,029452 
8,000000 0,032738 
8,100000 0,032289 
8,200000 0,033757 
8,300000 0,034543 
8,400000 0,037040 
8,500000 0,038187 
8,600000 0,038174 
8,700000 0,040274 
8,800000 0,040304 
8,900000 0,038086 
9,000000 0,038715 
9,100000 0,039553 
9,200000 0,041226 
9,300000 0,041624 
9,400000 0,019769 
9,500000 0,010897 
9,600000 0,016915 
9,700000 0,020771 
9,800000 0,024171 
9,900000 0,027057 
10,000000 0,054584 
10,100000 0,059589 
10,200000 0,052312 
10,300000 0,047079 
10,400000 0,045125 
10,500000 0,045271 
10,600000 0,042336 
10,700000 0,042324 
10,800000 0,040264 
10,900000 0,039260 
11,000000 0,038044 
11,100000 0,037524 
11,200000 0,037991 
11,300000 0,036896 
11,400000 0,034199 
11,500000 0,033306 
11,600000 0,032469 
11,700000 0,029316 
11,800000 0,028240 
11,900000 0,022822 
12,000000 0,019600 
12,100000 0,017618 
12,200000 0,013604 
12,300000 0,009030 
12,400000 0,006693 
12,500000 0,003510 
12,600000 0,004250 
12,700000 0,001795 
12,800000 0,000271 
12,900000 -0,001734 
13,000000 -0,002250 
13,100000 -0,007305 
13,200000 -0,016321 
13,300000 -0,021380 
13,400000 -0,030081 
13,500000 -0,035267 
13,600000 -0,044998 
13,700000 -0,052592 
13,800000 -0,059973 
13,900000 -0,078252 
14,000000 -0,101227 
14,100000 -0,121010 
14,200000 -0,144486 
14,300000 -0,163527 
14,400000 -0,167968 
14,500000 -0,160327 
14,600000 -0,142128 
14,700000 -0,119530 
14,800000 -0,107636 
14,900000 -0,097724 
15,000000 -0,096301 
15,100000 -0,097260 
15,200000 -0,103561 
15,300000 -0,107993 
15,400000 -0,110319 
15,500000 -0,103257 
15,600000 -0,092344 
15,700000 -0,085313 
15,800000 -0,081480 
15,900000 -0,082812 
16,000000 -0,090719 
16,100000 -0,099851 
16,200000 -0,113445 
16,300000 -0,121263 
16,400000 -0,124959 
16,500000 -0,113301 
16,600000 -0,104191 
16,700000 -0,094247 
16,800000 -0,092710 
16,900000 -0,096363 
17,000000 -0,105135 
17,100000 -0,117460 
17,200000 -0,130691 
17,300000 -0,141198 
17,400000 -0,145187 
17,500000 -0,138857 
17,600000 -0,138855 
17,700000 -0,134842 
17,800000 -0,145379 
17,900000 -0,157591 
18,000000 -0,177324 
18,100000 -0,200142 
18,200000 -0,224086 
18,300000 -0,236652 
18,400000 -0,231129 
18,500000 -0,190230 
18,600000 -0,180099 
18,700000 -0,125583 
18,800000 -0,087916 
18,900000 -0,056887 
19,000000 -0,037494 
19,100000 -0,026598 
19,200000 -0,015019 
19,300000 -0,008864 
19,400000 -0,004234 
19,500000 0,001979 
19,600000 0,007183 
19,700000 0,010564 
19,800000 0,011495 
19,900000 0,008504 
20,000000 0,012765 
20,100000 0,009056 
20,200000 0,005772 
20,300000 0,004618 
20,400000 0,006023 
20,500000 0,007817 
20,600000 0,017512 
20,700000 0,023724 
20,800000 0,031192 
20,900000 0,035504 
21,000000 0,037635 
21,100000 0,037530 
21,200000 0,038481 
21,300000 0,040258 
21,400000 0,039486 
21,500000 0,038332 
21,600000 0,038792 
21,700000 0,040863 
21,800000 0,039933 
21,900000 0,038028 
22,000000 0,038113 
22,100000 0,036967 
22,200000 0,036983 
22,300000 0,036545 
22,400000 0,034756 
22,500000 0,033431 
22,600000 0,032642 
22,700000 0,031081 
22,800000 0,028080 
22,900000 0,028069 
23,000000 0,025948 
23,100000 0,025413 
23,200000 0,024484 
23,300000 0,022746 
23,400000 0,021321 
23,500000 0,016609 
23,600000 0,014196 
23,700000 0,009804 
23,800000 0,006156 
23,900000 0,002120 
24,000000 -0,004001 
24,100000 -0,006070 
24,200000 -0,011404 
24,300000 -0,014421 
24,400000 -0,018109 
24,500000 -0,026870 
24,600000 -0,033727 
24,700000 -0,041344 
24,800000 -0,050117 
24,900000 -0,057409 
25,000000 -0,069090 
25,100000 -0,081111 
25,200000 -0,093068 
25,300000 -0,104864 
25,400000 -0,121236 
25,500000 -0,130018 
25,600000 -0,148350 
25,700000 -0,169483 
25,800000 -0,192964 
25,900000 -0,217775 
26,000000 -0,246591 
26,100000 -0,278694 
26,200000 -0,306810 
26,300000 -0,336183 
26,400000 -0,358943 
26,500000 -0,375144 
26,600000 -0,408567 
26,700000 -0,451878 
26,800000 -0,502411 
26,900000 -0,562778 
27,000000 -0,637105 
27,100000 -0,719730 
27,200000 -0,805545 
27,300000 -0,896690 
27,400000 -1,001244 
27,500000 -1,103895 
27,600000 -1,286166 
27,700000 -1,522832 
27,800000 -1,776864 
27,900000 -2,065674 
28,000000 -2,313584 
28,100000 -2,530519 
28,200000 -2,638014 
28,300000 -2,585967 
28,400000 -2,300389 
28,500000 -1,880073 
28,600000 -1,407072 
28,700000 -1,056172 
28,800000 -0,829552 
28,900000 -0,668348 
29,000000 -0,556112 
29,100000 -0,473601 
29,200000 -0,405131 
29,300000 -0,351758 
29,400000 -0,300271 
29,500000 -0,252566 
29,600000 -0,215625 
29,700000 -0,185967 
29,800000 -0,167556 
29,900000 -0,153929 
30,000000 -0,152005 
30,100000 -0,151393 
30,200000 -0,152383 
30,300000 -0,154428 
30,400000 -0,155538 
30,500000 -0,158056 
30,600000 -0,163839 
30,700000 -0,181792 
30,800000 -0,205183 
30,900000 -0,230673 
31,000000 -0,258388 
31,100000 -0,286000 
31,200000 -0,305466 
31,300000 -0,310221 
31,400000 -0,299254 
31,500000 -0,279306 
31,600000 -0,257786 
31,700000 -0,254517 
31,800000 -0,266092 
31,900000 -0,279750 
32,000000 -0,296238 
32,100000 -0,310186 
32,200000 -0,311520 
32,300000 -0,298301 
32,400000 -0,254841 
32,500000 -0,189235 
32,600000 -0,133614 
32,700000 -0,084528 
32,800000 -0,055403 
32,900000 -0,029388 
33,000000 -0,010892 
33,100000 0,000529 
33,200000 0,012308 
33,300000 0,019419 
33,400000 0,026027 
33,500000 0,032268 
33,600000 0,036920 
33,700000 0,042530 
33,800000 0,043997 
33,900000 0,046450 
34,000000 0,047372 
34,100000 0,049740 
34,200000 0,048513 
34,300000 0,049549 
34,400000 0,050837 
34,500000 0,051303 
34,600000 0,053612 
34,700000 0,053303 
34,800000 0,053631 
34,900000 0,056958 
35,000000 0,055057 
35,100000 0,048118 
35,200000 0,049193 
35,300000 0,052383 
35,400000 0,057236 
35,500000 0,056114 
35,600000 0,054949 
35,700000 0,053218 
35,800000 0,055121 
35,900000 0,055475 
36,000000 0,053859 
36,100000 0,056832 
36,200000 0,055817 
36,300000 0,052019 
36,400000 0,052099 
36,500000 0,052333 
36,600000 0,052271 
36,700000 0,050927 
36,800000 0,050573 
36,900000 0,049964 
37,000000 0,051105 
37,100000 0,048809 
37,200000 0,049007 
37,300000 0,047292 
37,400000 0,047865 
37,500000 0,047799 
37,600000 0,046846 
37,700000 0,046327 
37,800000 0,045170 
37,900000 0,043150 
38,000000 0,042466 
38,100000 0,040412 
38,200000 0,038635 
38,300000 0,037522 
38,400000 0,035691 
38,500000 0,035843 
38,600000 0,033772 
38,700000 0,032327 
38,800000 0,029355 
38,900000 0,027291 
39,000000 0,021929 
39,100000 0,018631 
39,200000 0,014925 
39,300000 0,014017 
39,400000 0,009621 
39,500000 0,008159 
39,600000 0,004837 
39,700000 0,000486 
39,800000 -0,004534 
39,900000 -0,015479 
40,000000 -0,018358 
40,100000 -0,022565 
40,200000 -0,023712 
40,300000 -0,021169 
40,400000 -0,016766 
40,500000 -0,009528 
40,600000 -0,001571 
40,700000 -0,001014 
40,800000 -0,000294 
40,900000 -0,001447 
41,000000 -0,004351 
41,100000 -0,006731 
41,200000 -0,008840 
41,300000 -0,011088 
41,400000 -0,009527 
41,500000 -0,008398 
41,600000 -0,006896 
41,700000 -0,008245 
41,800000 -0,010978 
41,900000 -0,016595 
42,000000 -0,022488 
42,100000 -0,029246 
42,200000 -0,035423 
42,300000 -0,040095 
42,400000 -0,045961 
42,500000 -0,051481 
42,600000 -0,058574 
42,700000 -0,070360 
42,800000 -0,085679 
42,900000 -0,103447 
43,000000 -0,123497 
43,100000 -0,135121 
43,200000 -0,142984 
43,300000 -0,141231 
43,400000 -0,128561 
43,500000 -0,106393 
43,600000 -0,087900 
43,700000 -0,074829 
43,800000 -0,070004 
43,900000 -0,065213 
44,000000 -0,066489 
44,100000 -0,068318 
44,200000 -0,066396 
44,300000 -0,063111 
44,400000 -0,054254 
44,500000 -0,047739 
44,600000 -0,040177 
44,700000 -0,035517 
44,800000 -0,035908 
44,900000 -0,039821 
45,000000 -0,046553 
45,100000 -0,050467 
45,200000 -0,053588 
45,300000 -0,053119 
45,400000 -0,045737 
45,500000 -0,031300 
45,600000 -0,018448 
45,700000 -0,008671 
45,800000 -0,002976 
45,900000 -0,003807 
46,000000 -0,002248 
46,100000 -0,001924 
46,200000 0,000134 
46,300000 0,001515 
46,400000 0,007200 
46,500000 0,019834 
46,600000 0,016177 
46,700000 0,036237 
46,800000 0,038977 
46,900000 0,043307 
47,000000 0,045467 
47,100000 0,051322 
47,200000 0,051093 
47,300000 0,052074 
47,400000 0,053530 
47,500000 0,051192 
47,600000 0,058337 
47,700000 0,059172 
47,800000 0,056991 
47,900000 0,050175 
48,000000 0,050476 
48,100000 0,056823 
48,200000 0,060032 
48,300000 0,058124 
48,400000 0,056708 
48,500000 0,054621 
48,600000 0,060080 
48,700000 0,059157 
48,800000 0,059060 
48,900000 0,058541 
49,000000 0,059308 
49,100000 0,055919 
49,200000 0,055007 
49,300000 0,057740 
49,400000 0,093809 
49,500000 0,078744 
49,600000 0,073053 
49,700000 0,071154 
49,800000 0,070590 
49,900000 0,069053 
50,000000 0,068192 
50,100000 0,067281 
50,200000 0,074308 
50,300000 0,077259 
50,400000 0,074715 
50,500000 0,074149 
50,600000 0,071822 
50,700000 0,068946 
50,800000 0,073291 
50,900000 0,072370 
51,000000 0,071684 
51,100000 0,072376 
51,200000 0,070324 
51,300000 0,071572 
51,400000 0,067869 
51,500000 0,072387 
51,600000 0,074165 
51,700000 0,072033 
51,800000 0,073606 
51,900000 0,073040 
52,000000 0,072558 
52,100000 0,072617 
52,200000 0,073612 
52,300000 0,071694 
52,400000 0,073423 
52,500000 0,071359 
52,600000 0,072315 
52,700000 0,071936 
52,800000 0,072430 
52,900000 0,065604 
53,000000 0,074654 
53,100000 0,072090 
53,200000 0,073451 
53,300000 0,071236 
53,400000 0,071329 
53,500000 0,071956 
53,600000 0,074053 
53,700000 0,075703 
53,800000 0,073523 
53,900000 0,073008 
54,000000 0,074029 
54,100000 0,072355 
54,200000 0,072461 
54,300000 0,071755 
54,400000 0,073679 
54,500000 0,073430 
54,600000 0,076189 
54,700000 0,074337 
54,800000 0,072189 
54,900000 0,070593 
55,000000 0,070910 
55,100000 0,070038 
55,200000 0,070331 
55,300000 0,070542 
55,400000 0,070860 
55,500000 0,070200 
55,600000 0,068540 
55,700000 0,069376 
55,800000 0,069406 
55,900000 0,067960 
56,000000 0,067628 
56,100000 0,067574 
56,200000 0,066315 
56,300000 0,066367 
56,400000 0,065192 
56,500000 0,062563 
56,600000 0,063822 
56,700000 0,064283 
56,800000 0,065125 
56,900000 0,064785 
57,000000 0,062591 
57,100000 0,062879 
57,200000 0,061104 
57,300000 0,059407 
57,400000 0,059397 
57,500000 0,057925 
57,600000 0,057563 
57,700000 0,054686 
57,800000 0,054443 
57,900000 0,051155 
58,000000 0,048084 
58,100000 0,046513 
58,200000 0,045235 
58,300000 0,045404 
58,400000 0,046917 
58,500000 0,051694 
58,600000 0,055548 
58,700000 0,058337 
58,800000 0,061091 
58,900000 0,062791 
59,000000 0,065569 
59,100000 0,066698 
59,200000 0,068491 
59,300000 0,073735 
59,400000 0,070966 
59,500000 0,070965 
59,600000 0,074135 
59,700000 0,071548 
59,800000 0,071714 
59,900000 0,075337 
60,000000 0,073379 
60,100000 0,072384 
60,200000 0,073854 
60,300000 0,072145 
60,400000 0,072694 
60,500000 0,073168 
60,600000 0,071497 
60,700000 0,072256 
60,800000 0,072865 
60,900000 0,073358 
61,000000 0,072367 
61,100000 0,072828 
61,200000 0,073337 
61,300000 0,074381 
61,400000 0,073257 
61,500000 0,071909 
61,600000 0,072862 
61,700000 0,074242 
61,800000 0,072877 
61,900000 0,074151 
62,000000 0,073177 
62,100000 0,073956 
62,200000 0,071260 
62,300000 0,072728 
62,400000 0,071910 
62,500000 0,073519 
62,600000 0,072986 
62,700000 0,072514 
62,800000 0,073163 
62,900000 0,073137 
63,000000 0,073681 
63,100000 0,073080 
63,200000 0,073052 
63,300000 0,072456 
63,400000 0,075705 
63,500000 0,074597 
63,600000 0,071701 
63,700000 0,074214 
63,800000 0,074764 
63,900000 0,074425 
64,000000 0,073754 
64,100000 0,073259 
64,200000 0,072312 
64,300000 0,071497 
64,400000 0,073287 
64,500000 0,072427 
64,600000 0,073287 
64,700000 0,071747 
64,800000 0,073380 
64,900000 0,073730 
65,000000 0,071746 
65,100000 0,070651 
65,200000 0,071540 
65,300000 0,072929 
65,400000 0,073807 
65,500000 0,073112 
65,600000 0,072765 
65,700000 0,073345 
65,800000 0,069494 
65,900000 0,070629 
66,000000 0,070066 
66,100000 0,071792 
66,200000 0,070584 
66,300000 0,070319 
66,400000 0,072223 
66,500000 0,071757 
66,600000 0,073247 
66,700000 0,072832 
66,800000 0,072349 
66,900000 0,071696 
67,000000 0,072326 
67,100000 0,072961 
67,200000 0,069330 
67,300000 0,073750 
67,400000 0,072623 
67,500000 0,070770 
67,600000 0,072054 
67,700000 0,066049 
67,800000 0,070012 
67,900000 0,072384 
68,000000 0,069763 
68,100000 0,072438 
68,200000 0,070569 
68,300000 0,069881 
68,400000 0,070597 
68,500000 0,069600 
68,600000 0,068208 
68,700000 0,067688 
68,800000 0,066931 
68,900000 0,063134 
69,000000 0,064549 
69,100000 0,060886 
69,200000 0,063650 
69,300000 0,064788 
69,400000 0,059028 
69,500000 0,067571 
69,600000 0,067646 
69,700000 0,062516 
69,800000 0,063076 
69,900000 0,064761 
70,000000 0,066580 
70,100000 0,068165 
70,200000 0,068576 
70,300000 0,068637 
70,400000 0,068170 
70,500000 0,069281 
70,600000 0,068854 
70,700000 0,068689 
70,800000 0,068917 
70,900000 0,069455 
71,000000 0,068772 
71,100000 0,069819 
71,200000 0,070055 
71,300000 0,069686 
71,400000 0,071243 
71,500000 0,071309 
71,600000 0,070821 
71,700000 0,070833 
71,800000 0,070526 
71,900000 0,070712 
72,000000 0,071666 
72,100000 0,071604 
72,200000 0,069674 
72,300000 0,069890 
72,400000 0,072634 
72,500000 0,077217 
72,600000 0,071579 
72,700000 0,074558 
72,800000 0,076693 
72,900000 0,071523 
73,000000 0,068666 
73,100000 0,072443 
73,200000 0,072786 
73,300000 0,074914 
73,400000 0,075024 
73,500000 0,073844 
73,600000 0,070176 
73,700000 0,073903 
73,800000 0,074103 
73,900000 0,075192 
74,000000 0,075235 
74,100000 0,073292 
74,200000 0,073714 
74,300000 0,074180 
74,400000 0,074998 
74,500000 0,074858 
74,600000 0,076758 
74,700000 0,071546 
74,800000 0,070936 
74,900000 0,069907 
75,000000 0,076797 
75,100000 0,075235 
75,200000 0,074414 
75,300000 0,071311 
75,400000 0,070609 
75,500000 0,071378 
75,600000 0,074386 
75,700000 0,074252 
75,800000 0,072729 
75,900000 0,074053 
76,000000 0,074880 
76,100000 0,075504 
76,200000 0,076381 
76,300000 0,075992 
76,400000 0,074583 
76,500000 0,073638 
76,600000 0,070399 
76,700000 0,072318 
76,800000 0,071705 
76,900000 0,075283 
77,000000 0,074553 
77,100000 0,073426 
77,200000 0,072975 
77,300000 0,073270 
77,400000 0,075863 
77,500000 0,075382 
77,600000 0,075992 
77,700000 0,074315 
77,800000 0,074220 
77,900000 0,073839 
78,000000 0,070574 
78,100000 0,074177 
78,200000 0,074065 
78,300000 0,073146 
78,400000 0,075589 
78,500000 0,075806 
78,600000 0,074822 
78,700000 0,076370 
78,800000 0,076870 
78,900000 0,074130 
79,000000 0,074515 
79,100000 0,075528 
79,200000 0,074277 
79,300000 0,073486 
79,400000 0,074225 
79,500000 0,073618 
79,600000 0,075782 
79,700000 0,075938 
79,800000 0,076186 
79,900000 0,075940 
80,000000 0,075874 
80,100000 0,073736 
80,200000 0,073727 
80,300000 0,075731 
80,400000 0,075124 
80,500000 0,075446 
80,600000 0,075853 
80,700000 0,078040 
80,800000 0,074706 
80,900000 0,076617 
81,000000 0,076347 
81,100000 0,075705 
81,200000 0,074611 
81,300000 0,074121 
81,400000 0,075508 
81,500000 0,076214 
81,600000 0,076127 
81,700000 0,075758 
81,800000 0,075862 
81,900000 0,077987 
82,000000 0,073783 
82,100000 0,073453 
82,200000 0,075235 
82,300000 0,077855 
82,400000 0,077040 
82,500000 0,073636 
82,600000 0,075324 
82,700000 0,078251 
82,800000 0,078913 
82,900000 0,076844 
83,000000 0,074508 
83,100000 0,073943 
83,200000 0,074486 
83,300000 0,073908 
83,400000 0,072647 
83,500000 0,075869 
83,600000 0,075601 
83,700000 0,076082 
83,800000 0,076582 
83,900000 0,074125 
84,000000 0,075433 
84,100000 0,073901 
84,200000 0,075279 
84,300000 0,077186 
84,400000 0,077106 
84,500000 0,075409 
84,600000 0,076048 
84,700000 0,074509 
84,800000 0,073194 
84,900000 0,076077 
85,000000 0,075471 
85,100000 0,075205 
85,200000 0,075291 
85,300000 0,073830 
85,400000 0,074407 
85,500000 0,074962 
85,600000 0,075229 
85,700000 0,075818 
85,800000 0,075295 
85,900000 0,073520 
86,000000 0,073938 
86,100000 0,075855 
86,200000 0,075923 
86,300000 0,073090 
86,400000 0,073075 
86,500000 0,071896 
86,600000 0,072657 
86,700000 0,073434 
86,800000 0,074581 
86,900000 0,073955 
87,000000 0,074073 
87,100000 0,072502 
87,200000 0,074782 
87,300000 0,075106 
87,400000 0,073993 
87,500000 0,073997 
87,600000 0,074687 
87,700000 0,076773 
87,800000 0,073821 
87,900000 0,074511 
88,000000 0,075948 
88,100000 0,071211 
88,200000 0,073097 
88,300000 0,073088 
88,400000 0,075450 
88,500000 0,075198 
88,600000 0,075908 
88,700000 0,076816 
88,800000 0,076611 
88,900000 0,074338 
89,000000 0,075664 
89,100000 0,074020 
89,200000 0,074025 
89,300000 0,072360 
89,400000 0,077118 
89,500000 0,075429 
89,600000 0,074665 
89,700000 0,072257 
89,800000 0,078428 
89,900000 0,077706 
90,000000 0,078453 
90,100000 0,079120 
90,200000 0,078461 
90,300000 0,073685 
90,400000 0,075413 
90,500000 0,077073 
90,600000 0,076845 
90,700000 0,075673 
90,800000 0,076401 
90,900000 0,073206 
91,000000 0,074120 
91,100000 0,074185 
91,200000 0,075305 
91,300000 0,075614 
91,400000 0,073917 
91,500000 0,075751 
91,600000 0,075758 
91,700000 0,074957 
91,800000 0,076615 
91,900000 0,072500 
92,000000 0,074273 
92,100000 0,075109 
92,200000 0,074088 
92,300000 0,074520 
92,400000 0,075402 
92,500000 0,073745 
92,600000 0,075675 
92,700000 0,073645 
92,800000 0,074298 
92,900000 0,073134 
93,000000 0,074794 
93,100000 0,074578 
93,200000 0,073002 
93,300000 0,075428 
93,400000 0,074746 
93,500000 0,072292 
93,600000 0,073465 
93,700000 0,075404 
93,800000 0,074287 
93,900000 0,073407 
94,000000 0,073577 
94,100000 0,078213 
94,200000 0,076480 
94,300000 0,077750 
94,400000 0,076176 
94,500000 0,076658 
94,600000 0,077016 
94,700000 0,075191 
94,800000 0,076059 
94,900000 0,076430 
95,000000 0,077403 
95,100000 0,076150 
95,200000 0,075209 
95,300000 0,073530 
95,400000 0,077491 
95,500000 0,076113 
95,600000 0,075809 
95,700000 0,075050 
95,800000 0,074952 
95,900000 0,076704 
96,000000 0,075156 
96,100000 0,074484 
96,200000 0,073428 
96,300000 0,075371 
96,400000 0,075906 
96,500000 0,075554 
96,600000 0,074977 
96,700000 0,074555 
96,800000 0,074272 
96,900000 0,076035 
97,000000 0,075872 
97,100000 0,073848 
97,200000 0,072891 
97,300000 0,075401 
97,400000 0,075944 
97,500000 0,077416 
97,600000 0,074605 
97,700000 0,074315 
97,800000 0,074251 
97,900000 0,075816 
98,000000 0,075157 
98,100000 0,074926 
98,200000 0,073840 
98,300000 0,073842 
98,400000 0,075279 
98,500000 0,074700 
98,600000 0,077116 
98,700000 0,074132 
98,800000 0,076567 
98,900000 0,074852 
99,000000 0,074032 
99,100000 0,075343 
99,200000 0,074552 
99,300000 0,075938 
99,400000 0,074192 
99,500000 0,075591 
99,600000 0,076501 
99,700000 0,075523 
99,800000 0,075497 
99,900000 0,075756 
100,000000 0,076113 
