0,000000 -2,971357 
0,100000 -3,105604 
0,200000 -3,134468 
0,300000 -3,158028 
0,400000 -3,173138 
0,500000 -3,173371 
0,600000 -3,175927 
0,700000 -3,174941 
0,800000 -3,171004 
0,900000 -3,175676 
1,000000 -3,190274 
1,100000 -3,180335 
1,200000 -3,177395 
1,300000 -3,173531 
1,400000 -3,177135 
1,500000 -3,165059 
1,600000 -3,167903 
1,700000 -3,180842 
1,800000 -3,189703 
1,900000 -3,166909 
2,000000 -3,151864 
2,100000 -3,113403 
2,200000 -3,010898 
2,300000 -2,897388 
2,400000 -2,779384 
2,500000 -2,650557 
2,600000 -2,524850 
2,700000 -2,393011 
2,800000 -2,274326 
2,900000 -2,128447 
3,000000 -2,009014 
3,100000 -1,888423 
3,200000 -1,768735 
3,300000 -1,647395 
3,400000 -1,549032 
3,500000 -1,454255 
3,600000 -1,383646 
3,700000 -1,288136 
3,800000 -1,225907 
3,900000 -1,178244 
4,000000 -1,122367 
4,100000 -1,084439 
4,200000 -1,033701 
4,300000 -0,985302 
4,400000 -0,955791 
4,500000 -0,911316 
4,600000 -0,884171 
4,700000 -0,854394 
4,800000 -0,834722 
4,900000 -0,804727 
5,000000 -0,780606 
5,100000 -0,754035 
5,200000 -0,726558 
5,300000 -0,698118 
5,400000 -0,676526 
5,500000 -0,651362 
5,600000 -0,630002 
5,700000 -0,609069 
5,800000 -0,586311 
5,900000 -0,567692 
6,000000 -0,545481 
6,100000 -0,525587 
6,200000 -0,505924 
6,300000 -0,486917 
6,400000 -0,467889 
6,500000 -0,453818 
6,600000 -0,435844 
6,700000 -0,419332 
6,800000 -0,403453 
6,900000 -0,392219 
7,000000 -0,379030 
7,100000 -0,371630 
7,200000 -0,358684 
7,300000 -0,345799 
7,400000 -0,335789 
7,500000 -0,325897 
7,600000 -0,317748 
7,700000 -0,308779 
7,800000 -0,302530 
7,900000 -0,297376 
8,000000 -0,289224 
8,100000 -0,281400 
8,200000 -0,277629 
8,300000 -0,270593 
8,400000 -0,269170 
8,500000 -0,259856 
8,600000 -0,259404 
8,700000 -0,252662 
8,800000 -0,247022 
8,900000 -0,243869 
9,000000 -0,242151 
9,100000 -0,240670 
9,200000 -0,235024 
9,300000 -0,229166 
9,400000 -0,229454 
9,500000 -0,226304 
9,600000 -0,221392 
9,700000 -0,219196 
9,800000 -0,216002 
9,900000 -0,217801 
10,000000 -0,216743 
10,100000 -0,210913 
10,200000 -0,210131 
10,300000 -0,209947 
10,400000 -0,210668 
10,500000 -0,207354 
10,600000 -0,207748 
10,700000 -0,206124 
10,800000 -0,205132 
10,900000 -0,206102 
11,000000 -0,206814 
11,100000 -0,205398 
11,200000 -0,205632 
11,300000 -0,208391 
11,400000 -0,209068 
11,500000 -0,210926 
11,600000 -0,212483 
11,700000 -0,216121 
11,800000 -0,218746 
11,900000 -0,222396 
12,000000 -0,224863 
12,100000 -0,227956 
12,200000 -0,229557 
12,300000 -0,233066 
12,400000 -0,240249 
12,500000 -0,245338 
12,600000 -0,248362 
12,700000 -0,252107 
12,800000 -0,255474 
12,900000 -0,261990 
13,000000 -0,268991 
13,100000 -0,276102 
13,200000 -0,282405 
13,300000 -0,289430 
13,400000 -0,300972 
13,500000 -0,311398 
13,600000 -0,326586 
13,700000 -0,334052 
13,800000 -0,348989 
13,900000 -0,356324 
14,000000 -0,370449 
14,100000 -0,381994 
14,200000 -0,393380 
14,300000 -0,402775 
14,400000 -0,403499 
14,500000 -0,401962 
14,600000 -0,397389 
14,700000 -0,389927 
14,800000 -0,385868 
14,900000 -0,383720 
15,000000 -0,377984 
15,100000 -0,379836 
15,200000 -0,376769 
15,300000 -0,377357 
15,400000 -0,372545 
15,500000 -0,368257 
15,600000 -0,367248 
15,700000 -0,362144 
15,800000 -0,362128 
15,900000 -0,359988 
16,000000 -0,363675 
16,100000 -0,365935 
16,200000 -0,366510 
16,300000 -0,368323 
16,400000 -0,368779 
16,500000 -0,367973 
16,600000 -0,365769 
16,700000 -0,359412 
16,800000 -0,360517 
16,900000 -0,361082 
17,000000 -0,364914 
17,100000 -0,365259 
17,200000 -0,368476 
17,300000 -0,372058 
17,400000 -0,372426 
17,500000 -0,373322 
17,600000 -0,373406 
17,700000 -0,370769 
17,800000 -0,377852 
17,900000 -0,377450 
18,000000 -0,380032 
18,100000 -0,377953 
18,200000 -0,379780 
18,300000 -0,376990 
18,400000 -0,364364 
18,500000 -0,342996 
18,600000 -0,322117 
18,700000 -0,299047 
18,800000 -0,281484 
18,900000 -0,263658 
19,000000 -0,245263 
19,100000 -0,233113 
19,200000 -0,221514 
19,300000 -0,213047 
19,400000 -0,203352 
19,500000 -0,196552 
19,600000 -0,189208 
19,700000 -0,182662 
19,800000 -0,179211 
19,900000 -0,176200 
20,000000 -0,169724 
20,100000 -0,171867 
20,200000 -0,170331 
20,300000 -0,165517 
20,400000 -0,166763 
20,500000 -0,162198 
20,600000 -0,159088 
20,700000 -0,156159 
20,800000 -0,153427 
20,900000 -0,152226 
21,000000 -0,150499 
21,100000 -0,151014 
21,200000 -0,150932 
21,300000 -0,152712 
21,400000 -0,153485 
21,500000 -0,158984 
21,600000 -0,162979 
21,700000 -0,164750 
21,800000 -0,170645 
21,900000 -0,171959 
22,000000 -0,176755 
22,100000 -0,180789 
22,200000 -0,187031 
22,300000 -0,192953 
22,400000 -0,197170 
22,500000 -0,203365 
22,600000 -0,213388 
22,700000 -0,219356 
22,800000 -0,225211 
22,900000 -0,233908 
23,000000 -0,242934 
23,100000 -0,252446 
23,200000 -0,261492 
23,300000 -0,267924 
23,400000 -0,278450 
23,500000 -0,291971 
23,600000 -0,304668 
23,700000 -0,317125 
23,800000 -0,329739 
23,900000 -0,343781 
24,000000 -0,361355 
24,100000 -0,377126 
24,200000 -0,394545 
24,300000 -0,407914 
24,400000 -0,426193 
24,500000 -0,444612 
24,600000 -0,469849 
24,700000 -0,495642 
24,800000 -0,517329 
24,900000 -0,545155 
25,000000 -0,577655 
25,100000 -0,601838 
25,200000 -0,635324 
25,300000 -0,669724 
25,400000 -0,701499 
25,500000 -0,737067 
25,600000 -0,778699 
25,700000 -0,830622 
25,800000 -0,875610 
25,900000 -0,925552 
26,000000 -0,973645 
26,100000 -1,023436 
26,200000 -1,083544 
26,300000 -1,142200 
26,400000 -1,197082 
26,500000 -1,263393 
26,600000 -1,334571 
26,700000 -1,414797 
26,800000 -1,490018 
26,900000 -1,579902 
27,000000 -1,670869 
27,100000 -1,772546 
27,200000 -1,877219 
27,300000 -2,004858 
27,400000 -2,120595 
27,500000 -2,237093 
27,600000 -2,383592 
27,700000 -2,507198 
27,800000 -2,645829 
27,900000 -2,756345 
28,000000 -2,856067 
28,100000 -2,892956 
28,200000 -2,889038 
28,300000 -2,789996 
28,400000 -2,611606 
28,500000 -2,416284 
28,600000 -2,144979 
28,700000 -1,891964 
28,800000 -1,685972 
28,900000 -1,518655 
29,000000 -1,390528 
29,100000 -1,264193 
29,200000 -1,164276 
29,300000 -1,068168 
29,400000 -0,988366 
29,500000 -0,914285 
29,600000 -0,850148 
29,700000 -0,788045 
29,800000 -0,734928 
29,900000 -0,692936 
30,000000 -0,664307 
30,100000 -0,638670 
30,200000 -0,616321 
30,300000 -0,595546 
30,400000 -0,580580 
30,500000 -0,571219 
30,600000 -0,564421 
30,700000 -0,554181 
30,800000 -0,550978 
30,900000 -0,552787 
31,000000 -0,554189 
31,100000 -0,556229 
31,200000 -0,552459 
31,300000 -0,550597 
31,400000 -0,541706 
31,500000 -0,529016 
31,600000 -0,516651 
31,700000 -0,504695 
31,800000 -0,492438 
31,900000 -0,490235 
32,000000 -0,478488 
32,100000 -0,467762 
32,200000 -0,450906 
32,300000 -0,407091 
32,400000 -0,381906 
32,500000 -0,342184 
32,600000 -0,305168 
32,700000 -0,259020 
32,800000 -0,222120 
32,900000 -0,190628 
33,000000 -0,161119 
33,100000 -0,138195 
33,200000 -0,115516 
33,300000 -0,102613 
33,400000 -0,086034 
33,500000 -0,074461 
33,600000 -0,060906 
33,700000 -0,048620 
33,800000 -0,038774 
33,900000 -0,027968 
34,000000 -0,021351 
34,100000 -0,014075 
34,200000 -0,007429 
34,300000 -0,003010 
34,400000 0,000770 
34,500000 0,005321 
34,600000 0,008341 
34,700000 0,011157 
34,800000 0,014278 
34,900000 0,014218 
35,000000 0,020851 
35,100000 0,023388 
35,200000 0,025135 
35,300000 0,025745 
35,400000 0,026879 
35,500000 0,027788 
35,600000 0,029591 
35,700000 0,028498 
35,800000 0,029184 
35,900000 0,028060 
36,000000 0,027766 
36,100000 0,025980 
36,200000 0,029966 
36,300000 0,028052 
36,400000 0,027554 
36,500000 0,026572 
36,600000 0,026968 
36,700000 0,026231 
36,800000 0,024647 
36,900000 0,022768 
37,000000 0,022396 
37,100000 0,020800 
37,200000 0,019767 
37,300000 0,017853 
37,400000 0,017399 
37,500000 0,015663 
37,600000 0,014966 
37,700000 0,013479 
37,800000 0,012130 
37,900000 0,007973 
38,000000 0,005155 
38,100000 0,000189 
38,200000 0,000320 
38,300000 -0,003609 
38,400000 -0,005342 
38,500000 -0,008208 
38,600000 -0,011121 
38,700000 -0,013700 
38,800000 -0,017874 
38,900000 -0,023342 
39,000000 -0,026272 
39,100000 -0,032518 
39,200000 -0,035819 
39,300000 -0,042345 
39,400000 -0,045820 
39,500000 -0,051167 
39,600000 -0,053796 
39,700000 -0,056456 
39,800000 -0,058710 
39,900000 -0,065723 
40,000000 -0,070742 
40,100000 -0,073111 
40,200000 -0,075887 
40,300000 -0,076617 
40,400000 -0,077043 
40,500000 -0,075193 
40,600000 -0,074233 
40,700000 -0,075498 
40,800000 -0,074652 
40,900000 -0,077782 
41,000000 -0,080515 
41,100000 -0,081310 
41,200000 -0,087296 
41,300000 -0,086779 
41,400000 -0,089320 
41,500000 -0,093997 
41,600000 -0,095079 
41,700000 -0,096474 
41,800000 -0,101238 
41,900000 -0,104784 
42,000000 -0,110285 
42,100000 -0,116581 
42,200000 -0,119234 
42,300000 -0,124713 
42,400000 -0,133156 
42,500000 -0,138764 
42,600000 -0,146011 
42,700000 -0,156056 
42,800000 -0,162455 
42,900000 -0,168150 
43,000000 -0,174097 
43,100000 -0,177422 
43,200000 -0,178949 
43,300000 -0,175661 
43,400000 -0,170364 
43,500000 -0,161700 
43,600000 -0,155351 
43,700000 -0,147833 
43,800000 -0,145243 
43,900000 -0,137480 
44,000000 -0,135557 
44,100000 -0,131956 
44,200000 -0,128795 
44,300000 -0,122872 
44,400000 -0,117798 
44,500000 -0,112338 
44,600000 -0,106755 
44,700000 -0,100876 
44,800000 -0,099532 
44,900000 -0,096461 
45,000000 -0,094715 
45,100000 -0,086947 
45,200000 -0,084378 
45,300000 -0,080871 
45,400000 -0,074492 
45,500000 -0,065325 
45,600000 -0,056348 
45,700000 -0,049818 
45,800000 -0,042404 
45,900000 -0,036677 
46,000000 -0,029635 
46,100000 -0,023563 
46,200000 -0,019062 
46,300000 -0,012299 
46,400000 -0,005386 
46,500000 0,001375 
46,600000 0,007983 
46,700000 0,015075 
46,800000 0,022668 
46,900000 0,026949 
47,000000 0,031822 
47,100000 0,036432 
47,200000 0,040310 
47,300000 0,046003 
47,400000 0,047234 
47,500000 0,050420 
47,600000 0,051825 
47,700000 0,055119 
47,800000 0,057782 
47,900000 0,057500 
48,000000 0,059821 
48,100000 0,062261 
48,200000 0,063127 
48,300000 0,064085 
48,400000 0,066624 
48,500000 0,066787 
48,600000 0,065729 
48,700000 0,065705 
48,800000 0,067994 
48,900000 0,067851 
49,000000 0,067805 
49,100000 0,068150 
49,200000 0,069029 
49,300000 0,070479 
49,400000 0,069913 
49,500000 0,070627 
49,600000 0,069886 
49,700000 0,069478 
49,800000 0,068945 
49,900000 0,070985 
50,000000 0,070913 
50,100000 0,071141 
50,200000 0,070648 
50,300000 0,069730 
50,400000 0,070357 
50,500000 0,070689 
50,600000 0,072467 
50,700000 0,070671 
50,800000 0,071886 
50,900000 0,070274 
51,000000 0,069983 
51,100000 0,072327 
51,200000 0,070742 
51,300000 0,070987 
51,400000 0,070990 
51,500000 0,072772 
51,600000 0,070902 
51,700000 0,072572 
51,800000 0,073604 
51,900000 0,072251 
52,000000 0,073095 
52,100000 0,073797 
52,200000 0,074082 
52,300000 0,072934 
52,400000 0,072925 
52,500000 0,074852 
52,600000 0,074347 
52,700000 0,072198 
52,800000 0,071943 
52,900000 0,074182 
53,000000 0,070083 
53,100000 0,072085 
53,200000 0,071436 
53,300000 0,072974 
53,400000 0,073539 
53,500000 0,073523 
53,600000 0,072389 
53,700000 0,070064 
53,800000 0,072104 
53,900000 0,071465 
54,000000 0,071508 
54,100000 0,071967 
54,200000 0,070684 
54,300000 0,070670 
54,400000 0,069365 
54,500000 0,068835 
54,600000 0,068813 
54,700000 0,069306 
54,800000 0,067869 
54,900000 0,067511 
55,000000 0,065977 
55,100000 0,067006 
55,200000 0,064713 
55,300000 0,064072 
55,400000 0,064754 
55,500000 0,064718 
55,600000 0,063781 
55,700000 0,064058 
55,800000 0,062181 
55,900000 0,063021 
56,000000 0,060789 
56,100000 0,059646 
56,200000 0,060922 
56,300000 0,059621 
56,400000 0,058535 
56,500000 0,056645 
56,600000 0,058406 
56,700000 0,057447 
56,800000 0,055301 
56,900000 0,053563 
57,000000 0,053923 
57,100000 0,054022 
57,200000 0,052883 
57,300000 0,050048 
57,400000 0,050272 
57,500000 0,048687 
57,600000 0,045934 
57,700000 0,048854 
57,800000 0,048598 
57,900000 0,047380 
58,000000 0,048508 
58,100000 0,047720 
58,200000 0,048689 
58,300000 0,047701 
58,400000 0,050503 
58,500000 0,053021 
58,600000 0,054771 
58,700000 0,058027 
58,800000 0,061662 
58,900000 0,063277 
59,000000 0,064432 
59,100000 0,065305 
59,200000 0,065935 
59,300000 0,070748 
59,400000 0,070459 
59,500000 0,071089 
59,600000 0,072958 
59,700000 0,073604 
59,800000 0,071926 
59,900000 0,073427 
60,000000 0,073113 
60,100000 0,075657 
60,200000 0,075413 
60,300000 0,076250 
60,400000 0,074295 
60,500000 0,076137 
60,600000 0,077168 
60,700000 0,078385 
60,800000 0,078060 
60,900000 0,077415 
61,000000 0,076680 
61,100000 0,078297 
61,200000 0,077526 
61,300000 0,079035 
61,400000 0,079437 
61,500000 0,078967 
61,600000 0,078393 
61,700000 0,079948 
61,800000 0,079602 
61,900000 0,079426 
62,000000 0,078339 
62,100000 0,078513 
62,200000 0,078552 
62,300000 0,079421 
62,400000 0,079543 
62,500000 0,079432 
62,600000 0,078878 
62,700000 0,079929 
62,800000 0,079353 
62,900000 0,077863 
63,000000 0,077579 
63,100000 0,079166 
63,200000 0,079548 
63,300000 0,078165 
63,400000 0,077747 
63,500000 0,078635 
63,600000 0,078796 
63,700000 0,078812 
63,800000 0,078762 
63,900000 0,078813 
64,000000 0,077362 
64,100000 0,078726 
64,200000 0,076713 
64,300000 0,078169 
64,400000 0,076931 
64,500000 0,077729 
64,600000 0,076485 
64,700000 0,077757 
64,800000 0,075977 
64,900000 0,079447 
65,000000 0,080010 
65,100000 0,077260 
65,200000 0,077827 
65,300000 0,076636 
65,400000 0,075905 
65,500000 0,077190 
65,600000 0,074921 
65,700000 0,076583 
65,800000 0,076068 
65,900000 0,074941 
66,000000 0,075548 
66,100000 0,074675 
66,200000 0,073653 
66,300000 0,073384 
66,400000 0,077687 
66,500000 0,075499 
66,600000 0,078125 
66,700000 0,076302 
66,800000 0,076655 
66,900000 0,077381 
67,000000 0,077173 
67,100000 0,071829 
67,200000 0,071670 
67,300000 0,072931 
67,400000 0,073891 
67,500000 0,073980 
67,600000 0,074196 
67,700000 0,071908 
67,800000 0,071722 
67,900000 0,071839 
68,000000 0,070619 
68,100000 0,069822 
68,200000 0,069513 
68,300000 0,069772 
68,400000 0,069481 
68,500000 0,068745 
68,600000 0,068973 
68,700000 0,067793 
68,800000 0,068382 
68,900000 0,067678 
69,000000 0,066657 
69,100000 0,067759 
69,200000 0,067987 
69,300000 0,067170 
69,400000 0,066440 
69,500000 0,070168 
69,600000 0,071352 
69,700000 0,068699 
69,800000 0,072016 
69,900000 0,072123 
70,000000 0,072203 
70,100000 0,070960 
70,200000 0,073103 
70,300000 0,074063 
70,400000 0,072333 
70,500000 0,074905 
70,600000 0,074015 
70,700000 0,074591 
70,800000 0,075139 
70,900000 0,072706 
71,000000 0,072092 
71,100000 0,073260 
71,200000 0,075167 
71,300000 0,074852 
71,400000 0,074169 
71,500000 0,075186 
71,600000 0,076269 
71,700000 0,076079 
71,800000 0,077324 
71,900000 0,076951 
72,000000 0,075849 
72,100000 0,077636 
72,200000 0,077095 
72,300000 0,076607 
72,400000 0,079253 
72,500000 0,077794 
72,600000 0,076271 
72,700000 0,078911 
72,800000 0,078903 
72,900000 0,078089 
73,000000 0,078006 
73,100000 0,078068 
73,200000 0,078427 
73,300000 0,076804 
73,400000 0,078503 
73,500000 0,076286 
73,600000 0,079165 
73,700000 0,079184 
73,800000 0,078314 
73,900000 0,078549 
74,000000 0,078432 
74,100000 0,078071 
74,200000 0,078451 
74,300000 0,078971 
74,400000 0,079041 
74,500000 0,077695 
74,600000 0,077222 
74,700000 0,078606 
74,800000 0,077324 
74,900000 0,078327 
75,000000 0,078115 
75,100000 0,078158 
75,200000 0,077402 
75,300000 0,078335 
75,400000 0,079197 
75,500000 0,077186 
75,600000 0,077795 
75,700000 0,078041 
75,800000 0,077515 
75,900000 0,078585 
76,000000 0,077600 
76,100000 0,078784 
76,200000 0,078044 
76,300000 0,078361 
76,400000 0,076664 
76,500000 0,079283 
76,600000 0,079246 
76,700000 0,079603 
76,800000 0,078861 
76,900000 0,079686 
77,000000 0,078474 
77,100000 0,079320 
77,200000 0,079831 
77,300000 0,079172 
77,400000 0,077987 
77,500000 0,078987 
77,600000 0,078113 
77,700000 0,078443 
77,800000 0,078743 
77,900000 0,079232 
78,000000 0,078997 
78,100000 0,079313 
78,200000 0,078576 
78,300000 0,078014 
78,400000 0,079250 
78,500000 0,079273 
78,600000 0,077615 
78,700000 0,079756 
78,800000 0,078342 
78,900000 0,079812 
79,000000 0,078785 
79,100000 0,078581 
79,200000 0,079058 
79,300000 0,077746 
79,400000 0,078860 
79,500000 0,078202 
79,600000 0,080052 
79,700000 0,079406 
79,800000 0,078923 
79,900000 0,078872 
80,000000 0,079954 
80,100000 0,078038 
80,200000 0,079949 
80,300000 0,078941 
80,400000 0,078595 
80,500000 0,079193 
80,600000 0,081010 
80,700000 0,077560 
80,800000 0,078894 
80,900000 0,078445 
81,000000 0,078746 
81,100000 0,079084 
81,200000 0,078365 
81,300000 0,077382 
81,400000 0,079629 
81,500000 0,078391 
81,600000 0,078127 
81,700000 0,077278 
81,800000 0,078739 
81,900000 0,078561 
82,000000 0,079583 
82,100000 0,078632 
82,200000 0,079082 
82,300000 0,079127 
82,400000 0,077715 
82,500000 0,078164 
82,600000 0,078569 
82,700000 0,078493 
82,800000 0,079232 
82,900000 0,078445 
83,000000 0,079452 
83,100000 0,079230 
83,200000 0,078372 
83,300000 0,077940 
83,400000 0,078502 
83,500000 0,079679 
83,600000 0,078727 
83,700000 0,076496 
83,800000 0,078749 
83,900000 0,079381 
84,000000 0,078055 
84,100000 0,076979 
84,200000 0,077894 
84,300000 0,079741 
84,400000 0,078907 
84,500000 0,078104 
84,600000 0,079428 
84,700000 0,077813 
84,800000 0,076855 
84,900000 0,077424 
85,000000 0,077902 
85,100000 0,078047 
85,200000 0,077724 
85,300000 0,078220 
85,400000 0,078473 
85,500000 0,078430 
85,600000 0,077824 
85,700000 0,078906 
85,800000 0,078397 
85,900000 0,081660 
86,000000 0,080717 
86,100000 0,079562 
86,200000 0,078462 
86,300000 0,077263 
86,400000 0,077419 
86,500000 0,077902 
86,600000 0,077830 
86,700000 0,077559 
86,800000 0,077685 
86,900000 0,078874 
87,000000 0,079586 
87,100000 0,079090 
87,200000 0,079304 
87,300000 0,079559 
87,400000 0,078547 
87,500000 0,078535 
87,600000 0,079583 
87,700000 0,079525 
87,800000 0,080132 
87,900000 0,078115 
88,000000 0,079252 
88,100000 0,079296 
88,200000 0,079924 
88,300000 0,080742 
88,400000 0,079821 
88,500000 0,079230 
88,600000 0,080908 
88,700000 0,079437 
88,800000 0,079361 
88,900000 0,079612 
89,000000 0,080181 
89,100000 0,079066 
89,200000 0,079892 
89,300000 0,078667 
89,400000 0,078501 
89,500000 0,078735 
89,600000 0,078849 
89,700000 0,078549 
89,800000 0,078625 
89,900000 0,078366 
90,000000 0,080227 
90,100000 0,079688 
90,200000 0,078495 
90,300000 0,078936 
90,400000 0,078584 
90,500000 0,078801 
90,600000 0,078215 
90,700000 0,079891 
90,800000 0,079343 
90,900000 0,080138 
91,000000 0,079920 
91,100000 0,079212 
91,200000 0,078336 
91,300000 0,078275 
91,400000 0,077364 
91,500000 0,080012 
91,600000 0,079021 
91,700000 0,077594 
91,800000 0,079731 
91,900000 0,079050 
92,000000 0,078253 
92,100000 0,079173 
92,200000 0,078273 
92,300000 0,078594 
92,400000 0,077282 
92,500000 0,079313 
92,600000 0,079185 
92,700000 0,079346 
92,800000 0,078726 
92,900000 0,079068 
93,000000 0,078750 
93,100000 0,080149 
93,200000 0,078175 
93,300000 0,078312 
93,400000 0,079331 
93,500000 0,078718 
93,600000 0,079149 
93,700000 0,078352 
93,800000 0,078392 
93,900000 0,079997 
94,000000 0,078319 
94,100000 0,077344 
94,200000 0,078587 
94,300000 0,079385 
94,400000 0,078871 
94,500000 0,079329 
94,600000 0,077037 
94,700000 0,080549 
94,800000 0,078676 
94,900000 0,078924 
95,000000 0,078836 
95,100000 0,079297 
95,200000 0,078613 
95,300000 0,079359 
95,400000 0,080155 
95,500000 0,078611 
95,600000 0,078582 
95,700000 0,078679 
95,800000 0,078331 
95,900000 0,078589 
96,000000 0,078200 
96,100000 0,078247 
96,200000 0,078048 
96,300000 0,077823 
96,400000 0,079165 
96,500000 0,078669 
96,600000 0,077232 
96,700000 0,077484 
96,800000 0,077573 
96,900000 0,077479 
97,000000 0,077548 
97,100000 0,076910 
97,200000 0,077210 
97,300000 0,077558 
97,400000 0,076082 
97,500000 0,077885 
97,600000 0,078008 
97,700000 0,077538 
97,800000 0,077541 
97,900000 0,076392 
98,000000 0,075678 
98,100000 0,077325 
98,200000 0,075547 
98,300000 0,075499 
98,400000 0,077111 
98,500000 0,078219 
98,600000 0,076616 
98,700000 0,080881 
98,800000 0,079582 
98,900000 0,078512 
99,000000 0,079042 
99,100000 0,080445 
99,200000 0,080677 
99,300000 0,078719 
99,400000 0,079039 
99,500000 0,079208 
99,600000 0,078442 
99,700000 0,078290 
99,800000 0,079047 
99,900000 0,078979 
100,000000 0,079323 
