0,000000 -2,458105 
0,100000 -2,035456 
0,200000 -1,864216 
0,300000 -1,781962 
0,400000 -1,760346 
0,500000 -1,715728 
0,600000 -1,709856 
0,700000 -1,680557 
0,800000 -1,685320 
0,900000 -1,689553 
1,000000 -1,676622 
1,100000 -1,689325 
1,200000 -1,686083 
1,300000 -1,693804 
1,400000 -1,689754 
1,500000 -1,684337 
1,600000 -1,688974 
1,700000 -1,692883 
1,800000 -1,659458 
1,900000 -1,320573 
2,000000 -1,069670 
2,100000 -0,879491 
2,200000 -0,725389 
2,300000 -0,610705 
2,400000 -0,522226 
2,500000 -0,448582 
2,600000 -0,390560 
2,700000 -0,340835 
2,800000 -0,301956 
2,900000 -0,265904 
3,000000 -0,232566 
3,100000 -0,194817 
3,200000 -0,155536 
3,300000 -0,123425 
3,400000 -0,098152 
3,500000 -0,079041 
3,600000 -0,063537 
3,700000 -0,050167 
3,800000 -0,039396 
3,900000 -0,027309 
4,000000 -0,019862 
4,100000 -0,009266 
4,200000 -0,005262 
4,300000 0,001974 
4,400000 0,005632 
4,500000 0,012667 
4,600000 0,015354 
4,700000 0,017212 
4,800000 0,023359 
4,900000 0,028123 
5,000000 0,029693 
5,100000 0,031783 
5,200000 0,036537 
5,300000 0,038400 
5,400000 0,040807 
5,500000 0,042069 
5,600000 0,041597 
5,700000 0,043823 
5,800000 0,046117 
5,900000 0,045795 
6,000000 0,047419 
6,100000 0,048029 
6,200000 0,050914 
6,300000 0,051001 
6,400000 0,051383 
6,500000 0,052659 
6,600000 0,051927 
6,700000 0,053378 
6,800000 0,052566 
6,900000 0,053494 
7,000000 0,052680 
7,100000 0,055085 
7,200000 0,051918 
7,300000 0,055702 
7,400000 0,062988 
7,500000 0,057506 
7,600000 0,058372 
7,700000 0,053518 
7,800000 0,056819 
7,900000 0,053882 
8,000000 0,054495 
8,100000 0,053917 
8,200000 0,055980 
8,300000 0,056920 
8,400000 0,055810 
8,500000 0,057085 
8,600000 0,060057 
8,700000 0,056786 
8,800000 0,054982 
8,900000 0,057582 
9,000000 0,058177 
9,100000 0,058300 
9,200000 0,056323 
9,300000 0,059605 
9,400000 0,054727 
9,500000 0,053681 
9,600000 0,058400 
9,700000 0,059996 
9,800000 0,056576 
9,900000 0,057261 
10,000000 0,055721 
10,100000 0,055094 
10,200000 0,058348 
10,300000 0,054919 
10,400000 0,056551 
10,500000 0,052642 
10,600000 0,057058 
10,700000 0,056732 
10,800000 0,055773 
10,900000 0,056458 
11,000000 0,056664 
11,100000 0,054854 
11,200000 0,050441 
11,300000 0,052789 
11,400000 0,048837 
11,500000 0,048394 
11,600000 0,051827 
11,700000 0,050359 
11,800000 0,048041 
11,900000 0,038594 
12,000000 0,039604 
12,100000 0,035597 
12,200000 0,033198 
12,300000 0,022648 
12,400000 0,020190 
12,500000 0,020948 
12,600000 0,027352 
12,700000 0,030926 
12,800000 0,031807 
12,900000 0,030199 
13,000000 0,026861 
13,100000 0,022990 
13,200000 0,018571 
13,300000 0,012361 
13,400000 0,009177 
13,500000 0,001507 
13,600000 -0,005524 
13,700000 -0,011023 
13,800000 -0,023532 
13,900000 -0,038348 
14,000000 -0,065363 
14,100000 -0,099989 
14,200000 -0,136505 
14,300000 -0,165262 
14,400000 -0,172273 
14,500000 -0,153980 
14,600000 -0,117758 
14,700000 -0,082533 
14,800000 -0,062176 
14,900000 -0,051107 
15,000000 -0,056440 
15,100000 -0,067594 
15,200000 -0,079341 
15,300000 -0,092056 
15,400000 -0,095115 
15,500000 -0,084822 
15,600000 -0,066373 
15,700000 -0,049500 
15,800000 -0,041261 
15,900000 -0,044695 
16,000000 -0,052784 
16,100000 -0,070624 
16,200000 -0,089165 
16,300000 -0,104306 
16,400000 -0,103458 
16,500000 -0,086675 
16,600000 -0,068467 
16,700000 -0,054096 
16,800000 -0,048121 
16,900000 -0,051337 
17,000000 -0,063952 
17,100000 -0,083136 
17,200000 -0,103743 
17,300000 -0,121720 
17,400000 -0,121539 
17,500000 -0,108842 
17,600000 -0,095463 
17,700000 -0,090891 
17,800000 -0,099917 
17,900000 -0,125915 
18,000000 -0,171089 
18,100000 -0,214826 
18,200000 -0,260138 
18,300000 -0,275967 
18,400000 -0,272468 
18,500000 -0,209234 
18,600000 -0,137641 
18,700000 -0,081433 
18,800000 -0,044316 
18,900000 -0,014758 
19,000000 0,002302 
19,100000 0,009202 
19,200000 0,021990 
19,300000 0,025171 
19,400000 0,028848 
19,500000 0,034385 
19,600000 0,040799 
19,700000 0,041227 
19,800000 0,033855 
19,900000 0,032074 
20,000000 0,025059 
20,100000 0,020160 
20,200000 0,017359 
20,300000 0,014064 
20,400000 0,018128 
20,500000 0,027010 
20,600000 0,036708 
20,700000 0,045238 
20,800000 0,046600 
20,900000 0,047565 
21,000000 0,049594 
21,100000 0,052829 
21,200000 0,057107 
21,300000 0,059711 
21,400000 0,060721 
21,500000 0,061004 
21,600000 0,058149 
21,700000 0,054235 
21,800000 0,052705 
21,900000 0,053649 
22,000000 0,054955 
22,100000 0,057823 
22,200000 0,055430 
22,300000 0,053172 
22,400000 0,050432 
22,500000 0,051106 
22,600000 0,054795 
22,700000 0,056039 
22,800000 0,054704 
22,900000 0,054657 
23,000000 0,050946 
23,100000 0,060607 
23,200000 0,059643 
23,300000 0,055494 
23,400000 0,054394 
23,500000 0,055292 
23,600000 0,053442 
23,700000 0,050242 
23,800000 0,047518 
23,900000 0,046426 
24,000000 0,044384 
24,100000 0,043580 
24,200000 0,040340 
24,300000 0,037586 
24,400000 0,035864 
24,500000 0,033463 
24,600000 0,033442 
24,700000 0,032724 
24,800000 0,026232 
24,900000 0,015390 
25,000000 0,006071 
25,100000 0,000581 
25,200000 -0,004865 
25,300000 -0,012960 
25,400000 -0,015764 
25,500000 -0,016249 
25,600000 -0,026385 
25,700000 -0,038793 
25,800000 -0,058852 
25,900000 -0,085829 
26,000000 -0,113268 
26,100000 -0,136260 
26,200000 -0,155121 
26,300000 -0,173909 
26,400000 -0,180346 
26,500000 -0,175348 
26,600000 -0,183072 
26,700000 -0,202412 
26,800000 -0,241343 
26,900000 -0,293493 
27,000000 -0,361709 
27,100000 -0,425004 
27,200000 -0,501972 
27,300000 -0,574406 
27,400000 -0,643048 
27,500000 -0,721130 
27,600000 -0,882083 
27,700000 -1,147690 
27,800000 -1,526924 
27,900000 -1,937427 
28,000000 -2,395899 
28,100000 -2,735742 
28,200000 -2,886167 
28,300000 -2,787714 
28,400000 -2,388184 
28,500000 -1,748616 
28,600000 -1,161776 
28,700000 -0,763270 
28,800000 -0,539242 
28,900000 -0,401649 
29,000000 -0,324080 
29,100000 -0,270470 
29,200000 -0,235521 
29,300000 -0,202805 
29,400000 -0,167659 
29,500000 -0,123286 
29,600000 -0,089718 
29,700000 -0,065461 
29,800000 -0,057315 
29,900000 -0,058464 
30,000000 -0,060482 
30,100000 -0,067124 
30,200000 -0,072485 
30,300000 -0,077222 
30,400000 -0,076580 
30,500000 -0,074917 
30,600000 -0,078449 
30,700000 -0,097819 
30,800000 -0,132889 
30,900000 -0,177901 
31,000000 -0,226834 
31,100000 -0,266857 
31,200000 -0,287864 
31,300000 -0,288270 
31,400000 -0,264994 
31,500000 -0,223279 
31,600000 -0,187601 
31,700000 -0,189570 
31,800000 -0,209535 
31,900000 -0,245251 
32,000000 -0,283765 
32,100000 -0,311073 
32,200000 -0,319012 
32,300000 -0,297730 
32,400000 -0,240291 
32,500000 -0,161530 
32,600000 -0,092562 
32,700000 -0,042065 
32,800000 -0,009668 
32,900000 0,013921 
33,000000 0,027057 
33,100000 0,038614 
33,200000 0,044538 
33,300000 0,045590 
33,400000 0,049372 
33,500000 0,053132 
33,600000 0,055166 
33,700000 0,054762 
33,800000 0,053472 
33,900000 0,058535 
34,000000 0,059314 
34,100000 0,057486 
34,200000 0,056010 
34,300000 0,056901 
34,400000 0,060916 
34,500000 0,062724 
34,600000 0,067899 
34,700000 0,062992 
34,800000 0,062840 
34,900000 0,060100 
35,000000 0,062511 
35,100000 0,061585 
35,200000 0,062972 
35,300000 0,063557 
35,400000 0,059560 
35,500000 0,060429 
35,600000 0,059213 
35,700000 0,061051 
35,800000 0,061733 
35,900000 0,060232 
36,000000 0,060125 
36,100000 0,060735 
36,200000 0,062640 
36,300000 0,061389 
36,400000 0,060412 
36,500000 0,057522 
36,600000 0,060328 
36,700000 0,060094 
36,800000 0,055855 
36,900000 0,054861 
37,000000 0,055485 
37,100000 0,053584 
37,200000 0,053397 
37,300000 0,053000 
37,400000 0,055046 
37,500000 0,056385 
37,600000 0,058887 
37,700000 0,059490 
37,800000 0,057724 
37,900000 0,055234 
38,000000 0,052494 
38,100000 0,049427 
38,200000 0,047508 
38,300000 0,046767 
38,400000 0,049843 
38,500000 0,049163 
38,600000 0,046625 
38,700000 0,046612 
38,800000 0,044496 
38,900000 0,041714 
39,000000 0,037524 
39,100000 0,031609 
39,200000 0,030243 
39,300000 0,028509 
39,400000 0,025372 
39,500000 0,025427 
39,600000 0,024771 
39,700000 0,021077 
39,800000 0,012994 
39,900000 0,000516 
40,000000 -0,007447 
40,100000 -0,017328 
40,200000 -0,020505 
40,300000 -0,012249 
40,400000 0,000477 
40,500000 0,011643 
40,600000 0,020207 
40,700000 0,024583 
40,800000 0,023899 
40,900000 0,021619 
41,000000 0,015904 
41,100000 0,006699 
41,200000 0,004559 
41,300000 0,001536 
41,400000 0,011901 
41,500000 0,018903 
41,600000 0,023417 
41,700000 0,021955 
41,800000 0,018614 
41,900000 0,011120 
42,000000 0,003047 
42,100000 -0,003178 
42,200000 -0,008398 
42,300000 -0,013904 
42,400000 -0,017057 
42,500000 -0,019361 
42,600000 -0,026117 
42,700000 -0,032630 
42,800000 -0,054217 
42,900000 -0,088749 
43,000000 -0,121351 
43,100000 -0,146174 
43,200000 -0,157065 
43,300000 -0,153560 
43,400000 -0,128404 
43,500000 -0,091349 
43,600000 -0,061471 
43,700000 -0,044721 
43,800000 -0,036549 
43,900000 -0,036720 
44,000000 -0,043428 
44,100000 -0,047931 
44,200000 -0,053056 
44,300000 -0,047667 
44,400000 -0,036346 
44,500000 -0,020301 
44,600000 -0,009612 
44,700000 -0,004040 
44,800000 -0,008310 
44,900000 -0,021606 
45,000000 -0,034909 
45,100000 -0,046197 
45,200000 -0,050235 
45,300000 -0,047552 
45,400000 -0,042195 
45,500000 -0,020780 
45,600000 -0,001578 
45,700000 0,009304 
45,800000 0,013287 
45,900000 0,014089 
46,000000 0,009102 
46,100000 -0,003141 
46,200000 -0,005325 
46,300000 -0,002383 
46,400000 0,008882 
46,500000 0,015759 
46,600000 0,028291 
46,700000 0,037372 
46,800000 0,041825 
46,900000 0,044992 
47,000000 0,043222 
47,100000 0,049035 
47,200000 0,049039 
47,300000 0,052979 
47,400000 0,054337 
47,500000 0,060329 
47,600000 0,061264 
47,700000 0,058710 
47,800000 0,058422 
47,900000 0,058337 
48,000000 0,054230 
48,100000 0,055713 
48,200000 0,058394 
48,300000 0,053406 
48,400000 0,055281 
48,500000 0,056581 
48,600000 0,057383 
48,700000 0,065563 
48,800000 0,062152 
48,900000 0,056422 
49,000000 0,058856 
49,100000 0,061495 
49,200000 0,061470 
49,300000 0,059364 
49,400000 0,058633 
49,500000 0,065774 
49,600000 0,060032 
49,700000 0,063154 
49,800000 0,062478 
49,900000 0,056741 
50,000000 0,056237 
50,100000 0,056682 
50,200000 0,056318 
50,300000 0,057473 
50,400000 0,056056 
50,500000 0,057635 
50,600000 0,058213 
50,700000 0,055461 
50,800000 0,060400 
50,900000 0,059281 
51,000000 0,056554 
51,100000 0,054177 
51,200000 0,057839 
51,300000 0,058638 
51,400000 0,057646 
51,500000 0,059288 
51,600000 0,060838 
51,700000 0,059544 
51,800000 0,059521 
51,900000 0,058631 
52,000000 0,051827 
52,100000 0,061189 
52,200000 0,067302 
52,300000 0,062013 
52,400000 0,060814 
52,500000 0,062552 
52,600000 0,066743 
52,700000 0,065406 
52,800000 0,064651 
52,900000 0,064773 
53,000000 0,065006 
53,100000 0,063953 
53,200000 0,051668 
53,300000 0,051907 
53,400000 0,057558 
53,500000 0,062775 
53,600000 0,056998 
53,700000 0,061099 
53,800000 0,059326 
53,900000 0,066410 
54,000000 0,071137 
54,100000 0,063775 
54,200000 0,062343 
54,300000 0,064899 
54,400000 0,064364 
54,500000 0,066145 
54,600000 0,065674 
54,700000 0,067296 
54,800000 0,065967 
54,900000 0,064140 
55,000000 0,063771 
55,100000 0,065352 
55,200000 0,064149 
55,300000 0,062935 
55,400000 0,061796 
55,500000 0,061436 
55,600000 0,062659 
55,700000 0,064066 
55,800000 0,062555 
55,900000 0,063157 
56,000000 0,060319 
56,100000 0,059877 
56,200000 0,058184 
56,300000 0,058237 
56,400000 0,057695 
56,500000 0,057937 
56,600000 0,059826 
56,700000 0,060773 
56,800000 0,058528 
56,900000 0,058646 
57,000000 0,057300 
57,100000 0,055404 
57,200000 0,055930 
57,300000 0,052556 
57,400000 0,050043 
57,500000 0,053555 
57,600000 0,053671 
57,700000 0,053444 
57,800000 0,050233 
57,900000 0,044820 
58,000000 0,042079 
58,100000 0,034780 
58,200000 0,031164 
58,300000 0,032896 
58,400000 0,038401 
58,500000 0,041899 
58,600000 0,047626 
58,700000 0,052858 
58,800000 0,056398 
58,900000 0,058618 
59,000000 0,059504 
59,100000 0,062432 
59,200000 0,063625 
59,300000 0,064282 
59,400000 0,065431 
59,500000 0,062735 
59,600000 0,063917 
59,700000 0,063172 
59,800000 0,063941 
59,900000 0,065676 
60,000000 0,065506 
60,100000 0,064885 
60,200000 0,064864 
60,300000 0,064776 
60,400000 0,062269 
60,500000 0,065089 
60,600000 0,066149 
60,700000 0,067186 
60,800000 0,066309 
60,900000 0,066246 
61,000000 0,065182 
61,100000 0,064898 
61,200000 0,066108 
61,300000 0,067762 
61,400000 0,064878 
61,500000 0,067740 
61,600000 0,063462 
61,700000 0,065815 
61,800000 0,065635 
61,900000 0,068525 
62,000000 0,068625 
62,100000 0,067022 
62,200000 0,065603 
62,300000 0,065858 
62,400000 0,066157 
62,500000 0,068382 
62,600000 0,066718 
62,700000 0,066885 
62,800000 0,063966 
62,900000 0,062305 
63,000000 0,064646 
63,100000 0,068169 
63,200000 0,068317 
63,300000 0,067822 
63,400000 0,067286 
63,500000 0,064748 
63,600000 0,065979 
63,700000 0,068381 
63,800000 0,066585 
63,900000 0,068377 
64,000000 0,066795 
64,100000 0,065924 
64,200000 0,063955 
64,300000 0,066328 
64,400000 0,065835 
64,500000 0,068089 
64,600000 0,068109 
64,700000 0,065717 
64,800000 0,066943 
64,900000 0,065452 
65,000000 0,064317 
65,100000 0,065576 
65,200000 0,065982 
65,300000 0,067525 
65,400000 0,064451 
65,500000 0,064481 
65,600000 0,065809 
65,700000 0,065572 
65,800000 0,068354 
65,900000 0,066505 
66,000000 0,067743 
66,100000 0,066320 
66,200000 0,065255 
66,300000 0,064785 
66,400000 0,066141 
66,500000 0,067862 
66,600000 0,063392 
66,700000 0,063587 
66,800000 0,065819 
66,900000 0,068683 
67,000000 0,066460 
67,100000 0,065005 
67,200000 0,064601 
67,300000 0,067145 
67,400000 0,067512 
67,500000 0,064569 
67,600000 0,065508 
67,700000 0,062697 
67,800000 0,068057 
67,900000 0,063176 
68,000000 0,064934 
68,100000 0,068532 
68,200000 0,066324 
68,300000 0,064429 
68,400000 0,064507 
68,500000 0,066332 
68,600000 0,065091 
68,700000 0,062744 
68,800000 0,061458 
68,900000 0,058617 
69,000000 0,059734 
69,100000 0,060013 
69,200000 0,058246 
69,300000 0,054738 
69,400000 0,055633 
69,500000 0,058535 
69,600000 0,059246 
69,700000 0,061510 
69,800000 0,064041 
69,900000 0,065008 
70,000000 0,067437 
70,100000 0,064661 
70,200000 0,065615 
70,300000 0,064353 
70,400000 0,064406 
70,500000 0,064107 
70,600000 0,066238 
70,700000 0,065638 
70,800000 0,064593 
70,900000 0,065065 
71,000000 0,066965 
71,100000 0,068203 
71,200000 0,067251 
71,300000 0,066559 
71,400000 0,069370 
71,500000 0,066849 
71,600000 0,066105 
71,700000 0,068129 
71,800000 0,068445 
71,900000 0,069554 
72,000000 0,068426 
72,100000 0,068918 
72,200000 0,067646 
72,300000 0,068451 
72,400000 0,069037 
72,500000 0,067615 
72,600000 0,066269 
72,700000 0,067247 
72,800000 0,069213 
72,900000 0,070301 
73,000000 0,066671 
73,100000 0,063548 
73,200000 0,065793 
73,300000 0,066627 
73,400000 0,069474 
73,500000 0,069096 
73,600000 0,068808 
73,700000 0,067853 
73,800000 0,067343 
73,900000 0,066931 
74,000000 0,067057 
74,100000 0,066467 
74,200000 0,066482 
74,300000 0,066685 
74,400000 0,067719 
74,500000 0,065128 
74,600000 0,067594 
74,700000 0,067652 
74,800000 0,068509 
74,900000 0,065293 
75,000000 0,065747 
75,100000 0,065842 
75,200000 0,064921 
75,300000 0,065745 
75,400000 0,065813 
75,500000 0,065504 
75,600000 0,065720 
75,700000 0,067080 
75,800000 0,067800 
75,900000 0,068548 
76,000000 0,067453 
76,100000 0,067065 
76,200000 0,068156 
76,300000 0,067093 
76,400000 0,064280 
76,500000 0,064726 
76,600000 0,068222 
76,700000 0,066099 
76,800000 0,067022 
76,900000 0,066795 
77,000000 0,068111 
77,100000 0,066334 
77,200000 0,064292 
77,300000 0,068423 
77,400000 0,065946 
77,500000 0,066229 
77,600000 0,065697 
77,700000 0,065926 
77,800000 0,066359 
77,900000 0,066092 
78,000000 0,067880 
78,100000 0,068392 
78,200000 0,067854 
78,300000 0,067912 
78,400000 0,067108 
78,500000 0,068014 
78,600000 0,068171 
78,700000 0,067095 
78,800000 0,065815 
78,900000 0,066313 
79,000000 0,064932 
79,100000 0,066742 
79,200000 0,067190 
79,300000 0,060638 
79,400000 0,061978 
79,500000 0,066389 
79,600000 0,067437 
79,700000 0,067261 
79,800000 0,065900 
79,900000 0,065385 
80,000000 0,066970 
80,100000 0,066961 
80,200000 0,065749 
80,300000 0,069573 
80,400000 0,069929 
80,500000 0,067553 
80,600000 0,063227 
80,700000 0,064109 
80,800000 0,066527 
80,900000 0,068372 
81,000000 0,067996 
81,100000 0,068980 
81,200000 0,067604 
81,300000 0,066252 
81,400000 0,067343 
81,500000 0,068843 
81,600000 0,068092 
81,700000 0,067577 
81,800000 0,068126 
81,900000 0,068036 
82,000000 0,067866 
82,100000 0,067029 
82,200000 0,067858 
82,300000 0,067766 
82,400000 0,067911 
82,500000 0,068056 
82,600000 0,068933 
82,700000 0,067580 
82,800000 0,065832 
82,900000 0,067752 
83,000000 0,065300 
83,100000 0,064972 
83,200000 0,066626 
83,300000 0,066738 
83,400000 0,067018 
83,500000 0,069067 
83,600000 0,068805 
83,700000 0,069214 
83,800000 0,067254 
83,900000 0,068132 
84,000000 0,069338 
84,100000 0,068257 
84,200000 0,065023 
84,300000 0,067877 
84,400000 0,064844 
84,500000 0,066904 
84,600000 0,067210 
84,700000 0,067028 
84,800000 0,066018 
84,900000 0,066254 
85,000000 0,065737 
85,100000 0,066629 
85,200000 0,066471 
85,300000 0,065951 
85,400000 0,066354 
85,500000 0,066523 
85,600000 0,066834 
85,700000 0,067685 
85,800000 0,065428 
85,900000 0,064891 
86,000000 0,066315 
86,100000 0,066102 
86,200000 0,067186 
86,300000 0,067255 
86,400000 0,065322 
86,500000 0,064906 
86,600000 0,066450 
86,700000 0,067372 
86,800000 0,069259 
86,900000 0,069938 
87,000000 0,069082 
87,100000 0,067590 
87,200000 0,067767 
87,300000 0,069510 
87,400000 0,068180 
87,500000 0,066705 
87,600000 0,065964 
87,700000 0,066041 
87,800000 0,065912 
87,900000 0,066777 
88,000000 0,069175 
88,100000 0,071072 
88,200000 0,068855 
88,300000 0,069800 
88,400000 0,068857 
88,500000 0,066621 
88,600000 0,064875 
88,700000 0,066749 
88,800000 0,064965 
88,900000 0,065883 
89,000000 0,065302 
89,100000 0,068625 
89,200000 0,070002 
89,300000 0,065094 
89,400000 0,064863 
89,500000 0,066246 
89,600000 0,066152 
89,700000 0,066077 
89,800000 0,067522 
89,900000 0,067392 
90,000000 0,064548 
90,100000 0,066632 
90,200000 0,067235 
90,300000 0,067860 
90,400000 0,065985 
90,500000 0,066705 
90,600000 0,067989 
90,700000 0,064877 
90,800000 0,064372 
90,900000 0,064057 
91,000000 0,064091 
91,100000 0,065904 
91,200000 0,065632 
91,300000 0,065814 
91,400000 0,066425 
91,500000 0,067714 
91,600000 0,067581 
91,700000 0,067128 
91,800000 0,066198 
91,900000 0,067433 
92,000000 0,065556 
92,100000 0,067429 
92,200000 0,068747 
92,300000 0,068433 
92,400000 0,066071 
92,500000 0,066962 
92,600000 0,068179 
92,700000 0,067766 
92,800000 0,067636 
92,900000 0,067044 
93,000000 0,067369 
93,100000 0,067311 
93,200000 0,067035 
93,300000 0,068177 
93,400000 0,067572 
93,500000 0,061250 
93,600000 0,062606 
93,700000 0,066985 
93,800000 0,065390 
93,900000 0,064364 
94,000000 0,064218 
94,100000 0,065447 
94,200000 0,064873 
94,300000 0,065735 
94,400000 0,065203 
94,500000 0,062874 
94,600000 0,061207 
94,700000 0,065873 
94,800000 0,064971 
94,900000 0,065330 
95,000000 0,066287 
95,100000 0,065612 
95,200000 0,064663 
95,300000 0,063063 
95,400000 0,062652 
95,500000 0,063002 
95,600000 0,064296 
95,700000 0,063147 
95,800000 0,063518 
95,900000 0,065101 
96,000000 0,062356 
96,100000 0,063110 
96,200000 0,065393 
96,300000 0,065915 
96,400000 0,064808 
96,500000 0,062147 
96,600000 0,062246 
96,700000 0,063958 
96,800000 0,062793 
96,900000 0,061793 
97,000000 0,063854 
97,100000 0,066118 
97,200000 0,066087 
97,300000 0,062773 
97,400000 0,064394 
97,500000 0,064255 
97,600000 0,065615 
97,700000 0,063990 
97,800000 0,065778 
97,900000 0,066442 
98,000000 0,055959 
98,100000 0,053784 
98,200000 0,068094 
98,300000 0,073292 
98,400000 0,069336 
98,500000 0,068528 
98,600000 0,062631 
98,700000 0,068626 
98,800000 0,057875 
98,900000 0,062605 
99,000000 0,066192 
99,100000 0,064309 
99,200000 0,066181 
99,300000 0,063999 
99,400000 0,064298 
99,500000 0,065084 
99,600000 0,065305 
99,700000 0,063360 
99,800000 0,063228 
99,900000 0,063389 
100,000000 0,063446 
