0,000000 -1,919841 
0,100000 -1,150647 
0,200000 -0,853695 
0,300000 -0,696036 
0,400000 -0,613778 
0,500000 -0,569146 
0,600000 -0,543051 
0,700000 -0,527507 
0,800000 -0,513423 
0,900000 -0,507161 
1,000000 -0,501933 
1,100000 -0,500658 
1,200000 -0,500916 
1,300000 -0,498348 
1,400000 -0,500320 
1,500000 -0,498575 
1,600000 -0,499005 
1,700000 -0,496946 
1,800000 -0,472486 
1,900000 -0,329500 
2,000000 -0,220686 
2,100000 -0,144964 
2,200000 -0,094294 
2,300000 -0,053177 
2,400000 -0,026203 
2,500000 -0,008911 
2,600000 -0,000092 
2,700000 0,003990 
2,800000 -0,005395 
2,900000 -0,016094 
3,000000 -0,004209 
3,100000 0,013729 
3,200000 0,028669 
3,300000 0,038982 
3,400000 0,042625 
3,500000 0,046259 
3,600000 0,053994 
3,700000 0,054258 
3,800000 0,056125 
3,900000 0,056524 
4,000000 0,057675 
4,100000 0,055375 
4,200000 0,058760 
4,300000 0,056891 
4,400000 0,059686 
4,500000 0,058860 
4,600000 0,059167 
4,700000 0,057818 
4,800000 0,057223 
4,900000 0,053309 
5,000000 0,061878 
5,100000 0,059112 
5,200000 0,059362 
5,300000 0,059204 
5,400000 0,054741 
5,500000 0,057974 
5,600000 0,057905 
5,700000 0,059856 
5,800000 0,066170 
5,900000 0,064232 
6,000000 0,066402 
6,100000 0,065186 
6,200000 0,061615 
6,300000 0,062966 
6,400000 0,062268 
6,500000 0,059260 
6,600000 0,062977 
6,700000 0,063361 
6,800000 0,063119 
6,900000 0,062214 
7,000000 0,061725 
7,100000 0,063468 
7,200000 0,061204 
7,300000 0,062225 
7,400000 0,062095 
7,500000 0,062576 
7,600000 0,062741 
7,700000 0,062851 
7,800000 0,063694 
7,900000 0,064899 
8,000000 0,063470 
8,100000 0,062501 
8,200000 0,063638 
8,300000 0,062719 
8,400000 0,061916 
8,500000 0,063382 
8,600000 0,062814 
8,700000 0,062284 
8,800000 0,063218 
8,900000 0,063981 
9,000000 0,062547 
9,100000 0,063718 
9,200000 0,063193 
9,300000 0,065929 
9,400000 0,064880 
9,500000 0,065344 
9,600000 0,065104 
9,700000 0,061399 
9,800000 0,060957 
9,900000 0,062250 
10,000000 0,063695 
10,100000 0,063283 
10,200000 0,063357 
10,300000 0,062355 
10,400000 0,062609 
10,500000 0,061932 
10,600000 0,063311 
10,700000 0,063800 
10,800000 0,061512 
10,900000 0,062800 
11,000000 0,062720 
11,100000 0,062543 
11,200000 0,062148 
11,300000 0,059129 
11,400000 0,061916 
11,500000 0,061603 
11,600000 0,061440 
11,700000 0,060870 
11,800000 0,060654 
11,900000 0,057870 
12,000000 0,057016 
12,100000 0,048624 
12,200000 0,039998 
12,300000 0,031830 
12,400000 0,028115 
12,500000 0,034951 
12,600000 0,041690 
12,700000 0,048932 
12,800000 0,052927 
12,900000 0,055180 
13,000000 0,054637 
13,100000 0,050541 
13,200000 0,043352 
13,300000 0,040711 
13,400000 0,039724 
13,500000 0,039856 
13,600000 0,041029 
13,700000 0,042257 
13,800000 0,037281 
13,900000 0,022829 
14,000000 -0,009735 
14,100000 -0,061593 
14,200000 -0,118408 
14,300000 -0,159804 
14,400000 -0,167587 
14,500000 -0,129299 
14,600000 -0,065977 
14,700000 -0,021194 
14,800000 0,005752 
14,900000 0,014567 
15,000000 0,003066 
15,100000 -0,022873 
15,200000 -0,052416 
15,300000 -0,074774 
15,400000 -0,076189 
15,500000 -0,051457 
15,600000 -0,017796 
15,700000 0,008468 
15,800000 0,020069 
15,900000 0,016054 
16,000000 -0,002447 
16,100000 -0,037688 
16,200000 -0,066909 
16,300000 -0,087090 
16,400000 -0,085937 
16,500000 -0,051754 
16,600000 -0,014448 
16,700000 0,010617 
16,800000 0,020104 
16,900000 0,012743 
17,000000 -0,006562 
17,100000 -0,038742 
17,200000 -0,069312 
17,300000 -0,082181 
17,400000 -0,076154 
17,500000 -0,043682 
17,600000 -0,015065 
17,700000 -0,000100 
17,800000 -0,007158 
17,900000 -0,043866 
18,000000 -0,111254 
18,100000 -0,194369 
18,200000 -0,258042 
18,300000 -0,286718 
18,400000 -0,278187 
18,500000 -0,185262 
18,600000 -0,090000 
18,700000 -0,028049 
18,800000 0,009798 
18,900000 0,025304 
19,000000 0,034811 
19,100000 0,040247 
19,200000 0,039999 
19,300000 0,038366 
19,400000 0,041129 
19,500000 0,046568 
19,600000 0,051641 
19,700000 0,052922 
19,800000 0,048791 
19,900000 0,046832 
20,000000 0,036348 
20,100000 0,026090 
20,200000 0,020479 
20,300000 0,018373 
20,400000 0,020902 
20,500000 0,034689 
20,600000 0,046154 
20,700000 0,052473 
20,800000 0,057688 
20,900000 0,061442 
21,000000 0,060912 
21,100000 0,061932 
21,200000 0,062955 
21,300000 0,063176 
21,400000 0,062330 
21,500000 0,062495 
21,600000 0,059890 
21,700000 0,063701 
21,800000 0,061461 
21,900000 0,061252 
22,000000 0,060101 
22,100000 0,061760 
22,200000 0,061803 
22,300000 0,061614 
22,400000 0,062613 
22,500000 0,062892 
22,600000 0,064015 
22,700000 0,063066 
22,800000 0,065557 
22,900000 0,064973 
23,000000 0,063085 
23,100000 0,063838 
23,200000 0,064338 
23,300000 0,063497 
23,400000 0,062998 
23,500000 0,063233 
23,600000 0,062872 
23,700000 0,062667 
23,800000 0,060775 
23,900000 0,058903 
24,000000 0,058276 
24,100000 0,056096 
24,200000 0,054431 
24,300000 0,053842 
24,400000 0,055448 
24,500000 0,057705 
24,600000 0,058336 
24,700000 0,056765 
24,800000 0,054735 
24,900000 0,049200 
25,000000 0,043121 
25,100000 0,038678 
25,200000 0,032219 
25,300000 0,034524 
25,400000 0,045779 
25,500000 0,048713 
25,600000 0,048384 
25,700000 0,040498 
25,800000 0,023959 
25,900000 -0,001605 
26,000000 -0,029611 
26,100000 -0,051825 
26,200000 -0,066369 
26,300000 -0,068982 
26,400000 -0,055695 
26,500000 -0,027174 
26,600000 -0,005212 
26,700000 -0,006046 
26,800000 -0,028705 
26,900000 -0,066566 
27,000000 -0,114120 
27,100000 -0,155503 
27,200000 -0,185241 
27,300000 -0,200610 
27,400000 -0,201317 
27,500000 -0,194550 
27,600000 -0,277131 
27,700000 -0,498435 
27,800000 -0,917147 
27,900000 -1,523754 
28,000000 -2,149465 
28,100000 -2,578979 
28,200000 -2,722940 
28,300000 -2,606657 
28,400000 -2,142542 
28,500000 -1,357884 
28,600000 -0,746079 
28,700000 -0,417682 
28,800000 -0,253633 
28,900000 -0,184287 
29,000000 -0,154680 
29,100000 -0,142981 
29,200000 -0,132953 
29,300000 -0,116109 
29,400000 -0,086440 
29,500000 -0,037950 
29,600000 -0,003284 
29,700000 0,014815 
29,800000 0,015603 
29,900000 0,010870 
30,000000 -0,000465 
30,100000 -0,008031 
30,200000 -0,013443 
30,300000 -0,013798 
30,400000 -0,003623 
30,500000 0,010086 
30,600000 0,015438 
30,700000 -0,004915 
30,800000 -0,049352 
30,900000 -0,108404 
31,000000 -0,166804 
31,100000 -0,214799 
31,200000 -0,231511 
31,300000 -0,236971 
31,400000 -0,192909 
31,500000 -0,120996 
31,600000 -0,074642 
31,700000 -0,072474 
31,800000 -0,110758 
31,900000 -0,173539 
32,000000 -0,231140 
32,100000 -0,266074 
32,200000 -0,277656 
32,300000 -0,259924 
32,400000 -0,182438 
32,500000 -0,095603 
32,600000 -0,028677 
32,700000 0,010901 
32,800000 0,032666 
32,900000 0,044853 
33,000000 0,050668 
33,100000 0,056654 
33,200000 0,060943 
33,300000 0,058589 
33,400000 0,059881 
33,500000 0,061908 
33,600000 0,065298 
33,700000 0,064432 
33,800000 0,064009 
33,900000 0,062254 
34,000000 0,063962 
34,100000 0,064843 
34,200000 0,062244 
34,300000 0,065528 
34,400000 0,065927 
34,500000 0,066440 
34,600000 0,066862 
34,700000 0,067334 
34,800000 0,065536 
34,900000 0,066950 
35,000000 0,067190 
35,100000 0,067540 
35,200000 0,065395 
35,300000 0,066123 
35,400000 0,068227 
35,500000 0,066833 
35,600000 0,068338 
35,700000 0,065601 
35,800000 0,065845 
35,900000 0,065783 
36,000000 0,066256 
36,100000 0,062902 
36,200000 0,061498 
36,300000 0,063567 
36,400000 0,064907 
36,500000 0,066631 
36,600000 0,066801 
36,700000 0,065886 
36,800000 0,064874 
36,900000 0,060195 
37,000000 0,061438 
37,100000 0,061767 
37,200000 0,064861 
37,300000 0,061760 
37,400000 0,064580 
37,500000 0,064546 
37,600000 0,065375 
37,700000 0,063246 
37,800000 0,062997 
37,900000 0,061463 
38,000000 0,060381 
38,100000 0,059175 
38,200000 0,056912 
38,300000 0,058635 
38,400000 0,060215 
38,500000 0,062122 
38,600000 0,063139 
38,700000 0,062070 
38,800000 0,059793 
38,900000 0,054772 
39,000000 0,049747 
39,100000 0,046440 
39,200000 0,043967 
39,300000 0,045733 
39,400000 0,048887 
39,500000 0,052916 
39,600000 0,053158 
39,700000 0,048271 
39,800000 0,037819 
39,900000 0,025213 
40,000000 0,010362 
40,100000 0,001338 
40,200000 0,001316 
40,300000 0,005742 
40,400000 0,019946 
40,500000 0,037284 
40,600000 0,045369 
40,700000 0,050927 
40,800000 0,050258 
40,900000 0,040490 
41,000000 0,034967 
41,100000 0,028328 
41,200000 0,028563 
41,300000 0,030149 
41,400000 0,035134 
41,500000 0,044106 
41,600000 0,050471 
41,700000 0,053096 
41,800000 0,049632 
41,900000 0,043067 
42,000000 0,034542 
42,100000 0,028668 
42,200000 0,025089 
42,300000 0,023890 
42,400000 0,028555 
42,500000 0,034409 
42,600000 0,034913 
42,700000 0,024581 
42,800000 -0,000044 
42,900000 -0,045747 
43,000000 -0,088047 
43,100000 -0,119121 
43,200000 -0,133823 
43,300000 -0,127366 
43,400000 -0,097373 
43,500000 -0,043811 
43,600000 -0,005266 
43,700000 0,009595 
43,800000 0,014246 
43,900000 0,001123 
44,000000 -0,016509 
44,100000 -0,022051 
44,200000 -0,025024 
44,300000 -0,019775 
44,400000 -0,005710 
44,500000 0,016298 
44,600000 0,032193 
44,700000 0,034526 
44,800000 0,030956 
44,900000 0,010073 
45,000000 -0,011839 
45,100000 -0,027799 
45,200000 -0,035714 
45,300000 -0,032858 
45,400000 -0,018174 
45,500000 0,006378 
45,600000 0,025185 
45,700000 0,038086 
45,800000 0,041556 
45,900000 0,035306 
46,000000 0,025772 
46,100000 0,017597 
46,200000 0,015786 
46,300000 0,016057 
46,400000 0,020017 
46,500000 0,032406 
46,600000 0,047120 
46,700000 0,054280 
46,800000 0,055767 
46,900000 0,057547 
47,000000 0,058482 
47,100000 0,057719 
47,200000 0,060458 
47,300000 0,060296 
47,400000 0,059040 
47,500000 0,062460 
47,600000 0,065295 
47,700000 0,066372 
47,800000 0,064511 
47,900000 0,065363 
48,000000 0,063800 
48,100000 0,064747 
48,200000 0,064662 
48,300000 0,065547 
48,400000 0,064472 
48,500000 0,064900 
48,600000 0,064815 
48,700000 0,067231 
48,800000 0,067408 
48,900000 0,065933 
49,000000 0,065107 
49,100000 0,065635 
49,200000 0,066016 
49,300000 0,066963 
49,400000 0,066087 
49,500000 0,065316 
49,600000 0,064792 
49,700000 0,066078 
49,800000 0,065293 
49,900000 0,063742 
50,000000 0,061452 
50,100000 0,062579 
50,200000 0,062463 
50,300000 0,062177 
50,400000 0,063048 
50,500000 0,064248 
50,600000 0,064609 
50,700000 0,063855 
50,800000 0,063720 
50,900000 0,062669 
51,000000 0,063400 
51,100000 0,063879 
51,200000 0,062347 
51,300000 0,064396 
51,400000 0,063144 
51,500000 0,065208 
51,600000 0,064921 
51,700000 0,066471 
51,800000 0,065415 
51,900000 0,063586 
52,000000 0,065313 
52,100000 0,064020 
52,200000 0,063899 
52,300000 0,063620 
52,400000 0,066340 
52,500000 0,065923 
52,600000 0,064935 
52,700000 0,065868 
52,800000 0,065339 
52,900000 0,066106 
53,000000 0,065454 
53,100000 0,064390 
53,200000 0,066570 
53,300000 0,065185 
53,400000 0,066092 
53,500000 0,065914 
53,600000 0,066340 
53,700000 0,067726 
53,800000 0,066371 
53,900000 0,066038 
54,000000 0,062777 
54,100000 0,064859 
54,200000 0,065864 
54,300000 0,065679 
54,400000 0,064962 
54,500000 0,064808 
54,600000 0,064493 
54,700000 0,064458 
54,800000 0,062368 
54,900000 0,063351 
55,000000 0,063151 
55,100000 0,063143 
55,200000 0,064218 
55,300000 0,064470 
55,400000 0,064305 
55,500000 0,063608 
55,600000 0,063720 
55,700000 0,064592 
55,800000 0,063021 
55,900000 0,066052 
56,000000 0,063021 
56,100000 0,060861 
56,200000 0,059967 
56,300000 0,060527 
56,400000 0,061496 
56,500000 0,059890 
56,600000 0,061724 
56,700000 0,063216 
56,800000 0,063178 
56,900000 0,058936 
57,000000 0,058608 
57,100000 0,057428 
57,200000 0,055148 
57,300000 0,057893 
57,400000 0,053386 
57,500000 0,054431 
57,600000 0,054965 
57,700000 0,056482 
57,800000 0,053832 
57,900000 0,051079 
58,000000 0,046959 
58,100000 0,037752 
58,200000 0,033187 
58,300000 0,033743 
58,400000 0,037249 
58,500000 0,043798 
58,600000 0,051631 
58,700000 0,059104 
58,800000 0,060866 
58,900000 0,062586 
59,000000 0,062287 
59,100000 0,062964 
59,200000 0,063910 
59,300000 0,062904 
59,400000 0,062566 
59,500000 0,062048 
59,600000 0,066074 
59,700000 0,066414 
59,800000 0,066081 
59,900000 0,065726 
60,000000 0,064175 
60,100000 0,062649 
60,200000 0,062620 
60,300000 0,063095 
60,400000 0,064102 
60,500000 0,062834 
60,600000 0,062859 
60,700000 0,063096 
60,800000 0,062822 
60,900000 0,062875 
61,000000 0,064545 
61,100000 0,066170 
61,200000 0,064843 
61,300000 0,063674 
61,400000 0,065288 
61,500000 0,065205 
61,600000 0,064811 
61,700000 0,063798 
61,800000 0,062427 
61,900000 0,064321 
62,000000 0,068958 
62,100000 0,066626 
62,200000 0,065452 
62,300000 0,065421 
62,400000 0,063974 
62,500000 0,064939 
62,600000 0,065027 
62,700000 0,064443 
62,800000 0,065598 
62,900000 0,065201 
63,000000 0,064972 
63,100000 0,065037 
63,200000 0,065070 
63,300000 0,064490 
63,400000 0,065481 
63,500000 0,064767 
63,600000 0,061507 
63,700000 0,061521 
63,800000 0,064502 
63,900000 0,063849 
64,000000 0,063428 
64,100000 0,062957 
64,200000 0,061171 
64,300000 0,064528 
64,400000 0,062728 
64,500000 0,064899 
64,600000 0,065124 
64,700000 0,065065 
64,800000 0,064171 
64,900000 0,063441 
65,000000 0,064318 
65,100000 0,062442 
65,200000 0,063500 
65,300000 0,063167 
65,400000 0,063298 
65,500000 0,064901 
65,600000 0,060180 
65,700000 0,057968 
65,800000 0,060011 
65,900000 0,060041 
66,000000 0,062239 
66,100000 0,063515 
66,200000 0,060748 
66,300000 0,061230 
66,400000 0,061258 
66,500000 0,061014 
66,600000 0,062140 
66,700000 0,062485 
66,800000 0,062925 
66,900000 0,062183 
67,000000 0,061816 
67,100000 0,061628 
67,200000 0,062486 
67,300000 0,064492 
67,400000 0,062949 
67,500000 0,063514 
67,600000 0,062946 
67,700000 0,062647 
67,800000 0,059689 
67,900000 0,061289 
68,000000 0,061332 
68,100000 0,064820 
68,200000 0,061058 
68,300000 0,060352 
68,400000 0,061949 
68,500000 0,061712 
68,600000 0,061624 
68,700000 0,062150 
68,800000 0,061051 
68,900000 0,059683 
69,000000 0,060540 
69,100000 0,052600 
69,200000 0,052133 
69,300000 0,053240 
69,400000 0,052156 
69,500000 0,055571 
69,600000 0,059745 
69,700000 0,059554 
69,800000 0,063219 
69,900000 0,062794 
70,000000 0,062908 
70,100000 0,062822 
70,200000 0,063095 
70,300000 0,064011 
70,400000 0,063037 
70,500000 0,063421 
70,600000 0,061556 
70,700000 0,063599 
70,800000 0,062376 
70,900000 0,060366 
71,000000 0,062171 
71,100000 0,061472 
71,200000 0,059395 
71,300000 0,063635 
71,400000 0,058758 
71,500000 0,056261 
71,600000 0,060273 
71,700000 0,060342 
71,800000 0,062650 
71,900000 0,058432 
72,000000 0,057745 
72,100000 0,057857 
72,200000 0,059570 
72,300000 0,062703 
72,400000 0,059668 
72,500000 0,060362 
72,600000 0,062101 
72,700000 0,060795 
72,800000 0,059440 
72,900000 0,059241 
73,000000 0,062447 
73,100000 0,064349 
73,200000 0,061402 
73,300000 0,062725 
73,400000 0,059979 
73,500000 0,064106 
73,600000 0,063290 
73,700000 0,064139 
73,800000 0,064830 
73,900000 0,062144 
74,000000 0,058037 
74,100000 0,060717 
74,200000 0,062082 
74,300000 0,061198 
74,400000 0,059824 
74,500000 0,061695 
74,600000 0,062312 
74,700000 0,060611 
74,800000 0,063058 
74,900000 0,063419 
75,000000 0,061325 
75,100000 0,066411 
75,200000 0,063959 
75,300000 0,064656 
75,400000 0,065001 
75,500000 0,065339 
75,600000 0,062093 
75,700000 0,062969 
75,800000 0,063202 
75,900000 0,063888 
76,000000 0,064272 
76,100000 0,064030 
76,200000 0,063745 
76,300000 0,064684 
76,400000 0,063188 
76,500000 0,063765 
76,600000 0,063448 
76,700000 0,062690 
76,800000 0,061234 
76,900000 0,061841 
77,000000 0,064399 
77,100000 0,064823 
77,200000 0,063306 
77,300000 0,061351 
77,400000 0,062972 
77,500000 0,064292 
77,600000 0,064383 
77,700000 0,063937 
77,800000 0,063048 
77,900000 0,063203 
78,000000 0,063846 
78,100000 0,063989 
78,200000 0,063128 
78,300000 0,061534 
78,400000 0,066914 
78,500000 0,064617 
78,600000 0,064588 
78,700000 0,063052 
78,800000 0,061885 
78,900000 0,062507 
79,000000 0,063203 
79,100000 0,060347 
79,200000 0,058431 
79,300000 0,058921 
79,400000 0,060689 
79,500000 0,063030 
79,600000 0,059559 
79,700000 0,062051 
79,800000 0,064039 
79,900000 0,060648 
80,000000 0,062491 
80,100000 0,059967 
80,200000 0,060179 
80,300000 0,059679 
80,400000 0,059508 
80,500000 0,059882 
80,600000 0,060488 
80,700000 0,060693 
80,800000 0,062592 
80,900000 0,060875 
81,000000 0,061394 
81,100000 0,060878 
81,200000 0,059580 
81,300000 0,060618 
81,400000 0,061337 
81,500000 0,062196 
81,600000 0,063937 
81,700000 0,061435 
81,800000 0,061331 
81,900000 0,061385 
82,000000 0,061540 
82,100000 0,062176 
82,200000 0,061320 
82,300000 0,061518 
82,400000 0,061774 
82,500000 0,062565 
82,600000 0,058897 
82,700000 0,059705 
82,800000 0,060504 
82,900000 0,062073 
83,000000 0,059264 
83,100000 0,062498 
83,200000 0,062136 
83,300000 0,062736 
83,400000 0,062106 
83,500000 0,062873 
83,600000 0,059078 
83,700000 0,062320 
83,800000 0,060612 
83,900000 0,061014 
84,000000 0,059728 
84,100000 0,061584 
84,200000 0,060698 
84,300000 0,062466 
84,400000 0,060504 
84,500000 0,059960 
84,600000 0,063953 
84,700000 0,060329 
84,800000 0,060848 
84,900000 0,062099 
85,000000 0,061003 
85,100000 0,061005 
85,200000 0,061625 
85,300000 0,057715 
85,400000 0,059596 
85,500000 0,059750 
85,600000 0,061741 
85,700000 0,062389 
85,800000 0,062682 
85,900000 0,063257 
86,000000 0,065544 
86,100000 0,063274 
86,200000 0,063147 
86,300000 0,062498 
86,400000 0,062869 
86,500000 0,063969 
86,600000 0,060772 
86,700000 0,060715 
86,800000 0,060925 
86,900000 0,060187 
87,000000 0,060786 
87,100000 0,060359 
87,200000 0,061953 
87,300000 0,061980 
87,400000 0,063743 
87,500000 0,064236 
87,600000 0,063897 
87,700000 0,061430 
87,800000 0,064951 
87,900000 0,063011 
88,000000 0,065419 
88,100000 0,064680 
88,200000 0,063670 
88,300000 0,061246 
88,400000 0,062732 
88,500000 0,066461 
88,600000 0,065821 
88,700000 0,065879 
88,800000 0,063953 
88,900000 0,060885 
89,000000 0,060849 
89,100000 0,063243 
89,200000 0,064477 
89,300000 0,062233 
89,400000 0,064617 
89,500000 0,063083 
89,600000 0,060222 
89,700000 0,053610 
89,800000 0,055155 
89,900000 0,055948 
90,000000 0,056107 
90,100000 0,067445 
90,200000 0,069773 
90,300000 0,065741 
90,400000 0,063734 
90,500000 0,065024 
90,600000 0,063577 
90,700000 0,062064 
90,800000 0,063321 
90,900000 0,062547 
91,000000 0,065117 
91,100000 0,065337 
91,200000 0,063897 
91,300000 0,065394 
91,400000 0,065119 
91,500000 0,064820 
91,600000 0,068022 
91,700000 0,066919 
91,800000 0,064442 
91,900000 0,064105 
92,000000 0,064442 
92,100000 0,065540 
92,200000 0,064897 
92,300000 0,064209 
92,400000 0,063812 
92,500000 0,060907 
92,600000 0,060289 
92,700000 0,059829 
92,800000 0,059661 
92,900000 0,058798 
93,000000 0,061059 
93,100000 0,058819 
93,200000 0,059143 
93,300000 0,057968 
93,400000 0,057157 
93,500000 0,059964 
93,600000 0,058352 
93,700000 0,061068 
93,800000 0,060000 
93,900000 0,058950 
94,000000 0,057676 
94,100000 0,060749 
94,200000 0,062075 
94,300000 0,059051 
94,400000 0,060049 
94,500000 0,062286 
94,600000 0,060874 
94,700000 0,063542 
94,800000 0,059370 
94,900000 0,059509 
95,000000 0,060518 
95,100000 0,061474 
95,200000 0,061663 
95,300000 0,062388 
95,400000 0,062387 
95,500000 0,062023 
95,600000 0,060419 
95,700000 0,061775 
95,800000 0,061548 
95,900000 0,060638 
96,000000 0,062631 
96,100000 0,062103 
96,200000 0,060573 
96,300000 0,059744 
96,400000 0,059720 
96,500000 0,060128 
96,600000 0,062287 
96,700000 0,062155 
96,800000 0,063812 
96,900000 0,059716 
97,000000 0,060500 
97,100000 0,061345 
97,200000 0,060471 
97,300000 0,059770 
97,400000 0,058255 
97,500000 0,059146 
97,600000 0,060817 
97,700000 0,060975 
97,800000 0,061248 
97,900000 0,060039 
98,000000 0,059293 
98,100000 0,060093 
98,200000 0,059375 
98,300000 0,061087 
98,400000 0,060152 
98,500000 0,060597 
98,600000 0,061208 
98,700000 0,060312 
98,800000 0,058423 
98,900000 0,061999 
99,000000 0,062182 
99,100000 0,060630 
99,200000 0,060087 
99,300000 0,060687 
99,400000 0,061659 
99,500000 0,060667 
99,600000 0,060514 
99,700000 0,062079 
99,800000 0,060765 
99,900000 0,061995 
100,000000 0,061031 
