0,000000 -0,992489 
0,100000 -0,547635 
0,200000 -0,331682 
0,300000 -0,212599 
0,400000 -0,140935 
0,500000 -0,102562 
0,600000 -0,079631 
0,700000 -0,068019 
0,800000 -0,057596 
0,900000 -0,054298 
1,000000 -0,044638 
1,100000 -0,041254 
1,200000 -0,037796 
1,300000 -0,039868 
1,400000 -0,038242 
1,500000 -0,037530 
1,600000 -0,035866 
1,700000 -0,038011 
1,800000 -0,031302 
1,900000 -0,003505 
2,000000 0,005437 
2,100000 0,018270 
2,200000 0,033152 
2,300000 0,042630 
2,400000 0,047151 
2,500000 0,050025 
2,600000 0,055546 
2,700000 0,038529 
2,800000 -0,000079 
2,900000 -0,035946 
3,000000 -0,012534 
3,100000 0,014435 
3,200000 0,034868 
3,300000 0,047716 
3,400000 0,054582 
3,500000 0,057044 
3,600000 0,060440 
3,700000 0,061231 
3,800000 0,064793 
3,900000 0,064894 
4,000000 0,063055 
4,100000 0,063818 
4,200000 0,066082 
4,300000 0,065788 
4,400000 0,065406 
4,500000 0,064059 
4,600000 0,063010 
4,700000 0,064981 
4,800000 0,063859 
4,900000 0,069306 
5,000000 0,065159 
5,100000 0,065465 
5,200000 0,068150 
5,300000 0,065856 
5,400000 0,066521 
5,500000 0,067132 
5,600000 0,069060 
5,700000 0,066854 
5,800000 0,066679 
5,900000 0,066314 
6,000000 0,066292 
6,100000 0,071634 
6,200000 0,067940 
6,300000 0,067849 
6,400000 0,066215 
6,500000 0,067121 
6,600000 0,070005 
6,700000 0,064104 
6,800000 0,067981 
6,900000 0,069525 
7,000000 0,065732 
7,100000 0,065112 
7,200000 0,070012 
7,300000 0,070136 
7,400000 0,069890 
7,500000 0,067725 
7,600000 0,066181 
7,700000 0,066819 
7,800000 0,067155 
7,900000 0,067227 
8,000000 0,066704 
8,100000 0,068332 
8,200000 0,067715 
8,300000 0,070420 
8,400000 0,066404 
8,500000 0,063141 
8,600000 0,066229 
8,700000 0,073378 
8,800000 0,072044 
8,900000 0,066449 
9,000000 0,066472 
9,100000 0,068299 
9,200000 0,069078 
9,300000 0,070802 
9,400000 0,068516 
9,500000 0,067795 
9,600000 0,069741 
9,700000 0,066984 
9,800000 0,060218 
9,900000 0,053958 
10,000000 0,061500 
10,100000 0,065197 
10,200000 0,063190 
10,300000 0,065875 
10,400000 0,066954 
10,500000 0,069065 
10,600000 0,065934 
10,700000 0,065976 
10,800000 0,065843 
10,900000 0,067912 
11,000000 0,066509 
11,100000 0,065463 
11,200000 0,069340 
11,300000 0,065531 
11,400000 0,062778 
11,500000 0,070540 
11,600000 0,065762 
11,700000 0,062582 
11,800000 0,061789 
11,900000 0,060546 
12,000000 0,056738 
12,100000 0,045742 
12,200000 0,039909 
12,300000 0,035244 
12,400000 0,033413 
12,500000 0,038995 
12,600000 0,046473 
12,700000 0,055722 
12,800000 0,062365 
12,900000 0,066624 
13,000000 0,064504 
13,100000 0,057063 
13,200000 0,048530 
13,300000 0,043338 
13,400000 0,042076 
13,500000 0,042656 
13,600000 0,051456 
13,700000 0,055651 
13,800000 0,057720 
13,900000 0,051086 
14,000000 0,033505 
14,100000 -0,004666 
14,200000 -0,044887 
14,300000 -0,071743 
14,400000 -0,074067 
14,500000 -0,050327 
14,600000 -0,010693 
14,700000 0,022808 
14,800000 0,038194 
14,900000 0,035905 
15,000000 0,015806 
15,100000 -0,022962 
15,200000 -0,063893 
15,300000 -0,090774 
15,400000 -0,091179 
15,500000 -0,062381 
15,600000 -0,019036 
15,700000 0,014503 
15,800000 0,034337 
15,900000 0,032299 
16,000000 0,012350 
16,100000 -0,024289 
16,200000 -0,055812 
16,300000 -0,077865 
16,400000 -0,076903 
16,500000 -0,041944 
16,600000 -0,001980 
16,700000 0,022427 
16,800000 0,027503 
16,900000 0,013842 
17,000000 -0,037459 
17,100000 -0,103088 
17,200000 -0,156539 
17,300000 -0,183282 
17,400000 -0,171784 
17,500000 -0,103521 
17,600000 -0,042602 
17,700000 -0,012416 
17,800000 -0,029906 
17,900000 -0,107800 
18,000000 -0,286354 
18,100000 -0,498928 
18,200000 -0,675628 
18,300000 -0,763705 
18,400000 -0,728462 
18,500000 -0,499744 
18,600000 -0,268205 
18,700000 -0,126417 
18,800000 -0,053503 
18,900000 -0,007789 
19,000000 0,021536 
19,100000 0,029114 
19,200000 0,034643 
19,300000 0,040538 
19,400000 0,044086 
19,500000 0,050463 
19,600000 0,053595 
19,700000 0,060234 
19,800000 0,054275 
19,900000 0,047467 
20,000000 0,035279 
20,100000 0,026141 
20,200000 0,018283 
20,300000 0,014162 
20,400000 0,018892 
20,500000 0,036841 
20,600000 0,051681 
20,700000 0,062451 
20,800000 0,064020 
20,900000 0,066895 
21,000000 0,064352 
21,100000 0,063157 
21,200000 0,064105 
21,300000 0,065237 
21,400000 0,065605 
21,500000 0,068013 
21,600000 0,071036 
21,700000 0,068860 
21,800000 0,068381 
21,900000 0,066954 
22,000000 0,070107 
22,100000 0,070697 
22,200000 0,072632 
22,300000 0,066676 
22,400000 0,067716 
22,500000 0,069096 
22,600000 0,069108 
22,700000 0,069953 
22,800000 0,070692 
22,900000 0,066651 
23,000000 0,067032 
23,100000 0,064396 
23,200000 0,067614 
23,300000 0,071117 
23,400000 0,069810 
23,500000 0,072688 
23,600000 0,071606 
23,700000 0,072864 
23,800000 0,072579 
23,900000 0,069232 
24,000000 0,072184 
24,100000 0,067402 
24,200000 0,054493 
24,300000 0,056764 
24,400000 0,057549 
24,500000 0,056004 
24,600000 0,063469 
24,700000 0,061125 
24,800000 0,060985 
24,900000 0,060096 
25,000000 0,052205 
25,100000 0,045244 
25,200000 0,042802 
25,300000 0,041374 
25,400000 0,043434 
25,500000 0,048571 
25,600000 0,056158 
25,700000 0,052125 
25,800000 0,042578 
25,900000 0,017067 
26,000000 -0,016168 
26,100000 -0,040876 
26,200000 -0,053792 
26,300000 -0,055891 
26,400000 -0,040075 
26,500000 -0,006686 
26,600000 0,016744 
26,700000 0,029204 
26,800000 0,016877 
26,900000 -0,015723 
27,000000 -0,055328 
27,100000 -0,089715 
27,200000 -0,108619 
27,300000 -0,112305 
27,400000 -0,097275 
27,500000 -0,058243 
27,600000 -0,050516 
27,700000 -0,121146 
27,800000 -0,312575 
27,900000 -0,653178 
28,000000 -1,015780 
28,100000 -1,286760 
28,200000 -1,416701 
28,300000 -1,381335 
28,400000 -1,142705 
28,500000 -0,717258 
28,600000 -0,388201 
28,700000 -0,212451 
28,800000 -0,125186 
28,900000 -0,098548 
29,000000 -0,102828 
29,100000 -0,106114 
29,200000 -0,106603 
29,300000 -0,096455 
29,400000 -0,068460 
29,500000 -0,022040 
29,600000 0,010969 
29,700000 0,029745 
29,800000 0,031868 
29,900000 0,026218 
30,000000 0,018523 
30,100000 0,011786 
30,200000 0,008849 
30,300000 0,014560 
30,400000 0,019728 
30,500000 0,034147 
30,600000 0,041648 
30,700000 0,031479 
30,800000 -0,006316 
30,900000 -0,073276 
31,000000 -0,140762 
31,100000 -0,182960 
31,200000 -0,208514 
31,300000 -0,200400 
31,400000 -0,167767 
31,500000 -0,092683 
31,600000 -0,023646 
31,700000 0,000434 
31,800000 -0,003234 
31,900000 -0,026119 
32,000000 -0,054333 
32,100000 -0,069298 
32,200000 -0,074606 
32,300000 -0,067669 
32,400000 -0,040216 
32,500000 -0,000209 
32,600000 0,028350 
32,700000 0,043299 
32,800000 0,053642 
32,900000 0,054884 
33,000000 0,056759 
33,100000 0,062850 
33,200000 0,058027 
33,300000 0,059022 
33,400000 0,062947 
33,500000 0,063168 
33,600000 0,066150 
33,700000 0,065919 
33,800000 0,070882 
33,900000 0,068955 
34,000000 0,063180 
34,100000 0,064241 
34,200000 0,063630 
34,300000 0,063491 
34,400000 0,065480 
34,500000 0,065797 
34,600000 0,066061 
34,700000 0,066551 
34,800000 0,066923 
34,900000 0,070470 
35,000000 0,070498 
35,100000 0,068228 
35,200000 0,065953 
35,300000 0,062928 
35,400000 0,065279 
35,500000 0,065267 
35,600000 0,068288 
35,700000 0,068347 
35,800000 0,066480 
35,900000 0,065702 
36,000000 0,065057 
36,100000 0,066789 
36,200000 0,065603 
36,300000 0,064020 
36,400000 0,064514 
36,500000 0,064341 
36,600000 0,063589 
36,700000 0,067042 
36,800000 0,067495 
36,900000 0,066429 
37,000000 0,063497 
37,100000 0,062200 
37,200000 0,062080 
37,300000 0,061965 
37,400000 0,063334 
37,500000 0,064714 
37,600000 0,067448 
37,700000 0,063954 
37,800000 0,064447 
37,900000 0,062232 
38,000000 0,058407 
38,100000 0,056911 
38,200000 0,052822 
38,300000 0,064139 
38,400000 0,060457 
38,500000 0,063208 
38,600000 0,062472 
38,700000 0,062554 
38,800000 0,062444 
38,900000 0,058510 
39,000000 0,048578 
39,100000 0,050494 
39,200000 0,046802 
39,300000 0,047197 
39,400000 0,052215 
39,500000 0,057766 
39,600000 0,056962 
39,700000 0,059125 
39,800000 0,060502 
39,900000 0,047316 
40,000000 0,035349 
40,100000 0,029631 
40,200000 0,023043 
40,300000 0,025161 
40,400000 0,039816 
40,500000 0,043938 
40,600000 0,056264 
40,700000 0,063534 
40,800000 0,061761 
40,900000 0,048340 
41,000000 0,044727 
41,100000 0,038275 
41,200000 0,036227 
41,300000 0,035626 
41,400000 0,037715 
41,500000 0,046782 
41,600000 0,057448 
41,700000 0,059953 
41,800000 0,059616 
41,900000 0,050693 
42,000000 0,038450 
42,100000 0,035191 
42,200000 0,030524 
42,300000 0,033996 
42,400000 0,043207 
42,500000 0,046200 
42,600000 0,046753 
42,700000 0,047604 
42,800000 0,031297 
42,900000 -0,018693 
43,000000 -0,073123 
43,100000 -0,101391 
43,200000 -0,117987 
43,300000 -0,116855 
43,400000 -0,086497 
43,500000 -0,034177 
43,600000 0,011581 
43,700000 0,028695 
43,800000 0,030413 
43,900000 0,013446 
44,000000 -0,005236 
44,100000 -0,018617 
44,200000 -0,019050 
44,300000 -0,020232 
44,400000 0,001856 
44,500000 0,022396 
44,600000 0,043719 
44,700000 0,051177 
44,800000 0,051724 
44,900000 0,031181 
45,000000 0,008059 
45,100000 -0,005794 
45,200000 -0,021275 
45,300000 -0,023827 
45,400000 -0,004656 
45,500000 0,017225 
45,600000 0,037363 
45,700000 0,050454 
45,800000 0,049913 
45,900000 0,050267 
46,000000 0,040323 
46,100000 0,029595 
46,200000 0,023849 
46,300000 0,024399 
46,400000 0,027793 
46,500000 0,042948 
46,600000 0,052090 
46,700000 0,059908 
46,800000 0,057198 
46,900000 0,058246 
47,000000 0,060747 
47,100000 0,057364 
47,200000 0,056532 
47,300000 0,058429 
47,400000 0,061662 
47,500000 0,063692 
47,600000 0,061916 
47,700000 0,062802 
47,800000 0,061900 
47,900000 0,065600 
48,000000 0,072019 
48,100000 0,062995 
48,200000 0,064252 
48,300000 0,064684 
48,400000 0,065464 
48,500000 0,065315 
48,600000 0,066396 
48,700000 0,070528 
48,800000 0,068820 
48,900000 0,069478 
49,000000 0,067893 
49,100000 0,060271 
49,200000 0,068679 
49,300000 0,073091 
49,400000 0,065913 
49,500000 0,060432 
49,600000 0,067042 
49,700000 0,070638 
49,800000 0,067232 
49,900000 0,069874 
50,000000 0,067502 
50,100000 0,067452 
50,200000 0,063910 
50,300000 0,057705 
50,400000 0,059503 
50,500000 0,062120 
50,600000 0,065497 
50,700000 0,062612 
50,800000 0,065405 
50,900000 0,067957 
51,000000 0,072032 
51,100000 0,058642 
51,200000 0,064731 
51,300000 0,064581 
51,400000 0,062915 
51,500000 0,062888 
51,600000 0,075507 
51,700000 0,071613 
51,800000 0,070171 
51,900000 0,067441 
52,000000 0,068486 
52,100000 0,066651 
52,200000 0,067046 
52,300000 0,066329 
52,400000 0,064840 
52,500000 0,064420 
52,600000 0,065778 
52,700000 0,067553 
52,800000 0,063003 
52,900000 0,067429 
53,000000 0,072477 
53,100000 0,062337 
53,200000 0,061888 
53,300000 0,064817 
53,400000 0,063974 
53,500000 0,062824 
53,600000 0,073264 
53,700000 0,068219 
53,800000 0,063181 
53,900000 0,062366 
54,000000 0,066200 
54,100000 0,063232 
54,200000 0,063642 
54,300000 0,067769 
54,400000 0,064552 
54,500000 0,063265 
54,600000 0,067196 
54,700000 0,067830 
54,800000 0,067423 
54,900000 0,066175 
55,000000 0,062050 
55,100000 0,063113 
55,200000 0,062423 
55,300000 0,065436 
55,400000 0,065389 
55,500000 0,071459 
55,600000 0,065960 
55,700000 0,063910 
55,800000 0,065229 
55,900000 0,068638 
56,000000 0,064358 
56,100000 0,060915 
56,200000 0,059618 
56,300000 0,056524 
56,400000 0,058285 
56,500000 0,058375 
56,600000 0,062027 
56,700000 0,065410 
56,800000 0,069315 
56,900000 0,062488 
57,000000 0,065050 
57,100000 0,062582 
57,200000 0,061207 
57,300000 0,060867 
57,400000 0,061363 
57,500000 0,063518 
57,600000 0,064785 
57,700000 0,064685 
57,800000 0,064309 
57,900000 0,062202 
58,000000 0,056272 
58,100000 0,047660 
58,200000 0,041010 
58,300000 0,037424 
58,400000 0,040049 
58,500000 0,044914 
58,600000 0,055738 
58,700000 0,062703 
58,800000 0,062162 
58,900000 0,067708 
59,000000 0,067879 
59,100000 0,067302 
59,200000 0,065625 
59,300000 0,068038 
59,400000 0,064425 
59,500000 0,068593 
59,600000 0,067476 
59,700000 0,065728 
59,800000 0,066587 
59,900000 0,066342 
60,000000 0,066573 
60,100000 0,065474 
60,200000 0,067132 
60,300000 0,067552 
60,400000 0,067995 
60,500000 0,064243 
60,600000 0,064884 
60,700000 0,067983 
60,800000 0,068012 
60,900000 0,068991 
61,000000 0,066254 
61,100000 0,067596 
61,200000 0,065689 
61,300000 0,062854 
61,400000 0,068696 
61,500000 0,068863 
61,600000 0,064611 
61,700000 0,066970 
61,800000 0,067065 
61,900000 0,066602 
62,000000 0,067389 
62,100000 0,060737 
62,200000 0,065354 
62,300000 0,071988 
62,400000 0,067067 
62,500000 0,068904 
62,600000 0,069197 
62,700000 0,069436 
62,800000 0,066872 
62,900000 0,066360 
63,000000 0,068805 
63,100000 0,065712 
63,200000 0,067487 
63,300000 0,068509 
63,400000 0,067769 
63,500000 0,067112 
63,600000 0,068997 
63,700000 0,067469 
63,800000 0,066823 
63,900000 0,066759 
64,000000 0,067663 
64,100000 0,066777 
64,200000 0,063698 
64,300000 0,065013 
64,400000 0,065836 
64,500000 0,067865 
64,600000 0,065923 
64,700000 0,064929 
64,800000 0,063287 
64,900000 0,065184 
65,000000 0,066220 
65,100000 0,071891 
65,200000 0,070556 
65,300000 0,068832 
65,400000 0,064697 
65,500000 0,066908 
65,600000 0,063756 
65,700000 0,064908 
65,800000 0,070439 
65,900000 0,065879 
66,000000 0,064000 
66,100000 0,062012 
66,200000 0,063127 
66,300000 0,065419 
66,400000 0,063099 
66,500000 0,063708 
66,600000 0,064091 
66,700000 0,067735 
66,800000 0,066701 
66,900000 0,062582 
67,000000 0,064535 
67,100000 0,064799 
67,200000 0,064574 
67,300000 0,064800 
67,400000 0,067895 
67,500000 0,067186 
67,600000 0,064812 
67,700000 0,065871 
67,800000 0,063846 
67,900000 0,065931 
68,000000 0,064790 
68,100000 0,066632 
68,200000 0,064961 
68,300000 0,067347 
68,400000 0,069703 
68,500000 0,066621 
68,600000 0,065460 
68,700000 0,062427 
68,800000 0,065082 
68,900000 0,065322 
69,000000 0,060740 
69,100000 0,060207 
69,200000 0,058134 
69,300000 0,056181 
69,400000 0,058595 
69,500000 0,059719 
69,600000 0,061549 
69,700000 0,064705 
69,800000 0,066947 
69,900000 0,067586 
70,000000 0,067324 
70,100000 0,067008 
70,200000 0,066806 
70,300000 0,064753 
70,400000 0,062422 
70,500000 0,062082 
70,600000 0,060610 
70,700000 0,068424 
70,800000 0,067612 
70,900000 0,065793 
71,000000 0,066887 
71,100000 0,064397 
71,200000 0,066350 
71,300000 0,062000 
71,400000 0,064743 
71,500000 0,067680 
71,600000 0,067788 
71,700000 0,066892 
71,800000 0,065614 
71,900000 0,066194 
72,000000 0,068073 
72,100000 0,067509 
72,200000 0,065987 
72,300000 0,064680 
72,400000 0,064174 
72,500000 0,065710 
72,600000 0,066789 
72,700000 0,065263 
72,800000 0,066608 
72,900000 0,066410 
73,000000 0,066110 
73,100000 0,068875 
73,200000 0,069201 
73,300000 0,069102 
73,400000 0,069896 
73,500000 0,067480 
73,600000 0,068132 
73,700000 0,067760 
73,800000 0,066158 
73,900000 0,067526 
74,000000 0,066838 
74,100000 0,065760 
74,200000 0,065615 
74,300000 0,068308 
74,400000 0,067702 
74,500000 0,067996 
74,600000 0,066635 
74,700000 0,066595 
74,800000 0,067848 
74,900000 0,067544 
75,000000 0,068182 
75,100000 0,064831 
75,200000 0,065625 
75,300000 0,070236 
75,400000 0,069659 
75,500000 0,064011 
75,600000 0,063227 
75,700000 0,062886 
75,800000 0,063096 
75,900000 0,065091 
76,000000 0,067423 
76,100000 0,067532 
76,200000 0,064637 
76,300000 0,063309 
76,400000 0,065770 
76,500000 0,067559 
76,600000 0,062632 
76,700000 0,062871 
76,800000 0,064177 
76,900000 0,067512 
77,000000 0,066565 
77,100000 0,066907 
77,200000 0,062835 
77,300000 0,073676 
77,400000 0,066213 
77,500000 0,063650 
77,600000 0,074787 
77,700000 0,077666 
77,800000 0,072051 
77,900000 0,071192 
78,000000 0,071441 
78,100000 0,072700 
78,200000 0,069123 
78,300000 0,071346 
78,400000 0,069583 
78,500000 0,070023 
78,600000 0,069247 
78,700000 0,070233 
78,800000 0,068309 
78,900000 0,066660 
79,000000 0,069499 
79,100000 0,067420 
79,200000 0,064166 
79,300000 0,063005 
79,400000 0,064601 
79,500000 0,067671 
79,600000 0,066509 
79,700000 0,065704 
79,800000 0,065346 
79,900000 0,068026 
80,000000 0,067412 
80,100000 0,068768 
80,200000 0,066669 
80,300000 0,069434 
80,400000 0,068170 
80,500000 0,065994 
80,600000 0,067515 
80,700000 0,069895 
80,800000 0,068384 
80,900000 0,068440 
81,000000 0,066925 
81,100000 0,064161 
81,200000 0,063439 
81,300000 0,064027 
81,400000 0,067099 
81,500000 0,069991 
81,600000 0,065167 
81,700000 0,065970 
81,800000 0,067492 
81,900000 0,067597 
82,000000 0,065217 
82,100000 0,068240 
82,200000 0,068603 
82,300000 0,071113 
82,400000 0,069938 
82,500000 0,066889 
82,600000 0,066718 
82,700000 0,066308 
82,800000 0,067078 
82,900000 0,065676 
83,000000 0,066248 
83,100000 0,067106 
83,200000 0,067519 
83,300000 0,067418 
83,400000 0,067105 
83,500000 0,063583 
83,600000 0,062804 
83,700000 0,066891 
83,800000 0,069522 
83,900000 0,068372 
84,000000 0,068132 
84,100000 0,068125 
84,200000 0,069266 
84,300000 0,069523 
84,400000 0,068076 
84,500000 0,067752 
84,600000 0,066248 
84,700000 0,067705 
84,800000 0,066370 
84,900000 0,067210 
85,000000 0,065379 
85,100000 0,066022 
85,200000 0,066186 
85,300000 0,065430 
85,400000 0,067743 
85,500000 0,067517 
85,600000 0,068809 
85,700000 0,066753 
85,800000 0,063011 
85,900000 0,068304 
86,000000 0,067687 
86,100000 0,070987 
86,200000 0,067922 
86,300000 0,067740 
86,400000 0,067310 
86,500000 0,066015 
86,600000 0,066674 
86,700000 0,067255 
86,800000 0,066582 
86,900000 0,067892 
87,000000 0,067551 
87,100000 0,066591 
87,200000 0,064416 
87,300000 0,066747 
87,400000 0,066084 
87,500000 0,066081 
87,600000 0,067349 
87,700000 0,065978 
87,800000 0,066665 
87,900000 0,066077 
88,000000 0,064968 
88,100000 0,067158 
88,200000 0,067658 
88,300000 0,066070 
88,400000 0,067733 
88,500000 0,066721 
88,600000 0,067529 
88,700000 0,066210 
88,800000 0,065195 
88,900000 0,065155 
89,000000 0,067124 
89,100000 0,066850 
89,200000 0,068494 
89,300000 0,069938 
89,400000 0,070192 
89,500000 0,066804 
89,600000 0,062905 
89,700000 0,065326 
89,800000 0,065605 
89,900000 0,066031 
90,000000 0,065110 
90,100000 0,066709 
90,200000 0,066002 
90,300000 0,066288 
90,400000 0,065687 
90,500000 0,066560 
90,600000 0,065776 
90,700000 0,062941 
90,800000 0,062025 
90,900000 0,062539 
91,000000 0,063900 
91,100000 0,064286 
91,200000 0,065649 
91,300000 0,064180 
91,400000 0,065870 
91,500000 0,064576 
91,600000 0,063645 
91,700000 0,064045 
91,800000 0,065746 
91,900000 0,063681 
92,000000 0,066119 
92,100000 0,064647 
92,200000 0,064039 
92,300000 0,064442 
92,400000 0,065254 
92,500000 0,064257 
92,600000 0,064085 
92,700000 0,064108 
92,800000 0,065656 
92,900000 0,065358 
93,000000 0,064298 
93,100000 0,062843 
93,200000 0,063304 
93,300000 0,061885 
93,400000 0,064489 
93,500000 0,064676 
93,600000 0,064744 
93,700000 0,065374 
93,800000 0,065376 
93,900000 0,065377 
94,000000 0,064561 
94,100000 0,064010 
94,200000 0,065103 
94,300000 0,065627 
94,400000 0,064314 
94,500000 0,064835 
94,600000 0,064830 
94,700000 0,064358 
94,800000 0,063663 
94,900000 0,063700 
95,000000 0,064407 
95,100000 0,065433 
95,200000 0,063362 
95,300000 0,063923 
95,400000 0,062852 
95,500000 0,063482 
95,600000 0,061466 
95,700000 0,061494 
95,800000 0,063308 
95,900000 0,061953 
96,000000 0,063487 
96,100000 0,064245 
96,200000 0,065676 
96,300000 0,063352 
96,400000 0,062988 
96,500000 0,064325 
96,600000 0,063438 
96,700000 0,063303 
96,800000 0,061503 
96,900000 0,062619 
97,000000 0,063642 
97,100000 0,064471 
97,200000 0,062892 
97,300000 0,062968 
97,400000 0,062304 
97,500000 0,063553 
97,600000 0,063466 
97,700000 0,063488 
97,800000 0,062656 
97,900000 0,062312 
98,000000 0,062670 
98,100000 0,063513 
98,200000 0,063440 
98,300000 0,063959 
98,400000 0,065131 
98,500000 0,063135 
98,600000 0,062299 
98,700000 0,063816 
98,800000 0,066264 
98,900000 0,063724 
99,000000 0,063734 
99,100000 0,065612 
99,200000 0,064408 
99,300000 0,063334 
99,400000 0,064271 
99,500000 0,064510 
99,600000 0,064597 
99,700000 0,066341 
99,800000 0,065146 
99,900000 0,064109 
100,000000 0,065635 
