0,000000 -2,928759 
0,100000 -2,938985 
0,200000 -2,941408 
0,300000 -2,946737 
0,400000 -2,946445 
0,500000 -2,961785 
0,600000 -2,968001 
0,700000 -2,949827 
0,800000 -2,945845 
0,900000 -2,948389 
1,000000 -2,902001 
1,100000 -2,924342 
1,200000 -2,912087 
1,300000 -2,922236 
1,400000 -2,940772 
1,500000 -2,952031 
1,600000 -2,946497 
1,700000 -2,959263 
1,800000 -2,935287 
1,900000 -2,811876 
2,000000 -2,625625 
2,100000 -2,445849 
2,200000 -2,214382 
2,300000 -2,007997 
2,400000 -1,817287 
2,500000 -1,657258 
2,600000 -1,502369 
2,700000 -1,373979 
2,800000 -1,266587 
2,900000 -1,163760 
3,000000 -1,077303 
3,100000 -0,994172 
3,200000 -0,920172 
3,300000 -0,853204 
3,400000 -0,802850 
3,500000 -0,753015 
3,600000 -0,708260 
3,700000 -0,661389 
3,800000 -0,628021 
3,900000 -0,591696 
4,000000 -0,563186 
4,100000 -0,525993 
4,200000 -0,491438 
4,300000 -0,457804 
4,400000 -0,427266 
4,500000 -0,394942 
4,600000 -0,369314 
4,700000 -0,346968 
4,800000 -0,322036 
4,900000 -0,300315 
5,000000 -0,281608 
5,100000 -0,262733 
5,200000 -0,237542 
5,300000 -0,224295 
5,400000 -0,206521 
5,500000 -0,193238 
5,600000 -0,181480 
5,700000 -0,172208 
5,800000 -0,160662 
5,900000 -0,151830 
6,000000 -0,144292 
6,100000 -0,137977 
6,200000 -0,129167 
6,300000 -0,123027 
6,400000 -0,115250 
6,500000 -0,108844 
6,600000 -0,104624 
6,700000 -0,097503 
6,800000 -0,093970 
6,900000 -0,088630 
7,000000 -0,083178 
7,100000 -0,077849 
7,200000 -0,075226 
7,300000 -0,072348 
7,400000 -0,067223 
7,500000 -0,060391 
7,600000 -0,056230 
7,700000 -0,053782 
7,800000 -0,050928 
7,900000 -0,046560 
8,000000 -0,043538 
8,100000 -0,041467 
8,200000 -0,038916 
8,300000 -0,036241 
8,400000 -0,031561 
8,500000 -0,029977 
8,600000 -0,030457 
8,700000 -0,026467 
8,800000 -0,025560 
8,900000 -0,024457 
9,000000 -0,022354 
9,100000 -0,020220 
9,200000 -0,020313 
9,300000 -0,018652 
9,400000 -0,019191 
9,500000 -0,016565 
9,600000 -0,016918 
9,700000 -0,015376 
9,800000 -0,011757 
9,900000 -0,012485 
10,000000 -0,015952 
10,100000 -0,012760 
10,200000 -0,014484 
10,300000 -0,012126 
10,400000 -0,013235 
10,500000 -0,014401 
10,600000 -0,015247 
10,700000 -0,016099 
10,800000 -0,014754 
10,900000 -0,013968 
11,000000 -0,015191 
11,100000 -0,018332 
11,200000 -0,019102 
11,300000 -0,020827 
11,400000 -0,021936 
11,500000 -0,023134 
11,600000 -0,026025 
11,700000 -0,029059 
11,800000 -0,030063 
11,900000 -0,032813 
12,000000 -0,046439 
12,100000 -0,040350 
12,200000 -0,043491 
12,300000 -0,048316 
12,400000 -0,055928 
12,500000 -0,057564 
12,600000 -0,060030 
12,700000 -0,061591 
12,800000 -0,065086 
12,900000 -0,068813 
13,000000 -0,073060 
13,100000 -0,081766 
13,200000 -0,087149 
13,300000 -0,094628 
13,400000 -0,105839 
13,500000 -0,116789 
13,600000 -0,128393 
13,700000 -0,139611 
13,800000 -0,151843 
13,900000 -0,165390 
14,000000 -0,182906 
14,100000 -0,199396 
14,200000 -0,218252 
14,300000 -0,234576 
14,400000 -0,238887 
14,500000 -0,234579 
14,600000 -0,223671 
14,700000 -0,210542 
14,800000 -0,199649 
14,900000 -0,190367 
15,000000 -0,186044 
15,100000 -0,182915 
15,200000 -0,186464 
15,300000 -0,193504 
15,400000 -0,193458 
15,500000 -0,185064 
15,600000 -0,179700 
15,700000 -0,173511 
15,800000 -0,167186 
15,900000 -0,170480 
16,000000 -0,174042 
16,100000 -0,181252 
16,200000 -0,184983 
16,300000 -0,192910 
16,400000 -0,193722 
16,500000 -0,189008 
16,600000 -0,181278 
16,700000 -0,176303 
16,800000 -0,174814 
16,900000 -0,176110 
17,000000 -0,182073 
17,100000 -0,185551 
17,200000 -0,195886 
17,300000 -0,201064 
17,400000 -0,207705 
17,500000 -0,205378 
17,600000 -0,206504 
17,700000 -0,204276 
17,800000 -0,211127 
17,900000 -0,216823 
18,000000 -0,227677 
18,100000 -0,240970 
18,200000 -0,247337 
18,300000 -0,257042 
18,400000 -0,249225 
18,500000 -0,220753 
18,600000 -0,183828 
18,700000 -0,143940 
18,800000 -0,118069 
18,900000 -0,098537 
19,000000 -0,079437 
19,100000 -0,064472 
19,200000 -0,054074 
19,300000 -0,044651 
19,400000 -0,036419 
19,500000 -0,033049 
19,600000 -0,026015 
19,700000 -0,022527 
19,800000 -0,018798 
19,900000 -0,020687 
20,000000 -0,020115 
20,100000 -0,019377 
20,200000 -0,020134 
20,300000 -0,020502 
20,400000 -0,015604 
20,500000 -0,010428 
20,600000 -0,002805 
20,700000 0,000530 
20,800000 0,002920 
20,900000 0,006069 
21,000000 0,010324 
21,100000 0,015583 
21,200000 0,011528 
21,300000 0,015238 
21,400000 0,012116 
21,500000 0,012129 
21,600000 0,010680 
21,700000 0,008905 
21,800000 0,009665 
21,900000 -0,003534 
22,000000 -0,006269 
22,100000 -0,005670 
22,200000 -0,005786 
22,300000 -0,007004 
22,400000 -0,009339 
22,500000 -0,010506 
22,600000 -0,013535 
22,700000 -0,018119 
22,800000 -0,016448 
22,900000 -0,014379 
23,000000 -0,020479 
23,100000 -0,027406 
23,200000 -0,037457 
23,300000 -0,035027 
23,400000 -0,034500 
23,500000 -0,043812 
23,600000 -0,054412 
23,700000 -0,064316 
23,800000 -0,069040 
23,900000 -0,076689 
24,000000 -0,088047 
24,100000 -0,098341 
24,200000 -0,107836 
24,300000 -0,114708 
24,400000 -0,118795 
24,500000 -0,132775 
24,600000 -0,146551 
24,700000 -0,166600 
24,800000 -0,190235 
24,900000 -0,198693 
25,000000 -0,213242 
25,100000 -0,227509 
25,200000 -0,243454 
25,300000 -0,262740 
25,400000 -0,285021 
25,500000 -0,308432 
25,600000 -0,338995 
25,700000 -0,372999 
25,800000 -0,406451 
25,900000 -0,440621 
26,000000 -0,481973 
26,100000 -0,525842 
26,200000 -0,563200 
26,300000 -0,608246 
26,400000 -0,652442 
26,500000 -0,688160 
26,600000 -0,749813 
26,700000 -0,814262 
26,800000 -0,881753 
26,900000 -0,958940 
27,000000 -1,045311 
27,100000 -1,136716 
27,200000 -1,253374 
27,300000 -1,363513 
27,400000 -1,490371 
27,500000 -1,610358 
27,600000 -1,808746 
27,700000 -2,010983 
27,800000 -2,233672 
27,900000 -2,423747 
28,000000 -2,623362 
28,100000 -2,807881 
28,200000 -2,882226 
28,300000 -2,823656 
28,400000 -2,573874 
28,500000 -2,214895 
28,600000 -1,806243 
28,700000 -1,455862 
28,800000 -1,209551 
28,900000 -1,023352 
29,000000 -0,890977 
29,100000 -0,773579 
29,200000 -0,679470 
29,300000 -0,609134 
29,400000 -0,528224 
29,500000 -0,468152 
29,600000 -0,418939 
29,700000 -0,373404 
29,800000 -0,344849 
29,900000 -0,315265 
30,000000 -0,302198 
30,100000 -0,292678 
30,200000 -0,288708 
30,300000 -0,281406 
30,400000 -0,278765 
30,500000 -0,280023 
30,600000 -0,280974 
30,700000 -0,293020 
30,800000 -0,308093 
30,900000 -0,324150 
31,000000 -0,344673 
31,100000 -0,364677 
31,200000 -0,381194 
31,300000 -0,381061 
31,400000 -0,373335 
31,500000 -0,360719 
31,600000 -0,350604 
31,700000 -0,342092 
31,800000 -0,346100 
31,900000 -0,351773 
32,000000 -0,359702 
32,100000 -0,364225 
32,200000 -0,357061 
32,300000 -0,333702 
32,400000 -0,295885 
32,500000 -0,241702 
32,600000 -0,188015 
32,700000 -0,141725 
32,800000 -0,098928 
32,900000 -0,067726 
33,000000 -0,043890 
33,100000 -0,026273 
33,200000 -0,010901 
33,300000 0,001490 
33,400000 0,012105 
33,500000 0,020990 
33,600000 0,028059 
33,700000 0,034321 
33,800000 0,039970 
33,900000 0,044213 
34,000000 0,047953 
34,100000 0,052082 
34,200000 0,052937 
34,300000 0,056210 
34,400000 0,058526 
34,500000 0,060943 
34,600000 0,061329 
34,700000 0,060691 
34,800000 0,061831 
34,900000 0,063159 
35,000000 0,065164 
35,100000 0,066097 
35,200000 0,066250 
35,300000 0,066290 
35,400000 0,065823 
35,500000 0,066092 
35,600000 0,065535 
35,700000 0,064863 
35,800000 0,065350 
35,900000 0,064948 
36,000000 0,065681 
36,100000 0,063664 
36,200000 0,062493 
36,300000 0,062222 
36,400000 0,063561 
36,500000 0,065175 
36,600000 0,062863 
36,700000 0,061786 
36,800000 0,059842 
36,900000 0,059887 
37,000000 0,059006 
37,100000 0,057849 
37,200000 0,056302 
37,300000 0,055144 
37,400000 0,054795 
37,500000 0,053971 
37,600000 0,051204 
37,700000 0,051296 
37,800000 0,049378 
37,900000 0,045974 
38,000000 0,044479 
38,100000 0,041911 
38,200000 0,042514 
38,300000 0,038548 
38,400000 0,037121 
38,500000 0,036597 
38,600000 0,032443 
38,700000 0,030514 
38,800000 0,026497 
38,900000 0,025172 
39,000000 0,020625 
39,100000 0,014758 
39,200000 0,010672 
39,300000 0,005964 
39,400000 0,003867 
39,500000 0,001950 
39,600000 -0,004423 
39,700000 -0,008596 
39,800000 -0,013120 
39,900000 -0,019976 
40,000000 -0,026206 
40,100000 -0,030458 
40,200000 -0,032424 
40,300000 -0,031131 
40,400000 -0,027904 
40,500000 -0,023341 
40,600000 -0,018809 
40,700000 -0,017053 
40,800000 -0,017654 
40,900000 -0,018644 
41,000000 -0,020194 
41,100000 -0,023048 
41,200000 -0,025517 
41,300000 -0,027724 
41,400000 -0,027585 
41,500000 -0,027049 
41,600000 -0,028667 
41,700000 -0,030784 
41,800000 -0,033137 
41,900000 -0,038469 
42,000000 -0,044549 
42,100000 -0,052336 
42,200000 -0,059868 
42,300000 -0,065697 
42,400000 -0,075604 
42,500000 -0,081920 
42,600000 -0,089316 
42,700000 -0,101294 
42,800000 -0,110060 
42,900000 -0,126590 
43,000000 -0,138369 
43,100000 -0,148905 
43,200000 -0,153718 
43,300000 -0,150079 
43,400000 -0,143462 
43,500000 -0,128406 
43,600000 -0,113387 
43,700000 -0,102046 
43,800000 -0,095632 
43,900000 -0,091496 
44,000000 -0,088556 
44,100000 -0,089690 
44,200000 -0,086605 
44,300000 -0,082045 
44,400000 -0,077052 
44,500000 -0,067251 
44,600000 -0,059271 
44,700000 -0,056489 
44,800000 -0,056208 
44,900000 -0,054033 
45,000000 -0,062517 
45,100000 -0,060117 
45,200000 -0,060499 
45,300000 -0,055425 
45,400000 -0,049259 
45,500000 -0,038779 
45,600000 -0,028628 
45,700000 -0,021610 
45,800000 -0,013981 
45,900000 -0,009376 
46,000000 -0,006764 
46,100000 -0,000019 
46,200000 0,002044 
46,300000 0,007544 
46,400000 0,012957 
46,500000 0,021719 
46,600000 0,029038 
46,700000 0,037431 
46,800000 0,042073 
46,900000 0,047534 
47,000000 0,052071 
47,100000 0,055550 
47,200000 0,058203 
47,300000 0,059692 
47,400000 0,062660 
47,500000 0,065848 
47,600000 0,068009 
47,700000 0,067514 
47,800000 0,072481 
47,900000 0,074250 
48,000000 0,074078 
48,100000 0,071867 
48,200000 0,075060 
48,300000 0,074768 
48,400000 0,074719 
48,500000 0,072819 
48,600000 0,074084 
48,700000 0,075933 
48,800000 0,077885 
48,900000 0,078842 
49,000000 0,080616 
49,100000 0,079598 
49,200000 0,078759 
49,300000 0,078031 
49,400000 0,079561 
49,500000 0,078391 
49,600000 0,077010 
49,700000 0,072405 
49,800000 0,076698 
49,900000 0,074458 
50,000000 0,071115 
50,100000 0,072241 
50,200000 0,072094 
50,300000 0,070406 
50,400000 0,072379 
50,500000 0,075540 
50,600000 0,073213 
50,700000 0,071792 
50,800000 0,074252 
50,900000 0,075017 
51,000000 0,073400 
51,100000 0,075734 
51,200000 0,073746 
51,300000 0,073204 
51,400000 0,072660 
51,500000 0,074332 
51,600000 0,073824 
51,700000 0,072192 
51,800000 0,073257 
51,900000 0,073703 
52,000000 0,074026 
52,100000 0,073747 
52,200000 0,074671 
52,300000 0,074200 
52,400000 0,074894 
52,500000 0,074754 
52,600000 0,073622 
52,700000 0,073672 
52,800000 0,073660 
52,900000 0,073915 
53,000000 0,073167 
53,100000 0,078042 
53,200000 0,074654 
53,300000 0,081130 
53,400000 0,075433 
53,500000 0,071926 
53,600000 0,073698 
53,700000 0,073107 
53,800000 0,073745 
53,900000 0,072132 
54,000000 0,072238 
54,100000 0,073317 
54,200000 0,070658 
54,300000 0,071534 
54,400000 0,072033 
54,500000 0,072459 
54,600000 0,076927 
54,700000 0,074398 
54,800000 0,072216 
54,900000 0,072997 
55,000000 0,072542 
55,100000 0,071892 
55,200000 0,069883 
55,300000 0,069907 
55,400000 0,067662 
55,500000 0,068479 
55,600000 0,068057 
55,700000 0,070214 
55,800000 0,067484 
55,900000 0,068239 
56,000000 0,066830 
56,100000 0,061137 
56,200000 0,060840 
56,300000 0,060746 
56,400000 0,061776 
56,500000 0,060573 
56,600000 0,060610 
56,700000 0,059137 
56,800000 0,059433 
56,900000 0,060294 
57,000000 0,058773 
57,100000 0,058412 
57,200000 0,054585 
57,300000 0,055392 
57,400000 0,052861 
57,500000 0,052031 
57,600000 0,049454 
57,700000 0,049645 
57,800000 0,047466 
57,900000 0,048509 
58,000000 0,046180 
58,100000 0,045475 
58,200000 0,043426 
58,300000 0,043537 
58,400000 0,047906 
58,500000 0,050643 
58,600000 0,052206 
58,700000 0,058732 
58,800000 0,063430 
58,900000 0,063296 
59,000000 0,065533 
59,100000 0,068603 
59,200000 0,069502 
59,300000 0,070778 
59,400000 0,070298 
59,500000 0,072531 
59,600000 0,072188 
59,700000 0,073818 
59,800000 0,071701 
59,900000 0,075101 
60,000000 0,074730 
60,100000 0,073893 
60,200000 0,075572 
60,300000 0,075694 
60,400000 0,073890 
60,500000 0,075050 
60,600000 0,074688 
60,700000 0,075926 
60,800000 0,075754 
60,900000 0,077277 
61,000000 0,076596 
61,100000 0,076200 
61,200000 0,076753 
61,300000 0,076877 
61,400000 0,075937 
61,500000 0,075537 
61,600000 0,075591 
61,700000 0,075554 
61,800000 0,077287 
61,900000 0,079852 
62,000000 0,079136 
62,100000 0,079976 
62,200000 0,078545 
62,300000 0,077452 
62,400000 0,078038 
62,500000 0,077640 
62,600000 0,075522 
62,700000 0,076641 
62,800000 0,076562 
62,900000 0,077660 
63,000000 0,076524 
63,100000 0,075969 
63,200000 0,076079 
63,300000 0,076491 
63,400000 0,078350 
63,500000 0,077628 
63,600000 0,075231 
63,700000 0,075608 
63,800000 0,076843 
63,900000 0,076896 
64,000000 0,076883 
64,100000 0,077944 
64,200000 0,077673 
64,300000 0,077663 
64,400000 0,075732 
64,500000 0,075011 
64,600000 0,077168 
64,700000 0,076850 
64,800000 0,076272 
64,900000 0,076146 
65,000000 0,077355 
65,100000 0,077218 
65,200000 0,078225 
65,300000 0,078863 
65,400000 0,076291 
65,500000 0,073009 
65,600000 0,077186 
65,700000 0,075659 
65,800000 0,075295 
65,900000 0,074546 
66,000000 0,076972 
66,100000 0,076837 
66,200000 0,076825 
66,300000 0,076724 
66,400000 0,075401 
66,500000 0,075623 
66,600000 0,074679 
66,700000 0,075135 
66,800000 0,075718 
66,900000 0,077072 
67,000000 0,077363 
67,100000 0,076857 
67,200000 0,076869 
67,300000 0,076286 
67,400000 0,075045 
67,500000 0,076001 
67,600000 0,074851 
67,700000 0,075564 
67,800000 0,075742 
67,900000 0,074977 
68,000000 0,074458 
68,100000 0,074237 
68,200000 0,071076 
68,300000 0,072411 
68,400000 0,072742 
68,500000 0,071000 
68,600000 0,070171 
68,700000 0,069163 
68,800000 0,068654 
68,900000 0,068365 
69,000000 0,066117 
69,100000 0,064879 
69,200000 0,068216 
69,300000 0,065902 
69,400000 0,064457 
69,500000 0,067987 
69,600000 0,068721 
69,700000 0,070256 
69,800000 0,071240 
69,900000 0,070379 
70,000000 0,070103 
70,100000 0,073166 
70,200000 0,074880 
70,300000 0,075845 
70,400000 0,075005 
70,500000 0,074807 
70,600000 0,074410 
70,700000 0,074666 
70,800000 0,076302 
70,900000 0,073948 
71,000000 0,078081 
71,100000 0,076815 
71,200000 0,075384 
71,300000 0,076487 
71,400000 0,074856 
71,500000 0,074541 
71,600000 0,079107 
71,700000 0,077083 
71,800000 0,077229 
71,900000 0,076372 
72,000000 0,075766 
72,100000 0,078236 
72,200000 0,078082 
72,300000 0,076702 
72,400000 0,076285 
72,500000 0,077886 
72,600000 0,080018 
72,700000 0,079010 
72,800000 0,078142 
72,900000 0,080229 
73,000000 0,079052 
73,100000 0,078667 
73,200000 0,077424 
73,300000 0,078447 
73,400000 0,077978 
73,500000 0,078617 
73,600000 0,078180 
73,700000 0,076135 
73,800000 0,078933 
73,900000 0,078060 
74,000000 0,077312 
74,100000 0,076800 
74,200000 0,077781 
74,300000 0,077871 
74,400000 0,078761 
74,500000 0,078354 
74,600000 0,077774 
74,700000 0,078302 
74,800000 0,078822 
74,900000 0,079786 
75,000000 0,076611 
75,100000 0,075237 
75,200000 0,077471 
75,300000 0,078458 
75,400000 0,076178 
75,500000 0,077970 
75,600000 0,077771 
75,700000 0,077849 
75,800000 0,078853 
75,900000 0,078300 
76,000000 0,078910 
76,100000 0,075178 
76,200000 0,078030 
76,300000 0,079045 
76,400000 0,078240 
76,500000 0,076574 
76,600000 0,074950 
76,700000 0,075585 
76,800000 0,075828 
76,900000 0,078109 
77,000000 0,077200 
77,100000 0,077740 
77,200000 0,076369 
77,300000 0,075430 
77,400000 0,074677 
77,500000 0,075422 
77,600000 0,076629 
77,700000 0,076686 
77,800000 0,077394 
77,900000 0,076962 
78,000000 0,076864 
78,100000 0,076917 
78,200000 0,075898 
78,300000 0,076080 
78,400000 0,077213 
78,500000 0,076974 
78,600000 0,076304 
78,700000 0,076744 
78,800000 0,077011 
78,900000 0,075874 
79,000000 0,075366 
79,100000 0,076542 
79,200000 0,075332 
79,300000 0,076384 
79,400000 0,075739 
79,500000 0,075811 
79,600000 0,076016 
79,700000 0,075910 
79,800000 0,077993 
79,900000 0,077308 
80,000000 0,076077 
80,100000 0,073539 
80,200000 0,074714 
80,300000 0,074900 
80,400000 0,075174 
80,500000 0,076752 
80,600000 0,075529 
80,700000 0,075259 
80,800000 0,074371 
80,900000 0,074695 
81,000000 0,077396 
81,100000 0,074599 
81,200000 0,075576 
81,300000 0,076541 
81,400000 0,076088 
81,500000 0,075719 
81,600000 0,075120 
81,700000 0,075446 
81,800000 0,075333 
81,900000 0,074829 
82,000000 0,074877 
82,100000 0,073783 
82,200000 0,076051 
82,300000 0,076070 
82,400000 0,075483 
82,500000 0,076110 
82,600000 0,075127 
82,700000 0,074048 
82,800000 0,073888 
82,900000 0,075246 
83,000000 0,076130 
83,100000 0,074974 
83,200000 0,075678 
83,300000 0,074706 
83,400000 0,076421 
83,500000 0,076202 
83,600000 0,076368 
83,700000 0,077289 
83,800000 0,077403 
83,900000 0,076714 
84,000000 0,078498 
84,100000 0,076527 
84,200000 0,076483 
84,300000 0,076715 
84,400000 0,076982 
84,500000 0,075318 
84,600000 0,076349 
84,700000 0,076114 
84,800000 0,075315 
84,900000 0,076722 
85,000000 0,076107 
85,100000 0,076228 
85,200000 0,074748 
85,300000 0,077075 
85,400000 0,076145 
85,500000 0,075484 
85,600000 0,074924 
85,700000 0,075140 
85,800000 0,073673 
85,900000 0,075019 
86,000000 0,074414 
86,100000 0,075187 
86,200000 0,073728 
86,300000 0,075393 
86,400000 0,073802 
86,500000 0,075528 
86,600000 0,075150 
86,700000 0,075365 
86,800000 0,076152 
86,900000 0,075778 
87,000000 0,075835 
87,100000 0,076074 
87,200000 0,076918 
87,300000 0,077192 
87,400000 0,077424 
87,500000 0,076876 
87,600000 0,077394 
87,700000 0,076143 
87,800000 0,075287 
87,900000 0,076360 
88,000000 0,077313 
88,100000 0,074964 
88,200000 0,077050 
88,300000 0,076550 
88,400000 0,076919 
88,500000 0,077061 
88,600000 0,076955 
88,700000 0,076547 
88,800000 0,076889 
88,900000 0,077195 
89,000000 0,076705 
89,100000 0,076836 
89,200000 0,075536 
89,300000 0,077948 
89,400000 0,077656 
89,500000 0,077713 
89,600000 0,076385 
89,700000 0,077510 
89,800000 0,077013 
89,900000 0,077036 
90,000000 0,076554 
90,100000 0,076853 
90,200000 0,077916 
90,300000 0,078013 
90,400000 0,076767 
90,500000 0,077896 
90,600000 0,075627 
90,700000 0,078680 
90,800000 0,075673 
90,900000 0,076650 
91,000000 0,077055 
91,100000 0,078629 
91,200000 0,076963 
91,300000 0,078125 
91,400000 0,076250 
91,500000 0,076030 
91,600000 0,079286 
91,700000 0,078761 
91,800000 0,078332 
91,900000 0,077473 
92,000000 0,078103 
92,100000 0,078224 
92,200000 0,077122 
92,300000 0,077214 
92,400000 0,078211 
92,500000 0,076177 
92,600000 0,076469 
92,700000 0,077884 
92,800000 0,076800 
92,900000 0,076394 
93,000000 0,076527 
93,100000 0,076336 
93,200000 0,076058 
93,300000 0,077196 
93,400000 0,076363 
93,500000 0,077390 
93,600000 0,077111 
93,700000 0,076278 
93,800000 0,076488 
93,900000 0,076970 
94,000000 0,077661 
94,100000 0,077993 
94,200000 0,077265 
94,300000 0,077158 
94,400000 0,078430 
94,500000 0,077664 
94,600000 0,077962 
94,700000 0,077044 
94,800000 0,077987 
94,900000 0,075750 
95,000000 0,074626 
95,100000 0,076493 
95,200000 0,075379 
95,300000 0,075856 
95,400000 0,076515 
95,500000 0,076361 
95,600000 0,076720 
95,700000 0,077878 
95,800000 0,077679 
95,900000 0,075927 
96,000000 0,075445 
96,100000 0,076226 
96,200000 0,076230 
96,300000 0,076828 
96,400000 0,075779 
96,500000 0,076515 
96,600000 0,076423 
96,700000 0,078964 
96,800000 0,077272 
96,900000 0,078234 
97,000000 0,077959 
97,100000 0,076977 
97,200000 0,076388 
97,300000 0,076152 
97,400000 0,075771 
97,500000 0,077449 
97,600000 0,075894 
97,700000 0,080967 
97,800000 0,083543 
97,900000 0,081407 
98,000000 0,080272 
98,100000 0,080542 
98,200000 0,079890 
98,300000 0,080285 
98,400000 0,080340 
98,500000 0,079496 
98,600000 0,078394 
98,700000 0,079321 
98,800000 0,079609 
98,900000 0,080399 
99,000000 0,077221 
99,100000 0,079022 
99,200000 0,077834 
99,300000 0,079369 
99,400000 0,080178 
99,500000 0,078503 
99,600000 0,079722 
99,700000 0,078691 
99,800000 0,079614 
99,900000 0,082395 
100,000000 0,081434 
