0,000000 -2,898625 
0,100000 -2,945059 
0,200000 -2,957110 
0,300000 -2,977125 
0,400000 -2,977007 
0,500000 -2,968620 
0,600000 -2,982671 
0,700000 -3,003956 
0,800000 -2,986760 
0,900000 -2,970015 
1,000000 -2,982293 
1,100000 -2,977357 
1,200000 -2,975779 
1,300000 -2,983350 
1,400000 -2,979840 
1,500000 -2,990292 
1,600000 -2,978233 
1,700000 -2,974477 
1,800000 -2,997717 
1,900000 -3,026784 
2,000000 -3,012948 
2,100000 -2,987478 
2,200000 -2,853596 
2,300000 -2,720394 
2,400000 -2,576564 
2,500000 -2,447865 
2,600000 -2,311472 
2,700000 -2,161849 
2,800000 -2,028657 
2,900000 -1,906183 
3,000000 -1,781248 
3,100000 -1,666008 
3,200000 -1,533780 
3,300000 -1,429621 
3,400000 -1,335799 
3,500000 -1,271498 
3,600000 -1,191015 
3,700000 -1,135572 
3,800000 -1,074523 
3,900000 -1,025525 
4,000000 -0,983024 
4,100000 -0,943152 
4,200000 -0,891912 
4,300000 -0,864826 
4,400000 -0,821689 
4,500000 -0,790702 
4,600000 -0,761141 
4,700000 -0,735202 
4,800000 -0,707511 
4,900000 -0,678550 
5,000000 -0,657372 
5,100000 -0,631067 
5,200000 -0,605312 
5,300000 -0,580808 
5,400000 -0,555676 
5,500000 -0,536055 
5,600000 -0,511852 
5,700000 -0,488552 
5,800000 -0,470748 
5,900000 -0,451872 
6,000000 -0,426406 
6,100000 -0,412938 
6,200000 -0,393358 
6,300000 -0,377344 
6,400000 -0,359358 
6,500000 -0,346351 
6,600000 -0,336096 
6,700000 -0,322002 
6,800000 -0,310033 
6,900000 -0,301378 
7,000000 -0,291907 
7,100000 -0,281681 
7,200000 -0,276024 
7,300000 -0,264932 
7,400000 -0,254160 
7,500000 -0,248614 
7,600000 -0,243304 
7,700000 -0,235863 
7,800000 -0,228370 
7,900000 -0,224195 
8,000000 -0,217344 
8,100000 -0,212447 
8,200000 -0,210320 
8,300000 -0,207516 
8,400000 -0,199128 
8,500000 -0,193972 
8,600000 -0,190518 
8,700000 -0,187479 
8,800000 -0,183314 
8,900000 -0,179758 
9,000000 -0,177103 
9,100000 -0,175227 
9,200000 -0,171988 
9,300000 -0,169781 
9,400000 -0,164539 
9,500000 -0,162218 
9,600000 -0,158593 
9,700000 -0,156064 
9,800000 -0,155371 
9,900000 -0,154034 
10,000000 -0,152795 
10,100000 -0,151491 
10,200000 -0,149956 
10,300000 -0,151428 
10,400000 -0,148607 
10,500000 -0,147928 
10,600000 -0,146435 
10,700000 -0,146439 
10,800000 -0,146686 
10,900000 -0,145901 
11,000000 -0,145734 
11,100000 -0,148669 
11,200000 -0,147928 
11,300000 -0,151234 
11,400000 -0,149703 
11,500000 -0,155653 
11,600000 -0,155765 
11,700000 -0,158245 
11,800000 -0,162600 
11,900000 -0,165716 
12,000000 -0,171199 
12,100000 -0,170667 
12,200000 -0,175317 
12,300000 -0,179430 
12,400000 -0,182058 
12,500000 -0,186167 
12,600000 -0,192354 
12,700000 -0,195159 
12,800000 -0,200257 
12,900000 -0,204703 
13,000000 -0,213397 
13,100000 -0,219944 
13,200000 -0,224623 
13,300000 -0,233700 
13,400000 -0,242167 
13,500000 -0,256354 
13,600000 -0,269256 
13,700000 -0,279667 
13,800000 -0,292609 
13,900000 -0,302449 
14,000000 -0,315070 
14,100000 -0,328265 
14,200000 -0,340978 
14,300000 -0,349715 
14,400000 -0,349958 
14,500000 -0,351444 
14,600000 -0,346828 
14,700000 -0,339602 
14,800000 -0,329283 
14,900000 -0,323567 
15,000000 -0,324569 
15,100000 -0,320030 
15,200000 -0,320101 
15,300000 -0,317179 
15,400000 -0,317582 
15,500000 -0,310987 
15,600000 -0,305674 
15,700000 -0,307839 
15,800000 -0,303335 
15,900000 -0,299830 
16,000000 -0,306920 
16,100000 -0,308265 
16,200000 -0,310846 
16,300000 -0,312469 
16,400000 -0,314793 
16,500000 -0,310065 
16,600000 -0,306893 
16,700000 -0,303987 
16,800000 -0,299593 
16,900000 -0,305424 
17,000000 -0,304744 
17,100000 -0,309379 
17,200000 -0,316433 
17,300000 -0,319907 
17,400000 -0,320015 
17,500000 -0,319811 
17,600000 -0,318045 
17,700000 -0,319768 
17,800000 -0,320848 
17,900000 -0,324317 
18,000000 -0,324819 
18,100000 -0,330800 
18,200000 -0,335363 
18,300000 -0,332130 
18,400000 -0,319703 
18,500000 -0,296618 
18,600000 -0,276595 
18,700000 -0,249005 
18,800000 -0,230103 
18,900000 -0,210665 
19,000000 -0,195525 
19,100000 -0,180059 
19,200000 -0,171013 
19,300000 -0,159065 
19,400000 -0,151118 
19,500000 -0,142452 
19,600000 -0,135152 
19,700000 -0,130329 
19,800000 -0,127225 
19,900000 -0,125295 
20,000000 -0,122121 
20,100000 -0,122278 
20,200000 -0,118527 
20,300000 -0,118184 
20,400000 -0,115662 
20,500000 -0,111225 
20,600000 -0,110130 
20,700000 -0,105782 
20,800000 -0,100774 
20,900000 -0,100917 
21,000000 -0,100100 
21,100000 -0,100558 
21,200000 -0,102241 
21,300000 -0,100338 
21,400000 -0,100354 
21,500000 -0,098992 
21,600000 -0,104310 
21,700000 -0,106325 
21,800000 -0,109933 
21,900000 -0,113923 
22,000000 -0,117535 
22,100000 -0,121952 
22,200000 -0,126211 
22,300000 -0,130288 
22,400000 -0,134556 
22,500000 -0,136666 
22,600000 -0,143693 
22,700000 -0,149865 
22,800000 -0,157818 
22,900000 -0,166631 
23,000000 -0,173469 
23,100000 -0,179425 
23,200000 -0,186650 
23,300000 -0,193512 
23,400000 -0,202625 
23,500000 -0,215893 
23,600000 -0,223287 
23,700000 -0,235645 
23,800000 -0,248679 
23,900000 -0,260917 
24,000000 -0,272073 
24,100000 -0,286002 
24,200000 -0,301381 
24,300000 -0,316980 
24,400000 -0,334764 
24,500000 -0,348528 
24,600000 -0,371767 
24,700000 -0,394728 
24,800000 -0,417726 
24,900000 -0,440285 
25,000000 -0,464333 
25,100000 -0,485743 
25,200000 -0,516637 
25,300000 -0,542099 
25,400000 -0,576210 
25,500000 -0,611615 
25,600000 -0,654090 
25,700000 -0,693853 
25,800000 -0,738410 
25,900000 -0,786669 
26,000000 -0,830499 
26,100000 -0,884173 
26,200000 -0,930983 
26,300000 -0,986981 
26,400000 -1,048570 
26,500000 -1,097507 
26,600000 -1,177518 
26,700000 -1,251674 
26,800000 -1,328022 
26,900000 -1,420276 
27,000000 -1,515829 
27,100000 -1,625696 
27,200000 -1,726775 
27,300000 -1,853397 
27,400000 -1,986932 
27,500000 -2,101730 
27,600000 -2,233398 
27,700000 -2,408991 
27,800000 -2,547233 
27,900000 -2,691624 
28,000000 -2,799033 
28,100000 -2,871401 
28,200000 -2,863510 
28,300000 -2,765067 
28,400000 -2,589364 
28,500000 -2,350056 
28,600000 -2,044778 
28,700000 -1,765291 
28,800000 -1,565071 
28,900000 -1,408112 
29,000000 -1,250437 
29,100000 -1,131011 
29,200000 -1,025725 
29,300000 -0,941363 
29,400000 -0,863533 
29,500000 -0,793256 
29,600000 -0,739088 
29,700000 -0,670579 
29,800000 -0,617936 
29,900000 -0,587166 
30,000000 -0,562521 
30,100000 -0,540998 
30,200000 -0,525445 
30,300000 -0,511519 
30,400000 -0,497668 
30,500000 -0,486619 
30,600000 -0,479769 
30,700000 -0,477690 
30,800000 -0,479979 
30,900000 -0,485828 
31,000000 -0,495308 
31,100000 -0,495747 
31,200000 -0,494512 
31,300000 -0,499837 
31,400000 -0,493416 
31,500000 -0,480176 
31,600000 -0,466310 
31,700000 -0,456773 
31,800000 -0,448134 
31,900000 -0,447359 
32,000000 -0,441933 
32,100000 -0,434269 
32,200000 -0,415188 
32,300000 -0,385793 
32,400000 -0,351538 
32,500000 -0,314244 
32,600000 -0,269747 
32,700000 -0,224814 
32,800000 -0,185857 
32,900000 -0,154994 
33,000000 -0,125717 
33,100000 -0,103756 
33,200000 -0,087340 
33,300000 -0,069127 
33,400000 -0,056718 
33,500000 -0,045463 
33,600000 -0,033003 
33,700000 -0,021539 
33,800000 -0,015313 
33,900000 -0,009273 
34,000000 -0,000606 
34,100000 0,006935 
34,200000 0,013132 
34,300000 0,014011 
34,400000 0,018448 
34,500000 0,022441 
34,600000 0,025036 
34,700000 0,032212 
34,800000 0,034321 
34,900000 0,036015 
35,000000 0,036060 
35,100000 0,037567 
35,200000 0,036717 
35,300000 0,038071 
35,400000 0,038825 
35,500000 0,040280 
35,600000 0,041959 
35,700000 0,043480 
35,800000 0,041562 
35,900000 0,041281 
36,000000 0,042070 
36,100000 0,042709 
36,200000 0,045610 
36,300000 0,043586 
36,400000 0,042731 
36,500000 0,040781 
36,600000 0,040218 
36,700000 0,039352 
36,800000 0,037856 
36,900000 0,037135 
37,000000 0,036300 
37,100000 0,034072 
37,200000 0,034190 
37,300000 0,032186 
37,400000 0,029745 
37,500000 0,028873 
37,600000 0,026930 
37,700000 0,026495 
37,800000 0,024686 
37,900000 0,021802 
38,000000 0,018507 
38,100000 0,016526 
38,200000 0,013545 
38,300000 0,012722 
38,400000 0,007916 
38,500000 0,005036 
38,600000 0,002485 
38,700000 -0,001156 
38,800000 -0,005197 
38,900000 -0,009740 
39,000000 -0,013448 
39,100000 -0,017791 
39,200000 -0,020383 
39,300000 -0,024033 
39,400000 -0,030174 
39,500000 -0,033406 
39,600000 -0,040148 
39,700000 -0,044177 
39,800000 -0,045982 
39,900000 -0,052043 
40,000000 -0,055724 
40,100000 -0,058616 
40,200000 -0,060082 
40,300000 -0,063659 
40,400000 -0,061347 
40,500000 -0,058599 
40,600000 -0,057350 
40,700000 -0,059137 
40,800000 -0,057101 
40,900000 -0,058170 
41,000000 -0,060488 
41,100000 -0,064605 
41,200000 -0,068433 
41,300000 -0,069541 
41,400000 -0,072483 
41,500000 -0,071710 
41,600000 -0,073332 
41,700000 -0,074940 
41,800000 -0,080598 
41,900000 -0,086010 
42,000000 -0,092620 
42,100000 -0,098743 
42,200000 -0,104870 
42,300000 -0,110861 
42,400000 -0,117545 
42,500000 -0,124544 
42,600000 -0,132550 
42,700000 -0,139671 
42,800000 -0,147638 
42,900000 -0,157000 
43,000000 -0,163532 
43,100000 -0,167920 
43,200000 -0,169687 
43,300000 -0,168846 
43,400000 -0,161861 
43,500000 -0,153994 
43,600000 -0,144009 
43,700000 -0,136246 
43,800000 -0,131377 
43,900000 -0,124959 
44,000000 -0,120729 
44,100000 -0,118823 
44,200000 -0,117785 
44,300000 -0,112495 
44,400000 -0,104607 
44,500000 -0,101869 
44,600000 -0,095371 
44,700000 -0,092099 
44,800000 -0,088907 
44,900000 -0,086177 
45,000000 -0,084382 
45,100000 -0,083017 
45,200000 -0,080571 
45,300000 -0,074948 
45,400000 -0,067123 
45,500000 -0,059066 
45,600000 -0,051758 
45,700000 -0,042590 
45,800000 -0,035689 
45,900000 -0,030310 
46,000000 -0,025077 
46,100000 -0,019749 
46,200000 -0,014805 
46,300000 -0,008533 
46,400000 -0,001954 
46,500000 0,005449 
46,600000 0,014076 
46,700000 0,018861 
46,800000 0,025828 
46,900000 0,030601 
47,000000 0,034310 
47,100000 0,038443 
47,200000 0,042830 
47,300000 0,046967 
47,400000 0,049591 
47,500000 0,051970 
47,600000 0,051821 
47,700000 0,056620 
47,800000 0,058896 
47,900000 0,060160 
48,000000 0,061781 
48,100000 0,064071 
48,200000 0,065745 
48,300000 0,065232 
48,400000 0,066033 
48,500000 0,068230 
48,600000 0,068146 
48,700000 0,068179 
48,800000 0,069846 
48,900000 0,069571 
49,000000 0,069865 
49,100000 0,070841 
49,200000 0,071032 
49,300000 0,071041 
49,400000 0,069246 
49,500000 0,070515 
49,600000 0,070368 
49,700000 0,068665 
49,800000 0,071784 
49,900000 0,071534 
50,000000 0,070271 
50,100000 0,070396 
50,200000 0,070443 
50,300000 0,069115 
50,400000 0,070203 
50,500000 0,072308 
50,600000 0,069656 
50,700000 0,072059 
50,800000 0,072237 
50,900000 0,071903 
51,000000 0,071099 
51,100000 0,069903 
51,200000 0,073146 
51,300000 0,072295 
51,400000 0,072718 
51,500000 0,072118 
51,600000 0,072073 
51,700000 0,072330 
51,800000 0,072968 
51,900000 0,073499 
52,000000 0,075377 
52,100000 0,075995 
52,200000 0,073009 
52,300000 0,074146 
52,400000 0,073961 
52,500000 0,074203 
52,600000 0,074117 
52,700000 0,075163 
52,800000 0,072931 
52,900000 0,072875 
53,000000 0,074468 
53,100000 0,074357 
53,200000 0,075267 
53,300000 0,073588 
53,400000 0,072145 
53,500000 0,073485 
53,600000 0,073879 
53,700000 0,073222 
53,800000 0,072651 
53,900000 0,071782 
54,000000 0,070083 
54,100000 0,074036 
54,200000 0,073473 
54,300000 0,073469 
54,400000 0,071232 
54,500000 0,070714 
54,600000 0,067243 
54,700000 0,065326 
54,800000 0,062384 
54,900000 0,065097 
55,000000 0,067127 
55,100000 0,067519 
55,200000 0,067354 
55,300000 0,068184 
55,400000 0,067523 
55,500000 0,065537 
55,600000 0,062820 
55,700000 0,064623 
55,800000 0,065234 
55,900000 0,065244 
56,000000 0,061990 
56,100000 0,059707 
56,200000 0,062614 
56,300000 0,060937 
56,400000 0,059328 
56,500000 0,058185 
56,600000 0,058267 
56,700000 0,057671 
56,800000 0,057399 
56,900000 0,054646 
57,000000 0,053907 
57,100000 0,051121 
57,200000 0,051470 
57,300000 0,051749 
57,400000 0,048553 
57,500000 0,050165 
57,600000 0,049501 
57,700000 0,049683 
57,800000 0,046167 
57,900000 0,049462 
58,000000 0,046322 
58,100000 0,046899 
58,200000 0,047884 
58,300000 0,048262 
58,400000 0,049302 
58,500000 0,051185 
58,600000 0,057525 
58,700000 0,057207 
58,800000 0,058602 
58,900000 0,063516 
59,000000 0,064571 
59,100000 0,066223 
59,200000 0,067174 
59,300000 0,068906 
59,400000 0,070540 
59,500000 0,071672 
59,600000 0,074002 
59,700000 0,073382 
59,800000 0,073727 
59,900000 0,073328 
60,000000 0,073306 
60,100000 0,075784 
60,200000 0,075691 
60,300000 0,075738 
60,400000 0,077576 
60,500000 0,077517 
60,600000 0,076284 
60,700000 0,076654 
60,800000 0,076303 
60,900000 0,077255 
61,000000 0,077381 
61,100000 0,076781 
61,200000 0,077980 
61,300000 0,077578 
61,400000 0,078185 
61,500000 0,078270 
61,600000 0,077039 
61,700000 0,079850 
61,800000 0,076912 
61,900000 0,076542 
62,000000 0,077290 
62,100000 0,076452 
62,200000 0,077552 
62,300000 0,077367 
62,400000 0,076896 
62,500000 0,078001 
62,600000 0,078862 
62,700000 0,077485 
62,800000 0,077403 
62,900000 0,077911 
63,000000 0,078761 
63,100000 0,078398 
63,200000 0,078238 
63,300000 0,077417 
63,400000 0,077123 
63,500000 0,075968 
63,600000 0,076627 
63,700000 0,076475 
63,800000 0,076239 
63,900000 0,077337 
64,000000 0,075888 
64,100000 0,077838 
64,200000 0,078604 
64,300000 0,077453 
64,400000 0,077661 
64,500000 0,077943 
64,600000 0,077268 
64,700000 0,076504 
64,800000 0,079538 
64,900000 0,077617 
65,000000 0,077688 
65,100000 0,076250 
65,200000 0,074971 
65,300000 0,074922 
65,400000 0,076245 
65,500000 0,076136 
65,600000 0,074198 
65,700000 0,076541 
65,800000 0,076280 
65,900000 0,074727 
66,000000 0,076755 
66,100000 0,074851 
66,200000 0,077105 
66,300000 0,074063 
66,400000 0,073419 
66,500000 0,074164 
66,600000 0,074061 
66,700000 0,073768 
66,800000 0,076049 
66,900000 0,074478 
67,000000 0,073867 
67,100000 0,073518 
67,200000 0,073345 
67,300000 0,074039 
67,400000 0,072549 
67,500000 0,072813 
67,600000 0,073221 
67,700000 0,072524 
67,800000 0,072245 
67,900000 0,072223 
68,000000 0,071475 
68,100000 0,071848 
68,200000 0,071586 
68,300000 0,070860 
68,400000 0,069751 
68,500000 0,069686 
68,600000 0,069709 
68,700000 0,068470 
68,800000 0,066650 
68,900000 0,070202 
69,000000 0,065771 
69,100000 0,068432 
69,200000 0,068178 
69,300000 0,064800 
69,400000 0,067384 
69,500000 0,068765 
69,600000 0,070570 
69,700000 0,068145 
69,800000 0,069237 
69,900000 0,071408 
70,000000 0,072552 
70,100000 0,072049 
70,200000 0,071745 
70,300000 0,074107 
70,400000 0,074500 
70,500000 0,073290 
70,600000 0,073886 
70,700000 0,074000 
70,800000 0,073897 
70,900000 0,074948 
71,000000 0,074361 
71,100000 0,074240 
71,200000 0,076187 
71,300000 0,075135 
71,400000 0,076552 
71,500000 0,075386 
71,600000 0,077269 
71,700000 0,079147 
71,800000 0,077002 
71,900000 0,077499 
72,000000 0,077954 
72,100000 0,078621 
72,200000 0,077541 
72,300000 0,080291 
72,400000 0,079853 
72,500000 0,079105 
72,600000 0,078301 
72,700000 0,078393 
72,800000 0,077815 
72,900000 0,078837 
73,000000 0,078542 
73,100000 0,077846 
73,200000 0,078000 
73,300000 0,077971 
73,400000 0,078247 
73,500000 0,078460 
73,600000 0,079637 
73,700000 0,079071 
73,800000 0,078539 
73,900000 0,077979 
74,000000 0,078952 
74,100000 0,078078 
74,200000 0,078564 
74,300000 0,081195 
74,400000 0,079019 
74,500000 0,078654 
74,600000 0,078041 
74,700000 0,078483 
74,800000 0,076968 
74,900000 0,078346 
75,000000 0,078341 
75,100000 0,080238 
75,200000 0,077917 
75,300000 0,079489 
75,400000 0,079400 
75,500000 0,077678 
75,600000 0,079377 
75,700000 0,079318 
75,800000 0,079628 
75,900000 0,080215 
76,000000 0,076766 
76,100000 0,077782 
76,200000 0,077533 
76,300000 0,078133 
76,400000 0,077462 
76,500000 0,079790 
76,600000 0,081151 
76,700000 0,079986 
76,800000 0,078761 
76,900000 0,079321 
77,000000 0,079140 
77,100000 0,077454 
77,200000 0,077767 
77,300000 0,079833 
77,400000 0,077684 
77,500000 0,077139 
77,600000 0,078325 
77,700000 0,078228 
77,800000 0,079397 
77,900000 0,081348 
78,000000 0,080340 
78,100000 0,080702 
78,200000 0,078859 
78,300000 0,078479 
78,400000 0,079363 
78,500000 0,080147 
78,600000 0,079393 
78,700000 0,079096 
78,800000 0,078076 
78,900000 0,078363 
79,000000 0,078469 
79,100000 0,078370 
79,200000 0,078294 
79,300000 0,079166 
79,400000 0,077374 
79,500000 0,078282 
79,600000 0,078905 
79,700000 0,079379 
79,800000 0,078744 
79,900000 0,079163 
80,000000 0,079206 
80,100000 0,078634 
80,200000 0,079261 
80,300000 0,077661 
80,400000 0,078938 
80,500000 0,079058 
80,600000 0,078857 
80,700000 0,077990 
80,800000 0,078224 
80,900000 0,078577 
81,000000 0,078399 
81,100000 0,080358 
81,200000 0,080178 
81,300000 0,078571 
81,400000 0,079065 
81,500000 0,079888 
81,600000 0,078743 
81,700000 0,076287 
81,800000 0,077351 
81,900000 0,077457 
82,000000 0,077365 
82,100000 0,077925 
82,200000 0,079026 
82,300000 0,078507 
82,400000 0,077541 
82,500000 0,077322 
82,600000 0,076359 
82,700000 0,077902 
82,800000 0,078115 
82,900000 0,077430 
83,000000 0,077638 
83,100000 0,077604 
83,200000 0,076769 
83,300000 0,078417 
83,400000 0,077377 
83,500000 0,077519 
83,600000 0,078360 
83,700000 0,076803 
83,800000 0,077695 
83,900000 0,078200 
84,000000 0,079980 
84,100000 0,079261 
84,200000 0,078144 
84,300000 0,076943 
84,400000 0,077285 
84,500000 0,077308 
84,600000 0,078256 
84,700000 0,077601 
84,800000 0,077456 
84,900000 0,077015 
85,000000 0,076734 
85,100000 0,080365 
85,200000 0,078664 
85,300000 0,079963 
85,400000 0,076685 
85,500000 0,076551 
85,600000 0,076539 
85,700000 0,076889 
85,800000 0,077935 
85,900000 0,078429 
86,000000 0,077264 
86,100000 0,077599 
86,200000 0,076427 
86,300000 0,077190 
86,400000 0,077347 
86,500000 0,077238 
86,600000 0,078144 
86,700000 0,077792 
86,800000 0,077899 
86,900000 0,078563 
87,000000 0,078271 
87,100000 0,077123 
87,200000 0,076925 
87,300000 0,078351 
87,400000 0,078639 
87,500000 0,078889 
87,600000 0,077938 
87,700000 0,078516 
87,800000 0,077916 
87,900000 0,078317 
88,000000 0,077697 
88,100000 0,077485 
88,200000 0,078442 
88,300000 0,079025 
88,400000 0,078587 
88,500000 0,079820 
88,600000 0,079102 
88,700000 0,081643 
88,800000 0,079586 
88,900000 0,078454 
89,000000 0,078750 
89,100000 0,079176 
89,200000 0,080805 
89,300000 0,077859 
89,400000 0,079015 
89,500000 0,078286 
89,600000 0,079718 
89,700000 0,080706 
89,800000 0,079475 
89,900000 0,079504 
90,000000 0,078812 
90,100000 0,079355 
90,200000 0,079303 
90,300000 0,078956 
90,400000 0,079414 
90,500000 0,079472 
90,600000 0,079219 
90,700000 0,080038 
90,800000 0,078690 
90,900000 0,078694 
91,000000 0,079486 
91,100000 0,077593 
91,200000 0,080345 
91,300000 0,080022 
91,400000 0,079728 
91,500000 0,077994 
91,600000 0,077765 
91,700000 0,078234 
91,800000 0,076316 
91,900000 0,077502 
92,000000 0,077234 
92,100000 0,078353 
92,200000 0,079440 
92,300000 0,079721 
92,400000 0,078175 
92,500000 0,079366 
92,600000 0,078564 
92,700000 0,078241 
92,800000 0,078189 
92,900000 0,078695 
93,000000 0,078378 
93,100000 0,078077 
93,200000 0,080414 
93,300000 0,080828 
93,400000 0,077795 
93,500000 0,076279 
93,600000 0,077451 
93,700000 0,077579 
93,800000 0,077580 
93,900000 0,079151 
94,000000 0,077822 
94,100000 0,078515 
94,200000 0,077362 
94,300000 0,078305 
94,400000 0,077582 
94,500000 0,077552 
94,600000 0,078104 
94,700000 0,077753 
94,800000 0,077627 
94,900000 0,077899 
95,000000 0,077110 
95,100000 0,078516 
95,200000 0,078587 
95,300000 0,077150 
95,400000 0,080405 
95,500000 0,082686 
95,600000 0,079603 
95,700000 0,078348 
95,800000 0,078584 
95,900000 0,077768 
96,000000 0,078963 
96,100000 0,079246 
96,200000 0,078424 
96,300000 0,077470 
96,400000 0,077257 
96,500000 0,077928 
96,600000 0,079316 
96,700000 0,077860 
96,800000 0,072770 
96,900000 0,073880 
97,000000 0,073889 
97,100000 0,075525 
97,200000 0,077011 
97,300000 0,076076 
97,400000 0,074274 
97,500000 0,078824 
97,600000 0,077554 
97,700000 0,078008 
97,800000 0,077563 
97,900000 0,077687 
98,000000 0,077503 
98,100000 0,077373 
98,200000 0,077252 
98,300000 0,076862 
98,400000 0,076124 
98,500000 0,076253 
98,600000 0,079075 
98,700000 0,077878 
98,800000 0,076926 
98,900000 0,076432 
99,000000 0,076406 
99,100000 0,077816 
99,200000 0,076896 
99,300000 0,076863 
99,400000 0,077260 
99,500000 0,076746 
99,600000 0,075955 
99,700000 0,078048 
99,800000 0,079308 
99,900000 0,076574 
100,000000 0,076863 
