0,000000 -1,050882 
0,100000 -0,577148 
0,200000 -0,338112 
0,300000 -0,211781 
0,400000 -0,139628 
0,500000 -0,100679 
0,600000 -0,071266 
0,700000 -0,057475 
0,800000 -0,048757 
0,900000 -0,040818 
1,000000 -0,038820 
1,100000 -0,036824 
1,200000 -0,034126 
1,300000 -0,033058 
1,400000 -0,028348 
1,500000 -0,029492 
1,600000 -0,030464 
1,700000 -0,028715 
1,800000 -0,025203 
1,900000 0,002384 
2,000000 0,013698 
2,100000 0,025866 
2,200000 0,040493 
2,300000 0,045229 
2,400000 0,050582 
2,500000 0,053193 
2,600000 0,053313 
2,700000 0,041001 
2,800000 0,010537 
2,900000 -0,017798 
3,000000 0,002075 
3,100000 0,028438 
3,200000 0,039894 
3,300000 0,048646 
3,400000 0,056123 
3,500000 0,058882 
3,600000 0,060382 
3,700000 0,061921 
3,800000 0,060850 
3,900000 0,061391 
4,000000 0,062183 
4,100000 0,063502 
4,200000 0,063178 
4,300000 0,062579 
4,400000 0,063861 
4,500000 0,063744 
4,600000 0,062687 
4,700000 0,063442 
4,800000 0,062632 
4,900000 0,062755 
5,000000 0,064356 
5,100000 0,063103 
5,200000 0,067079 
5,300000 0,065889 
5,400000 0,065644 
5,500000 0,065856 
5,600000 0,065516 
5,700000 0,063459 
5,800000 0,064891 
5,900000 0,063625 
6,000000 0,053240 
6,100000 0,057043 
6,200000 0,059505 
6,300000 0,066531 
6,400000 0,065812 
6,500000 0,064276 
6,600000 0,067245 
6,700000 0,065660 
6,800000 0,065069 
6,900000 0,064530 
7,000000 0,065447 
7,100000 0,064780 
7,200000 0,065885 
7,300000 0,065902 
7,400000 0,065137 
7,500000 0,064305 
7,600000 0,061736 
7,700000 0,056171 
7,800000 0,062079 
7,900000 0,062278 
8,000000 0,063242 
8,100000 0,063410 
8,200000 0,061338 
8,300000 0,062353 
8,400000 0,062966 
8,500000 0,064173 
8,600000 0,063567 
8,700000 0,060247 
8,800000 0,060149 
8,900000 0,057556 
9,000000 0,062042 
9,100000 0,059243 
9,200000 0,058881 
9,300000 0,059843 
9,400000 0,060421 
9,500000 0,061948 
9,600000 0,062705 
9,700000 0,061161 
9,800000 0,065320 
9,900000 0,063224 
10,000000 0,063498 
10,100000 0,064334 
10,200000 0,063940 
10,300000 0,063219 
10,400000 0,063843 
10,500000 0,063275 
10,600000 0,062663 
10,700000 0,062233 
10,800000 0,064825 
10,900000 0,062792 
11,000000 0,063185 
11,100000 0,062424 
11,200000 0,062799 
11,300000 0,063402 
11,400000 0,062727 
11,500000 0,063331 
11,600000 0,064185 
11,700000 0,063574 
11,800000 0,061269 
11,900000 0,055330 
12,000000 0,054900 
12,100000 0,055652 
12,200000 0,044626 
12,300000 0,033463 
12,400000 0,031977 
12,500000 0,034405 
12,600000 0,043359 
12,700000 0,049601 
12,800000 0,055719 
12,900000 0,060673 
13,000000 0,060523 
13,100000 0,055700 
13,200000 0,044413 
13,300000 0,041207 
13,400000 0,040405 
13,500000 0,045790 
13,600000 0,051323 
13,700000 0,054016 
13,800000 0,055577 
13,900000 0,046001 
14,000000 0,024074 
14,100000 -0,015886 
14,200000 -0,058173 
14,300000 -0,089506 
14,400000 -0,093444 
14,500000 -0,064168 
14,600000 -0,017501 
14,700000 0,017608 
14,800000 0,034107 
14,900000 0,034826 
15,000000 0,020022 
15,100000 -0,013717 
15,200000 -0,050309 
15,300000 -0,078056 
15,400000 -0,079458 
15,500000 -0,052511 
15,600000 -0,014356 
15,700000 0,017549 
15,800000 0,032165 
15,900000 0,032763 
16,000000 0,011737 
16,100000 -0,019400 
16,200000 -0,049088 
16,300000 -0,070885 
16,400000 -0,065428 
16,500000 -0,034410 
16,600000 0,001982 
16,700000 0,026198 
16,800000 0,036274 
16,900000 0,025903 
17,000000 -0,009121 
17,100000 -0,053316 
17,200000 -0,090977 
17,300000 -0,110406 
17,400000 -0,096787 
17,500000 -0,045974 
17,600000 -0,004948 
17,700000 0,012742 
17,800000 0,003353 
17,900000 -0,047429 
18,000000 -0,161891 
18,100000 -0,305729 
18,200000 -0,414132 
18,300000 -0,468640 
18,400000 -0,457062 
18,500000 -0,298574 
18,600000 -0,147768 
18,700000 -0,057916 
18,800000 -0,009179 
18,900000 0,016512 
19,000000 0,029266 
19,100000 0,034095 
19,200000 0,037239 
19,300000 0,040008 
19,400000 0,039132 
19,500000 0,047232 
19,600000 0,050602 
19,700000 0,054570 
19,800000 0,053395 
19,900000 0,048721 
20,000000 0,036528 
20,100000 0,027702 
20,200000 0,022455 
20,300000 0,018884 
20,400000 0,018493 
20,500000 0,033703 
20,600000 0,046543 
20,700000 0,053208 
20,800000 0,057313 
20,900000 0,060410 
21,000000 0,059958 
21,100000 0,062634 
21,200000 0,061525 
21,300000 0,061930 
21,400000 0,059048 
21,500000 0,058402 
21,600000 0,058115 
21,700000 0,061591 
21,800000 0,063474 
21,900000 0,063432 
22,000000 0,062916 
22,100000 0,063925 
22,200000 0,060497 
22,300000 0,061831 
22,400000 0,061608 
22,500000 0,061847 
22,600000 0,063795 
22,700000 0,059706 
22,800000 0,051162 
22,900000 0,054896 
23,000000 0,056313 
23,100000 0,059165 
23,200000 0,058292 
23,300000 0,057345 
23,400000 0,058016 
23,500000 0,057428 
23,600000 0,060121 
23,700000 0,060735 
23,800000 0,060974 
23,900000 0,066963 
24,000000 0,061276 
24,100000 0,058504 
24,200000 0,059174 
24,300000 0,058759 
24,400000 0,059240 
24,500000 0,061707 
24,600000 0,062921 
24,700000 0,061623 
24,800000 0,058792 
24,900000 0,051877 
25,000000 0,049284 
25,100000 0,042984 
25,200000 0,037923 
25,300000 0,037771 
25,400000 0,040462 
25,500000 0,047056 
25,600000 0,050990 
25,700000 0,048167 
25,800000 0,037153 
25,900000 0,016184 
26,000000 -0,012512 
26,100000 -0,035176 
26,200000 -0,046569 
26,300000 -0,048069 
26,400000 -0,035087 
26,500000 -0,005508 
26,600000 0,018624 
26,700000 0,025066 
26,800000 0,016924 
26,900000 -0,013766 
27,000000 -0,054021 
27,100000 -0,088307 
27,200000 -0,104624 
27,300000 -0,108378 
27,400000 -0,092038 
27,500000 -0,053695 
27,600000 -0,052419 
27,700000 -0,131799 
27,800000 -0,336295 
27,900000 -0,699410 
28,000000 -1,091805 
28,100000 -1,384308 
28,200000 -1,515568 
28,300000 -1,476626 
28,400000 -1,217341 
28,500000 -0,759583 
28,600000 -0,407462 
28,700000 -0,220030 
28,800000 -0,128432 
28,900000 -0,099655 
29,000000 -0,095513 
29,100000 -0,096800 
29,200000 -0,095129 
29,300000 -0,084519 
29,400000 -0,060489 
29,500000 -0,019830 
29,600000 0,012745 
29,700000 0,029438 
29,800000 0,032791 
29,900000 0,026410 
30,000000 0,019617 
30,100000 0,014309 
30,200000 0,011050 
30,300000 0,011214 
30,400000 0,018411 
30,500000 0,031838 
30,600000 0,038889 
30,700000 0,029127 
30,800000 -0,003880 
30,900000 -0,062299 
31,000000 -0,121139 
31,100000 -0,165022 
31,200000 -0,183349 
31,300000 -0,176414 
31,400000 -0,142820 
31,500000 -0,072088 
31,600000 -0,021356 
31,700000 -0,001557 
31,800000 -0,015910 
31,900000 -0,048516 
32,000000 -0,086974 
32,100000 -0,106357 
32,200000 -0,114154 
32,300000 -0,104112 
32,400000 -0,070322 
32,500000 -0,020233 
32,600000 0,010285 
32,700000 0,033386 
32,800000 0,038376 
32,900000 0,045617 
33,000000 0,057001 
33,100000 0,048428 
33,200000 0,048128 
33,300000 0,056409 
33,400000 0,062628 
33,500000 0,063062 
33,600000 0,059522 
33,700000 0,053324 
33,800000 0,058169 
33,900000 0,059779 
34,000000 0,057921 
34,100000 0,057389 
34,200000 0,050439 
34,300000 0,050797 
34,400000 0,060264 
34,500000 0,066576 
34,600000 0,070083 
34,700000 0,067561 
34,800000 0,068056 
34,900000 0,063846 
35,000000 0,064021 
35,100000 0,069304 
35,200000 0,069902 
35,300000 0,068488 
35,400000 0,067140 
35,500000 0,060313 
35,600000 0,056281 
35,700000 0,060851 
35,800000 0,061675 
35,900000 0,060020 
36,000000 0,060917 
36,100000 0,061507 
36,200000 0,057907 
36,300000 0,058104 
36,400000 0,056424 
36,500000 0,061815 
36,600000 0,059918 
36,700000 0,059785 
36,800000 0,062107 
36,900000 0,060667 
37,000000 0,059269 
37,100000 0,063309 
37,200000 0,061048 
37,300000 0,061420 
37,400000 0,060497 
37,500000 0,061585 
37,600000 0,063061 
37,700000 0,068612 
37,800000 0,057493 
37,900000 0,056192 
38,000000 0,057622 
38,100000 0,056802 
38,200000 0,055594 
38,300000 0,053111 
38,400000 0,053967 
38,500000 0,059828 
38,600000 0,058084 
38,700000 0,057606 
38,800000 0,055976 
38,900000 0,051362 
39,000000 0,046767 
39,100000 0,044143 
39,200000 0,043096 
39,300000 0,042424 
39,400000 0,046609 
39,500000 0,052151 
39,600000 0,055383 
39,700000 0,054532 
39,800000 0,048772 
39,900000 0,037700 
40,000000 0,026018 
40,100000 0,021449 
40,200000 0,019702 
40,300000 0,020775 
40,400000 0,033208 
40,500000 0,043709 
40,600000 0,053085 
40,700000 0,047423 
40,800000 0,042770 
40,900000 0,038899 
41,000000 0,035455 
41,100000 0,033959 
41,200000 0,032120 
41,300000 0,033113 
41,400000 0,036712 
41,500000 0,047390 
41,600000 0,055603 
41,700000 0,049777 
41,800000 0,053271 
41,900000 0,045781 
42,000000 0,035127 
42,100000 0,027642 
42,200000 0,025808 
42,300000 0,024340 
42,400000 0,034987 
42,500000 0,044595 
42,600000 0,047979 
42,700000 0,044257 
42,800000 0,034003 
42,900000 -0,011231 
43,000000 -0,061547 
43,100000 -0,093624 
43,200000 -0,119356 
43,300000 -0,105888 
43,400000 -0,083239 
43,500000 -0,024170 
43,600000 0,004558 
43,700000 0,029554 
43,800000 0,027959 
43,900000 0,024923 
44,000000 0,004858 
44,100000 -0,007689 
44,200000 -0,010145 
44,300000 -0,007749 
44,400000 0,007848 
44,500000 0,029819 
44,600000 0,041944 
44,700000 0,047721 
44,800000 0,045297 
44,900000 0,028580 
45,000000 0,008564 
45,100000 -0,007396 
45,200000 -0,013424 
45,300000 -0,012323 
45,400000 -0,001852 
45,500000 0,021481 
45,600000 0,038025 
45,700000 0,048698 
45,800000 0,053227 
45,900000 0,049274 
46,000000 0,042604 
46,100000 0,030830 
46,200000 0,025648 
46,300000 0,027434 
46,400000 0,033604 
46,500000 0,042833 
46,600000 0,049849 
46,700000 0,058432 
46,800000 0,060188 
46,900000 0,058941 
47,000000 0,058388 
47,100000 0,059450 
47,200000 0,059284 
47,300000 0,061596 
47,400000 0,062589 
47,500000 0,065057 
47,600000 0,065718 
47,700000 0,065791 
47,800000 0,072717 
47,900000 0,065110 
48,000000 0,063979 
48,100000 0,065961 
48,200000 0,065148 
48,300000 0,066927 
48,400000 0,068749 
48,500000 0,063966 
48,600000 0,067605 
48,700000 0,071137 
48,800000 0,069535 
48,900000 0,066838 
49,000000 0,069473 
49,100000 0,066928 
49,200000 0,067540 
49,300000 0,067193 
49,400000 0,066460 
49,500000 0,064420 
49,600000 0,064884 
49,700000 0,066704 
49,800000 0,069029 
49,900000 0,068744 
50,000000 0,068572 
50,100000 0,063881 
50,200000 0,072941 
50,300000 0,070203 
50,400000 0,066282 
50,500000 0,060647 
50,600000 0,063385 
50,700000 0,070480 
50,800000 0,070390 
50,900000 0,069330 
51,000000 0,069112 
51,100000 0,066395 
51,200000 0,066351 
51,300000 0,058599 
51,400000 0,060281 
51,500000 0,062524 
51,600000 0,071097 
51,700000 0,061297 
51,800000 0,061999 
51,900000 0,063476 
52,000000 0,067883 
52,100000 0,069464 
52,200000 0,067797 
52,300000 0,065062 
52,400000 0,066675 
52,500000 0,063546 
52,600000 0,067272 
52,700000 0,067243 
52,800000 0,065586 
52,900000 0,064559 
53,000000 0,066412 
53,100000 0,065789 
53,200000 0,066576 
53,300000 0,066842 
53,400000 0,066579 
53,500000 0,066255 
53,600000 0,066496 
53,700000 0,066712 
53,800000 0,066074 
53,900000 0,067288 
54,000000 0,065427 
54,100000 0,065920 
54,200000 0,067390 
54,300000 0,066037 
54,400000 0,066466 
54,500000 0,064688 
54,600000 0,064776 
54,700000 0,065646 
54,800000 0,064889 
54,900000 0,065930 
55,000000 0,066041 
55,100000 0,063823 
55,200000 0,061288 
55,300000 0,062160 
55,400000 0,060117 
55,500000 0,068244 
55,600000 0,061587 
55,700000 0,064982 
55,800000 0,063797 
55,900000 0,067019 
56,000000 0,066060 
56,100000 0,063774 
56,200000 0,062010 
56,300000 0,058310 
56,400000 0,060046 
56,500000 0,057831 
56,600000 0,064217 
56,700000 0,064322 
56,800000 0,063416 
56,900000 0,065492 
57,000000 0,065069 
57,100000 0,065091 
57,200000 0,065893 
57,300000 0,070612 
57,400000 0,063265 
57,500000 0,055828 
57,600000 0,061527 
57,700000 0,062172 
57,800000 0,063212 
57,900000 0,058861 
58,000000 0,053771 
58,100000 0,047952 
58,200000 0,042305 
58,300000 0,039240 
58,400000 0,039543 
58,500000 0,043339 
58,600000 0,057744 
58,700000 0,071063 
58,800000 0,067326 
58,900000 0,065757 
59,000000 0,066249 
59,100000 0,067382 
59,200000 0,066201 
59,300000 0,068034 
59,400000 0,069808 
59,500000 0,070361 
59,600000 0,065691 
59,700000 0,063919 
59,800000 0,064729 
59,900000 0,067273 
60,000000 0,064570 
60,100000 0,063457 
60,200000 0,064164 
60,300000 0,066347 
60,400000 0,066771 
60,500000 0,070734 
60,600000 0,061296 
60,700000 0,061101 
60,800000 0,064106 
60,900000 0,065420 
61,000000 0,064627 
61,100000 0,065766 
61,200000 0,065146 
61,300000 0,067847 
61,400000 0,066339 
61,500000 0,066783 
61,600000 0,065578 
61,700000 0,067912 
61,800000 0,064879 
61,900000 0,067261 
62,000000 0,066988 
62,100000 0,068316 
62,200000 0,066491 
62,300000 0,066351 
62,400000 0,066541 
62,500000 0,066518 
62,600000 0,067976 
62,700000 0,068262 
62,800000 0,066690 
62,900000 0,063203 
63,000000 0,067232 
63,100000 0,067455 
63,200000 0,065066 
63,300000 0,067659 
63,400000 0,064289 
63,500000 0,064496 
63,600000 0,071624 
63,700000 0,067213 
63,800000 0,069459 
63,900000 0,068279 
64,000000 0,068721 
64,100000 0,065456 
64,200000 0,065130 
64,300000 0,069101 
64,400000 0,068550 
64,500000 0,064367 
64,600000 0,061994 
64,700000 0,063933 
64,800000 0,070830 
64,900000 0,067411 
65,000000 0,067601 
65,100000 0,072241 
65,200000 0,070472 
65,300000 0,070269 
65,400000 0,069279 
65,500000 0,066420 
65,600000 0,069500 
65,700000 0,067886 
65,800000 0,071289 
65,900000 0,072212 
66,000000 0,071189 
66,100000 0,065818 
66,200000 0,064802 
66,300000 0,066880 
66,400000 0,066147 
66,500000 0,067900 
66,600000 0,069206 
66,700000 0,074350 
66,800000 0,072458 
66,900000 0,070333 
67,000000 0,068221 
67,100000 0,065441 
67,200000 0,070483 
67,300000 0,068769 
67,400000 0,067591 
67,500000 0,068448 
67,600000 0,071161 
67,700000 0,070501 
67,800000 0,068344 
67,900000 0,069127 
68,000000 0,064392 
68,100000 0,069939 
68,200000 0,069735 
68,300000 0,072244 
68,400000 0,069411 
68,500000 0,065537 
68,600000 0,071532 
68,700000 0,068668 
68,800000 0,069171 
68,900000 0,067640 
69,000000 0,069749 
69,100000 0,063888 
69,200000 0,066058 
69,300000 0,057786 
69,400000 0,065676 
69,500000 0,066625 
69,600000 0,067793 
69,700000 0,062324 
69,800000 0,069273 
69,900000 0,067311 
70,000000 0,069778 
70,100000 0,066466 
70,200000 0,067218 
70,300000 0,068534 
70,400000 0,064381 
70,500000 0,065838 
70,600000 0,066709 
70,700000 0,069392 
70,800000 0,064368 
70,900000 0,065313 
71,000000 0,067640 
71,100000 0,067247 
71,200000 0,066186 
71,300000 0,067459 
71,400000 0,066884 
71,500000 0,065125 
71,600000 0,065479 
71,700000 0,064731 
71,800000 0,065953 
71,900000 0,070205 
72,000000 0,066898 
72,100000 0,065151 
72,200000 0,068559 
72,300000 0,067072 
72,400000 0,068417 
72,500000 0,066708 
72,600000 0,068725 
72,700000 0,070226 
72,800000 0,068093 
72,900000 0,070026 
73,000000 0,064505 
73,100000 0,066641 
73,200000 0,066676 
73,300000 0,063495 
73,400000 0,064341 
73,500000 0,065969 
73,600000 0,066041 
73,700000 0,066295 
73,800000 0,065917 
73,900000 0,067533 
74,000000 0,067002 
74,100000 0,066410 
74,200000 0,068982 
74,300000 0,067265 
74,400000 0,076636 
74,500000 0,074766 
74,600000 0,065680 
74,700000 0,069019 
74,800000 0,072043 
74,900000 0,067001 
75,000000 0,070015 
75,100000 0,067153 
75,200000 0,071088 
75,300000 0,069681 
75,400000 0,071650 
75,500000 0,069323 
75,600000 0,065591 
75,700000 0,070555 
75,800000 0,069882 
75,900000 0,069136 
76,000000 0,068666 
76,100000 0,071487 
76,200000 0,070035 
76,300000 0,072284 
76,400000 0,071297 
76,500000 0,069161 
76,600000 0,068912 
76,700000 0,078155 
76,800000 0,065989 
76,900000 0,069840 
77,000000 0,065087 
77,100000 0,068564 
77,200000 0,069572 
77,300000 0,069894 
77,400000 0,068158 
77,500000 0,070264 
77,600000 0,067602 
77,700000 0,066898 
77,800000 0,065182 
77,900000 0,070380 
78,000000 0,068673 
78,100000 0,071873 
78,200000 0,071263 
78,300000 0,067198 
78,400000 0,070098 
78,500000 0,068589 
78,600000 0,065144 
78,700000 0,067655 
78,800000 0,069880 
78,900000 0,071475 
79,000000 0,074228 
79,100000 0,070916 
79,200000 0,070284 
79,300000 0,068085 
79,400000 0,068656 
79,500000 0,068587 
79,600000 0,070527 
79,700000 0,066548 
79,800000 0,069174 
79,900000 0,069289 
80,000000 0,066114 
80,100000 0,067759 
80,200000 0,065511 
80,300000 0,071173 
80,400000 0,069640 
80,500000 0,069885 
80,600000 0,069280 
80,700000 0,070328 
80,800000 0,068060 
80,900000 0,066276 
81,000000 0,070657 
81,100000 0,071143 
81,200000 0,066738 
81,300000 0,071878 
81,400000 0,067377 
81,500000 0,067713 
81,600000 0,067747 
81,700000 0,066927 
81,800000 0,067799 
81,900000 0,069657 
82,000000 0,070964 
82,100000 0,073108 
82,200000 0,068291 
82,300000 0,063561 
82,400000 0,066926 
82,500000 0,063981 
82,600000 0,061957 
82,700000 0,067542 
82,800000 0,064671 
82,900000 0,063953 
83,000000 0,066539 
83,100000 0,064696 
83,200000 0,069359 
83,300000 0,069081 
83,400000 0,066536 
83,500000 0,067973 
83,600000 0,064979 
83,700000 0,076366 
83,800000 0,069606 
83,900000 0,075503 
84,000000 0,072219 
84,100000 0,073750 
84,200000 0,065197 
84,300000 0,071891 
84,400000 0,067174 
84,500000 0,072367 
84,600000 0,072153 
84,700000 0,064765 
84,800000 0,071518 
84,900000 0,075393 
85,000000 0,077312 
85,100000 0,070312 
85,200000 0,072006 
85,300000 0,071257 
85,400000 0,069343 
85,500000 0,073128 
85,600000 0,068415 
85,700000 0,071971 
85,800000 0,070916 
85,900000 0,072369 
86,000000 0,070050 
86,100000 0,071478 
86,200000 0,068830 
86,300000 0,068620 
86,400000 0,068447 
86,500000 0,071402 
86,600000 0,069992 
86,700000 0,068974 
86,800000 0,068324 
86,900000 0,068518 
87,000000 0,063081 
87,100000 0,070344 
87,200000 0,068380 
87,300000 0,067133 
87,400000 0,069804 
87,500000 0,069084 
87,600000 0,072075 
87,700000 0,068357 
87,800000 0,071149 
87,900000 0,081180 
88,000000 0,076139 
88,100000 0,071660 
88,200000 0,071454 
88,300000 0,070878 
88,400000 0,070366 
88,500000 0,071607 
88,600000 0,072683 
88,700000 0,069766 
88,800000 0,075081 
88,900000 0,071166 
89,000000 0,072712 
89,100000 0,072784 
89,200000 0,069772 
89,300000 0,073543 
89,400000 0,074585 
89,500000 0,073505 
89,600000 0,072563 
89,700000 0,071171 
89,800000 0,068680 
89,900000 0,068126 
90,000000 0,068575 
90,100000 0,069005 
90,200000 0,065621 
90,300000 0,071701 
90,400000 0,072065 
90,500000 0,069950 
90,600000 0,071747 
90,700000 0,070918 
90,800000 0,070287 
90,900000 0,069871 
91,000000 0,072534 
91,100000 0,068964 
91,200000 0,072257 
91,300000 0,066159 
91,400000 0,071758 
91,500000 0,071278 
91,600000 0,072521 
91,700000 0,070478 
91,800000 0,070318 
91,900000 0,073790 
92,000000 0,071532 
92,100000 0,070638 
92,200000 0,073242 
92,300000 0,069350 
92,400000 0,065500 
92,500000 0,066336 
92,600000 0,073923 
92,700000 0,074245 
92,800000 0,072698 
92,900000 0,073334 
93,000000 0,072877 
93,100000 0,067042 
93,200000 0,071832 
93,300000 0,062848 
93,400000 0,071579 
93,500000 0,065059 
93,600000 0,065642 
93,700000 0,061297 
93,800000 0,075031 
93,900000 0,071458 
94,000000 0,073180 
94,100000 0,078194 
94,200000 0,075346 
94,300000 0,068859 
94,400000 0,066737 
94,500000 0,065505 
94,600000 0,068426 
94,700000 0,067618 
94,800000 0,072643 
94,900000 0,067381 
95,000000 0,066972 
95,100000 0,066971 
95,200000 0,062301 
95,300000 0,069876 
95,400000 0,068819 
95,500000 0,068653 
95,600000 0,066975 
95,700000 0,070993 
95,800000 0,069462 
95,900000 0,071341 
96,000000 0,070109 
96,100000 0,060856 
96,200000 0,069660 
96,300000 0,069630 
96,400000 0,067944 
96,500000 0,071871 
96,600000 0,073563 
96,700000 0,072181 
96,800000 0,068494 
96,900000 0,069449 
97,000000 0,069106 
97,100000 0,069905 
97,200000 0,074057 
97,300000 0,071536 
97,400000 0,071131 
97,500000 0,069131 
97,600000 0,073581 
97,700000 0,072420 
97,800000 0,072850 
97,900000 0,069622 
98,000000 0,067948 
98,100000 0,068869 
98,200000 0,069152 
98,300000 0,072021 
98,400000 0,065905 
98,500000 0,070335 
98,600000 0,069641 
98,700000 0,070850 
98,800000 0,066896 
98,900000 0,065650 
99,000000 0,068487 
99,100000 0,066812 
99,200000 0,069566 
99,300000 0,068827 
99,400000 0,071759 
99,500000 0,073523 
99,600000 0,069338 
99,700000 0,067861 
99,800000 0,064012 
99,900000 0,062260 
100,000000 0,064974 
