0,000000 -0,162889 
0,100000 -0,070219 
0,200000 -0,022418 
0,300000 0,007640 
0,400000 0,023038 
0,500000 0,034751 
0,600000 0,037667 
0,700000 0,044659 
0,800000 0,047024 
0,900000 0,047694 
1,000000 0,049876 
1,100000 0,050589 
1,200000 0,053827 
1,300000 0,053934 
1,400000 0,051782 
1,500000 0,052509 
1,600000 0,049714 
1,700000 0,051750 
1,800000 0,052201 
1,900000 0,057957 
2,000000 0,066837 
2,100000 0,068100 
2,200000 0,075115 
2,300000 0,079999 
2,400000 0,084405 
2,500000 0,083432 
2,600000 0,085680 
2,700000 0,080388 
2,800000 0,057943 
2,900000 0,001158 
3,000000 -0,012263 
3,100000 0,020116 
3,200000 0,056234 
3,300000 0,067866 
3,400000 0,079443 
3,500000 0,086813 
3,600000 0,089140 
3,700000 0,090775 
3,800000 0,091204 
3,900000 0,089986 
4,000000 0,090822 
4,100000 0,090736 
4,200000 0,092507 
4,300000 0,095228 
4,400000 0,092745 
4,500000 0,093247 
4,600000 0,090315 
4,700000 0,090372 
4,800000 0,092590 
4,900000 0,094018 
5,000000 0,090587 
5,100000 0,095941 
5,200000 0,095846 
5,300000 0,093094 
5,400000 0,094479 
5,500000 0,095209 
5,600000 0,092778 
5,700000 0,095140 
5,800000 0,092404 
5,900000 0,094367 
6,000000 0,092826 
6,100000 0,094136 
6,200000 0,095989 
6,300000 0,094624 
6,400000 0,093885 
6,500000 0,093246 
6,600000 0,091556 
6,700000 0,096250 
6,800000 0,089241 
6,900000 0,085029 
7,000000 0,085151 
7,100000 0,086776 
7,200000 0,089824 
7,300000 0,090397 
7,400000 0,090004 
7,500000 0,091555 
7,600000 0,090943 
7,700000 0,090828 
7,800000 0,092233 
7,900000 0,090362 
8,000000 0,091149 
8,100000 0,091466 
8,200000 0,092820 
8,300000 0,089086 
8,400000 0,088685 
8,500000 0,090128 
8,600000 0,091233 
8,700000 0,090239 
8,800000 0,091697 
8,900000 0,090895 
9,000000 0,090730 
9,100000 0,088220 
9,200000 0,088362 
9,300000 0,090360 
9,400000 0,092362 
9,500000 0,091968 
9,600000 0,090329 
9,700000 0,090366 
9,800000 0,088253 
9,900000 0,089950 
10,000000 0,090913 
10,100000 0,089718 
10,200000 0,088134 
10,300000 0,089521 
10,400000 0,089273 
10,500000 0,087352 
10,600000 0,089319 
10,700000 0,089074 
10,800000 0,090175 
10,900000 0,090775 
11,000000 0,098897 
11,100000 0,086601 
11,200000 0,090264 
11,300000 0,092233 
11,400000 0,089931 
11,500000 0,090245 
11,600000 0,090089 
11,700000 0,088862 
11,800000 0,089342 
11,900000 0,089286 
12,000000 0,088430 
12,100000 0,090013 
12,200000 0,084829 
12,300000 0,083422 
12,400000 0,083760 
12,500000 0,082515 
12,600000 0,081963 
12,700000 0,087349 
12,800000 0,090179 
12,900000 0,090079 
13,000000 0,092651 
13,100000 0,092130 
13,200000 0,090701 
13,300000 0,093687 
13,400000 0,088327 
13,500000 0,088912 
13,600000 0,087829 
13,700000 0,089080 
13,800000 0,092684 
13,900000 0,090483 
14,000000 0,092568 
14,100000 0,089802 
14,200000 0,082253 
14,300000 0,077494 
14,400000 0,078720 
14,500000 0,078650 
14,600000 0,084109 
14,700000 0,089226 
14,800000 0,090259 
14,900000 0,090845 
15,000000 0,082117 
15,100000 0,075163 
15,200000 0,078451 
15,300000 0,080342 
15,400000 0,075873 
15,500000 0,076270 
15,600000 0,079275 
15,700000 0,079669 
15,800000 0,079580 
15,900000 0,082726 
16,000000 0,080020 
16,100000 0,059785 
16,200000 0,049263 
16,300000 0,043798 
16,400000 0,052152 
16,500000 0,059915 
16,600000 0,066383 
16,700000 0,075843 
16,800000 0,076037 
16,900000 0,065310 
17,000000 0,027147 
17,100000 -0,035148 
17,200000 -0,097630 
17,300000 -0,144081 
17,400000 -0,155844 
17,500000 -0,116697 
17,600000 -0,053421 
17,700000 -0,001992 
17,800000 0,013646 
17,900000 -0,038866 
18,000000 -0,180943 
18,100000 -0,416272 
18,200000 -0,660770 
18,300000 -0,812997 
18,400000 -0,864844 
18,500000 -0,704699 
18,600000 -0,432363 
18,700000 -0,222794 
18,800000 -0,098939 
18,900000 -0,028581 
19,000000 0,012460 
19,100000 0,033159 
19,200000 0,049002 
19,300000 0,060636 
19,400000 0,070168 
19,500000 0,070832 
19,600000 0,069976 
19,700000 0,072789 
19,800000 0,068930 
19,900000 0,052144 
20,000000 0,019011 
20,100000 -0,027332 
20,200000 -0,071092 
20,300000 -0,095477 
20,400000 -0,095620 
20,500000 -0,060761 
20,600000 -0,007488 
20,700000 0,031994 
20,800000 0,056614 
20,900000 0,071086 
21,000000 0,073767 
21,100000 0,081773 
21,200000 0,080924 
21,300000 0,081714 
21,400000 0,084034 
21,500000 0,086802 
21,600000 0,086428 
21,700000 0,085932 
21,800000 0,082443 
21,900000 0,084247 
22,000000 0,082458 
22,100000 0,083649 
22,200000 0,080615 
22,300000 0,084513 
22,400000 0,084226 
22,500000 0,083899 
22,600000 0,083825 
22,700000 0,085409 
22,800000 0,088765 
22,900000 0,085610 
23,000000 0,083634 
23,100000 0,085870 
23,200000 0,085315 
23,300000 0,084673 
23,400000 0,085881 
23,500000 0,084343 
23,600000 0,087324 
23,700000 0,086149 
23,800000 0,086595 
23,900000 0,081410 
24,000000 0,083019 
24,100000 0,085058 
24,200000 0,080483 
24,300000 0,083838 
24,400000 0,084294 
24,500000 0,083408 
24,600000 0,086309 
24,700000 0,086219 
24,800000 0,086371 
24,900000 0,086446 
25,000000 0,080305 
25,100000 0,081820 
25,200000 0,072370 
25,300000 0,069167 
25,400000 0,073526 
25,500000 0,075220 
25,600000 0,085911 
25,700000 0,079694 
25,800000 0,079381 
25,900000 0,074312 
26,000000 0,069621 
26,100000 0,065019 
26,200000 0,059793 
26,300000 0,056432 
26,400000 0,068366 
26,500000 0,068527 
26,600000 0,072404 
26,700000 0,074923 
26,800000 0,082031 
26,900000 0,066005 
27,000000 0,058057 
27,100000 0,053840 
27,200000 0,051039 
27,300000 0,052717 
27,400000 0,065456 
27,500000 0,058032 
27,600000 0,065583 
27,700000 0,055407 
27,800000 0,030048 
27,900000 -0,033903 
28,000000 -0,118378 
28,100000 -0,194880 
28,200000 -0,248275 
28,300000 -0,262621 
28,400000 -0,236642 
28,500000 -0,162895 
28,600000 -0,074683 
28,700000 -0,008489 
28,800000 0,025778 
28,900000 0,038597 
29,000000 0,049247 
29,100000 0,051617 
29,200000 0,053121 
29,300000 0,056465 
29,400000 0,060215 
29,500000 0,071021 
29,600000 0,073618 
29,700000 0,077644 
29,800000 0,077803 
29,900000 0,078413 
30,000000 0,077033 
30,100000 0,074703 
30,200000 0,074806 
30,300000 0,074219 
30,400000 0,075421 
30,500000 0,077045 
30,600000 0,079515 
30,700000 0,081497 
30,800000 0,078046 
30,900000 0,073554 
31,000000 0,065142 
31,100000 0,057918 
31,200000 0,053634 
31,300000 0,056946 
31,400000 0,060158 
31,500000 0,058743 
31,600000 0,065898 
31,700000 0,073428 
31,800000 0,073365 
31,900000 0,075705 
32,000000 0,068895 
32,100000 0,063390 
32,200000 0,062609 
32,300000 0,062815 
32,400000 0,064093 
32,500000 0,068929 
32,600000 0,074898 
32,700000 0,077701 
32,800000 0,079353 
32,900000 0,083941 
33,000000 0,079850 
33,100000 0,084155 
33,200000 0,083510 
33,300000 0,081327 
33,400000 0,081245 
33,500000 0,083859 
33,600000 0,081878 
33,700000 0,082156 
33,800000 0,080692 
33,900000 0,084974 
34,000000 0,082598 
34,100000 0,082855 
34,200000 0,083391 
34,300000 0,082686 
34,400000 0,083293 
34,500000 0,088168 
34,600000 0,085253 
34,700000 0,086394 
34,800000 0,089954 
34,900000 0,090602 
35,000000 0,081168 
35,100000 0,083391 
35,200000 0,085219 
35,300000 0,084341 
35,400000 0,084951 
35,500000 0,084240 
35,600000 0,086843 
35,700000 0,081295 
35,800000 0,077309 
35,900000 0,080420 
36,000000 0,077540 
36,100000 0,080700 
36,200000 0,078069 
36,300000 0,080106 
36,400000 0,079944 
36,500000 0,082334 
36,600000 0,083193 
36,700000 0,083065 
36,800000 0,083734 
36,900000 0,083464 
37,000000 0,081451 
37,100000 0,083519 
37,200000 0,080474 
37,300000 0,080289 
37,400000 0,084778 
37,500000 0,081429 
37,600000 0,082455 
37,700000 0,079888 
37,800000 0,080181 
37,900000 0,079906 
38,000000 0,081109 
38,100000 0,081309 
38,200000 0,088287 
38,300000 0,081890 
38,400000 0,083007 
38,500000 0,080478 
38,600000 0,085979 
38,700000 0,087904 
38,800000 0,087727 
38,900000 0,081529 
39,000000 0,083937 
39,100000 0,084190 
39,200000 0,084865 
39,300000 0,083629 
39,400000 0,082404 
39,500000 0,084396 
39,600000 0,080393 
39,700000 0,078469 
39,800000 0,076248 
39,900000 0,080666 
40,000000 0,071164 
40,100000 0,065692 
40,200000 0,064083 
40,300000 0,063554 
40,400000 0,068489 
40,500000 0,075157 
40,600000 0,080026 
40,700000 0,079245 
40,800000 0,080830 
40,900000 0,080272 
41,000000 0,078288 
41,100000 0,078345 
41,200000 0,079414 
41,300000 0,076337 
41,400000 0,078575 
41,500000 0,076245 
41,600000 0,083177 
41,700000 0,082923 
41,800000 0,080332 
41,900000 0,073869 
42,000000 0,071986 
42,100000 0,073715 
42,200000 0,071438 
42,300000 0,079269 
42,400000 0,076373 
42,500000 0,080685 
42,600000 0,076513 
42,700000 0,080740 
42,800000 0,081139 
42,900000 0,079367 
43,000000 0,076800 
43,100000 0,075565 
43,200000 0,073300 
43,300000 0,072481 
43,400000 0,075459 
43,500000 0,076281 
43,600000 0,078395 
43,700000 0,075375 
43,800000 0,069116 
43,900000 0,057178 
44,000000 0,042648 
44,100000 0,034010 
44,200000 0,025709 
44,300000 0,026322 
44,400000 0,026333 
44,500000 0,040276 
44,600000 0,057265 
44,700000 0,064540 
44,800000 0,069917 
44,900000 0,072622 
45,000000 0,077080 
45,100000 0,077079 
45,200000 0,078153 
45,300000 0,078059 
45,400000 0,077673 
45,500000 0,077801 
45,600000 0,077476 
45,700000 0,075024 
45,800000 0,076593 
45,900000 0,076252 
46,000000 0,077979 
46,100000 0,078670 
46,200000 0,077264 
46,300000 0,079099 
46,400000 0,079785 
46,500000 0,077441 
46,600000 0,080599 
46,700000 0,080493 
46,800000 0,079073 
46,900000 0,071190 
47,000000 0,063807 
47,100000 0,062842 
47,200000 0,061996 
47,300000 0,061701 
47,400000 0,053022 
47,500000 0,061723 
47,600000 0,066771 
47,700000 0,071401 
47,800000 0,074622 
47,900000 0,075467 
48,000000 0,074202 
48,100000 0,073796 
48,200000 0,073785 
48,300000 0,073846 
48,400000 0,074724 
48,500000 0,076502 
48,600000 0,078169 
48,700000 0,079586 
48,800000 0,078875 
48,900000 0,075656 
49,000000 0,078793 
49,100000 0,088871 
49,200000 0,086629 
49,300000 0,075676 
49,400000 0,079896 
49,500000 0,081404 
49,600000 0,082224 
49,700000 0,079120 
49,800000 0,079541 
49,900000 0,081541 
50,000000 0,075631 
50,100000 0,071571 
50,200000 0,071093 
50,300000 0,063323 
50,400000 0,072948 
50,500000 0,076881 
50,600000 0,080247 
50,700000 0,081796 
50,800000 0,083362 
50,900000 0,085792 
51,000000 0,085024 
51,100000 0,084189 
51,200000 0,082183 
51,300000 0,078919 
51,400000 0,082319 
51,500000 0,084016 
51,600000 0,083321 
51,700000 0,084769 
51,800000 0,083455 
51,900000 0,067164 
52,000000 0,074915 
52,100000 0,070143 
52,200000 0,080643 
52,300000 0,080035 
52,400000 0,080924 
52,500000 0,074566 
52,600000 0,082379 
52,700000 0,082162 
52,800000 0,081497 
52,900000 0,076298 
53,000000 0,079259 
53,100000 0,081528 
53,200000 0,079109 
53,300000 0,077030 
53,400000 0,077543 
53,500000 0,080896 
53,600000 0,076804 
53,700000 0,076557 
53,800000 0,090419 
53,900000 0,085765 
54,000000 0,082442 
54,100000 0,078331 
54,200000 0,078833 
54,300000 0,078718 
54,400000 0,084520 
54,500000 0,080853 
54,600000 0,079455 
54,700000 0,085164 
54,800000 0,080627 
54,900000 0,080579 
55,000000 0,080206 
55,100000 0,080733 
55,200000 0,080944 
55,300000 0,079685 
55,400000 0,076747 
55,500000 0,079034 
55,600000 0,078263 
55,700000 0,078768 
55,800000 0,077763 
55,900000 0,079552 
56,000000 0,086821 
56,100000 0,083587 
56,200000 0,082550 
56,300000 0,080325 
56,400000 0,082229 
56,500000 0,080985 
56,600000 0,083680 
56,700000 0,082247 
56,800000 0,083674 
56,900000 0,083385 
57,000000 0,083422 
57,100000 0,083466 
57,200000 0,082910 
57,300000 0,080772 
57,400000 0,082890 
57,500000 0,084970 
57,600000 0,082992 
57,700000 0,082222 
57,800000 0,081411 
57,900000 0,081447 
58,000000 0,082330 
58,100000 0,082491 
58,200000 0,080782 
58,300000 0,081540 
58,400000 0,082311 
58,500000 0,083403 
58,600000 0,081308 
58,700000 0,080345 
58,800000 0,081026 
58,900000 0,081284 
59,000000 0,082190 
59,100000 0,080458 
59,200000 0,080563 
59,300000 0,080913 
59,400000 0,080290 
59,500000 0,081105 
59,600000 0,080658 
59,700000 0,081083 
59,800000 0,081798 
59,900000 0,079412 
60,000000 0,077424 
60,100000 0,078515 
60,200000 0,080555 
60,300000 0,077634 
60,400000 0,079824 
60,500000 0,077060 
60,600000 0,077199 
60,700000 0,079108 
60,800000 0,076354 
60,900000 0,074050 
61,000000 0,069801 
61,100000 0,070868 
61,200000 0,076132 
61,300000 0,088673 
61,400000 0,086097 
61,500000 0,083927 
61,600000 0,082179 
61,700000 0,081592 
61,800000 0,079451 
61,900000 0,081677 
62,000000 0,081210 
62,100000 0,080351 
62,200000 0,080121 
62,300000 0,078844 
62,400000 0,077925 
62,500000 0,077469 
62,600000 0,079116 
62,700000 0,080507 
62,800000 0,080533 
62,900000 0,079946 
63,000000 0,081283 
63,100000 0,080667 
63,200000 0,082036 
63,300000 0,082348 
63,400000 0,078431 
63,500000 0,079989 
63,600000 0,081988 
63,700000 0,082000 
63,800000 0,082781 
63,900000 0,079593 
64,000000 0,079026 
64,100000 0,076889 
64,200000 0,075967 
64,300000 0,074842 
64,400000 0,079979 
64,500000 0,082094 
64,600000 0,080942 
64,700000 0,079979 
64,800000 0,081703 
64,900000 0,080245 
65,000000 0,080697 
65,100000 0,082583 
65,200000 0,084494 
65,300000 0,080233 
65,400000 0,080563 
65,500000 0,080189 
65,600000 0,080637 
65,700000 0,078562 
65,800000 0,079430 
65,900000 0,079672 
66,000000 0,078909 
66,100000 0,075265 
66,200000 0,076461 
66,300000 0,076101 
66,400000 0,076289 
66,500000 0,076130 
66,600000 0,077624 
66,700000 0,080298 
66,800000 0,079894 
66,900000 0,079509 
67,000000 0,080219 
67,100000 0,078160 
67,200000 0,081500 
67,300000 0,087914 
67,400000 0,082364 
67,500000 0,073542 
67,600000 0,074880 
67,700000 0,075603 
67,800000 0,075975 
67,900000 0,078179 
68,000000 0,079531 
68,100000 0,079250 
68,200000 0,081309 
68,300000 0,082823 
68,400000 0,084348 
68,500000 0,080254 
68,600000 0,080755 
68,700000 0,075143 
68,800000 0,078695 
68,900000 0,076691 
69,000000 0,075881 
69,100000 0,069443 
69,200000 0,061994 
69,300000 0,051796 
69,400000 0,050443 
69,500000 0,053736 
69,600000 0,062463 
69,700000 0,069829 
69,800000 0,077378 
69,900000 0,077375 
70,000000 0,079703 
70,100000 0,079538 
70,200000 0,081677 
70,300000 0,082217 
70,400000 0,079657 
70,500000 0,081963 
70,600000 0,081430 
70,700000 0,083839 
70,800000 0,083233 
70,900000 0,078521 
71,000000 0,080914 
71,100000 0,079271 
71,200000 0,080348 
71,300000 0,079760 
71,400000 0,081891 
71,500000 0,081551 
71,600000 0,079715 
71,700000 0,078454 
71,800000 0,079391 
71,900000 0,079039 
72,000000 0,088730 
72,100000 0,100023 
72,200000 0,092186 
72,300000 0,084783 
72,400000 0,083149 
72,500000 0,084805 
72,600000 0,088710 
72,700000 0,085920 
72,800000 0,089413 
72,900000 0,088227 
73,000000 0,085681 
73,100000 0,089552 
73,200000 0,086056 
73,300000 0,084300 
73,400000 0,085687 
73,500000 0,085865 
73,600000 0,086097 
73,700000 0,088597 
73,800000 0,086530 
73,900000 0,082913 
74,000000 0,083259 
74,100000 0,081910 
74,200000 0,079850 
74,300000 0,084387 
74,400000 0,083901 
74,500000 0,085802 
74,600000 0,083985 
74,700000 0,087857 
74,800000 0,085194 
74,900000 0,086921 
75,000000 0,087249 
75,100000 0,090079 
75,200000 0,087533 
75,300000 0,086617 
75,400000 0,084748 
75,500000 0,083146 
75,600000 0,086330 
75,700000 0,085324 
75,800000 0,084255 
75,900000 0,083382 
76,000000 0,087090 
76,100000 0,091628 
76,200000 0,088901 
76,300000 0,086599 
76,400000 0,085263 
76,500000 0,083696 
76,600000 0,082718 
76,700000 0,085508 
76,800000 0,085314 
76,900000 0,085508 
77,000000 0,084997 
77,100000 0,081859 
77,200000 0,081126 
77,300000 0,081265 
77,400000 0,080928 
77,500000 0,084141 
77,600000 0,086386 
77,700000 0,086258 
77,800000 0,086802 
77,900000 0,081062 
78,000000 0,081349 
78,100000 0,080838 
78,200000 0,083452 
78,300000 0,083601 
78,400000 0,083536 
78,500000 0,081572 
78,600000 0,083873 
78,700000 0,084982 
78,800000 0,086127 
78,900000 0,084958 
79,000000 0,080633 
79,100000 0,082514 
79,200000 0,083140 
79,300000 0,083660 
79,400000 0,084523 
79,500000 0,084595 
79,600000 0,084444 
79,700000 0,081731 
79,800000 0,084627 
79,900000 0,083153 
80,000000 0,083581 
80,100000 0,081123 
80,200000 0,085075 
80,300000 0,083875 
80,400000 0,085591 
80,500000 0,085530 
80,600000 0,082740 
80,700000 0,083431 
80,800000 0,085438 
80,900000 0,082842 
81,000000 0,084407 
81,100000 0,084821 
81,200000 0,083696 
81,300000 0,082299 
81,400000 0,082137 
81,500000 0,080971 
81,600000 0,084492 
81,700000 0,085160 
81,800000 0,084524 
81,900000 0,082379 
82,000000 0,083697 
82,100000 0,082892 
82,200000 0,084239 
82,300000 0,083030 
82,400000 0,082880 
82,500000 0,083463 
82,600000 0,084910 
82,700000 0,085699 
82,800000 0,081748 
82,900000 0,083094 
83,000000 0,081739 
83,100000 0,082242 
83,200000 0,083773 
83,300000 0,082070 
83,400000 0,082401 
83,500000 0,084692 
83,600000 0,085479 
83,700000 0,080988 
83,800000 0,077541 
83,900000 0,078699 
84,000000 0,082437 
84,100000 0,081132 
84,200000 0,077338 
84,300000 0,080297 
84,400000 0,080674 
84,500000 0,083531 
84,600000 0,082710 
84,700000 0,084058 
84,800000 0,081775 
84,900000 0,082261 
85,000000 0,082187 
85,100000 0,083751 
85,200000 0,086910 
85,300000 0,090115 
85,400000 0,085199 
85,500000 0,087374 
85,600000 0,086406 
85,700000 0,087607 
85,800000 0,087569 
85,900000 0,085944 
86,000000 0,087179 
86,100000 0,086261 
86,200000 0,085917 
86,300000 0,083862 
86,400000 0,089841 
86,500000 0,082151 
86,600000 0,079247 
86,700000 0,084176 
86,800000 0,089205 
86,900000 0,089312 
87,000000 0,077577 
87,100000 0,083413 
87,200000 0,091066 
87,300000 0,086863 
87,400000 0,084584 
87,500000 0,084372 
87,600000 0,084761 
87,700000 0,085219 
87,800000 0,084328 
87,900000 0,087647 
88,000000 0,081757 
88,100000 0,081160 
88,200000 0,085800 
88,300000 0,083567 
88,400000 0,082986 
88,500000 0,087934 
88,600000 0,086406 
88,700000 0,087785 
88,800000 0,082419 
88,900000 0,085261 
89,000000 0,087471 
89,100000 0,086026 
89,200000 0,085815 
89,300000 0,085475 
89,400000 0,084008 
89,500000 0,085934 
89,600000 0,085209 
89,700000 0,086755 
89,800000 0,086956 
89,900000 0,088081 
90,000000 0,087636 
90,100000 0,087728 
90,200000 0,086442 
90,300000 0,083442 
90,400000 0,083520 
90,500000 0,084804 
90,600000 0,089954 
90,700000 0,090459 
90,800000 0,087473 
90,900000 0,081471 
91,000000 0,086840 
91,100000 0,087003 
91,200000 0,085285 
91,300000 0,087281 
91,400000 0,087062 
91,500000 0,086790 
91,600000 0,089353 
91,700000 0,087134 
91,800000 0,085926 
91,900000 0,085183 
92,000000 0,084857 
92,100000 0,086822 
92,200000 0,092512 
92,300000 0,083283 
92,400000 0,085184 
92,500000 0,085561 
92,600000 0,082745 
92,700000 0,085683 
92,800000 0,086084 
92,900000 0,085711 
93,000000 0,084810 
93,100000 0,082476 
93,200000 0,082999 
93,300000 0,084490 
93,400000 0,084379 
93,500000 0,083135 
93,600000 0,081595 
93,700000 0,088446 
93,800000 0,089698 
93,900000 0,087290 
94,000000 0,084358 
94,100000 0,082842 
94,200000 0,084542 
94,300000 0,079733 
94,400000 0,086157 
94,500000 0,085134 
94,600000 0,084866 
94,700000 0,084885 
94,800000 0,084578 
94,900000 0,084623 
95,000000 0,082754 
95,100000 0,083423 
95,200000 0,081715 
95,300000 0,082371 
95,400000 0,083463 
95,500000 0,084092 
95,600000 0,085459 
95,700000 0,084821 
95,800000 0,084589 
95,900000 0,082666 
96,000000 0,084580 
96,100000 0,084587 
96,200000 0,084154 
96,300000 0,083703 
96,400000 0,084695 
96,500000 0,088193 
96,600000 0,087854 
96,700000 0,085554 
96,800000 0,084023 
96,900000 0,083638 
97,000000 0,084081 
97,100000 0,082995 
97,200000 0,082903 
97,300000 0,083764 
97,400000 0,084112 
97,500000 0,083543 
97,600000 0,083931 
97,700000 0,083398 
97,800000 0,085690 
97,900000 0,084125 
98,000000 0,084649 
98,100000 0,084023 
98,200000 0,086443 
98,300000 0,086697 
98,400000 0,082889 
98,500000 0,085634 
98,600000 0,085748 
98,700000 0,083377 
98,800000 0,085283 
98,900000 0,083894 
99,000000 0,084146 
99,100000 0,084370 
99,200000 0,083597 
99,300000 0,084911 
99,400000 0,083198 
99,500000 0,084253 
99,600000 0,082587 
99,700000 0,083202 
99,800000 0,082265 
99,900000 0,084624 
100,000000 0,086503 
