0,000000 -2,664634 
0,100000 -3,103523 
0,200000 -3,342673 
0,300000 -3,467145 
0,400000 -3,477982 
0,500000 -3,511659 
0,600000 -3,540740 
0,700000 -3,583629 
0,800000 -3,574972 
0,900000 -3,572223 
1,000000 -3,578182 
1,100000 -3,587006 
1,200000 -3,593337 
1,300000 -3,590185 
1,400000 -3,593680 
1,500000 -3,619366 
1,600000 -3,634968 
1,700000 -3,615046 
1,800000 -3,626992 
1,900000 -3,657338 
2,000000 -3,653018 
2,100000 -3,584333 
2,200000 -3,469568 
2,300000 -3,329677 
2,400000 -3,187098 
2,500000 -3,056793 
2,600000 -2,925572 
2,700000 -2,770903 
2,800000 -2,656241 
2,900000 -2,507125 
3,000000 -2,377054 
3,100000 -2,257557 
3,200000 -2,119793 
3,300000 -1,990359 
3,400000 -1,867271 
3,500000 -1,781305 
3,600000 -1,690688 
3,700000 -1,612041 
3,800000 -1,530762 
3,900000 -1,460644 
4,000000 -1,401091 
4,100000 -1,350409 
4,200000 -1,288790 
4,300000 -1,249590 
4,400000 -1,195250 
4,500000 -1,156386 
4,600000 -1,116632 
4,700000 -1,083842 
4,800000 -1,044853 
4,900000 -1,020197 
5,000000 -1,006659 
5,100000 -0,982424 
5,200000 -0,955995 
5,300000 -0,924677 
5,400000 -0,888653 
5,500000 -0,868870 
5,600000 -0,848938 
5,700000 -0,828252 
5,800000 -0,799373 
5,900000 -0,772063 
6,000000 -0,750523 
6,100000 -0,727856 
6,200000 -0,701095 
6,300000 -0,675095 
6,400000 -0,644841 
6,500000 -0,627826 
6,600000 -0,610482 
6,700000 -0,596548 
6,800000 -0,581944 
6,900000 -0,569829 
7,000000 -0,549246 
7,100000 -0,536194 
7,200000 -0,522419 
7,300000 -0,507943 
7,400000 -0,495594 
7,500000 -0,484380 
7,600000 -0,481812 
7,700000 -0,465736 
7,800000 -0,459020 
7,900000 -0,448221 
8,000000 -0,444932 
8,100000 -0,436639 
8,200000 -0,430677 
8,300000 -0,425456 
8,400000 -0,422083 
8,500000 -0,436605 
8,600000 -0,416643 
8,700000 -0,398958 
8,800000 -0,397792 
8,900000 -0,406032 
9,000000 -0,391706 
9,100000 -0,393225 
9,200000 -0,393988 
9,300000 -0,380542 
9,400000 -0,383334 
9,500000 -0,378302 
9,600000 -0,375832 
9,700000 -0,370638 
9,800000 -0,362667 
9,900000 -0,361932 
10,000000 -0,363078 
10,100000 -0,363106 
10,200000 -0,356661 
10,300000 -0,358988 
10,400000 -0,350682 
10,500000 -0,352850 
10,600000 -0,344132 
10,700000 -0,340438 
10,800000 -0,353169 
10,900000 -0,356593 
11,000000 -0,352658 
11,100000 -0,345973 
11,200000 -0,347792 
11,300000 -0,358089 
11,400000 -0,362898 
11,500000 -0,361979 
11,600000 -0,373756 
11,700000 -0,375607 
11,800000 -0,377080 
11,900000 -0,386459 
12,000000 -0,390121 
12,100000 -0,402507 
12,200000 -0,403089 
12,300000 -0,399590 
12,400000 -0,400964 
12,500000 -0,404170 
12,600000 -0,413652 
12,700000 -0,416164 
12,800000 -0,421587 
12,900000 -0,429476 
13,000000 -0,435478 
13,100000 -0,442817 
13,200000 -0,447143 
13,300000 -0,458008 
13,400000 -0,459404 
13,500000 -0,472313 
13,600000 -0,476043 
13,700000 -0,488927 
13,800000 -0,503730 
13,900000 -0,512956 
14,000000 -0,524730 
14,100000 -0,534566 
14,200000 -0,549970 
14,300000 -0,567339 
14,400000 -0,579532 
14,500000 -0,592505 
14,600000 -0,603868 
14,700000 -0,625039 
14,800000 -0,643948 
14,900000 -0,660674 
15,000000 -0,685245 
15,100000 -0,712931 
15,200000 -0,733286 
15,300000 -0,758110 
15,400000 -0,790363 
15,500000 -0,803673 
15,600000 -0,841370 
15,700000 -0,869166 
15,800000 -0,901047 
15,900000 -0,920284 
16,000000 -0,945067 
16,100000 -0,985059 
16,200000 -1,020649 
16,300000 -1,052654 
16,400000 -1,108371 
16,500000 -1,161730 
16,600000 -1,215538 
16,700000 -1,269523 
16,800000 -1,323131 
16,900000 -1,372181 
17,000000 -1,418962 
17,100000 -1,493822 
17,200000 -1,572089 
17,300000 -1,643917 
17,400000 -1,724592 
17,500000 -1,802071 
17,600000 -1,841741 
17,700000 -1,887881 
17,800000 -1,938082 
17,900000 -1,993915 
18,000000 -2,044117 
18,100000 -2,074146 
18,200000 -2,124894 
18,300000 -2,149377 
18,400000 -2,139344 
18,500000 -2,046862 
18,600000 -1,918779 
18,700000 -1,765544 
18,800000 -1,615018 
18,900000 -1,464962 
19,000000 -1,343719 
19,100000 -1,240604 
19,200000 -1,128411 
19,300000 -1,048254 
19,400000 -0,972532 
19,500000 -0,900959 
19,600000 -0,840713 
19,700000 -0,784786 
19,800000 -0,739959 
19,900000 -0,710557 
20,000000 -0,678746 
20,100000 -0,665988 
20,200000 -0,652982 
20,300000 -0,616663 
20,400000 -0,588647 
20,500000 -0,553275 
20,600000 -0,513342 
20,700000 -0,479806 
20,800000 -0,439210 
20,900000 -0,395592 
21,000000 -0,367268 
21,100000 -0,338698 
21,200000 -0,318706 
21,300000 -0,303213 
21,400000 -0,276267 
21,500000 -0,257409 
21,600000 -0,239264 
21,700000 -0,226334 
21,800000 -0,211997 
21,900000 -0,203711 
22,000000 -0,196632 
22,100000 -0,186144 
22,200000 -0,180573 
22,300000 -0,177001 
22,400000 -0,171938 
22,500000 -0,168617 
22,600000 -0,161278 
22,700000 -0,162205 
22,800000 -0,157650 
22,900000 -0,155667 
23,000000 -0,150845 
23,100000 -0,162032 
23,200000 -0,158212 
23,300000 -0,167238 
23,400000 -0,177848 
23,500000 -0,174462 
23,600000 -0,173342 
23,700000 -0,170354 
23,800000 -0,187814 
23,900000 -0,192988 
24,000000 -0,184115 
24,100000 -0,191432 
24,200000 -0,188007 
24,300000 -0,204676 
24,400000 -0,212787 
24,500000 -0,222526 
24,600000 -0,233566 
24,700000 -0,239147 
24,800000 -0,246567 
24,900000 -0,256532 
25,000000 -0,268641 
25,100000 -0,280030 
25,200000 -0,294486 
25,300000 -0,303538 
25,400000 -0,325876 
25,500000 -0,341379 
25,600000 -0,356571 
25,700000 -0,375044 
25,800000 -0,396916 
25,900000 -0,416067 
26,000000 -0,433732 
26,100000 -0,450099 
26,200000 -0,473542 
26,300000 -0,494491 
26,400000 -0,510823 
26,500000 -0,542995 
26,600000 -0,566352 
26,700000 -0,584506 
26,800000 -0,608771 
26,900000 -0,644183 
27,000000 -0,664089 
27,100000 -0,691535 
27,200000 -0,719052 
27,300000 -0,760757 
27,400000 -0,791218 
27,500000 -0,828139 
27,600000 -0,860464 
27,700000 -0,885723 
27,800000 -0,930528 
27,900000 -0,967851 
28,000000 -1,016369 
28,100000 -1,043420 
28,200000 -1,058114 
28,300000 -1,061811 
28,400000 -1,037409 
28,500000 -1,017378 
28,600000 -0,947927 
28,700000 -0,872799 
28,800000 -0,811989 
28,900000 -0,760203 
29,000000 -0,716317 
29,100000 -0,680988 
29,200000 -0,640913 
29,300000 -0,602264 
29,400000 -0,577757 
29,500000 -0,544283 
29,600000 -0,511200 
29,700000 -0,486098 
29,800000 -0,464593 
29,900000 -0,434511 
30,000000 -0,432890 
30,100000 -0,422722 
30,200000 -0,416001 
30,300000 -0,408685 
30,400000 -0,406469 
30,500000 -0,404739 
30,600000 -0,404572 
30,700000 -0,415025 
30,800000 -0,416333 
30,900000 -0,417696 
31,000000 -0,421015 
31,100000 -0,431051 
31,200000 -0,433186 
31,300000 -0,424818 
31,400000 -0,410670 
31,500000 -0,390070 
31,600000 -0,363974 
31,700000 -0,324453 
31,800000 -0,287908 
31,900000 -0,255302 
32,000000 -0,219646 
32,100000 -0,199940 
32,200000 -0,180973 
32,300000 -0,162739 
32,400000 -0,145705 
32,500000 -0,135304 
32,600000 -0,117247 
32,700000 -0,102906 
32,800000 -0,068683 
32,900000 -0,046841 
33,000000 -0,048151 
33,100000 -0,045347 
33,200000 -0,037912 
33,300000 -0,037940 
33,400000 -0,043469 
33,500000 -0,039328 
33,600000 -0,031496 
33,700000 -0,024077 
33,800000 -0,013840 
33,900000 -0,008383 
34,000000 -0,004333 
34,100000 -0,000198 
34,200000 -0,000671 
34,300000 0,001438 
34,400000 0,005304 
34,500000 0,009243 
34,600000 0,009199 
34,700000 0,014189 
34,800000 0,016053 
34,900000 0,017748 
35,000000 0,016431 
35,100000 0,016495 
35,200000 0,015282 
35,300000 0,011707 
35,400000 0,011579 
35,500000 0,014317 
35,600000 0,017403 
35,700000 0,018875 
35,800000 0,014369 
35,900000 0,016002 
36,000000 0,013321 
36,100000 0,013015 
36,200000 0,014493 
36,300000 0,016701 
36,400000 0,014695 
36,500000 0,017319 
36,600000 0,018834 
36,700000 0,018526 
36,800000 0,017191 
36,900000 0,015184 
37,000000 0,018217 
37,100000 0,016774 
37,200000 0,015341 
37,300000 0,014864 
37,400000 0,012771 
37,500000 0,013929 
37,600000 0,013436 
37,700000 0,010657 
37,800000 0,011632 
37,900000 0,010797 
38,000000 0,007749 
38,100000 0,005027 
38,200000 0,003951 
38,300000 0,003754 
38,400000 0,000670 
38,500000 -0,001385 
38,600000 -0,002227 
38,700000 -0,002454 
38,800000 -0,004370 
38,900000 -0,006256 
39,000000 -0,007235 
39,100000 -0,009826 
39,200000 -0,009330 
39,300000 -0,013537 
39,400000 -0,014883 
39,500000 -0,015856 
39,600000 -0,016864 
39,700000 -0,017982 
39,800000 -0,016821 
39,900000 -0,022246 
40,000000 -0,022137 
40,100000 -0,021584 
40,200000 -0,025040 
40,300000 -0,036410 
40,400000 -0,043124 
40,500000 -0,044779 
40,600000 -0,039120 
40,700000 -0,038483 
40,800000 -0,037967 
40,900000 -0,038099 
41,000000 -0,047046 
41,100000 -0,052417 
41,200000 -0,056484 
41,300000 -0,063982 
41,400000 -0,066237 
41,500000 -0,061585 
41,600000 -0,066243 
41,700000 -0,069837 
41,800000 -0,061427 
41,900000 -0,071603 
42,000000 -0,079227 
42,100000 -0,083750 
42,200000 -0,091100 
42,300000 -0,097532 
42,400000 -0,102511 
42,500000 -0,110499 
42,600000 -0,116207 
42,700000 -0,120727 
42,800000 -0,129335 
42,900000 -0,140714 
43,000000 -0,157206 
43,100000 -0,173384 
43,200000 -0,175011 
43,300000 -0,178134 
43,400000 -0,187313 
43,500000 -0,196525 
43,600000 -0,206410 
43,700000 -0,211271 
43,800000 -0,227925 
43,900000 -0,231567 
44,000000 -0,235235 
44,100000 -0,247365 
44,200000 -0,252555 
44,300000 -0,254158 
44,400000 -0,253951 
44,500000 -0,253125 
44,600000 -0,249299 
44,700000 -0,228768 
44,800000 -0,226247 
44,900000 -0,214011 
45,000000 -0,211620 
45,100000 -0,210778 
45,200000 -0,208803 
45,300000 -0,203315 
45,400000 -0,199210 
45,500000 -0,190229 
45,600000 -0,178102 
45,700000 -0,169758 
45,800000 -0,162581 
45,900000 -0,153056 
46,000000 -0,138603 
46,100000 -0,131460 
46,200000 -0,129040 
46,300000 -0,125640 
46,400000 -0,119042 
46,500000 -0,110908 
46,600000 -0,096203 
46,700000 -0,079056 
46,800000 -0,079499 
46,900000 -0,072621 
47,000000 -0,063700 
47,100000 -0,059180 
47,200000 -0,057257 
47,300000 -0,052688 
47,400000 -0,045578 
47,500000 -0,045254 
47,600000 -0,032860 
47,700000 -0,032544 
47,800000 -0,026044 
47,900000 -0,020902 
48,000000 -0,010424 
48,100000 0,002572 
48,200000 0,002086 
48,300000 0,010213 
48,400000 0,014329 
48,500000 0,014564 
48,600000 0,019179 
48,700000 0,018031 
48,800000 0,016693 
48,900000 0,022209 
49,000000 0,023613 
49,100000 0,022120 
49,200000 0,017023 
49,300000 0,023063 
49,400000 0,020562 
49,500000 0,021746 
49,600000 0,022316 
49,700000 0,022799 
49,800000 0,022308 
49,900000 0,020260 
50,000000 0,021040 
50,100000 0,022641 
50,200000 0,019327 
50,300000 0,015333 
50,400000 0,015803 
50,500000 0,019223 
50,600000 0,024127 
50,700000 0,026506 
50,800000 0,023258 
50,900000 0,028551 
51,000000 0,025458 
51,100000 0,031546 
51,200000 0,036446 
51,300000 0,042600 
51,400000 0,042675 
51,500000 0,038219 
51,600000 0,045469 
51,700000 0,042694 
51,800000 0,049787 
51,900000 0,052673 
52,000000 0,054646 
52,100000 0,054406 
52,200000 0,046159 
52,300000 0,049496 
52,400000 0,050821 
52,500000 0,052044 
52,600000 0,049219 
52,700000 0,053954 
52,800000 0,051161 
52,900000 0,054317 
53,000000 0,053469 
53,100000 0,053906 
53,200000 0,052973 
53,300000 0,054603 
53,400000 0,053129 
53,500000 0,066902 
53,600000 0,075583 
53,700000 0,072517 
53,800000 0,075863 
53,900000 0,072147 
54,000000 0,060499 
54,100000 0,065804 
54,200000 0,056940 
54,300000 0,072448 
54,400000 0,069902 
54,500000 0,070091 
54,600000 0,069904 
54,700000 0,068979 
54,800000 0,064012 
54,900000 0,062708 
55,000000 0,063695 
55,100000 0,062364 
55,200000 0,064622 
55,300000 0,066394 
55,400000 0,069247 
55,500000 0,064575 
55,600000 0,062974 
55,700000 0,067854 
55,800000 0,071097 
55,900000 0,064628 
56,000000 0,070924 
56,100000 0,067221 
56,200000 0,065164 
56,300000 0,059750 
56,400000 0,065106 
56,500000 0,061855 
56,600000 0,062785 
56,700000 0,065600 
56,800000 0,071381 
56,900000 0,073596 
57,000000 0,068417 
57,100000 0,071043 
57,200000 0,070585 
57,300000 0,067121 
57,400000 0,070322 
57,500000 0,064174 
57,600000 0,063506 
57,700000 0,070232 
57,800000 0,066798 
57,900000 0,064587 
58,000000 0,065943 
58,100000 0,060814 
58,200000 0,064401 
58,300000 0,060642 
58,400000 0,061646 
58,500000 0,075692 
58,600000 0,073760 
58,700000 0,067270 
58,800000 0,069589 
58,900000 0,074177 
59,000000 0,068286 
59,100000 0,064292 
59,200000 0,075136 
59,300000 0,073681 
59,400000 0,071557 
59,500000 0,066501 
59,600000 0,059132 
59,700000 0,061549 
59,800000 0,068021 
59,900000 0,063225 
60,000000 0,054702 
60,100000 0,055084 
60,200000 0,076524 
60,300000 0,069418 
60,400000 0,066629 
60,500000 0,067790 
60,600000 0,062286 
60,700000 0,069343 
60,800000 0,067647 
60,900000 0,048460 
61,000000 0,060092 
61,100000 0,060509 
61,200000 0,060005 
61,300000 0,057801 
61,400000 0,061975 
61,500000 0,068453 
61,600000 0,070743 
61,700000 0,073899 
61,800000 0,065409 
61,900000 0,072460 
62,000000 0,063479 
62,100000 0,069088 
62,200000 0,073760 
62,300000 0,067919 
62,400000 0,064644 
62,500000 0,062297 
62,600000 0,064039 
62,700000 0,063285 
62,800000 0,061302 
62,900000 0,062745 
63,000000 0,062688 
63,100000 0,064777 
63,200000 0,062723 
63,300000 0,064609 
63,400000 0,063733 
63,500000 0,064076 
63,600000 0,061414 
63,700000 0,062160 
63,800000 0,060250 
63,900000 0,061448 
64,000000 0,048511 
64,100000 0,037395 
64,200000 0,045976 
64,300000 0,044853 
64,400000 0,043635 
64,500000 0,041814 
64,600000 0,042374 
64,700000 0,044134 
64,800000 0,039465 
64,900000 0,036694 
65,000000 0,037116 
65,100000 0,039370 
65,200000 0,054210 
65,300000 0,048005 
65,400000 0,044866 
65,500000 0,031946 
65,600000 0,030352 
65,700000 0,027823 
65,800000 0,024006 
65,900000 0,024765 
66,000000 0,017653 
66,100000 0,033812 
66,200000 0,033060 
66,300000 0,027698 
66,400000 0,022441 
66,500000 0,025087 
66,600000 0,025694 
66,700000 0,026054 
66,800000 0,023426 
66,900000 0,019441 
67,000000 0,020929 
67,100000 0,025616 
67,200000 0,020616 
67,300000 0,016643 
67,400000 0,013445 
67,500000 0,009912 
67,600000 0,010190 
67,700000 0,006726 
67,800000 0,003282 
67,900000 -0,003649 
68,000000 -0,001812 
68,100000 -0,014997 
68,200000 -0,021611 
68,300000 -0,005385 
68,400000 -0,015826 
68,500000 -0,017988 
68,600000 -0,024615 
68,700000 -0,026471 
68,800000 -0,027770 
68,900000 -0,043740 
69,000000 -0,044716 
69,100000 -0,049757 
69,200000 -0,054048 
69,300000 -0,060907 
69,400000 -0,055179 
69,500000 -0,047203 
69,600000 -0,042333 
69,700000 -0,031328 
69,800000 -0,023789 
69,900000 -0,015634 
70,000000 -0,004179 
70,100000 0,003355 
70,200000 0,018113 
70,300000 0,012451 
70,400000 0,013543 
70,500000 0,016183 
70,600000 0,020694 
70,700000 0,028055 
70,800000 0,028544 
70,900000 0,033940 
71,000000 0,036921 
71,100000 0,043022 
71,200000 0,043271 
71,300000 0,042879 
71,400000 0,048909 
71,500000 0,047918 
71,600000 0,051659 
71,700000 0,055131 
71,800000 0,052229 
71,900000 0,050249 
72,000000 0,051842 
72,100000 0,052337 
72,200000 0,054683 
72,300000 0,055573 
72,400000 0,057464 
72,500000 0,059552 
72,600000 0,061530 
72,700000 0,055182 
72,800000 0,061180 
72,900000 0,063525 
73,000000 0,060319 
73,100000 0,061337 
73,200000 0,057343 
73,300000 0,061912 
73,400000 0,066153 
73,500000 0,063292 
73,600000 0,062057 
73,700000 0,065255 
73,800000 0,062322 
73,900000 0,068681 
74,000000 0,071187 
74,100000 0,069171 
74,200000 0,065069 
74,300000 0,067269 
74,400000 0,069925 
74,500000 0,072760 
74,600000 0,066770 
74,700000 0,063490 
74,800000 0,059311 
74,900000 0,058621 
75,000000 0,059584 
75,100000 0,080516 
75,200000 0,073726 
75,300000 0,080445 
75,400000 0,077760 
75,500000 0,071629 
75,600000 0,084616 
75,700000 0,084029 
75,800000 0,076145 
75,900000 0,069708 
76,000000 0,078843 
76,100000 0,078412 
76,200000 0,068458 
76,300000 0,071964 
76,400000 0,064842 
76,500000 0,065082 
76,600000 0,059131 
76,700000 0,060309 
76,800000 0,061208 
76,900000 0,051392 
77,000000 0,062612 
77,100000 0,064291 
77,200000 0,065736 
77,300000 0,067176 
77,400000 0,067411 
77,500000 0,066519 
77,600000 0,071822 
77,700000 0,063327 
77,800000 0,060211 
77,900000 0,055650 
78,000000 0,062490 
78,100000 0,061874 
78,200000 0,063520 
78,300000 0,063958 
78,400000 0,056442 
78,500000 0,067091 
78,600000 0,071171 
78,700000 0,072654 
78,800000 0,078627 
78,900000 0,058098 
79,000000 0,057274 
79,100000 0,072513 
79,200000 0,072061 
79,300000 0,071061 
79,400000 0,065417 
79,500000 0,073990 
79,600000 0,065370 
79,700000 0,064686 
79,800000 0,078105 
79,900000 0,057581 
80,000000 0,068949 
80,100000 0,073153 
80,200000 0,075302 
80,300000 0,066723 
80,400000 0,072344 
80,500000 0,071967 
80,600000 0,075188 
80,700000 0,072657 
80,800000 0,078167 
80,900000 0,072391 
81,000000 0,067746 
81,100000 0,067417 
81,200000 0,063771 
81,300000 0,072547 
81,400000 0,063903 
81,500000 0,076734 
81,600000 0,082376 
81,700000 0,072194 
81,800000 0,066959 
81,900000 0,071017 
82,000000 0,081842 
82,100000 0,074479 
82,200000 0,076012 
82,300000 0,075944 
82,400000 0,079026 
82,500000 0,077368 
82,600000 0,077349 
82,700000 0,078578 
82,800000 0,070943 
82,900000 0,078078 
83,000000 0,081810 
83,100000 0,077883 
83,200000 0,078211 
83,300000 0,074913 
83,400000 0,073005 
83,500000 0,069531 
83,600000 0,066367 
83,700000 0,071480 
83,800000 0,076884 
83,900000 0,078289 
84,000000 0,073060 
84,100000 0,073390 
84,200000 0,065586 
84,300000 0,058778 
84,400000 0,068690 
84,500000 0,062650 
84,600000 0,067317 
84,700000 0,069626 
84,800000 0,073051 
84,900000 0,073552 
85,000000 0,066187 
85,100000 0,066535 
85,200000 0,067477 
85,300000 0,070565 
85,400000 0,067806 
85,500000 0,070510 
85,600000 0,068160 
85,700000 0,077420 
85,800000 0,074236 
85,900000 0,072736 
86,000000 0,070411 
86,100000 0,071586 
86,200000 0,072545 
86,300000 0,071208 
86,400000 0,073105 
86,500000 0,070870 
86,600000 0,077316 
86,700000 0,076765 
86,800000 0,067353 
86,900000 0,055316 
87,000000 0,058473 
87,100000 0,066812 
87,200000 0,069281 
87,300000 0,068701 
87,400000 0,064736 
87,500000 0,068264 
87,600000 0,063801 
87,700000 0,063186 
87,800000 0,068221 
87,900000 0,068291 
88,000000 0,065547 
88,100000 0,058948 
88,200000 0,070349 
88,300000 0,066362 
88,400000 0,062439 
88,500000 0,064331 
88,600000 0,062135 
88,700000 0,064992 
88,800000 0,057020 
88,900000 0,057415 
89,000000 0,064523 
89,100000 0,060839 
89,200000 0,061365 
89,300000 0,054518 
89,400000 0,058744 
89,500000 0,059391 
89,600000 0,061928 
89,700000 0,065111 
89,800000 0,068290 
89,900000 0,060208 
90,000000 0,047007 
90,100000 0,054053 
90,200000 0,057129 
90,300000 0,086485 
90,400000 0,082690 
90,500000 0,070849 
90,600000 0,072410 
90,700000 0,073231 
90,800000 0,067971 
90,900000 0,071448 
91,000000 0,067510 
91,100000 0,069044 
91,200000 0,069574 
91,300000 0,073837 
91,400000 0,068166 
91,500000 0,060849 
91,600000 0,062374 
91,700000 0,065688 
91,800000 0,064579 
91,900000 0,065638 
92,000000 0,068473 
92,100000 0,064305 
92,200000 0,072135 
92,300000 0,069518 
92,400000 0,064852 
92,500000 0,062502 
92,600000 0,066700 
92,700000 0,067087 
92,800000 0,057904 
92,900000 0,059202 
93,000000 0,052724 
93,100000 0,055139 
93,200000 0,060416 
93,300000 0,052661 
93,400000 0,049905 
93,500000 0,036787 
93,600000 0,050413 
93,700000 0,071925 
93,800000 0,070700 
93,900000 0,060602 
94,000000 0,069554 
94,100000 0,063711 
94,200000 0,064553 
94,300000 0,066628 
94,400000 0,062228 
94,500000 0,061792 
94,600000 0,062333 
94,700000 0,065566 
94,800000 0,059252 
94,900000 0,065172 
95,000000 0,058289 
95,100000 0,063020 
95,200000 0,064094 
95,300000 0,068199 
95,400000 0,068112 
95,500000 0,066137 
95,600000 0,062789 
95,700000 0,066189 
95,800000 0,066508 
95,900000 0,061808 
96,000000 0,054541 
96,100000 0,058729 
96,200000 0,050309 
96,300000 0,054728 
96,400000 0,055780 
96,500000 0,058033 
96,600000 0,058672 
96,700000 0,060586 
96,800000 0,057664 
96,900000 0,059908 
97,000000 0,051270 
97,100000 0,046691 
97,200000 0,051512 
97,300000 0,053819 
97,400000 0,052184 
97,500000 0,052618 
97,600000 0,052438 
97,700000 0,059914 
97,800000 0,054957 
97,900000 0,053132 
98,000000 0,056996 
98,100000 0,056617 
98,200000 0,068330 
98,300000 0,065709 
98,400000 0,059372 
98,500000 0,057396 
98,600000 0,058794 
98,700000 0,068929 
98,800000 0,050632 
98,900000 0,060975 
99,000000 0,065922 
99,100000 0,067685 
99,200000 0,069729 
99,300000 0,061096 
99,400000 0,055793 
99,500000 0,063345 
99,600000 0,062230 
99,700000 0,061533 
99,800000 0,060553 
99,900000 0,054865 
100,000000 0,049468 
