0,000000 -2,769659 
0,100000 -4,278558 
0,200000 -5,027670 
0,300000 -5,388893 
0,400000 -5,592639 
0,500000 -5,640177 
0,600000 -5,692158 
0,700000 -5,714034 
0,800000 -5,705153 
0,900000 -5,720974 
1,000000 -5,747697 
1,100000 -5,730185 
1,200000 -5,714772 
1,300000 -5,730520 
1,400000 -5,723597 
1,500000 -5,719852 
1,600000 -5,720593 
1,700000 -5,718484 
1,800000 -5,716139 
1,900000 -5,737454 
2,000000 -5,667094 
2,100000 -5,521782 
2,200000 -5,312153 
2,300000 -5,078083 
2,400000 -4,869720 
2,500000 -4,669579 
2,600000 -4,474277 
2,700000 -4,270557 
2,800000 -4,090313 
2,900000 -3,857595 
3,000000 -3,670743 
3,100000 -3,475198 
3,200000 -3,233622 
3,300000 -3,062588 
3,400000 -2,897123 
3,500000 -2,760305 
3,600000 -2,623848 
3,700000 -2,532806 
3,800000 -2,403160 
3,900000 -2,318546 
4,000000 -2,264140 
4,100000 -2,178427 
4,200000 -2,106835 
4,300000 -2,032707 
4,400000 -1,996947 
4,500000 -1,908784 
4,600000 -1,889790 
4,700000 -1,801094 
4,800000 -1,797345 
4,900000 -1,736647 
5,000000 -1,721868 
5,100000 -1,682360 
5,200000 -1,629218 
5,300000 -1,617602 
5,400000 -1,572028 
5,500000 -1,522192 
5,600000 -1,488798 
5,700000 -1,471566 
5,800000 -1,407053 
5,900000 -1,372813 
6,000000 -1,334969 
6,100000 -1,312863 
6,200000 -1,269374 
6,300000 -1,245166 
6,400000 -1,191763 
6,500000 -1,158646 
6,600000 -1,121719 
6,700000 -1,113915 
6,800000 -1,101787 
6,900000 -1,071267 
7,000000 -1,040939 
7,100000 -1,025363 
7,200000 -1,010685 
7,300000 -0,983707 
7,400000 -0,964856 
7,500000 -0,949203 
7,600000 -0,932395 
7,700000 -0,929964 
7,800000 -0,915185 
7,900000 -0,891369 
8,000000 -0,884223 
8,100000 -0,880192 
8,200000 -0,870927 
8,300000 -0,874058 
8,400000 -0,855579 
8,500000 -0,859716 
8,600000 -0,843877 
8,700000 -0,834667 
8,800000 -0,829275 
8,900000 -0,820524 
9,000000 -0,817550 
9,100000 -0,811269 
9,200000 -0,796015 
9,300000 -0,816793 
9,400000 -0,807031 
9,500000 -0,813374 
9,600000 -0,786262 
9,700000 -0,784087 
9,800000 -0,783015 
9,900000 -0,773132 
10,000000 -0,761630 
10,100000 -0,759233 
10,200000 -0,758789 
10,300000 -0,755720 
10,400000 -0,748270 
10,500000 -0,749028 
10,600000 -0,747204 
10,700000 -0,751003 
10,800000 -0,750807 
10,900000 -0,754451 
11,000000 -0,756753 
11,100000 -0,766396 
11,200000 -0,752756 
11,300000 -0,763476 
11,400000 -0,769746 
11,500000 -0,774210 
11,600000 -0,772809 
11,700000 -0,781428 
11,800000 -0,801503 
11,900000 -0,810104 
12,000000 -0,812946 
12,100000 -0,817596 
12,200000 -0,819438 
12,300000 -0,823315 
12,400000 -0,842225 
12,500000 -0,849498 
12,600000 -0,859480 
12,700000 -0,860260 
12,800000 -0,868389 
12,900000 -0,875342 
13,000000 -0,892291 
13,100000 -0,892817 
13,200000 -0,909065 
13,300000 -0,908985 
13,400000 -0,927521 
13,500000 -0,934964 
13,600000 -0,961969 
13,700000 -0,968164 
13,800000 -0,984857 
13,900000 -1,015009 
14,000000 -1,015871 
14,100000 -1,037336 
14,200000 -1,065003 
14,300000 -1,081731 
14,400000 -1,109611 
14,500000 -1,141431 
14,600000 -1,178751 
14,700000 -1,197862 
14,800000 -1,232564 
14,900000 -1,259106 
15,000000 -1,312881 
15,100000 -1,345946 
15,200000 -1,374755 
15,300000 -1,423242 
15,400000 -1,468639 
15,500000 -1,529616 
15,600000 -1,588944 
15,700000 -1,642784 
15,800000 -1,693846 
15,900000 -1,764971 
16,000000 -1,815137 
16,100000 -1,874739 
16,200000 -1,954377 
16,300000 -2,044830 
16,400000 -2,133624 
16,500000 -2,243204 
16,600000 -2,343195 
16,700000 -2,421854 
16,800000 -2,519816 
16,900000 -2,629543 
17,000000 -2,746933 
17,100000 -2,853094 
17,200000 -2,989378 
17,300000 -3,117989 
17,400000 -3,261899 
17,500000 -3,372822 
17,600000 -3,484902 
17,700000 -3,569621 
17,800000 -3,670583 
17,900000 -3,713297 
18,000000 -3,813065 
18,100000 -3,881368 
18,200000 -3,960559 
18,300000 -3,999400 
18,400000 -3,978853 
18,500000 -3,785557 
18,600000 -3,579900 
18,700000 -3,299261 
18,800000 -3,042643 
18,900000 -2,782949 
19,000000 -2,566198 
19,100000 -2,371221 
19,200000 -2,195597 
19,300000 -2,017508 
19,400000 -1,896360 
19,500000 -1,724807 
19,600000 -1,633578 
19,700000 -1,552234 
19,800000 -1,466117 
19,900000 -1,398094 
20,000000 -1,351631 
20,100000 -1,299998 
20,200000 -1,266980 
20,300000 -1,194671 
20,400000 -1,173945 
20,500000 -1,088634 
20,600000 -1,028807 
20,700000 -0,949717 
20,800000 -0,894495 
20,900000 -0,838789 
21,000000 -0,783037 
21,100000 -0,739290 
21,200000 -0,692459 
21,300000 -0,644528 
21,400000 -0,609016 
21,500000 -0,578026 
21,600000 -0,544614 
21,700000 -0,520194 
21,800000 -0,487852 
21,900000 -0,464572 
22,000000 -0,458582 
22,100000 -0,432869 
22,200000 -0,416529 
22,300000 -0,412563 
22,400000 -0,401942 
22,500000 -0,390376 
22,600000 -0,380116 
22,700000 -0,376063 
22,800000 -0,367811 
22,900000 -0,356000 
23,000000 -0,351836 
23,100000 -0,342265 
23,200000 -0,341472 
23,300000 -0,341641 
23,400000 -0,344448 
23,500000 -0,344344 
23,600000 -0,344637 
23,700000 -0,339921 
23,800000 -0,347942 
23,900000 -0,348356 
24,000000 -0,349822 
24,100000 -0,352484 
24,200000 -0,351882 
24,300000 -0,357604 
24,400000 -0,367303 
24,500000 -0,372428 
24,600000 -0,378684 
24,700000 -0,385616 
24,800000 -0,398536 
24,900000 -0,402660 
25,000000 -0,409119 
25,100000 -0,415451 
25,200000 -0,429403 
25,300000 -0,441407 
25,400000 -0,449552 
25,500000 -0,467767 
25,600000 -0,487804 
25,700000 -0,503313 
25,800000 -0,512447 
25,900000 -0,532473 
26,000000 -0,552095 
26,100000 -0,567001 
26,200000 -0,587488 
26,300000 -0,610852 
26,400000 -0,643098 
26,500000 -0,667549 
26,600000 -0,689919 
26,700000 -0,711192 
26,800000 -0,732190 
26,900000 -0,767053 
27,000000 -0,794954 
27,100000 -0,817150 
27,200000 -0,859142 
27,300000 -0,899311 
27,400000 -0,949428 
27,500000 -0,989593 
27,600000 -1,035287 
27,700000 -1,088125 
27,800000 -1,125168 
27,900000 -1,177470 
28,000000 -1,217337 
28,100000 -1,269425 
28,200000 -1,298856 
28,300000 -1,308961 
28,400000 -1,292427 
28,500000 -1,256095 
28,600000 -1,189695 
28,700000 -1,105159 
28,800000 -1,029432 
28,900000 -0,951116 
29,000000 -0,887231 
29,100000 -0,836826 
29,200000 -0,779906 
29,300000 -0,738934 
29,400000 -0,715780 
29,500000 -0,664452 
29,600000 -0,617950 
29,700000 -0,584764 
29,800000 -0,559263 
29,900000 -0,534266 
30,000000 -0,513307 
30,100000 -0,497329 
30,200000 -0,490456 
30,300000 -0,466098 
30,400000 -0,457204 
30,500000 -0,443266 
30,600000 -0,438143 
30,700000 -0,436621 
30,800000 -0,426544 
30,900000 -0,420086 
31,000000 -0,416588 
31,100000 -0,415746 
31,200000 -0,407005 
31,300000 -0,402005 
31,400000 -0,393248 
31,500000 -0,382927 
31,600000 -0,367153 
31,700000 -0,345489 
31,800000 -0,328250 
31,900000 -0,312502 
32,000000 -0,298284 
32,100000 -0,288650 
32,200000 -0,274912 
32,300000 -0,263637 
32,400000 -0,254726 
32,500000 -0,238030 
32,600000 -0,228576 
32,700000 -0,215245 
32,800000 -0,183036 
32,900000 -0,188324 
33,000000 -0,184683 
33,100000 -0,173911 
33,200000 -0,164297 
33,300000 -0,168955 
33,400000 -0,157891 
33,500000 -0,145998 
33,600000 -0,139492 
33,700000 -0,132065 
33,800000 -0,132698 
33,900000 -0,139922 
34,000000 -0,137817 
34,100000 -0,131791 
34,200000 -0,128320 
34,300000 -0,122949 
34,400000 -0,116022 
34,500000 -0,118269 
34,600000 -0,115513 
34,700000 -0,106410 
34,800000 -0,102689 
34,900000 -0,105009 
35,000000 -0,105781 
35,100000 -0,113399 
35,200000 -0,114298 
35,300000 -0,117811 
35,400000 -0,109230 
35,500000 -0,108418 
35,600000 -0,113885 
35,700000 -0,110319 
35,800000 -0,111545 
35,900000 -0,108452 
36,000000 -0,105686 
36,100000 -0,109180 
36,200000 -0,112757 
36,300000 -0,112183 
36,400000 -0,112743 
36,500000 -0,110880 
36,600000 -0,112389 
36,700000 -0,117798 
36,800000 -0,119002 
36,900000 -0,116586 
37,000000 -0,114157 
37,100000 -0,117345 
37,200000 -0,117002 
37,300000 -0,120526 
37,400000 -0,120159 
37,500000 -0,117239 
37,600000 -0,116931 
37,700000 -0,121226 
37,800000 -0,122281 
37,900000 -0,121937 
38,000000 -0,120059 
38,100000 -0,122745 
38,200000 -0,122853 
38,300000 -0,128372 
38,400000 -0,131667 
38,500000 -0,133321 
38,600000 -0,133713 
38,700000 -0,131890 
38,800000 -0,141144 
38,900000 -0,145234 
39,000000 -0,145340 
39,100000 -0,152150 
39,200000 -0,134923 
39,300000 -0,144855 
39,400000 -0,138314 
39,500000 -0,142191 
39,600000 -0,143231 
39,700000 -0,152510 
39,800000 -0,158014 
39,900000 -0,154259 
40,000000 -0,150274 
40,100000 -0,154354 
40,200000 -0,162523 
40,300000 -0,169455 
40,400000 -0,174394 
40,500000 -0,175563 
40,600000 -0,178061 
40,700000 -0,189037 
40,800000 -0,205259 
40,900000 -0,201069 
41,000000 -0,207912 
41,100000 -0,213459 
41,200000 -0,214595 
41,300000 -0,211940 
41,400000 -0,219243 
41,500000 -0,220764 
41,600000 -0,226248 
41,700000 -0,230825 
41,800000 -0,236290 
41,900000 -0,241451 
42,000000 -0,238719 
42,100000 -0,249041 
42,200000 -0,260822 
42,300000 -0,263225 
42,400000 -0,273659 
42,500000 -0,276236 
42,600000 -0,283792 
42,700000 -0,292826 
42,800000 -0,303632 
42,900000 -0,316740 
43,000000 -0,330718 
43,100000 -0,343303 
43,200000 -0,369081 
43,300000 -0,375527 
43,400000 -0,383870 
43,500000 -0,388069 
43,600000 -0,399087 
43,700000 -0,408992 
43,800000 -0,435200 
43,900000 -0,428460 
44,000000 -0,445299 
44,100000 -0,456825 
44,200000 -0,460039 
44,300000 -0,461866 
44,400000 -0,454309 
44,500000 -0,440031 
44,600000 -0,427641 
44,700000 -0,400177 
44,800000 -0,388293 
44,900000 -0,368811 
45,000000 -0,350768 
45,100000 -0,339204 
45,200000 -0,327186 
45,300000 -0,315292 
45,400000 -0,307778 
45,500000 -0,302009 
45,600000 -0,297460 
45,700000 -0,290545 
45,800000 -0,279870 
45,900000 -0,270483 
46,000000 -0,272469 
46,100000 -0,267115 
46,200000 -0,269894 
46,300000 -0,269483 
46,400000 -0,272060 
46,500000 -0,275875 
46,600000 -0,281888 
46,700000 -0,286732 
46,800000 -0,283165 
46,900000 -0,286061 
47,000000 -0,290516 
47,100000 -0,291607 
47,200000 -0,290362 
47,300000 -0,291931 
47,400000 -0,286627 
47,500000 -0,273662 
47,600000 -0,262861 
47,700000 -0,257618 
47,800000 -0,244710 
47,900000 -0,235427 
48,000000 -0,213137 
48,100000 -0,201403 
48,200000 -0,194225 
48,300000 -0,186995 
48,400000 -0,183441 
48,500000 -0,178209 
48,600000 -0,176866 
48,700000 -0,175864 
48,800000 -0,173040 
48,900000 -0,172378 
49,000000 -0,169549 
49,100000 -0,169197 
49,200000 -0,169194 
49,300000 -0,166377 
49,400000 -0,170815 
49,500000 -0,169256 
49,600000 -0,174163 
49,700000 -0,163134 
49,800000 -0,163906 
49,900000 -0,168143 
50,000000 -0,174724 
50,100000 -0,176213 
50,200000 -0,179252 
50,300000 -0,179803 
50,400000 -0,178183 
50,500000 -0,177760 
50,600000 -0,173047 
50,700000 -0,174375 
50,800000 -0,171718 
50,900000 -0,166971 
51,000000 -0,163845 
51,100000 -0,158111 
51,200000 -0,155323 
51,300000 -0,150639 
51,400000 -0,147596 
51,500000 -0,143959 
51,600000 -0,136208 
51,700000 -0,135104 
51,800000 -0,131648 
51,900000 -0,131333 
52,000000 -0,124871 
52,100000 -0,120673 
52,200000 -0,117857 
52,300000 -0,114418 
52,400000 -0,112535 
52,500000 -0,111173 
52,600000 -0,106915 
52,700000 -0,105963 
52,800000 -0,100737 
52,900000 -0,100544 
53,000000 -0,103359 
53,100000 -0,099872 
53,200000 -0,103586 
53,300000 -0,101761 
53,400000 -0,099918 
53,500000 -0,095104 
53,600000 -0,090620 
53,700000 -0,098308 
53,800000 -0,104218 
53,900000 -0,105343 
54,000000 -0,104287 
54,100000 -0,101168 
54,200000 -0,103277 
54,300000 -0,101137 
54,400000 -0,102840 
54,500000 -0,102548 
54,600000 -0,100982 
54,700000 -0,103288 
54,800000 -0,102220 
54,900000 -0,102270 
55,000000 -0,098622 
55,100000 -0,103456 
55,200000 -0,101939 
55,300000 -0,099113 
55,400000 -0,097959 
55,500000 -0,101061 
55,600000 -0,101213 
55,700000 -0,104861 
55,800000 -0,102861 
55,900000 -0,100691 
56,000000 -0,104635 
56,100000 -0,105393 
56,200000 -0,102826 
56,300000 -0,105604 
56,400000 -0,096739 
56,500000 -0,103982 
56,600000 -0,114089 
56,700000 -0,105551 
56,800000 -0,104898 
56,900000 -0,107277 
57,000000 -0,102092 
57,100000 -0,101534 
57,200000 -0,102174 
57,300000 -0,100871 
57,400000 -0,106547 
57,500000 -0,104824 
57,600000 -0,105633 
57,700000 -0,102829 
57,800000 -0,105264 
57,900000 -0,106893 
58,000000 -0,111223 
58,100000 -0,105715 
58,200000 -0,103606 
58,300000 -0,104102 
58,400000 -0,104907 
58,500000 -0,102010 
58,600000 -0,109323 
58,700000 -0,115613 
58,800000 -0,115563 
58,900000 -0,111073 
59,000000 -0,112968 
59,100000 -0,114260 
59,200000 -0,112079 
59,300000 -0,114773 
59,400000 -0,114608 
59,500000 -0,114967 
59,600000 -0,112676 
59,700000 -0,107248 
59,800000 -0,107095 
59,900000 -0,105718 
60,000000 -0,108305 
60,100000 -0,115682 
60,200000 -0,119512 
60,300000 -0,118311 
60,400000 -0,121813 
60,500000 -0,119045 
60,600000 -0,115865 
60,700000 -0,115711 
60,800000 -0,116892 
60,900000 -0,114237 
61,000000 -0,107640 
61,100000 -0,113328 
61,200000 -0,116922 
61,300000 -0,118852 
61,400000 -0,120286 
61,500000 -0,119359 
61,600000 -0,117707 
61,700000 -0,115115 
61,800000 -0,115197 
61,900000 -0,114617 
62,000000 -0,121991 
62,100000 -0,122791 
62,200000 -0,124307 
62,300000 -0,119793 
62,400000 -0,120184 
62,500000 -0,125264 
62,600000 -0,120442 
62,700000 -0,117616 
62,800000 -0,123466 
62,900000 -0,123583 
63,000000 -0,119787 
63,100000 -0,114744 
63,200000 -0,120083 
63,300000 -0,124924 
63,400000 -0,125425 
63,500000 -0,125030 
63,600000 -0,130421 
63,700000 -0,129898 
63,800000 -0,131603 
63,900000 -0,134601 
64,000000 -0,131351 
64,100000 -0,140173 
64,200000 -0,133263 
64,300000 -0,124346 
64,400000 -0,127443 
64,500000 -0,135476 
64,600000 -0,134867 
64,700000 -0,138436 
64,800000 -0,141410 
64,900000 -0,144960 
65,000000 -0,144943 
65,100000 -0,151012 
65,200000 -0,159800 
65,300000 -0,162986 
65,400000 -0,163348 
65,500000 -0,165027 
65,600000 -0,173271 
65,700000 -0,180749 
65,800000 -0,187050 
65,900000 -0,178227 
66,000000 -0,193771 
66,100000 -0,195685 
66,200000 -0,200014 
66,300000 -0,200830 
66,400000 -0,203970 
66,500000 -0,209920 
66,600000 -0,207895 
66,700000 -0,208178 
66,800000 -0,203266 
66,900000 -0,202142 
67,000000 -0,210147 
67,100000 -0,210383 
67,200000 -0,211456 
67,300000 -0,213271 
67,400000 -0,226867 
67,500000 -0,227105 
67,600000 -0,236900 
67,700000 -0,250449 
67,800000 -0,240654 
67,900000 -0,247837 
68,000000 -0,258148 
68,100000 -0,271149 
68,200000 -0,277500 
68,300000 -0,295361 
68,400000 -0,313999 
68,500000 -0,333640 
68,600000 -0,347521 
68,700000 -0,357305 
68,800000 -0,370772 
68,900000 -0,376618 
69,000000 -0,388505 
69,100000 -0,398075 
69,200000 -0,402916 
69,300000 -0,401365 
69,400000 -0,397921 
69,500000 -0,387839 
69,600000 -0,370867 
69,700000 -0,352478 
69,800000 -0,325706 
69,900000 -0,302752 
70,000000 -0,277950 
70,100000 -0,265393 
70,200000 -0,249685 
70,300000 -0,229007 
70,400000 -0,216300 
70,500000 -0,204973 
70,600000 -0,195381 
70,700000 -0,181664 
70,800000 -0,170575 
70,900000 -0,160583 
71,000000 -0,156946 
71,100000 -0,152463 
71,200000 -0,144370 
71,300000 -0,134354 
71,400000 -0,130234 
71,500000 -0,127680 
71,600000 -0,124513 
71,700000 -0,125151 
71,800000 -0,127042 
71,900000 -0,118548 
72,000000 -0,120428 
72,100000 -0,120986 
72,200000 -0,118705 
72,300000 -0,117556 
72,400000 -0,115611 
72,500000 -0,111767 
72,600000 -0,112640 
72,700000 -0,113222 
72,800000 -0,111905 
72,900000 -0,108522 
73,000000 -0,106422 
73,100000 -0,102894 
73,200000 -0,103834 
73,300000 -0,103765 
73,400000 -0,101319 
73,500000 -0,104343 
73,600000 -0,100655 
73,700000 -0,099349 
73,800000 -0,097701 
73,900000 -0,104783 
74,000000 -0,111609 
74,100000 -0,106916 
74,200000 -0,095899 
74,300000 -0,097505 
74,400000 -0,100859 
74,500000 -0,101420 
74,600000 -0,104540 
74,700000 -0,099970 
74,800000 -0,100782 
74,900000 -0,100081 
75,000000 -0,100785 
75,100000 -0,099098 
75,200000 -0,098053 
75,300000 -0,093124 
75,400000 -0,096191 
75,500000 -0,096144 
75,600000 -0,099802 
75,700000 -0,099164 
75,800000 -0,091167 
75,900000 -0,096401 
76,000000 -0,093932 
76,100000 -0,098086 
76,200000 -0,102980 
76,300000 -0,098981 
76,400000 -0,095094 
76,500000 -0,096286 
76,600000 -0,091930 
76,700000 -0,090605 
76,800000 -0,092270 
76,900000 -0,091688 
77,000000 -0,093137 
77,100000 -0,092218 
77,200000 -0,092873 
77,300000 -0,092585 
77,400000 -0,094553 
77,500000 -0,094472 
77,600000 -0,095495 
77,700000 -0,101290 
77,800000 -0,099021 
77,900000 -0,093522 
78,000000 -0,099631 
78,100000 -0,094636 
78,200000 -0,093759 
78,300000 -0,094474 
78,400000 -0,092618 
78,500000 -0,097140 
78,600000 -0,098438 
78,700000 -0,095854 
78,800000 -0,096638 
78,900000 -0,098477 
79,000000 -0,096670 
79,100000 -0,094865 
79,200000 -0,094430 
79,300000 -0,095575 
79,400000 -0,095379 
79,500000 -0,095115 
79,600000 -0,092544 
79,700000 -0,095627 
79,800000 -0,095431 
79,900000 -0,095616 
80,000000 -0,092193 
80,100000 -0,093361 
80,200000 -0,098334 
80,300000 -0,098179 
80,400000 -0,096871 
80,500000 -0,099583 
80,600000 -0,094904 
80,700000 -0,095163 
80,800000 -0,094315 
80,900000 -0,094445 
81,000000 -0,097193 
81,100000 -0,093212 
81,200000 -0,092490 
81,300000 -0,097681 
81,400000 -0,097116 
81,500000 -0,094906 
81,600000 -0,096734 
81,700000 -0,094919 
81,800000 -0,095336 
81,900000 -0,095999 
82,000000 -0,089832 
82,100000 -0,088732 
82,200000 -0,087472 
82,300000 -0,085075 
82,400000 -0,087428 
82,500000 -0,085554 
82,600000 -0,084209 
82,700000 -0,080480 
82,800000 -0,082361 
82,900000 -0,083543 
83,000000 -0,083238 
83,100000 -0,082932 
83,200000 -0,082109 
83,300000 -0,082652 
83,400000 -0,080916 
83,500000 -0,081457 
83,600000 -0,082051 
83,700000 -0,081740 
83,800000 -0,077856 
83,900000 -0,077223 
84,000000 -0,081704 
84,100000 -0,084787 
84,200000 -0,086043 
84,300000 -0,088498 
84,400000 -0,083304 
84,500000 -0,081027 
84,600000 -0,081983 
84,700000 -0,082767 
84,800000 -0,082074 
84,900000 -0,078931 
85,000000 -0,078572 
85,100000 -0,082728 
85,200000 -0,083119 
85,300000 -0,084709 
85,400000 -0,078246 
85,500000 -0,079911 
85,600000 -0,080209 
85,700000 -0,080405 
85,800000 -0,079950 
85,900000 -0,079115 
86,000000 -0,080585 
86,100000 -0,080719 
86,200000 -0,082060 
86,300000 -0,082613 
86,400000 -0,082059 
86,500000 -0,084373 
86,600000 -0,087154 
86,700000 -0,087118 
86,800000 -0,084751 
86,900000 -0,084837 
87,000000 -0,083370 
87,100000 -0,081257 
87,200000 -0,082509 
87,300000 -0,078830 
87,400000 -0,080188 
87,500000 -0,078872 
87,600000 -0,077887 
87,700000 -0,074347 
87,800000 -0,075639 
87,900000 -0,080977 
88,000000 -0,077210 
88,100000 -0,080206 
88,200000 -0,079951 
88,300000 -0,079162 
88,400000 -0,082417 
88,500000 -0,079338 
88,600000 -0,081230 
88,700000 -0,080090 
88,800000 -0,080934 
88,900000 -0,075350 
89,000000 -0,075273 
89,100000 -0,078896 
89,200000 -0,079946 
89,300000 -0,079233 
89,400000 -0,081291 
89,500000 -0,083726 
89,600000 -0,080033 
89,700000 -0,077122 
89,800000 -0,079629 
89,900000 -0,075818 
90,000000 -0,073719 
90,100000 -0,076079 
90,200000 -0,078333 
90,300000 -0,084513 
90,400000 -0,075356 
90,500000 -0,081012 
90,600000 -0,079326 
90,700000 -0,079881 
90,800000 -0,079188 
90,900000 -0,083313 
91,000000 -0,080793 
91,100000 -0,080168 
91,200000 -0,081557 
91,300000 -0,081536 
91,400000 -0,082439 
91,500000 -0,080747 
91,600000 -0,080164 
91,700000 -0,083165 
91,800000 -0,084386 
91,900000 -0,087555 
92,000000 -0,085505 
92,100000 -0,085337 
92,200000 -0,084910 
92,300000 -0,086876 
92,400000 -0,085960 
92,500000 -0,084262 
92,600000 -0,086226 
92,700000 -0,086023 
92,800000 -0,088388 
92,900000 -0,087592 
93,000000 -0,086465 
93,100000 -0,090153 
93,200000 -0,088047 
93,300000 -0,090053 
93,400000 -0,087892 
93,500000 -0,088704 
93,600000 -0,086096 
93,700000 -0,088280 
93,800000 -0,090936 
93,900000 -0,085416 
94,000000 -0,086144 
94,100000 -0,084451 
94,200000 -0,088734 
94,300000 -0,088411 
94,400000 -0,087905 
94,500000 -0,090171 
94,600000 -0,091300 
94,700000 -0,089397 
94,800000 -0,090993 
94,900000 -0,090753 
95,000000 -0,089087 
95,100000 -0,091090 
95,200000 -0,092467 
95,300000 -0,095004 
95,400000 -0,099821 
95,500000 -0,099118 
95,600000 -0,095177 
95,700000 -0,095848 
95,800000 -0,099475 
95,900000 -0,094302 
96,000000 -0,097879 
96,100000 -0,100600 
96,200000 -0,104626 
96,300000 -0,106265 
96,400000 -0,104329 
96,500000 -0,106871 
96,600000 -0,109054 
96,700000 -0,111022 
96,800000 -0,110414 
96,900000 -0,110702 
97,000000 -0,110619 
97,100000 -0,112803 
97,200000 -0,113956 
97,300000 -0,112612 
97,400000 -0,114535 
97,500000 -0,112033 
97,600000 -0,107929 
97,700000 -0,107201 
97,800000 -0,107477 
97,900000 -0,100552 
98,000000 -0,104136 
98,100000 -0,104189 
98,200000 -0,102704 
98,300000 -0,106229 
98,400000 -0,102258 
98,500000 -0,105330 
98,600000 -0,107423 
98,700000 -0,107130 
98,800000 -0,105102 
98,900000 -0,104080 
99,000000 -0,106774 
99,100000 -0,103604 
99,200000 -0,106171 
99,300000 -0,108561 
99,400000 -0,108679 
99,500000 -0,102728 
99,600000 -0,102642 
99,700000 -0,099354 
99,800000 -0,097343 
99,900000 -0,097971 
100,000000 -0,099204 
