0,000000 -0,149501 
0,100000 -0,089241 
0,200000 -0,058824 
0,300000 -0,039763 
0,400000 -0,029135 
0,500000 -0,022239 
0,600000 -0,019092 
0,700000 -0,015544 
0,800000 -0,014282 
0,900000 -0,014044 
1,000000 -0,013542 
1,100000 -0,007353 
1,200000 -0,010928 
1,300000 -0,011526 
1,400000 -0,010696 
1,500000 -0,007539 
1,600000 -0,008703 
1,700000 -0,015471 
1,800000 -0,015148 
1,900000 0,000394 
2,000000 0,004967 
2,100000 0,007319 
2,200000 0,009838 
2,300000 0,014426 
2,400000 0,015271 
2,500000 0,015627 
2,600000 0,016253 
2,700000 0,011815 
2,800000 -0,016198 
2,900000 -0,078700 
3,000000 -0,103987 
3,100000 -0,070046 
3,200000 -0,031487 
3,300000 -0,008144 
3,400000 0,002637 
3,500000 0,012092 
3,600000 0,015251 
3,700000 0,017281 
3,800000 0,021133 
3,900000 0,020101 
4,000000 0,021834 
4,100000 0,020524 
4,200000 0,018769 
4,300000 0,020703 
4,400000 0,022128 
4,500000 0,018528 
4,600000 0,022104 
4,700000 0,019627 
4,800000 0,020613 
4,900000 0,019436 
5,000000 0,020772 
5,100000 0,020729 
5,200000 0,020850 
5,300000 0,010355 
5,400000 0,017764 
5,500000 0,018036 
5,600000 0,021621 
5,700000 0,022758 
5,800000 0,021968 
5,900000 0,021689 
6,000000 0,023267 
6,100000 0,018677 
6,200000 0,015976 
6,300000 0,020003 
6,400000 0,020372 
6,500000 0,020127 
6,600000 0,022076 
6,700000 0,020352 
6,800000 0,019271 
6,900000 0,019683 
7,000000 0,019332 
7,100000 0,019379 
7,200000 0,021019 
7,300000 0,022448 
7,400000 0,020885 
7,500000 0,020330 
7,600000 0,021981 
7,700000 0,009674 
7,800000 0,020726 
7,900000 0,021684 
8,000000 0,017762 
8,100000 0,019553 
8,200000 0,017686 
8,300000 0,022587 
8,400000 0,019502 
8,500000 0,018560 
8,600000 0,017152 
8,700000 0,017691 
8,800000 0,013627 
8,900000 0,014833 
9,000000 0,017465 
9,100000 0,016620 
9,200000 0,015511 
9,300000 0,020548 
9,400000 0,023400 
9,500000 0,020237 
9,600000 0,020421 
9,700000 0,020498 
9,800000 0,018234 
9,900000 0,020868 
10,000000 0,018630 
10,100000 0,020169 
10,200000 0,018373 
10,300000 0,017959 
10,400000 0,019122 
10,500000 0,019370 
10,600000 0,020302 
10,700000 0,021091 
10,800000 0,020590 
10,900000 0,018637 
11,000000 0,018561 
11,100000 0,018104 
11,200000 0,019023 
11,300000 0,017466 
11,400000 0,017816 
11,500000 0,020274 
11,600000 0,019003 
11,700000 0,017821 
11,800000 0,016889 
11,900000 0,018113 
12,000000 0,019329 
12,100000 0,021202 
12,200000 0,019052 
12,300000 0,015861 
12,400000 0,015656 
12,500000 0,016726 
12,600000 0,017873 
12,700000 0,017557 
12,800000 0,018688 
12,900000 0,017758 
13,000000 0,019809 
13,100000 0,021362 
13,200000 0,017889 
13,300000 0,015846 
13,400000 0,014734 
13,500000 0,014916 
13,600000 0,015148 
13,700000 0,017798 
13,800000 0,017630 
13,900000 0,018200 
14,000000 0,016765 
14,100000 0,015057 
14,200000 0,011781 
14,300000 0,009588 
14,400000 0,006553 
14,500000 0,008396 
14,600000 0,012361 
14,700000 0,016010 
14,800000 0,016881 
14,900000 0,016623 
15,000000 0,015854 
15,100000 0,011867 
15,200000 0,005397 
15,300000 -0,002687 
15,400000 -0,002301 
15,500000 -0,001364 
15,600000 0,006690 
15,700000 0,011043 
15,800000 0,009514 
15,900000 0,005263 
16,000000 0,002385 
16,100000 -0,001732 
16,200000 -0,015529 
16,300000 -0,022889 
16,400000 -0,024512 
16,500000 -0,022125 
16,600000 -0,016221 
16,700000 -0,003181 
16,800000 0,003860 
16,900000 -0,003740 
17,000000 -0,025443 
17,100000 -0,071940 
17,200000 -0,113170 
17,300000 -0,141060 
17,400000 -0,144804 
17,500000 -0,123130 
17,600000 -0,081353 
17,700000 -0,045177 
17,800000 -0,036244 
17,900000 -0,066482 
18,000000 -0,155981 
18,100000 -0,322282 
18,200000 -0,482962 
18,300000 -0,585095 
18,400000 -0,616773 
18,500000 -0,517025 
18,600000 -0,327892 
18,700000 -0,184368 
18,800000 -0,101312 
18,900000 -0,051669 
19,000000 -0,024300 
19,100000 -0,009741 
19,200000 -0,005849 
19,300000 0,002828 
19,400000 0,005900 
19,500000 0,007415 
19,600000 0,014405 
19,700000 0,014915 
19,800000 0,012421 
19,900000 0,004735 
20,000000 -0,012106 
20,100000 -0,033626 
20,200000 -0,055212 
20,300000 -0,067093 
20,400000 -0,066547 
20,500000 -0,047979 
20,600000 -0,022347 
20,700000 -0,003005 
20,800000 0,008876 
20,900000 0,011696 
21,000000 0,011851 
21,100000 0,014130 
21,200000 0,019279 
21,300000 0,018221 
21,400000 0,016585 
21,500000 0,020900 
21,600000 0,021050 
21,700000 0,021343 
21,800000 0,018056 
21,900000 0,022012 
22,000000 0,019782 
22,100000 0,020758 
22,200000 0,020800 
22,300000 0,023020 
22,400000 0,017425 
22,500000 0,024057 
22,600000 0,019193 
22,700000 0,024368 
22,800000 0,022228 
22,900000 0,018573 
23,000000 0,020396 
23,100000 0,021991 
23,200000 0,024470 
23,300000 0,023446 
23,400000 0,021654 
23,500000 0,020431 
23,600000 0,024187 
23,700000 0,024494 
23,800000 0,018878 
23,900000 0,021706 
24,000000 0,021612 
24,100000 0,020748 
24,200000 0,018990 
24,300000 0,022407 
24,400000 0,016760 
24,500000 0,016052 
24,600000 0,020365 
24,700000 0,024307 
24,800000 0,021055 
24,900000 0,018504 
25,000000 0,018142 
25,100000 0,015354 
25,200000 0,014339 
25,300000 0,020737 
25,400000 0,018663 
25,500000 0,020547 
25,600000 0,020951 
25,700000 0,023711 
25,800000 0,018919 
25,900000 0,012905 
26,000000 0,005820 
26,100000 0,000161 
26,200000 -0,003885 
26,300000 -0,006471 
26,400000 -0,006782 
26,500000 -0,003287 
26,600000 0,005398 
26,700000 0,011168 
26,800000 0,012536 
26,900000 0,009065 
27,000000 -0,004988 
27,100000 -0,007633 
27,200000 -0,016924 
27,300000 -0,019527 
27,400000 -0,018329 
27,500000 -0,005893 
27,600000 0,003119 
27,700000 0,000308 
27,800000 -0,020738 
27,900000 -0,053952 
28,000000 -0,101678 
28,100000 -0,151379 
28,200000 -0,175781 
28,300000 -0,185794 
28,400000 -0,172844 
28,500000 -0,131311 
28,600000 -0,069608 
28,700000 -0,033614 
28,800000 -0,015505 
28,900000 -0,007754 
29,000000 -0,006238 
29,100000 -0,013252 
29,200000 -0,021164 
29,300000 -0,008278 
29,400000 -0,005551 
29,500000 -0,002643 
29,600000 0,006056 
29,700000 0,019387 
29,800000 0,020558 
29,900000 0,013068 
30,000000 0,013794 
30,100000 0,010853 
30,200000 0,009653 
30,300000 0,004229 
30,400000 0,011173 
30,500000 0,011101 
30,600000 0,012189 
30,700000 0,018372 
30,800000 0,016595 
30,900000 0,011394 
31,000000 -0,003427 
31,100000 -0,006721 
31,200000 0,000738 
31,300000 -0,001596 
31,400000 -0,003837 
31,500000 0,002861 
31,600000 0,010698 
31,700000 0,016154 
31,800000 0,014863 
31,900000 0,014025 
32,000000 0,006657 
32,100000 0,009426 
32,200000 0,012467 
32,300000 0,010883 
32,400000 0,008982 
32,500000 0,015528 
32,600000 0,013769 
32,700000 0,014418 
32,800000 0,013527 
32,900000 0,012111 
33,000000 0,022697 
33,100000 0,025281 
33,200000 0,022621 
33,300000 0,021435 
33,400000 0,022855 
33,500000 0,022399 
33,600000 0,020297 
33,700000 0,020027 
33,800000 0,020266 
33,900000 0,021872 
34,000000 0,023355 
34,100000 0,020107 
34,200000 0,019763 
34,300000 0,019000 
34,400000 0,022839 
34,500000 0,015202 
34,600000 0,016075 
34,700000 0,017162 
34,800000 0,033240 
34,900000 0,026931 
35,000000 0,025796 
35,100000 0,024244 
35,200000 0,024753 
35,300000 0,023650 
35,400000 0,023910 
35,500000 0,023073 
35,600000 0,021163 
35,700000 0,020285 
35,800000 0,022917 
35,900000 0,023619 
36,000000 0,027258 
36,100000 0,027010 
36,200000 0,025352 
36,300000 0,030022 
36,400000 0,030529 
36,500000 0,026126 
36,600000 0,021559 
36,700000 0,022718 
36,800000 0,026834 
36,900000 0,026140 
37,000000 0,026684 
37,100000 0,028971 
37,200000 0,029809 
37,300000 0,028227 
37,400000 0,028256 
37,500000 0,027590 
37,600000 0,025103 
37,700000 0,026541 
37,800000 0,027576 
37,900000 0,026319 
38,000000 0,025180 
38,100000 0,024483 
38,200000 0,027861 
38,300000 0,025167 
38,400000 0,025279 
38,500000 0,027667 
38,600000 0,027556 
38,700000 0,028053 
38,800000 0,026657 
38,900000 0,024584 
39,000000 0,024555 
39,100000 0,024841 
39,200000 0,026175 
39,300000 0,026522 
39,400000 0,024859 
39,500000 0,025965 
39,600000 0,027069 
39,700000 0,026929 
39,800000 0,025348 
39,900000 0,022344 
40,000000 0,020829 
40,100000 0,019509 
40,200000 0,015908 
40,300000 0,014636 
40,400000 0,017926 
40,500000 0,018227 
40,600000 0,016334 
40,700000 0,022076 
40,800000 0,022732 
40,900000 0,020291 
41,000000 0,022216 
41,100000 0,025518 
41,200000 0,021953 
41,300000 0,024044 
41,400000 0,021247 
41,500000 0,021404 
41,600000 0,022488 
41,700000 0,026027 
41,800000 0,027038 
41,900000 0,028535 
42,000000 0,026745 
42,100000 0,025791 
42,200000 0,015599 
42,300000 -0,001222 
42,400000 0,011506 
42,500000 0,020284 
42,600000 0,021026 
42,700000 0,011072 
42,800000 0,015983 
42,900000 0,023475 
43,000000 0,020317 
43,100000 0,017619 
43,200000 0,019079 
43,300000 0,016567 
43,400000 0,010142 
43,500000 0,020564 
43,600000 0,018173 
43,700000 0,013527 
43,800000 0,016179 
43,900000 0,010247 
44,000000 0,002995 
44,100000 -0,005199 
44,200000 -0,009196 
44,300000 -0,007299 
44,400000 -0,010766 
44,500000 -0,000334 
44,600000 0,005943 
44,700000 0,011294 
44,800000 0,015378 
44,900000 0,018713 
45,000000 0,010452 
45,100000 0,012255 
45,200000 0,007925 
45,300000 0,008349 
45,400000 0,011101 
45,500000 0,011425 
45,600000 0,012282 
45,700000 0,013039 
45,800000 0,016766 
45,900000 0,015576 
46,000000 0,015187 
46,100000 0,011820 
46,200000 0,013078 
46,300000 0,014442 
46,400000 0,016349 
46,500000 0,013325 
46,600000 0,016353 
46,700000 0,016040 
46,800000 0,026933 
46,900000 0,015605 
47,000000 0,015215 
47,100000 0,017741 
47,200000 0,024581 
47,300000 0,024513 
47,400000 0,020349 
47,500000 0,026119 
47,600000 0,033812 
47,700000 0,025104 
47,800000 0,023753 
47,900000 0,024778 
48,000000 0,026748 
48,100000 0,024880 
48,200000 0,024019 
48,300000 0,023319 
48,400000 0,022205 
48,500000 0,026350 
48,600000 0,025595 
48,700000 0,023899 
48,800000 0,024765 
48,900000 0,027565 
49,000000 0,024605 
49,100000 0,024704 
49,200000 0,022703 
49,300000 0,026027 
49,400000 0,025504 
49,500000 0,025006 
49,600000 0,027756 
49,700000 0,025530 
49,800000 0,021646 
49,900000 0,020217 
50,000000 0,022555 
50,100000 0,024208 
50,200000 0,024725 
50,300000 0,023194 
50,400000 0,022277 
50,500000 0,023918 
50,600000 0,025801 
50,700000 0,020625 
50,800000 0,023774 
50,900000 0,021259 
51,000000 0,022715 
51,100000 0,022733 
51,200000 0,022693 
51,300000 0,028208 
51,400000 0,025199 
51,500000 0,026883 
51,600000 0,030172 
51,700000 0,030273 
51,800000 0,025870 
51,900000 0,025033 
52,000000 0,027284 
52,100000 0,026885 
52,200000 0,028074 
52,300000 0,029954 
52,400000 0,028365 
52,500000 0,028271 
52,600000 0,030854 
52,700000 0,031074 
52,800000 0,031321 
52,900000 0,029634 
53,000000 0,028153 
53,100000 0,030189 
53,200000 0,028199 
53,300000 0,029832 
53,400000 0,030876 
53,500000 0,034166 
53,600000 0,034228 
53,700000 0,031978 
53,800000 0,030559 
53,900000 0,029239 
54,000000 0,028337 
54,100000 0,029398 
54,200000 0,031697 
54,300000 0,029626 
54,400000 0,028482 
54,500000 0,029410 
54,600000 0,026928 
54,700000 0,024716 
54,800000 0,027540 
54,900000 0,033213 
55,000000 0,035929 
55,100000 0,032546 
55,200000 0,019923 
55,300000 0,021910 
55,400000 0,026735 
55,500000 0,026829 
55,600000 0,025526 
55,700000 0,024461 
55,800000 0,026226 
55,900000 0,029289 
56,000000 0,030221 
56,100000 0,031706 
56,200000 0,027202 
56,300000 0,024872 
56,400000 0,026332 
56,500000 0,034068 
56,600000 0,029082 
56,700000 0,026607 
56,800000 0,029001 
56,900000 0,024320 
57,000000 0,024085 
57,100000 0,031397 
57,200000 0,024358 
57,300000 0,028692 
57,400000 0,031573 
57,500000 0,028010 
57,600000 0,025258 
57,700000 0,025076 
57,800000 0,026755 
57,900000 0,029256 
58,000000 0,026108 
58,100000 0,025447 
58,200000 0,027704 
58,300000 0,027242 
58,400000 0,029266 
58,500000 0,023838 
58,600000 0,024672 
58,700000 0,025691 
58,800000 0,025505 
58,900000 0,027350 
59,000000 0,030576 
59,100000 0,029517 
59,200000 0,026331 
59,300000 0,034204 
59,400000 0,031159 
59,500000 0,027967 
59,600000 0,029610 
59,700000 0,029691 
59,800000 0,022987 
59,900000 0,023146 
60,000000 0,034795 
60,100000 0,028866 
60,200000 0,024899 
60,300000 0,024814 
60,400000 0,025220 
60,500000 0,030471 
60,600000 0,031701 
60,700000 0,031720 
60,800000 0,024116 
60,900000 0,030243 
61,000000 0,024911 
61,100000 0,030552 
61,200000 0,030291 
61,300000 0,027014 
61,400000 0,029074 
61,500000 0,032004 
61,600000 0,029020 
61,700000 0,029375 
61,800000 0,030303 
61,900000 0,030984 
62,000000 0,029921 
62,100000 0,027597 
62,200000 0,025974 
62,300000 0,028491 
62,400000 0,031304 
62,500000 0,030579 
62,600000 0,032332 
62,700000 0,032751 
62,800000 0,028413 
62,900000 0,026539 
63,000000 0,028091 
63,100000 0,026588 
63,200000 0,016382 
63,300000 0,028434 
63,400000 0,033487 
63,500000 0,032633 
63,600000 0,031450 
63,700000 0,031393 
63,800000 0,028727 
63,900000 0,029911 
64,000000 0,022337 
64,100000 0,024492 
64,200000 0,026786 
64,300000 0,027033 
64,400000 0,029202 
64,500000 0,027326 
64,600000 0,028133 
64,700000 0,025142 
64,800000 0,026251 
64,900000 0,028034 
65,000000 0,029253 
65,100000 0,032781 
65,200000 0,031559 
65,300000 0,024623 
65,400000 0,025499 
65,500000 0,034953 
65,600000 0,031235 
65,700000 0,029938 
65,800000 0,035081 
65,900000 0,032235 
66,000000 0,029423 
66,100000 0,029994 
66,200000 0,026744 
66,300000 0,029375 
66,400000 0,022558 
66,500000 0,028658 
66,600000 0,028810 
66,700000 0,029056 
66,800000 0,033565 
66,900000 0,030385 
67,000000 0,031403 
67,100000 0,026960 
67,200000 0,028427 
67,300000 0,028239 
67,400000 0,027578 
67,500000 0,029818 
67,600000 0,030461 
67,700000 0,026892 
67,800000 0,025390 
67,900000 0,028908 
68,000000 0,028073 
68,100000 0,030523 
68,200000 0,031636 
68,300000 0,029570 
68,400000 0,029667 
68,500000 0,030802 
68,600000 0,029719 
68,700000 0,030057 
68,800000 0,029737 
68,900000 0,028969 
69,000000 0,028788 
69,100000 0,021139 
69,200000 0,021581 
69,300000 0,017941 
69,400000 0,018333 
69,500000 0,017814 
69,600000 0,023244 
69,700000 0,025132 
69,800000 0,024834 
69,900000 0,027450 
70,000000 0,028128 
70,100000 0,028103 
70,200000 0,025307 
70,300000 0,030204 
70,400000 0,030374 
70,500000 0,030368 
70,600000 0,033621 
70,700000 0,033655 
70,800000 0,030290 
70,900000 0,028311 
71,000000 0,030073 
71,100000 0,031924 
71,200000 0,027909 
71,300000 0,029494 
71,400000 0,030459 
71,500000 0,030777 
71,600000 0,029382 
71,700000 0,030095 
71,800000 0,026872 
71,900000 0,027261 
72,000000 0,028436 
72,100000 0,030248 
72,200000 0,028903 
72,300000 0,031808 
72,400000 0,030702 
72,500000 0,028480 
72,600000 0,027924 
72,700000 0,025598 
72,800000 0,027349 
72,900000 0,026514 
73,000000 0,028607 
73,100000 0,027861 
73,200000 0,027237 
73,300000 0,029935 
73,400000 0,029744 
73,500000 0,027340 
73,600000 0,028473 
73,700000 0,027938 
73,800000 0,028993 
73,900000 0,026051 
74,000000 0,030249 
74,100000 0,027059 
74,200000 0,027482 
74,300000 0,029798 
74,400000 0,026512 
74,500000 0,025017 
74,600000 0,028443 
74,700000 0,026658 
74,800000 0,027611 
74,900000 0,026873 
75,000000 0,027402 
75,100000 0,026002 
75,200000 0,028050 
75,300000 0,025397 
75,400000 0,029911 
75,500000 0,026863 
75,600000 0,021145 
75,700000 0,024711 
75,800000 0,027644 
75,900000 0,030037 
76,000000 0,027626 
76,100000 0,029575 
76,200000 0,024845 
76,300000 0,024876 
76,400000 0,026161 
76,500000 0,030494 
76,600000 0,027360 
76,700000 0,030330 
76,800000 0,031333 
76,900000 0,031146 
77,000000 0,029521 
77,100000 0,028274 
77,200000 0,028279 
77,300000 0,028283 
77,400000 0,030108 
77,500000 0,029250 
77,600000 0,030742 
77,700000 0,031595 
77,800000 0,028668 
77,900000 0,030454 
78,000000 0,030216 
78,100000 0,030821 
78,200000 0,028496 
78,300000 0,028195 
78,400000 0,026080 
78,500000 0,022789 
78,600000 0,029953 
78,700000 0,028812 
78,800000 0,029308 
78,900000 0,028527 
79,000000 0,026761 
79,100000 0,028574 
79,200000 0,027230 
79,300000 0,027794 
79,400000 0,028697 
79,500000 0,026859 
79,600000 0,031196 
79,700000 0,029309 
79,800000 0,026330 
79,900000 0,026919 
80,000000 0,026716 
80,100000 0,029360 
80,200000 0,030779 
80,300000 0,031573 
80,400000 0,028834 
80,500000 0,027027 
80,600000 0,029975 
80,700000 0,029632 
80,800000 0,029438 
80,900000 0,029241 
81,000000 0,028474 
81,100000 0,026907 
81,200000 0,026920 
81,300000 0,029101 
81,400000 0,028482 
81,500000 0,029500 
81,600000 0,030981 
81,700000 0,029276 
81,800000 0,022389 
81,900000 0,024332 
82,000000 0,032166 
82,100000 0,034911 
82,200000 0,033269 
82,300000 0,030887 
82,400000 0,024681 
82,500000 0,031709 
82,600000 0,032137 
82,700000 0,030946 
82,800000 0,029847 
82,900000 0,031098 
83,000000 0,027266 
83,100000 0,029901 
83,200000 0,022397 
83,300000 0,032363 
83,400000 0,030004 
83,500000 0,029423 
83,600000 0,030029 
83,700000 0,030579 
83,800000 0,026572 
83,900000 0,031120 
84,000000 0,029176 
84,100000 0,030008 
84,200000 0,030984 
84,300000 0,029825 
84,400000 0,030790 
84,500000 0,029353 
84,600000 0,030297 
84,700000 0,031057 
84,800000 0,030447 
84,900000 0,031960 
85,000000 0,031333 
85,100000 0,029007 
85,200000 0,028683 
85,300000 0,030573 
85,400000 0,029661 
85,500000 0,029864 
85,600000 0,028625 
85,700000 0,030114 
85,800000 0,031210 
85,900000 0,029274 
86,000000 0,029605 
86,100000 0,021601 
86,200000 0,024058 
86,300000 0,020694 
86,400000 0,026987 
86,500000 0,027443 
86,600000 0,026358 
86,700000 0,024201 
86,800000 0,026992 
86,900000 0,027529 
87,000000 0,028793 
87,100000 0,027768 
87,200000 0,026502 
87,300000 0,022568 
87,400000 0,029201 
87,500000 0,025343 
87,600000 0,026455 
87,700000 0,025658 
87,800000 0,024234 
87,900000 0,024653 
88,000000 0,018762 
88,100000 0,024632 
88,200000 0,029449 
88,300000 0,031842 
88,400000 0,029187 
88,500000 0,028058 
88,600000 0,026222 
88,700000 0,022063 
88,800000 0,020654 
88,900000 0,029713 
89,000000 0,027974 
89,100000 0,028326 
89,200000 0,028867 
89,300000 0,029596 
89,400000 0,025693 
89,500000 0,027763 
89,600000 0,026251 
89,700000 0,026763 
89,800000 0,026134 
89,900000 0,026568 
90,000000 0,027964 
90,100000 0,028597 
90,200000 0,029166 
90,300000 0,027363 
90,400000 0,021661 
90,500000 0,023853 
90,600000 0,022454 
90,700000 0,023506 
90,800000 0,021650 
90,900000 0,021556 
91,000000 0,024946 
91,100000 0,032633 
91,200000 0,023748 
91,300000 0,024754 
91,400000 0,025304 
91,500000 0,025073 
91,600000 0,023864 
91,700000 0,024212 
91,800000 0,024746 
91,900000 0,024171 
92,000000 0,033612 
92,100000 0,029710 
92,200000 0,028722 
92,300000 0,024078 
92,400000 0,029620 
92,500000 0,027888 
92,600000 0,028652 
92,700000 0,030015 
92,800000 0,028705 
92,900000 0,028358 
93,000000 0,031149 
93,100000 0,026606 
93,200000 0,026469 
93,300000 0,029164 
93,400000 0,032044 
93,500000 0,028441 
93,600000 0,028377 
93,700000 0,030517 
93,800000 0,026236 
93,900000 0,025676 
94,000000 0,027866 
94,100000 0,023445 
94,200000 0,024113 
94,300000 0,025208 
94,400000 0,025967 
94,500000 0,023055 
94,600000 0,025430 
94,700000 0,033614 
94,800000 0,028780 
94,900000 0,028391 
95,000000 0,030228 
95,100000 0,031995 
95,200000 0,027841 
95,300000 0,025597 
95,400000 0,025710 
95,500000 0,026197 
95,600000 0,027403 
95,700000 0,027623 
95,800000 0,025878 
95,900000 0,026518 
96,000000 0,034379 
96,100000 0,028486 
96,200000 0,031923 
96,300000 0,030225 
96,400000 0,025111 
96,500000 0,031288 
96,600000 0,031692 
96,700000 0,031831 
96,800000 0,028335 
96,900000 0,025629 
97,000000 0,026636 
97,100000 0,025726 
97,200000 0,029291 
97,300000 0,025951 
97,400000 0,027216 
97,500000 0,027583 
97,600000 0,024954 
97,700000 0,024856 
97,800000 0,026059 
97,900000 0,024837 
98,000000 0,027102 
98,100000 0,023807 
98,200000 0,025089 
98,300000 0,029562 
98,400000 0,026539 
98,500000 0,027154 
98,600000 0,025657 
98,700000 0,028446 
98,800000 0,027297 
98,900000 0,027832 
99,000000 0,029506 
99,100000 0,030992 
99,200000 0,030360 
99,300000 0,018238 
99,400000 0,020928 
99,500000 0,021333 
99,600000 0,029614 
99,700000 0,027501 
99,800000 0,030942 
99,900000 0,033651 
100,000000 0,031355 
