$SPEC_ID:
No sample description was entered.
$SPEC_REM:
DET# 3
DETDESC# FP-GAMMA2 MCB 129
AP# Maestro Version 7.01
$DATE_MEA:
12/04/2013 12:23:40
$MEAS_TIM:
159 180
$DATA:
0 8191
       0
       0
       0
       0
       0
       0
       0
       0
       5
       5
       6
       7
       5
       9
       5
       2
       4
       4
       6
       5
       9
      11
       9
       6
      11
       7
       7
       6
      11
       9
      15
      12
      10
       6
      11
      12
       9
      13
      15
      19
      15
      27
      24
      16
      22
      21
      27
      24
      25
      20
      37
      34
      39
      48
      95
     245
     144
     130
     117
     148
     190
     841
    2032
    1990
    1878
    1655
    1520
    1400
    1207
    1130
    1063
     960
     915
     868
     874
     811
     700
     700
     716
     641
     669
     645
     656
     633
     606
     601
     616
     630
     577
     556
     526
     525
     588
     572
     545
     597
     529
     554
     501
     574
     541
     568
     576
     524
     522
     501
     581
     529
     531
     543
     587
     539
     503
     539
     588
     507
     590
     525
     563
     553
     584
     582
     561
     588
     539
     516
     526
     541
     565
     544
     560
     545
     558
     568
     545
     525
     548
     555
     592
     599
     592
     572
     569
     580
     549
     581
     570
     594
     572
     575
     532
     582
     566
     561
     606
     570
     582
     592
     618
     559
     541
     589
     648
     621
     574
     549
     606
     552
     612
     605
     597
     559
     665
     582
     644
     542
     591
     622
     598
     612
     596
     534
     609
     616
     624
     615
     605
     579
     604
     589
     607
     627
     601
     619
     632
     584
     612
     604
     630
     634
     600
     613
     620
     628
     627
     590
     579
     612
     653
     614
     629
     613
     631
     602
     639
     622
     595
     602
     633
     569
     650
     624
     623
     627
     651
     622
     607
     652
     624
     638
     628
     605
     699
     616
     625
     661
     638
     630
     606
     620
     599
     619
     599
     630
     637
     603
     607
     688
     659
     669
     651
     696
     584
     649
     645
     605
     615
     610
     650
     669
     647
     640
     632
     650
     652
     637
     613
     649
     656
     640
     618
     582
     580
     604
     677
     637
     641
     602
     646
     621
     659
     605
     666
     607
     627
     672
     616
     617
     604
     669
     605
     652
     614
     609
     644
     662
     650
     671
     634
     637
     661
     659
     648
     633
     718
     655
     691
     669
     658
     653
     704
     665
     713
     625
     696
     679
     673
     726
     738
     687
     718
     688
     750
     689
     709
     718
     728
     743
     742
     752
     779
     702
     730
     772
     771
     755
     756
     756
     774
     809
     744
     817
     780
     803
     778
     836
     796
     801
     844
     862
     827
     827
     923
     873
     861
     906
     886
     922
     919
     829
     880
     930
     912
     857
     960
    1003
     952
     925
     994
     926
    1011
     987
     943
     980
    1027
    1070
    1002
     956
     968
     976
     959
    1022
    1002
    1056
     991
    1061
     995
    1032
    1054
     988
     950
     974
    1014
     962
     963
     953
     964
     965
     963
    1030
    1037
    1023
     982
     947
     904
     943
     936
     979
     949
     910
     939
     905
     873
     886
     938
     929
     915
     973
     932
     909
     967
     934
     931
     831
     885
     890
     868
     840
     850
     809
     821
     850
     820
     848
     822
     831
     813
     810
     784
     838
     850
     830
     796
     820
     768
     825
     790
     749
     775
     780
     776
     783
     757
     724
     759
     720
     778
     762
     758
     695
     737
     746
     766
     708
     698
     762
     717
     742
     716
     715
     713
     675
     703
     691
     676
     738
     717
     719
     733
     661
     758
     659
     680
     702
     646
     695
     676
     711
     716
     651
     637
     639
     709
     693
     675
     687
     658
     702
     700
     675
     656
     687
     655
     641
     646
     661
     666
     605
     638
     670
     655
     665
     662
     659
     631
     661
     627
     643
     694
     637
     642
     700
     689
     641
     620
     699
     657
     674
     667
     687
     701
     636
     664
     660
     658
     663
     611
     657
     668
     593
     642
     642
     671
     662
     668
     653
     651
     645
     657
     672
     647
     662
     596
     657
     642
     662
     626
     624
     669
     686
     727
     671
     687
     714
     656
     666
     671
     598
     656
     736
     671
     721
     669
     656
     721
     653
     634
     683
     682
     610
     681
     706
     695
     644
     676
     682
     665
     680
     657
     665
     698
     649
     652
     655
     670
     696
     682
     638
     614
     716
     673
     677
     706
     643
     720
     705
     689
     695
     698
     671
     645
     721
     714
     715
     715
     712
     660
     655
     727
     678
     673
     692
     715
     695
     692
     693
     680
     693
     697
     706
     670
     696
     710
     683
     714
     740
     707
     717
     711
     683
     700
     714
     694
     720
     690
     681
     686
     705
     766
     668
     691
     653
     655
     686
     691
     726
     683
     710
     724
     690
     672
     668
     725
     700
     618
     721
     707
     641
     672
     710
     699
     714
     709
     711
     707
     691
     729
     683
     701
     686
     753
     662
     729
     740
     714
     684
     689
     700
     686
     711
     758
     723
     660
     721
     716
     681
     696
     694
     657
     710
     725
     756
     673
     729
     694
     681
     753
     734
     655
     676
     701
     716
     746
     700
     729
     686
     720
     764
     717
     724
     760
     699
     703
     770
     673
     703
     732
     684
     720
     704
     753
     702
     724
     723
     721
     752
     729
     750
     698
     724
     697
     672
     681
     700
     728
     709
     675
     703
     738
     706
     700
     714
     745
     759
     747
     739
     738
     718
     645
     754
     709
     674
     727
     775
     724
     702
     753
     695
     746
     700
     715
     739
     744
     724
     749
     726
     756
     690
     752
     718
     718
     706
     712
     703
     737
     732
     720
     728
     774
     723
     739
     706
     743
     713
     720
     702
     701
     725
     707
     749
     765
     726
     686
     681
     720
     771
     740
     771
     713
     766
     711
     748
     733
     747
     742
     767
     700
     751
     735
     681
     758
     734
     710
     740
     763
     738
     749
     717
     736
     747
     745
     742
     757
     694
     739
     745
     743
     741
     706
     695
     695
     724
     720
     750
     740
     735
     753
     710
     728
     756
     759
     716
     726
     753
     779
     752
     809
     762
     685
     791
     778
     756
     788
     774
     731
     742
     742
     725
     744
     764
     749
     791
     772
     718
     784
     755
     756
     731
     739
     719
     772
     737
     769
     750
     740
     749
     772
     792
     727
     770
     720
     732
     757
     767
     762
     761
     812
     765
     754
     763
     802
     730
     759
     734
     792
     773
     852
     761
     822
     789
     761
     747
     776
     789
     744
     781
     817
     859
     733
     777
     797
     763
     769
     796
     743
     804
     766
     736
     781
     780
     754
     854
     826
     816
     792
     845
     822
     835
     810
     841
     791
     811
     837
     828
     801
     828
     799
     809
     766
     740
     790
     879
     803
     832
     858
     798
     852
     799
     842
     821
     819
     809
     811
     860
     801
     827
     832
     864
     789
     826
     848
     891
     829
     816
     903
     857
     858
     840
     837
     789
     871
     842
     834
     894
     921
     865
     850
     860
     910
     898
     945
     865
     916
     892
     872
     867
     882
     919
     897
     884
     942
     881
     900
     890
     838
     864
     900
     959
     884
     960
     887
     901
     917
     862
     925
     900
     939
     886
     926
     874
     859
     935
     939
     913
     946
    1013
     829
     908
     922
     910
     939
     868
     886
     949
     915
     936
     924
     931
     916
     912
     946
     882
     932
     955
     935
     892
     955
     888
     905
     916
     942
     890
     891
     931
     877
     917
     990
     893
     919
     938
     878
     892
     966
     889
     876
     966
     934
     969
     947
     949
     916
     949
     913
     896
     923
     935
     896
     898
     935
     943
     898
     938
     909
     871
     949
     905
     907
     946
     906
     849
     948
     906
     893
     963
     963
     954
     891
     887
     926
     908
     874
     921
     917
     930
     949
     830
     921
     922
     867
     913
     931
     882
     897
     938
     888
     952
     889
     882
     908
     894
     910
     894
     942
     866
     918
     872
     914
     909
     869
     854
     850
     932
     840
     937
     868
     856
     906
     862
     899
     923
     842
     869
     844
     874
     904
     926
     903
     887
     885
     886
     855
     896
     919
     891
     905
     846
     871
     869
     861
     916
     871
     865
     873
     851
     838
     836
     862
     874
     922
     854
     872
     844
     840
     813
     856
     847
     834
     854
     881
     866
     877
     882
     813
     838
     886
     850
     888
     897
     877
     850
     875
     883
     828
     835
     873
     827
     851
     815
     905
     847
     807
     846
     827
     842
     832
     823
     788
     876
     778
     811
     832
     840
     786
     842
     791
     760
     878
     825
     819
     811
     816
     791
     822
     797
     804
     834
     789
     793
     861
     771
     793
     786
     820
     815
     792
     812
     853
     777
     792
     856
     820
     833
     788
     822
     760
     825
     823
     769
     844
     833
     839
     790
     866
     802
     862
     777
     755
     787
     747
     785
     814
     746
     803
     790
     833
     816
     782
     766
     804
     820
     746
     801
     792
     758
     764
     791
     807
     809
     781
     798
     752
     833
     770
     781
     756
     802
     805
     785
     768
     834
     798
     761
     768
     770
     779
     782
     787
     812
     726
     802
     779
     775
     748
     767
     799
     701
     817
     790
     784
     760
     777
     778
     749
     787
     754
     766
     797
     816
     766
     757
     746
     748
     765
     736
     780
     752
     742
     778
     747
     776
     804
     735
     728
     797
     712
     740
     765
     737
     732
     727
     763
     780
     767
     827
     766
     808
     757
     737
     714
     733
     726
     779
     737
     756
     728
     750
     756
     736
     744
     750
     785
     733
     779
     779
     706
     693
     771
     739
     753
     714
     732
     784
     795
     754
     738
     770
     775
     733
     744
     680
     811
     696
     723
     822
     698
     701
     716
     740
     742
     709
     763
     776
     722
     725
     783
     741
     701
     737
     773
     698
     735
     693
     768
     730
     717
     726
     742
     714
     701
     709
     674
     756
     755
     732
     724
     782
     735
     795
     730
     732
     714
     745
     697
     737
     718
     756
     743
     699
     684
     750
     748
     776
     686
     726
     726
     705
     728
     726
     717
     706
     730
     722
     713
     704
     718
     716
     719
     737
     710
     745
     704
     704
     687
     706
     678
     710
     684
     684
     691
     742
     692
     685
     679
     722
     769
     671
     712
     697
     720
     687
     712
     666
     717
     682
     707
     661
     701
     704
     687
     716
     676
     713
     703
     672
     704
     698
     698
     687
     674
     691
     648
     642
     712
     692
     728
     676
     675
     672
     687
     705
     639
     656
     717
     708
     694
     651
     691
     719
     682
     647
     697
     681
     733
     685
     620
     699
     639
     735
     765
     668
     701
     619
     679
     643
     656
     624
     686
     639
     652
     688
     636
     676
     628
     648
     719
     684
     744
     661
     673
     698
     669
     636
     677
     642
     659
     617
     646
     646
     626
     668
     633
     673
     674
     656
     699
     678
     696
     654
     641
     704
     677
     719
     669
     663
     649
     708
     661
     721
     606
     611
     656
     626
     670
     650
     677
     661
     641
     641
     636
     683
     681
     621
     653
     664
     660
     650
     692
     657
     638
     646
     665
     617
     644
     675
     631
     643
     658
     659
     617
     657
     648
     660
     649
     642
     627
     625
     599
     631
     631
     634
     617
     630
     643
     634
     641
     618
     626
     653
     628
     670
     627
     683
     672
     636
     592
     657
     649
     633
     645
     617
     626
     648
     644
     639
     595
     616
     620
     708
     617
     672
     630
     609
     595
     683
     596
     616
     644
     640
     636
     628
     627
     633
     629
     677
     615
     593
     642
     649
     635
     610
     670
     609
     650
     607
     608
     618
     639
     621
     603
     646
     606
     718
     628
     567
     649
     618
     595
     599
     636
     634
     609
     636
     625
     617
     629
     639
     617
     635
     625
     620
     612
     590
     627
     654
     662
     604
     578
     595
     634
     637
     672
     613
     596
     657
     600
     618
     623
     624
     637
     660
     616
     617
     621
     616
     602
     598
     645
     666
     624
     635
     609
     650
     633
     642
     617
     621
     660
     611
     663
     569
     673
     641
     613
     648
     621
     634
     623
     632
     633
     622
     592
     567
     605
     631
     610
     594
     615
     623
     627
     582
     667
     644
     663
     610
     588
     610
     580
     613
     621
     642
     642
     597
     619
     629
     638
     673
     636
     636
     600
     625
     580
     604
     619
     586
     601
     591
     621
     598
     630
     598
     622
     632
     552
     596
     617
     605
     585
     626
     552
     580
     604
     602
     584
     581
     596
     589
     557
     622
     618
     624
     583
     578
     628
     630
     602
     620
     579
     621
     622
     586
     605
     600
     567
     653
     551
     603
     594
     616
     621
     587
     598
     631
     584
     592
     591
     637
     631
     592
     597
     603
     569
     607
     611
     641
     626
     574
     599
     636
     584
     588
     579
     592
     591
     555
     634
     599
     618
     581
     595
     563
     576
     561
     569
     606
     556
     598
     561
     599
     596
     591
     609
     582
     590
     568
     585
     580
     612
     567
     618
     596
     612
     612
     608
     561
     658
     610
     570
     606
     618
     581
     610
     592
     595
     564
     623
     619
     573
     611
     541
     590
     590
     563
     593
     587
     602
     663
     560
     631
     603
     581
     642
     610
     602
     607
     580
     588
     615
     569
     601
     587
     636
     585
     586
     574
     592
     625
     584
     609
     565
     607
     578
     583
     592
     543
     591
     610
     561
     606
     591
     599
     564
     578
     589
     601
     572
     557
     610
     618
     604
     596
     585
     595
     617
     605
     605
     611
     624
     591
     622
     599
     592
     588
     586
     619
     588
     579
     604
     550
     601
     589
     554
     597
     586
     569
     582
     600
     562
     583
     584
     583
     557
     616
     619
     579
     593
     589
     602
     581
     626
     606
     581
     578
     582
     575
     619
     606
     603
     604
     624
     608
     623
     597
     580
     540
     618
     592
     577
     608
     627
     605
     618
     545
     537
     595
     588
     597
     587
     601
     605
     583
     590
     582
     579
     564
     584
     595
     572
     561
     579
     615
     606
     606
     628
     588
     583
     601
     582
     564
     573
     595
     571
     521
     590
     615
     590
     605
     595
     577
     594
     607
     587
     558
     592
     598
     559
     574
     568
     537
     575
     538
     593
     628
     574
     551
     530
     576
     606
     531
     526
     557
     650
     584
     605
     557
     557
     560
     590
     547
     568
     554
     519
     556
     579
     592
     610
     568
     592
     544
     563
     555
     593
     577
     529
     581
     530
     573
     614
     591
     562
     571
     546
     597
     579
     612
     603
     554
     593
     590
     584
     604
     626
     606
     558
     592
     581
     579
     616
     596
     588
     595
     595
     599
     555
     628
     590
     573
     611
     570
     573
     604
     561
     558
     538
     552
     558
     591
     576
     581
     564
     630
     586
     603
     551
     553
     623
     524
     556
     565
     588
     590
     574
     557
     569
     577
     566
     622
     612
     621
     600
     577
     556
     571
     554
     595
     581
     551
     559
     587
     578
     600
     574
     581
     566
     552
     575
     582
     561
     541
     552
     557
     562
     625
     573
     583
     575
     586
     612
     626
     634
     567
     569
     585
     602
     557
     526
     564
     585
     595
     554
     580
     573
     571
     567
     556
     590
     565
     571
     584
     540
     582
     610
     590
     542
     611
     584
     553
     554
     553
     609
     585
     571
     540
     564
     603
     564
     570
     585
     563
     564
     566
     574
     611
     611
     569
     574
     529
     557
     570
     593
     590
     591
     585
     544
     539
     558
     597
     598
     616
     594
     563
     566
     605
     613
     575
     576
     592
     566
     533
     573
     593
     610
     559
     585
     623
     546
     595
     584
     582
     566
     607
     563
     593
     573
     581
     514
     571
     563
     552
     597
     599
     558
     592
     552
     553
     585
     576
     585
     554
     545
     611
     599
     581
     555
     602
     559
     588
     602
     597
     550
     596
     594
     562
     608
     582
     577
     592
     584
     556
     612
     553
     585
     601
     605
     547
     604
     540
     619
     567
     588
     572
     573
     585
     564
     568
     573
     581
     570
     575
     569
     585
     575
     622
     554
     558
     583
     566
     561
     588
     600
     590
     612
     555
     529
     560
     552
     615
     596
     583
     577
     586
     570
     588
     516
     589
     551
     551
     560
     599
     548
     561
     542
     562
     580
     587
     556
     534
     586
     560
     552
     575
     557
     529
     603
     605
     584
     580
     567
     549
     563
     574
     550
     607
     554
     580
     576
     609
     580
     624
     568
     584
     534
     633
     561
     549
     603
     585
     599
     558
     594
     552
     568
     557
     581
     532
     577
     541
     568
     566
     539
     577
     579
     637
     566
     555
     531
     561
     540
     600
     554
     585
     555
     565
     599
     581
     560
     544
     520
     563
     538
     594
     531
     537
     558
     635
     616
     577
     597
     561
     587
     593
     560
     592
     546
     584
     576
     570
     551
     547
     559
     588
     576
     559
     560
     521
     500
     569
     533
     551
     579
     554
     590
     565
     525
     605
     599
     557
     561
     571
     580
     555
     600
     555
     551
     562
     544
     531
     578
     581
     578
     575
     565
     549
     528
     538
     548
     540
     572
     582
     565
     526
     555
     567
     544
     567
     538
     560
     589
     569
     544
     545
     537
     539
     563
     557
     597
     531
     602
     516
     583
     542
     562
     556
     576
     584
     599
     540
     562
     592
     593
     570
     527
     566
     577
     559
     579
     601
     509
     547
     574
     574
     592
     545
     559
     545
     548
     541
     547
     549
     528
     570
     544
     589
     574
     576
     559
     577
     574
     515
     551
     577
     561
     525
     535
     573
     556
     517
     537
     569
     570
     569
     559
     577
     589
     569
     550
     551
     535
     523
     526
     592
     568
     607
     526
     558
     580
     541
     591
     531
     547
     574
     560
     586
     552
     533
     550
     550
     578
     555
     526
     526
     580
     586
     539
     540
     515
     567
     564
     520
     575
     544
     528
     535
     580
     557
     543
     550
     550
     562
     563
     541
     584
     587
     499
     586
     532
     559
     531
     591
     564
     581
     566
     572
     537
     554
     526
     549
     531
     536
     577
     544
     559
     548
     567
     528
     575
     521
     538
     587
     568
     577
     547
     581
     562
     551
     557
     574
     520
     587
     530
     550
     549
     552
     560
     553
     554
     613
     567
     578
     532
     565
     573
     571
     552
     581
     573
     586
     554
     536
     553
     585
     545
     539
     547
     527
     540
     582
     580
     513
     549
     549
     550
     530
     545
     561
     557
     550
     580
     519
     537
     539
     568
     539
     589
     577
     555
     563
     565
     518
     568
     513
     557
     567
     517
     559
     535
     555
     563
     567
     492
     553
     578
     562
     557
     557
     599
     549
     541
     535
     541
     546
     546
     531
     547
     549
     584
     555
     557
     570
     554
     565
     539
     515
     567
     560
     585
     555
     541
     532
     548
     513
     537
     550
     580
     552
     588
     547
     519
     558
     524
     528
     549
     545
     589
     527
     552
     570
     576
     629
     516
     521
     580
     538
     537
     583
     494
     553
     560
     522
     577
     521
     554
     564
     553
     574
     560
     559
     558
     589
     571
     567
     550
     561
     568
     595
     529
     518
     564
     519
     517
     557
     528
     498
     570
     524
     536
     552
     568
     539
     557
     562
     598
     497
     558
     539
     531
     539
     569
     551
     565
     536
     555
     522
     518
     610
     564
     548
     536
     547
     537
     512
     541
     525
     540
     561
     569
     539
     581
     540
     542
     581
     570
     538
     557
     571
     586
     552
     551
     555
     519
     565
     516
     552
     557
     569
     545
     535
     564
     559
     535
     551
     577
     531
     571
     558
     535
     509
     602
     583
     492
     565
     585
     502
     572
     562
     584
     538
     513
     559
     550
     560
     539
     579
     549
     529
     509
     566
     581
     522
     531
     551
     565
     556
     593
     590
     540
     598
     542
     528
     589
     560
     561
     535
     560
     571
     566
     540
     570
     539
     505
     574
     496
     570
     562
     546
     528
     534
     596
     578
     503
     569
     563
     533
     566
     537
     548
     543
     591
     550
     514
     533
     607
     524
     535
     592
     521
     508
     587
     519
     609
     564
     559
     552
     559
     568
     563
     607
     559
     531
     552
     572
     523
     572
     559
     530
     567
     551
     572
     563
     551
     561
     547
     547
     583
     525
     533
     544
     543
     545
     540
     552
     571
     597
     543
     545
     563
     583
     559
     566
     539
     564
     561
     542
     585
     562
     545
     564
     568
     554
     562
     542
     560
     571
     531
     561
     581
     547
     530
     551
     595
     587
     545
     599
     578
     558
     537
     539
     583
     503
     516
     553
     546
     561
     530
     557
     555
     569
     561
     609
     567
     543
     513
     540
     569
     574
     530
     531
     599
     601
     539
     538
     549
     568
     612
     524
     559
     560
     589
     533
     528
     553
     570
     537
     552
     576
     589
     534
     543
     582
     554
     560
     520
     591
     589
     618
     579
     542
     548
     560
     571
     581
     526
     565
     545
     545
     554
     580
     586
     562
     547
     556
     548
     564
     558
     549
     540
     575
     576
     563
     536
     493
     556
     554
     551
     527
     557
     560
     572
     560
     538
     519
     562
     546
     535
     582
     615
     542
     578
     602
     528
     555
     557
     548
     563
     546
     544
     601
     536
     514
     538
     532
     565
     544
     554
     528
     553
     567
     534
     524
     590
     538
     549
     592
     525
     541
     590
     564
     629
     526
     531
     536
     547
     559
     578
     579
     573
     543
     596
     560
     559
     575
     577
     534
     549
     594
     562
     542
     512
     548
     549
     569
     595
     592
     558
     543
     539
     546
     569
     528
     560
     576
     535
     503
     506
     597
     586
     578
     619
     554
     578
     563
     515
     537
     542
     539
     558
     527
     539
     572
     551
     544
     595
     533
     530
     545
     559
     501
     526
     557
     526
     569
     543
     579
     564
     602
     557
     589
     605
     548
     599
     576
     523
     557
     558
     529
     508
     568
     567
     548
     540
     532
     577
     551
     529
     576
     546
     587
     549
     546
     543
     587
     552
     548
     590
     517
     562
     558
     586
     517
     545
     555
     572
     566
     587
     543
     569
     540
     554
     499
     568
     536
     540
     554
     547
     564
     557
     548
     603
     591
     598
     582
     570
     551
     566
     563
     581
     522
     546
     578
     560
     557
     562
     603
     567
     533
     580
     573
     572
     559
     537
     556
     563
     568
     553
     550
     548
     612
     552
     582
     541
     580
     577
     562
     568
     538
     559
     541
     609
     567
     560
     609
     551
     572
     578
     551
     627
     625
     524
     537
     547
     573
     574
     549
     514
     575
     536
     560
     560
     596
     613
     541
     544
     567
     585
     572
     536
     610
     593
     585
     534
     576
     541
     541
     522
     591
     567
     582
     556
     536
     583
     558
     538
     578
     570
     604
     599
     561
     568
     555
     555
     578
     551
     558
     573
     570
     581
     603
     550
     559
     564
     522
     528
     551
     536
     582
     598
     551
     568
     571
     566
     525
     576
     559
     542
     566
     562
     506
     568
     577
     563
     517
     552
     519
     551
     539
     557
     539
     587
     617
     611
     583
     554
     575
     554
     569
     576
     530
     571
     531
     569
     576
     553
     580
     573
     580
     554
     570
     567
     552
     597
     606
     557
     569
     532
     561
     603
     571
     544
     579
     535
     553
     580
     561
     541
     561
     582
     574
     544
     598
     517
     577
     562
     546
     564
     536
     561
     559
     579
     567
     556
     553
     580
     574
     558
     559
     580
     582
     598
     612
     568
     572
     609
     594
     606
     537
     549
     559
     596
     553
     542
     553
     585
     571
     546
     578
     542
     555
     538
     591
     594
     555
     555
     587
     566
     553
     525
     599
     546
     570
     564
     540
     535
     619
     593
     575
     584
     575
     550
     563
     584
     606
     529
     522
     561
     565
     575
     571
     571
     588
     548
     573
     587
     572
     579
     586
     563
     596
     584
     525
     584
     524
     595
     617
     545
     615
     579
     565
     586
     564
     570
     534
     578
     548
     578
     546
     599
     583
     540
     545
     574
     579
     548
     540
     595
     585
     598
     540
     536
     525
     596
     586
     536
     555
     570
     574
     546
     561
     571
     587
     521
     577
     593
     591
     596
     558
     608
     583
     555
     565
     558
     572
     556
     596
     604
     630
     583
     587
     568
     552
     586
     529
     616
     568
     587
     583
     577
     554
     542
     545
     612
     588
     555
     600
     627
     539
     602
     582
     575
     547
     581
     590
     515
     565
     589
     589
     595
     585
     600
     574
     626
     573
     602
     599
     568
     573
     622
     590
     581
     571
     575
     579
     546
     560
     583
     609
     566
     591
     586
     551
     573
     647
     571
     607
     610
     595
     574
     682
     601
     641
     590
     561
     612
     575
     577
     579
     568
     599
     535
     592
     597
     587
     574
     585
     550
     629
     605
     622
     634
     600
     590
     638
     569
     607
     586
     600
     554
     569
     572
     623
     574
     614
     618
     564
     590
     610
     589
     614
     620
     576
     578
     576
     576
     610
     590
     599
     591
     596
     609
     605
     610
     576
     571
     651
     584
     609
     596
     559
     604
     610
     585
     597
     594
     607
     589
     595
     599
     620
     583
     598
     601
     605
     634
     606
     604
     594
     604
     621
     555
     582
     632
     591
     581
     587
     600
     544
     570
     614
     590
     561
     576
     556
     604
     629
     588
     612
     567
     617
     643
     602
     578
     620
     610
     586
     550
     633
     605
     560
     594
     631
     592
     625
     648
     570
     606
     573
     602
     601
     615
     611
     612
     592
     580
     652
     653
     600
     564
     616
     601
     626
     593
     599
     609
     629
     635
     605
     577
     607
     590
     580
     598
     589
     645
     579
     634
     562
     595
     603
     597
     585
     623
     596
     615
     617
     602
     622
     604
     590
     570
     566
     604
     577
     588
     604
     597
     546
     646
     598
     649
     683
     582
     634
     598
     585
     650
     653
     599
     600
     603
     574
     607
     619
     599
     589
     594
     628
     561
     581
     599
     610
     584
     591
     616
     611
     605
     592
     602
     652
     586
     647
     604
     625
     552
     669
     550
     625
     615
     624
     636
     606
     612
     633
     582
     647
     634
     646
     630
     592
     601
     649
     600
     658
     630
     580
     572
     615
     590
     626
     587
     627
     631
     638
     612
     615
     590
     603
     610
     583
     586
     624
     592
     630
     641
     649
     660
     610
     673
     630
     625
     638
     597
     572
     582
     587
     585
     622
     605
     579
     637
     620
     642
     587
     597
     611
     596
     630
     597
     597
     588
     621
     649
     649
     620
     656
     604
     616
     593
     579
     593
     637
     629
     681
     609
     616
     587
     593
     621
     609
     626
     635
     619
     588
     593
     620
     621
     631
     620
     600
     608
     585
     614
     605
     633
     545
     574
     605
     632
     619
     599
     600
     588
     657
     574
     588
     619
     609
     589
     616
     591
     564
     559
     602
     618
     611
     595
     590
     600
     560
     619
     576
     589
     600
     556
     609
     621
     613
     602
     657
     624
     653
     571
     608
     587
     617
     619
     618
     579
     649
     636
     615
     618
     606
     595
     587
     613
     597
     555
     579
     622
     608
     574
     650
     605
     600
     587
     561
     604
     627
     581
     571
     558
     586
     605
     572
     607
     578
     565
     572
     564
     612
     597
     593
     576
     610
     581
     584
     624
     581
     608
     597
     593
     574
     574
     568
     601
     611
     566
     560
     557
     582
     606
     614
     560
     585
     569
     602
     572
     529
     573
     560
     554
     565
     587
     563
     577
     607
     553
     572
     612
     571
     578
     551
     570
     638
     580
     550
     541
     583
     577
     564
     593
     578
     568
     559
     537
     551
     557
     520
     588
     526
     563
     538
     574
     540
     554
     567
     543
     547
     569
     557
     539
     534
     540
     523
     568
     554
     565
     510
     546
     577
     533
     512
     541
     526
     564
     531
     567
     544
     539
     497
     491
     547
     539
     512
     548
     573
     545
     495
     520
     551
     556
     564
     510
     557
     502
     508
     529
     527
     521
     514
     497
     539
     526
     528
     535
     523
     512
     554
     518
     514
     525
     485
     542
     503
     496
     484
     532
     523
     500
     515
     500
     511
     522
     523
     529
     535
     524
     547
     509
     540
     513
     516
     515
     493
     524
     492
     537
     515
     533
     501
     517
     524
     510
     488
     487
     555
     461
     526
     494
     508
     519
     513
     495
     522
     459
     519
     475
     536
     545
     474
     533
     500
     518
     478
     499
     500
     481
     491
     508
     505
     455
     496
     486
     473
     505
     478
     483
     499
     481
     508
     481
     459
     446
     502
     467
     461
     529
     462
     484
     454
     503
     539
     454
     479
     468
     468
     485
     519
     464
     513
     481
     500
     446
     462
     475
     476
     451
     434
     498
     470
     457
     488
     449
     510
     513
     444
     458
     463
     484
     461
     446
     457
     477
     476
     482
     457
     468
     483
     477
     505
     465
     486
     458
     413
     433
     484
     484
     477
     441
     444
     462
     507
     461
     475
     463
     470
     459
     473
     479
     487
     427
     421
     443
     440
     436
     468
     474
     429
     437
     433
     466
     452
     436
     427
     438
     431
     490
     439
     435
     431
     427
     402
     477
     417
     445
     444
     446
     462
     445
     449
     440
     433
     405
     432
     431
     453
     432
     463
     434
     442
     449
     445
     420
     438
     429
     433
     464
     459
     460
     419
     406
     439
     438
     425
     450
     467
     455
     427
     432
     411
     464
     434
     404
     408
     433
     393
     445
     383
     448
     437
     447
     416
     440
     403
     409
     415
     440
     401
     455
     391
     415
     426
     464
     397
     449
     438
     392
     397
     396
     390
     429
     430
     426
     445
     421
     400
     432
     426
     404
     413
     387
     437
     415
     430
     443
     412
     420
     429
     423
     420
     460
     412
     453
     416
     429
     386
     437
     400
     392
     411
     433
     393
     419
     388
     426
     400
     406
     440
     443
     426
     391
     426
     368
     399
     426
     420
     368
     398
     395
     404
     392
     408
     393
     426
     451
     437
     398
     425
     436
     428
     411
     438
     427
     389
     411
     399
     391
     392
     395
     391
     402
     395
     414
     404
     442
     378
     410
     430
     376
     420
     396
     363
     427
     406
     418
     426
     394
     404
     403
     390
     404
     427
     451
     394
     390
     375
     394
     411
     396
     411
     360
     388
     408
     394
     417
     382
     368
     431
     380
     402
     410
     414
     413
     386
     436
     413
     391
     404
     393
     387
     417
     392
     417
     379
     434
     436
     391
     404
     394
     433
     412
     391
     394
     380
     401
     420
     340
     419
     397
     370
     383
     397
     407
     387
     383
     384
     395
     359
     380
     400
     352
     410
     375
     395
     385
     427
     393
     375
     402
     360
     398
     425
     421
     391
     423
     458
     399
     393
     399
     414
     415
     426
     378
     359
     381
     363
     360
     400
     398
     384
     379
     366
     383
     390
     355
     376
     391
     372
     351
     381
     387
     380
     416
     367
     374
     385
     383
     381
     437
     365
     352
     389
     407
     377
     374
     394
     349
     388
     369
     380
     389
     382
     402
     363
     399
     384
     351
     402
     398
     392
     404
     357
     385
     344
     395
     382
     396
     370
     358
     357
     357
     399
     390
     366
     379
     361
     393
     385
     367
     392
     403
     391
     404
     359
     371
     372
     347
     395
     340
     386
     366
     352
     363
     367
     360
     377
     353
     354
     393
     405
     347
     383
     386
     357
     373
     342
     370
     337
     378
     365
     333
     347
     335
     342
     351
     345
     370
     309
     375
     383
     365
     326
     376
     354
     370
     366
     388
     352
     365
     358
     358
     357
     363
     359
     372
     385
     382
     338
     328
     351
     394
     375
     379
     325
     380
     346
     321
     351
     367
     354
     355
     335
     369
     354
     353
     342
     368
     345
     340
     340
     322
     335
     354
     354
     357
     338
     379
     361
     332
     348
     340
     345
     323
     369
     329
     358
     315
     348
     341
     318
     333
     332
     304
     321
     322
     322
     295
     331
     347
     347
     358
     345
     348
     342
     318
     327
     332
     294
     325
     314
     351
     333
     329
     334
     343
     345
     334
     314
     334
     306
     333
     320
     308
     344
     334
     338
     326
     310
     338
     361
     352
     319
     288
     304
     333
     299
     339
     331
     305
     313
     335
     322
     317
     312
     330
     304
     312
     282
     343
     311
     303
     320
     328
     329
     330
     330
     306
     319
     343
     305
     343
     317
     332
     295
     322
     318
     317
     313
     330
     317
     336
     355
     302
     301
     305
     339
     322
     332
     293
     333
     306
     326
     315
     309
     314
     283
     312
     320
     317
     314
     294
     322
     318
     336
     307
     337
     325
     330
     314
     342
     334
     320
     291
     337
     316
     310
     323
     318
     313
     324
     337
     326
     336
     333
     292
     297
     346
     366
     316
     308
     346
     306
     339
     339
     358
     322
     364
     348
     336
     302
     295
     317
     346
     322
     327
     335
     293
     355
     325
     338
     347
     357
     335
     334
     320
     370
     345
     337
     336
     356
     368
     337
     343
     345
     349
     324
     380
     345
     336
     358
     347
     359
     340
     333
     367
     348
     368
     345
     406
     359
     354
     390
     360
     382
     362
     367
     381
     365
     360
     339
     359
     369
     384
     367
     376
     387
     419
     372
     386
     350
     382
     393
     394
     403
     380
     343
     392
     440
     424
     396
     398
     379
     395
     401
     408
     430
     421
     428
     403
     444
     399
     406
     407
     401
     441
     396
     365
     390
     441
     418
     433
     431
     432
     443
     448
     402
     425
     420
     420
     447
     442
     447
     420
     430
     434
     442
     402
     455
     431
     455
     454
     448
     495
     483
     452
     439
     487
     485
     509
     448
     447
     517
     493
     488
     507
     512
     457
     494
     500
     454
     481
     484
     518
     502
     470
     495
     463
     485
     502
     542
     505
     493
     543
     482
     510
     531
     524
     537
     519
     553
     525
     536
     539
     534
     545
     569
     545
     546
     529
     562
     531
     553
     607
     571
     547
     567
     548
     606
     552
     600
     599
     578
     583
     597
     585
     648
     592
     543
     616
     617
     570
     570
     618
     612
     623
     623
     600
     611
     616
     602
     617
     640
     602
     588
     612
     639
     633
     597
     607
     645
     623
     654
     632
     677
     636
     630
     644
     614
     657
     644
     660
     699
     646
     637
     692
     664
     668
     628
     686
     709
     662
     645
     692
     682
     688
     637
     658
     710
     703
     705
     618
     710
     708
     699
     713
     609
     726
     659
     649
     722
     680
     679
     720
     722
     688
     698
     734
     732
     690
     746
     703
     688
     709
     744
     742
     690
     746
     699
     735
     732
     740
     736
     733
     746
     755
     689
     772
     750
     679
     695
     701
     674
     718
     720
     706
     774
     676
     719
     789
     726
     743
     768
     736
     819
     717
     756
     782
     772
     726
     768
     698
     752
     749
     754
     783
     755
     701
     784
     759
     796
     729
     789
     793
     760
     722
     740
     736
     810
     744
     759
     744
     733
     766
     744
     823
     802
     753
     749
     783
     732
     730
     762
     756
     745
     776
     740
     773
     790
     763
     737
     776
     749
     727
     822
     723
     792
     782
     766
     753
     761
     747
     744
     760
     733
     670
     751
     771
     733
     735
     759
     721
     774
     728
     785
     703
     737
     748
     732
     715
     708
     723
     734
     651
     710
     658
     710
     720
     701
     758
     692
     696
     704
     702
     682
     737
     667
     725
     693
     740
     726
     695
     708
     677
     669
     708
     694
     676
     692
     704
     644
     650
     685
     726
     721
     640
     680
     648
     657
     662
     676
     681
     660
     671
     720
     645
     649
     653
     662
     662
     667
     619
     669
     626
     634
     639
     627
     625
     686
     641
     618
     616
     619
     618
     615
     603
     540
     633
     661
     611
     619
     585
     636
     594
     591
     608
     629
     612
     549
     556
     570
     575
     585
     610
     576
     597
     552
     576
     590
     594
     554
     573
     574
     564
     532
     569
     553
     556
     566
     538
     543
     542
     529
     515
     555
     535
     496
     486
     531
     469
     558
     506
     526
     545
     519
     500
     505
     496
     466
     478
     471
     500
     498
     494
     487
     481
     432
     479
     438
     486
     475
     439
     453
     483
     467
     421
     468
     459
     453
     439
     423
     445
     411
     437
     437
     440
     435
     449
     465
     408
     429
     374
     439
     416
     387
     365
     399
     373
     400
     379
     376
     385
     420
     364
     395
     385
     371
     396
     399
     373
     332
     348
     329
     361
     362
     367
     346
     324
     356
     345
     340
     351
     331
     345
     347
     384
     344
     360
     343
     324
     351
     311
     358
     301
     357
     332
     281
     313
     331
     325
     324
     308
     338
     319
     316
     299
     296
     304
     291
     287
     286
     282
     308
     275
     287
     288
     303
     287
     285
     292
     278
     307
     284
     303
     307
     274
     291
     248
     254
     268
     254
     270
     260
     279
     275
     265
     247
     248
     264
     278
     252
     254
     243
     268
     246
     244
     261
     246
     261
     258
     265
     255
     264
     257
     247
     238
     252
     233
     247
     217
     218
     240
     234
     238
     234
     238
     218
     258
     226
     208
     258
     219
     247
     217
     233
     218
     244
     218
     226
     201
     208
     211
     226
     199
     216
     240
     248
     242
     217
     235
     219
     228
     221
     210
     207
     210
     198
     215
     207
     203
     223
     234
     219
     255
     230
     236
     230
     211
     203
     229
     222
     225
     210
     187
     218
     231
     243
     196
     214
     244
     234
     230
     227
     225
     211
     240
     245
     209
     222
     240
     214
     220
     234
     243
     213
     221
     225
     219
     255
     237
     250
     238
     213
     234
     227
     208
     226
     232
     226
     232
     227
     234
     237
     245
     242
     232
     246
     260
     225
     218
     239
     245
     254
     268
     250
     226
     258
     236
     244
     281
     271
     247
     251
     237
     256
     260
     252
     273
     281
     256
     265
     278
     248
     272
     245
     243
     287
     304
     277
     274
     270
     254
     270
     261
     271
     259
     295
     250
     289
     289
     275
     262
     273
     301
     293
     284
     286
     298
     280
     290
     305
     291
     287
     329
     261
     296
     297
     311
     330
     335
     312
     299
     325
     319
     324
     311
     312
     337
     315
     311
     309
     314
     311
     364
     343
     332
     353
     321
     352
     334
     335
     340
     339
     359
     333
     371
     325
     345
     357
     373
     365
     375
     336
     347
     372
     370
     407
     376
     362
     369
     369
     368
     365
     351
     371
     375
     413
     397
     370
     388
     381
     402
     405
     407
     402
     386
     419
     345
     410
     394
     425
     376
     446
     419
     385
     419
     422
     435
     446
     435
     451
     435
     426
     433
     439
     428
     413
     438
     449
     464
     443
     466
     443
     460
     449
     468
     441
     471
     464
     436
     451
     495
     432
     474
     466
     441
     461
     472
     440
     474
     459
     485
     455
     457
     473
     479
     461
     453
     489
     452
     493
     523
     515
     505
     481
     471
     491
     477
     487
     491
     512
     507
     542
     586
     479
     544
     519
     508
     513
     508
     601
     517
     525
     526
     538
     481
     531
     529
     521
     553
     496
     521
     494
     516
     511
     511
     501
     571
     540
     543
     563
     524
     542
     539
     571
     531
     573
     530
     576
     525
     558
     514
     540
     554
     558
     522
     573
     553
     569
     564
     534
     564
     532
     550
     545
     536
     585
     583
     535
     573
     571
     568
     574
     573
     552
     590
     588
     582
     600
     604
     500
     592
     588
     579
     566
     546
     592
     533
     552
     554
     540
     599
     555
     580
     624
     519
     551
     562
     544
     552
     596
     538
     566
     609
     544
     594
     571
     575
     546
     566
     571
     587
     560
     554
     563
     585
     540
     582
     612
     520
     582
     552
     610
     593
     555
     560
     531
     501
     547
     563
     558
     562
     579
     590
     520
     577
     550
     562
     565
     560
     523
     566
     538
     564
     515
     586
     588
     588
     534
     546
     566
     549
     544
     531
     571
     526
     504
     557
     538
     550
     576
     505
     561
     561
     515
     539
     525
     516
     521
     543
     519
     520
     531
     546
     516
     549
     459
     506
     493
     539
     512
     502
     484
     537
     521
     499
     461
     497
     494
     484
     479
     512
     474
     454
     464
     470
     513
     472
     509
     495
     484
     459
     494
     485
     406
     513
     433
     520
     459
     510
     475
     472
     423
     486
     507
     461
     504
     475
     448
     454
     462
     490
     434
     438
     446
     444
     414
     454
     414
     416
     429
     447
     417
     452
     449
     421
     438
     403
     470
     412
     415
     369
     429
     418
     408
     409
     397
     411
     379
     403
     413
     400
     425
     402
     425
     369
     351
     364
     395
     432
     400
     382
     356
     381
     364
     379
     379
     358
     345
     345
     383
     400
     376
     347
     351
     344
     349
     369
     324
     363
     311
     313
     307
     361
     336
     330
     316
     327
     357
     320
     317
     332
     296
     327
     293
     319
     345
     315
     328
     305
     345
     284
     319
     294
     302
     292
     296
     259
     299
     275
     279
     252
     292
     251
     284
     278
     269
     285
     230
     281
     282
     260
     247
     291
     252
     253
     285
     248
     269
     256
     245
     278
     279
     244
     255
     239
     249
     218
     207
     218
     220
     214
     227
     237
     223
     205
     242
     222
     227
     218
     231
     197
     238
     223
     203
     195
     219
     191
     246
     214
     206
     209
     198
     199
     182
     182
     181
     174
     195
     212
     186
     189
     195
     192
     171
     192
     189
     159
     187
     163
     167
     164
     186
     144
     167
     151
     166
     161
     170
     171
     161
     182
     174
     166
     163
     153
     161
     165
     138
     153
     143
     139
     181
     147
     156
     153
     126
     119
     131
     130
     148
     143
     112
     100
     118
     120
     111
     117
     139
     122
     133
     125
     128
     128
     119
     118
     113
     129
     117
     114
     109
     111
     126
     123
     110
     111
     109
     108
     106
     114
     103
      90
     103
     120
     100
      95
     101
      96
     109
      95
      93
      93
     104
      93
      94
      87
      96
      94
      90
      92
      67
      70
      84
      84
      98
      72
      80
      77
      92
      83
      89
      77
      75
      73
      75
      74
      92
      72
      84
      67
      61
      72
      76
      84
      68
      75
      66
      62
      56
      74
      74
      68
      72
      73
      58
      73
      73
      72
      68
      71
      67
      81
      60
      71
      58
      58
      58
      52
      61
      62
      52
      53
      56
      64
      57
      55
      55
      62
      55
      41
      55
      50
      50
      57
      40
      47
      56
      45
      54
      55
      50
      47
      68
      46
      51
      45
      44
      48
      56
      43
      46
      37
      51
      46
      34
      36
      48
      34
      42
      41
      41
      46
      31
      46
      49
      45
      41
      25
      38
      28
      45
      39
      46
      24
      41
      25
      28
      32
      34
      32
      34
      33
      26
      38
      38
      43
      29
      36
      31
      48
      34
      24
      22
      36
      36
      27
      29
      36
      43
      38
      32
      29
      28
      44
      36
      45
      32
      21
      35
      26
      28
      30
      18
      25
      38
      23
      26
      25
      21
      29
      29
      28
      25
      19
      24
      20
      28
      20
      31
      23
      21
      20
      23
      34
      28
      26
      26
      31
      22
      23
      25
      23
      29
      28
      29
      30
      30
      17
      33
      25
      23
      18
      18
      17
      20
      22
      24
      22
      21
      29
      33
      19
      23
      21
      22
      24
      24
      22
      24
      21
      20
      27
      24
      22
      19
      20
      15
      31
      18
      19
      19
      15
      22
      28
      20
      22
      25
      28
      16
      24
      22
      23
      27
      20
      23
      21
      22
      25
      22
      21
      18
      17
      14
      23
      18
      12
      14
      20
      17
      21
      23
      24
      14
      16
      25
      17
      23
       9
      22
      21
      16
      18
      20
      15
      16
      18
      16
      16
      21
      23
      21
      25
      16
      16
      20
      15
      24
      22
      12
      17
      17
      16
       8
      16
      15
      18
      19
      23
      19
      19
      18
      17
      22
      16
      12
      16
       8
      16
      17
      15
      16
      14
      28
      14
      15
      20
      21
      16
      18
      16
      11
      20
      20
      16
      20
      16
      14
      27
      20
      19
      22
      15
      12
      13
      22
      17
       9
      15
      24
      15
      16
      14
      20
      13
      20
      15
      13
      15
      22
      15
      24
      16
      20
      20
      18
      20
       8
      15
      19
      20
      12
      17
      16
      10
      16
      16
      13
      16
      21
      25
      13
       9
      10
      11
      25
      12
      13
      16
      16
      13
      18
      22
      16
      17
      19
      13
      18
      14
      19
      16
      14
      16
      14
      15
      13
      14
      16
      10
      14
      25
      22
      20
      22
      14
      12
      15
      13
      21
      12
      15
      15
      10
      13
      19
      13
      11
      17
      13
       9
      19
       6
      16
      12
      23
      18
      11
      19
      17
      15
      21
      14
      21
      16
      16
      15
      13
      20
      11
      15
      15
      17
      23
      18
       6
      14
      18
      16
      21
       9
      14
      16
      11
      21
      15
      18
      12
       9
      15
      12
      15
      16
      11
      14
      14
      12
      17
      16
      16
      15
      17
      11
      14
      23
      13
      12
      17
      23
      19
       9
      12
      19
       8
      15
      16
      17
      16
       8
      11
      10
      16
      17
      18
      13
      10
      12
      14
      22
      16
      17
      16
       7
      21
      12
      18
      17
      15
      13
      11
      18
      19
      17
      19
      16
      11
      11
      17
      14
      13
      13
      19
      13
      16
      15
      11
      14
      19
      14
       9
      13
      14
      10
      17
      10
      14
      12
      18
      11
      10
      23
      17
       9
      17
      11
      13
      11
      10
      12
      14
      15
      11
      20
      13
      16
      14
      11
      18
      11
      14
      19
      11
       9
      14
      15
      21
      14
      12
      15
      15
      19
      12
      15
      14
      20
      22
      19
      15
      17
      12
       8
      10
      19
      10
      10
      15
      10
      15
      14
      12
      18
      16
       6
      11
      17
      11
      12
      19
      15
      17
       9
      14
      11
      15
      18
       9
      13
      20
      11
      12
      16
      13
      16
      14
       9
      17
      18
      14
      14
      14
      12
      10
       7
      20
      12
      13
      15
      13
      13
      11
      10
      10
      16
      18
       9
      15
       9
      12
      19
      23
      14
      13
      21
      11
      17
       8
       9
       9
      16
      14
      14
      17
      18
      14
      12
      11
      21
      14
      11
      11
      22
      13
      13
      17
      19
      18
      15
      14
       9
      14
      13
      10
      18
      11
      16
      12
      18
      10
      14
      11
      10
      12
      12
      12
       9
       7
      12
      13
      17
      11
      15
       5
      13
      23
      18
      12
      17
       9
      20
      16
      15
      12
      13
      10
      19
      14
      12
      11
      15
      15
      19
      13
      15
       9
       9
      15
      14
      15
      11
      17
      17
      18
      13
      13
       7
       8
      21
       9
      15
      14
      17
      12
      13
      14
      16
      12
      13
      12
      10
      16
      11
      17
      16
      15
      10
      17
      17
      17
      10
      10
      16
      16
      14
      19
      14
      19
      17
       6
      16
      10
      15
      15
      16
      13
       7
      15
      13
       9
      10
       9
      11
      15
      12
      11
       8
      12
      12
      12
      15
      11
      15
      15
      13
      15
      17
      15
       7
      13
       9
      17
      15
      11
      16
      13
      11
      10
      13
       9
      15
      15
       8
      16
      16
      16
      11
      16
      13
       9
       9
      17
      14
      11
      15
       9
      10
       9
      18
      14
      17
      21
      15
      13
      13
      20
      13
      13
      10
      15
      11
      15
      12
      12
      18
      11
      11
      10
      10
       8
      10
      12
      13
      13
      19
      17
      13
       9
       9
      15
      12
      12
      10
      11
       8
      11
      10
      14
       6
      12
       9
      10
      12
      10
       9
      10
      10
      21
      15
      13
      21
       9
      14
       9
      10
      15
      14
       7
      10
       6
      10
      14
      12
       8
      19
      16
       9
      11
       6
       9
      14
      12
      10
       7
      11
      12
       8
      10
      13
      15
       5
      11
      17
      11
      12
      11
      17
       8
      12
      10
       9
      17
      11
      18
      18
      14
       7
       6
      13
      12
      11
      14
      13
      22
       9
      12
      22
      15
       9
      14
      12
      13
       7
       8
       7
      14
      14
       6
      10
      13
      13
      16
       9
       9
      12
      15
       6
       8
      14
      10
      19
      12
      12
       9
      13
       7
      11
      12
      15
       9
      10
       8
       7
      14
      13
      13
       7
      11
       8
      12
      11
       8
       9
       9
      11
      12
       9
      12
       7
      14
      14
      12
       9
      21
       9
      11
      10
      11
       7
      13
      11
       8
      13
      14
      16
      11
       9
       6
      11
      12
      14
      15
      11
      13
       9
       9
       5
       9
      14
       6
      12
      15
      11
      15
      14
      18
      14
      14
      13
      13
      15
      16
      12
      13
       6
      16
       6
      12
      11
      13
      11
       8
      10
      11
       9
       7
      12
       6
       9
       7
      12
       5
       9
      10
       9
      17
      14
      12
       7
       6
       6
       5
      14
      11
      10
      15
      11
      11
       9
      12
       8
      18
       8
      11
      13
      13
      14
      14
       8
      11
       6
      12
       8
       8
       9
      12
      11
       8
       6
      12
       6
       8
       7
       6
       8
       9
       9
      11
       6
       9
      13
       7
       8
      10
      13
      17
      18
       7
       8
      15
       8
      11
       7
      11
      18
      10
       9
      13
       9
      12
      13
      10
      10
       6
      11
      10
      13
      14
      11
       7
       9
       7
      11
      11
       7
       9
      12
      11
       8
       9
      16
      11
      16
      10
      13
      12
      14
       4
       8
      13
       7
       8
      10
      12
       7
       8
       7
      15
      11
      12
       8
       7
      12
      11
       4
      12
      12
      13
       8
      18
      10
       9
      10
      10
      12
      11
      11
       5
      11
      15
      11
      15
      13
       9
      11
       9
      13
       8
       8
      11
       8
      10
      11
      10
      12
      13
       6
      12
      11
       7
      13
      21
      10
      14
       6
      14
      10
      12
      10
       6
       8
       8
      14
       4
      13
       9
      16
      13
      21
      14
      16
      13
      10
      15
       8
      10
       9
       8
      14
       5
       4
       8
       6
       8
       7
       9
      12
      11
      11
      16
       7
       7
      13
       6
      17
       6
      13
       8
       6
       8
      13
      14
       8
       6
       5
       9
       6
      13
       8
      11
      11
      13
       9
       7
      12
      10
       9
       6
       9
       5
      11
      11
       6
      15
      11
       9
      11
       8
       9
       9
      10
      17
      10
      10
       4
      11
       6
      12
       5
      17
      17
      11
      13
      10
      12
       4
       2
      12
       7
      16
       9
       8
      13
      12
      16
      10
       9
       8
       7
      14
       9
       6
       7
      11
       6
       8
       9
      10
      11
      10
      14
       8
      14
       8
       3
      12
       9
       8
      10
      11
      14
      11
      10
      11
       3
       2
       6
      13
       9
      11
       8
      10
       8
       5
       8
      11
      10
      17
      10
      14
      10
      13
       4
       9
      11
       8
       8
       7
       6
      10
      14
       7
       8
      11
       8
      11
       8
      16
      11
       9
       9
      14
      10
       9
      10
      12
      11
       7
       6
       7
      12
       9
      10
       7
      10
      10
      14
      10
       8
       7
      11
       9
      10
      15
      10
       9
      11
      10
       7
      10
      12
       3
       6
       9
      16
       7
       5
       9
       7
      11
      10
      16
       4
      10
      17
       9
      10
       2
       8
      11
       4
       7
      14
       7
       3
      11
       7
       6
       8
       7
      12
       6
       6
      12
       8
       5
       6
      12
       7
       8
       7
       7
      15
      12
      10
       9
       5
       5
      13
      13
      12
       3
      10
       8
       4
      10
      14
      10
      12
      11
       7
       8
       9
      10
       9
      11
       9
       5
      11
       6
      11
      12
       6
      15
       9
       1
      13
       7
      12
       5
       6
      10
      14
       7
      12
       8
      12
      12
       7
      11
       3
       9
       7
       5
       5
      11
       3
      10
       9
       5
      12
       7
      11
      15
       5
       7
      13
       6
      10
      10
      12
       6
       3
      13
      12
       8
       7
       6
       8
       3
       7
      10
       8
       6
       8
      10
      10
      10
      12
       8
       8
       8
       8
       5
       9
       6
      10
       6
       5
       5
       9
       9
      12
       7
       6
       6
       7
       6
      11
       9
      10
       3
      10
       6
       8
       7
      10
      11
      13
      19
       6
       8
       5
       5
      16
       8
       6
      10
       7
       9
       5
       6
       6
      11
       6
      13
      18
       7
       9
       3
      10
      10
       6
       8
       8
      18
       4
       9
       8
      10
       6
       8
       6
       7
      13
      13
      13
       6
      11
       7
      14
      10
       3
      12
       7
       9
      13
      13
       5
       8
       9
       5
       8
      14
       4
       5
      13
       5
      12
       6
       8
       5
       8
      15
       7
      10
      12
       9
       9
      12
      12
       9
       6
       7
       7
       4
       9
       2
       8
      11
      13
       4
      10
       6
       7
       6
       8
       8
       4
      10
       8
       7
      12
       9
       7
       6
       6
      11
       8
       7
       4
      10
       6
       7
       7
       7
       8
       8
       8
       8
       9
      12
       6
       8
       5
       5
       7
       8
       8
       5
       5
       3
       8
      13
       8
       6
      12
       6
       6
      10
       9
      13
       3
      10
       4
       8
      12
       7
      11
       8
       4
       9
       8
      17
       3
      12
       8
       7
       7
      11
       5
       8
      11
       9
       5
       5
      10
      12
       6
       8
       6
       7
      10
       6
       7
       7
       8
       7
      10
       5
      10
       3
       7
      10
       3
       7
       7
       9
       8
      14
       8
       8
       5
       7
      13
      11
       3
      14
       8
       5
       4
      15
      10
      12
      12
      10
      15
      11
       9
       8
       8
       2
       8
      17
       7
       9
       4
       7
       7
       5
       7
      11
       6
      11
      10
       7
       7
       2
       6
       7
       6
       9
       8
       3
      11
       1
       6
       6
       9
       7
       6
       4
       6
       4
       5
       4
       6
       3
       4
       4
       3
       5
       2
       3
       7
       3
       7
       5
       3
       6
       2
       4
       1
       3
       3
       2
       2
       1
       3
       1
       1
       4
       2
       2
       2
       2
       3
       2
       0
       3
       1
       2
       4
       0
       2
       1
       0
       2
       1
       2
       1
       0
       1
       2
       0
       2
       1
       0
       3
       1
       0
       1
       4
       0
       1
       0
       2
       0
       0
       0
       0
       0
       1
       0
       0
       1
       0
       1
       0
       0
       1
       1
       0
       2
       0
       0
       0
       0
       0
       0
       0
       0
       0
       0
       0
       0
       0
       1
       0
       0
       0
       0
       0
       0
       0
       0
       0
       0
       1
       0
       0
       0
       0
       0
       0
       0
       1
       0
       0
       0
       0
       0
       0
       0
       0
       0
       0
       0
       0
       0
       0
       0
       0
       0
       0
       0
       0
       0
       0
       0
       0
       0
       0
       0
       0
       0
       0
       0
       0
       0
       0
       0
       0
       0
       0
       0
       0
       0
       0
       0
       0
       0
       0
       0
       0
       0
       0
       0
       0
       0
       0
       0
       0
       0
       0
       0
       0
       0
       0
       0
       0
       0
       0
       0
       0
       0
       0
       0
       0
       0
       0
       0
       0
       0
       0
       0
       0
       0
       0
       0
       0
       0
       0
       0
       0
       0
       0
       0
       0
       0
       0
       0
       0
       0
       0
       0
       0
       0
       0
       0
       0
       0
       0
       0
       0
       0
       0
       0
       0
       0
       0
       0
       0
       0
       0
       0
       0
       0
       0
       0
       0
       0
       0
       0
       0
       0
       0
       0
       0
       0
       0
       0
       0
       0
       0
       0
       0
       0
       0
       0
       0
       0
       0
       0
       0
       0
       0
       0
       0
       0
       0
       0
       0
       0
       0
       0
       0
       0
       0
$ROI:
1
5540 6134
$PRESETS:
Live Time
180
0
$ENER_FIT:
0.000000 0.227554
$MCA_CAL:
3
0.000000E+000 2.275539E-001 0.000000E+000 keV
$SHAPE_CAL:
3
3.368824E+002 0.000000E+000 0.000000E+000
