$SPEC_ID:
No sample description was entered.
$SPEC_REM:
DET# 3
DETDESC# FP-GAMMA2 MCB 129
AP# Maestro Version 7.01
$DATE_MEA:
12/04/2013 12:16:31
$MEAS_TIM:
160 180
$DATA:
0 8191
       0
       0
       0
       0
       0
       0
       0
       0
       5
       1
       3
       2
       1
       1
       5
       2
       8
       9
       4
       2
       3
       3
       2
      10
       6
       5
       7
      12
      21
      11
       8
      14
       9
       8
       7
      19
      15
      16
      15
      13
       8
      21
      22
      24
      10
      21
      24
      20
      25
      19
      31
      21
      37
      45
     110
     207
     128
     129
     115
     124
     157
     795
    1718
    1769
    1561
    1501
    1312
    1194
    1088
    1039
     975
     892
     829
     775
     724
     718
     700
     621
     642
     609
     606
     564
     560
     585
     549
     546
     540
     498
     497
     552
     531
     523
     555
     550
     523
     527
     525
     482
     506
     538
     494
     516
     496
     536
     524
     564
     549
     532
     560
     492
     469
     530
     468
     518
     487
     538
     524
     560
     508
     513
     515
     532
     549
     546
     523
     521
     549
     535
     540
     511
     572
     537
     523
     551
     549
     573
     560
     569
     558
     546
     528
     506
     524
     551
     579
     551
     554
     569
     527
     557
     508
     574
     541
     519
     636
     567
     561
     547
     582
     530
     565
     581
     564
     572
     559
     584
     570
     561
     534
     525
     554
     543
     569
     521
     587
     594
     560
     579
     569
     589
     540
     599
     617
     574
     553
     560
     533
     585
     542
     577
     564
     595
     599
     574
     573
     587
     574
     551
     572
     565
     602
     653
     573
     624
     588
     603
     553
     597
     571
     575
     576
     573
     638
     576
     602
     616
     572
     565
     585
     555
     604
     572
     563
     655
     600
     584
     624
     594
     586
     611
     634
     576
     606
     550
     659
     638
     623
     599
     629
     586
     651
     604
     627
     602
     603
     593
     631
     604
     634
     612
     669
     650
     583
     613
     583
     641
     602
     606
     584
     563
     623
     640
     583
     617
     577
     672
     568
     583
     635
     587
     587
     622
     601
     616
     576
     597
     616
     559
     626
     633
     628
     597
     639
     641
     611
     575
     628
     636
     608
     660
     594
     641
     668
     627
     604
     651
     657
     615
     633
     684
     639
     624
     670
     675
     660
     643
     686
     617
     650
     640
     665
     656
     695
     628
     641
     679
     660
     671
     670
     672
     628
     639
     670
     699
     613
     731
     688
     684
     703
     675
     737
     666
     702
     749
     671
     742
     747
     717
     724
     762
     752
     774
     706
     773
     736
     764
     767
     785
     790
     799
     785
     809
     828
     854
     792
     829
     831
     850
     854
     824
     864
     926
     888
     893
     900
     911
     858
     913
     912
     963
     880
     919
     956
     936
     942
     965
     960
     937
     964
     932
     968
     943
     980
     934
    1035
     943
     910
     994
    1014
     954
    1009
     945
     957
     963
     987
     889
     917
     857
     975
     923
     897
     944
     998
     852
     927
     945
     920
     866
     951
     895
     888
     929
     901
     906
     824
     856
     872
     918
     801
     903
     873
     868
     858
     908
     852
     847
     818
     845
     818
     828
     836
     805
     821
     802
     763
     781
     799
     768
     822
     801
     767
     750
     817
     802
     791
     813
     737
     772
     738
     771
     739
     717
     724
     720
     750
     771
     709
     750
     733
     738
     743
     701
     743
     787
     748
     732
     691
     726
     704
     711
     682
     658
     691
     712
     693
     708
     670
     709
     647
     680
     674
     709
     689
     664
     686
     676
     674
     669
     624
     671
     627
     632
     629
     647
     658
     654
     659
     678
     638
     623
     655
     652
     585
     594
     621
     654
     671
     650
     674
     605
     625
     642
     650
     619
     582
     651
     612
     641
     662
     626
     622
     649
     651
     640
     683
     654
     635
     716
     633
     635
     679
     692
     667
     651
     627
     636
     679
     678
     644
     659
     622
     683
     675
     688
     673
     703
     602
     647
     668
     658
     693
     620
     677
     665
     642
     671
     638
     672
     683
     659
     638
     643
     641
     642
     669
     691
     697
     642
     668
     647
     653
     716
     650
     682
     626
     702
     683
     696
     703
     637
     700
     661
     649
     702
     640
     709
     670
     675
     655
     687
     646
     681
     676
     642
     697
     703
     629
     682
     678
     701
     647
     710
     675
     706
     672
     681
     663
     656
     686
     681
     682
     682
     721
     695
     708
     671
     701
     674
     704
     721
     714
     655
     726
     708
     677
     662
     677
     686
     697
     689
     727
     698
     698
     667
     643
     681
     708
     699
     690
     700
     666
     698
     707
     700
     702
     672
     655
     745
     688
     648
     685
     689
     657
     681
     681
     667
     706
     684
     682
     680
     694
     711
     673
     708
     633
     721
     691
     689
     709
     676
     677
     721
     693
     733
     702
     710
     671
     667
     714
     687
     657
     709
     668
     700
     662
     710
     717
     639
     765
     708
     745
     693
     705
     701
     712
     706
     677
     686
     664
     751
     689
     709
     710
     674
     659
     713
     672
     703
     717
     716
     698
     683
     703
     719
     678
     753
     757
     692
     704
     628
     688
     692
     722
     735
     703
     767
     704
     712
     706
     748
     649
     631
     679
     701
     698
     699
     700
     745
     690
     680
     755
     696
     707
     774
     739
     723
     725
     711
     690
     748
     763
     720
     698
     748
     697
     715
     719
     689
     728
     674
     726
     721
     691
     715
     749
     717
     685
     726
     734
     729
     715
     702
     712
     696
     679
     696
     711
     692
     688
     730
     715
     727
     696
     682
     709
     717
     751
     709
     700
     717
     747
     748
     753
     743
     712
     738
     684
     677
     719
     727
     717
     717
     737
     696
     638
     740
     725
     663
     739
     696
     691
     730
     752
     701
     744
     751
     683
     758
     714
     685
     724
     686
     732
     708
     710
     706
     736
     761
     671
     743
     711
     664
     750
     717
     668
     724
     680
     758
     720
     692
     721
     690
     758
     709
     712
     736
     757
     708
     744
     733
     694
     718
     714
     730
     720
     714
     692
     697
     803
     721
     715
     777
     700
     751
     759
     711
     735
     717
     723
     763
     735
     771
     733
     759
     736
     729
     709
     745
     738
     677
     742
     732
     744
     754
     759
     728
     768
     725
     757
     768
     732
     794
     741
     733
     773
     788
     753
     747
     715
     734
     751
     771
     738
     727
     742
     739
     730
     773
     726
     735
     759
     774
     749
     748
     770
     761
     737
     791
     785
     750
     767
     722
     775
     767
     747
     803
     765
     775
     748
     750
     764
     759
     726
     795
     771
     766
     789
     773
     802
     764
     796
     747
     799
     829
     768
     771
     764
     786
     816
     774
     816
     844
     827
     793
     837
     795
     841
     760
     837
     832
     853
     767
     819
     764
     802
     802
     763
     875
     848
     864
     807
     852
     839
     765
     821
     804
     828
     789
     853
     852
     794
     835
     797
     820
     833
     840
     862
     826
     836
     853
     809
     833
     838
     808
     877
     831
     869
     862
     866
     906
     852
     884
     845
     824
     857
     798
     876
     866
     824
     927
     841
     841
     869
     870
     831
     865
     839
     815
     830
     868
     860
     867
     847
     893
     795
     823
     929
     866
     866
     910
     860
     853
     902
     827
     866
     900
     888
     869
     847
     909
     971
     876
     843
     887
     921
     849
     894
     946
     871
     838
     871
     881
     868
     851
     840
     895
     868
     907
     879
     891
     833
     900
     850
     854
     856
     855
     871
     829
     897
     909
     876
     868
     928
     911
     849
     878
     871
     861
     898
     898
     858
     916
     913
     973
     884
     907
     899
     813
     913
     827
     905
     874
     897
     879
     889
     864
     804
     914
     826
     870
     872
     891
     875
     820
     845
     870
     866
     873
     903
     884
     890
     883
     936
     875
     895
     821
     869
     896
     873
     815
     914
     838
     897
     854
     890
     858
     827
     831
     845
     865
     878
     883
     803
     859
     791
     789
     848
     829
     823
     837
     853
     837
     840
     802
     851
     784
     818
     855
     807
     874
     805
     814
     820
     848
     782
     857
     800
     849
     806
     840
     846
     814
     864
     853
     835
     776
     826
     774
     813
     831
     861
     844
     860
     768
     857
     798
     864
     795
     856
     777
     866
     834
     781
     737
     789
     812
     790
     774
     767
     766
     807
     756
     789
     797
     810
     789
     770
     779
     804
     793
     788
     824
     802
     801
     826
     769
     746
     756
     783
     806
     778
     757
     833
     808
     838
     815
     805
     835
     829
     782
     781
     835
     805
     751
     810
     772
     823
     728
     778
     763
     760
     826
     730
     754
     809
     709
     781
     799
     779
     809
     824
     777
     753
     771
     775
     726
     772
     748
     722
     789
     750
     747
     747
     771
     762
     773
     740
     812
     708
     750
     765
     766
     732
     764
     808
     781
     768
     716
     799
     751
     708
     721
     775
     785
     718
     748
     744
     785
     747
     762
     831
     783
     725
     750
     745
     735
     807
     721
     756
     791
     745
     790
     700
     703
     704
     712
     777
     731
     741
     728
     731
     752
     774
     706
     736
     741
     708
     772
     692
     712
     711
     689
     747
     774
     724
     765
     693
     758
     737
     754
     661
     669
     722
     732
     722
     751
     733
     728
     716
     742
     681
     733
     750
     730
     697
     752
     735
     691
     703
     763
     720
     715
     719
     732
     711
     728
     764
     713
     706
     687
     733
     690
     711
     678
     755
     683
     697
     675
     687
     665
     699
     742
     717
     695
     651
     717
     722
     726
     742
     692
     695
     737
     744
     732
     723
     694
     718
     694
     692
     734
     695
     697
     693
     707
     707
     656
     677
     673
     723
     693
     677
     689
     676
     707
     729
     691
     657
     679
     698
     702
     714
     693
     716
     712
     691
     685
     658
     671
     691
     710
     680
     680
     705
     688
     688
     706
     724
     663
     685
     684
     712
     703
     692
     699
     686
     684
     697
     673
     700
     643
     727
     662
     721
     646
     678
     629
     656
     687
     684
     679
     696
     648
     723
     650
     722
     658
     650
     658
     698
     620
     727
     679
     649
     668
     669
     660
     705
     713
     673
     702
     721
     674
     672
     684
     677
     670
     664
     685
     622
     706
     654
     626
     652
     705
     681
     680
     717
     664
     649
     675
     659
     677
     652
     660
     683
     643
     706
     678
     688
     694
     635
     696
     657
     648
     656
     665
     642
     661
     650
     648
     628
     633
     635
     702
     655
     663
     637
     691
     640
     649
     655
     636
     637
     591
     660
     677
     649
     648
     640
     643
     632
     623
     630
     682
     608
     630
     606
     649
     608
     668
     653
     642
     662
     614
     660
     642
     644
     656
     642
     645
     626
     642
     624
     664
     597
     634
     632
     619
     650
     629
     677
     599
     631
     638
     634
     623
     674
     679
     626
     644
     632
     636
     610
     635
     640
     601
     636
     637
     630
     652
     654
     632
     614
     668
     669
     653
     600
     609
     644
     634
     604
     597
     597
     658
     643
     613
     638
     636
     624
     577
     639
     593
     650
     616
     626
     616
     628
     623
     601
     626
     608
     602
     596
     618
     612
     648
     593
     614
     645
     645
     580
     648
     629
     662
     599
     618
     572
     627
     649
     603
     596
     638
     581
     638
     669
     631
     610
     608
     609
     653
     604
     637
     610
     614
     574
     599
     646
     555
     629
     638
     621
     566
     647
     622
     596
     622
     643
     588
     612
     586
     574
     634
     629
     603
     566
     638
     605
     606
     610
     591
     599
     622
     605
     612
     597
     591
     576
     598
     583
     607
     572
     583
     631
     625
     625
     579
     571
     621
     629
     618
     609
     634
     576
     602
     598
     593
     614
     632
     578
     660
     587
     621
     585
     600
     624
     644
     625
     594
     565
     604
     596
     609
     628
     595
     597
     644
     563
     640
     563
     576
     614
     577
     588
     582
     608
     594
     589
     633
     563
     569
     640
     627
     565
     574
     634
     588
     596
     620
     607
     609
     588
     605
     610
     586
     606
     630
     620
     566
     607
     595
     604
     593
     617
     567
     583
     595
     630
     530
     575
     595
     576
     596
     588
     584
     622
     619
     621
     587
     583
     605
     582
     597
     557
     593
     598
     568
     590
     608
     586
     591
     599
     594
     549
     597
     586
     619
     580
     571
     620
     585
     593
     531
     608
     625
     587
     553
     615
     582
     580
     588
     573
     622
     581
     571
     583
     557
     607
     574
     606
     526
     581
     608
     590
     519
     523
     583
     630
     585
     594
     593
     562
     581
     608
     553
     562
     552
     577
     568
     593
     582
     609
     558
     615
     616
     590
     586
     569
     588
     577
     581
     590
     590
     601
     577
     583
     575
     595
     513
     570
     585
     543
     596
     563
     585
     584
     566
     599
     587
     569
     553
     549
     544
     561
     606
     545
     565
     580
     589
     577
     554
     557
     587
     586
     586
     619
     560
     535
     552
     555
     566
     619
     609
     559
     552
     575
     548
     587
     544
     581
     553
     597
     567
     573
     584
     577
     623
     593
     555
     586
     600
     586
     589
     604
     546
     593
     598
     583
     540
     550
     517
     574
     563
     570
     608
     552
     559
     554
     517
     540
     555
     561
     532
     571
     558
     533
     553
     582
     593
     544
     601
     548
     551
     561
     572
     576
     553
     535
     621
     584
     555
     593
     565
     626
     590
     566
     598
     551
     603
     566
     553
     564
     555
     524
     596
     576
     543
     544
     546
     546
     562
     549
     570
     581
     529
     581
     584
     583
     550
     557
     578
     536
     555
     532
     591
     583
     545
     566
     533
     585
     538
     546
     608
     540
     551
     558
     550
     594
     571
     575
     543
     588
     607
     550
     547
     603
     577
     564
     597
     551
     548
     580
     587
     568
     558
     573
     557
     559
     542
     536
     556
     562
     560
     521
     541
     569
     567
     520
     534
     572
     576
     579
     548
     517
     582
     521
     570
     579
     517
     550
     520
     544
     522
     531
     556
     559
     535
     579
     548
     535
     573
     563
     526
     529
     503
     528
     541
     541
     530
     496
     580
     559
     499
     587
     576
     564
     544
     567
     558
     550
     547
     603
     583
     553
     592
     551
     537
     557
     554
     557
     526
     553
     572
     527
     540
     553
     533
     544
     571
     560
     543
     619
     580
     567
     527
     562
     538
     533
     495
     559
     550
     583
     567
     534
     571
     568
     572
     552
     558
     580
     591
     594
     574
     564
     556
     546
     566
     579
     560
     558
     500
     567
     546
     575
     525
     547
     552
     536
     576
     570
     553
     555
     531
     554
     563
     524
     577
     535
     532
     518
     554
     557
     589
     576
     599
     581
     554
     529
     588
     551
     552
     532
     469
     547
     503
     531
     528
     566
     560
     560
     525
     526
     526
     542
     547
     541
     523
     532
     542
     526
     563
     567
     529
     544
     514
     584
     524
     547
     565
     546
     578
     527
     567
     491
     531
     537
     542
     554
     584
     544
     536
     557
     525
     568
     583
     538
     529
     525
     556
     537
     534
     582
     525
     557
     612
     525
     586
     545
     527
     563
     548
     570
     594
     560
     564
     582
     566
     545
     514
     552
     558
     555
     527
     541
     505
     530
     574
     537
     547
     569
     525
     557
     552
     548
     558
     544
     560
     535
     565
     511
     532
     525
     522
     557
     569
     588
     538
     519
     528
     529
     565
     524
     528
     577
     552
     492
     516
     565
     577
     527
     573
     493
     553
     547
     561
     508
     589
     531
     569
     547
     550
     577
     556
     564
     525
     535
     539
     549
     572
     562
     563
     571
     539
     544
     553
     514
     510
     588
     537
     577
     536
     550
     587
     566
     518
     489
     553
     535
     557
     571
     538
     535
     537
     551
     553
     565
     561
     522
     584
     578
     500
     546
     548
     539
     561
     556
     526
     524
     537
     594
     516
     528
     525
     577
     591
     514
     518
     544
     565
     552
     537
     572
     560
     523
     551
     549
     528
     496
     531
     558
     556
     527
     506
     535
     553
     535
     545
     519
     535
     536
     550
     571
     546
     528
     555
     536
     573
     574
     555
     523
     542
     532
     570
     548
     555
     580
     546
     529
     524
     502
     517
     558
     551
     555
     576
     579
     525
     550
     578
     594
     520
     538
     514
     556
     524
     589
     542
     513
     556
     519
     531
     567
     571
     555
     504
     565
     533
     543
     557
     575
     532
     544
     522
     529
     545
     545
     524
     548
     570
     517
     555
     528
     551
     554
     547
     559
     545
     497
     503
     558
     490
     543
     535
     560
     546
     528
     544
     538
     545
     544
     558
     528
     589
     536
     560
     550
     547
     551
     524
     558
     533
     503
     538
     520
     548
     551
     515
     509
     528
     512
     518
     521
     498
     544
     524
     534
     555
     505
     549
     543
     518
     586
     536
     549
     515
     521
     558
     523
     558
     504
     543
     556
     560
     555
     562
     531
     532
     564
     554
     550
     512
     505
     545
     507
     534
     575
     563
     549
     499
     516
     544
     522
     555
     567
     492
     541
     535
     568
     520
     506
     535
     494
     521
     508
     512
     505
     541
     569
     517
     564
     520
     556
     554
     532
     530
     543
     503
     528
     538
     556
     545
     512
     518
     544
     541
     513
     581
     532
     560
     554
     529
     545
     548
     532
     543
     525
     523
     537
     536
     522
     501
     513
     565
     549
     518
     521
     536
     483
     568
     500
     541
     543
     542
     522
     543
     561
     547
     535
     541
     593
     548
     540
     540
     532
     501
     526
     498
     528
     525
     522
     528
     532
     532
     509
     521
     549
     521
     486
     550
     527
     538
     520
     541
     531
     514
     469
     507
     522
     577
     498
     516
     538
     516
     541
     539
     500
     533
     520
     526
     533
     507
     532
     496
     529
     558
     502
     512
     523
     524
     534
     538
     518
     557
     532
     549
     500
     503
     520
     543
     516
     548
     556
     493
     533
     493
     503
     497
     524
     525
     472
     530
     521
     514
     577
     512
     520
     535
     520
     501
     535
     523
     534
     481
     527
     532
     541
     524
     513
     569
     535
     521
     489
     522
     502
     517
     529
     531
     539
     513
     531
     500
     526
     494
     516
     503
     513
     518
     520
     548
     554
     521
     522
     547
     550
     502
     487
     554
     507
     520
     541
     498
     499
     512
     544
     493
     568
     492
     504
     541
     537
     509
     532
     585
     515
     531
     516
     527
     557
     501
     525
     543
     554
     528
     570
     484
     543
     528
     525
     547
     507
     518
     527
     547
     518
     527
     526
     523
     516
     541
     505
     544
     525
     505
     511
     487
     507
     514
     568
     536
     530
     478
     496
     529
     479
     558
     514
     549
     563
     478
     538
     486
     488
     539
     507
     515
     551
     528
     491
     538
     553
     553
     495
     517
     505
     563
     546
     551
     534
     509
     489
     532
     582
     524
     529
     567
     495
     502
     536
     523
     484
     542
     521
     555
     563
     509
     519
     507
     538
     559
     513
     510
     523
     481
     577
     508
     545
     534
     512
     541
     553
     539
     541
     532
     538
     505
     513
     505
     517
     510
     512
     528
     513
     530
     535
     518
     520
     535
     495
     531
     502
     503
     527
     507
     510
     575
     518
     541
     516
     516
     529
     537
     519
     498
     528
     530
     543
     503
     517
     533
     561
     513
     485
     519
     493
     498
     504
     535
     543
     513
     548
     492
     520
     516
     524
     513
     538
     534
     536
     561
     591
     516
     562
     504
     514
     516
     535
     504
     567
     474
     560
     542
     501
     512
     501
     590
     540
     547
     535
     551
     602
     517
     499
     514
     525
     530
     554
     537
     549
     536
     482
     544
     541
     551
     504
     499
     504
     554
     582
     537
     543
     535
     540
     514
     492
     519
     534
     557
     500
     542
     508
     549
     509
     533
     545
     524
     519
     545
     553
     582
     533
     460
     489
     509
     489
     523
     512
     533
     515
     542
     511
     535
     511
     525
     496
     500
     522
     538
     542
     554
     539
     538
     520
     508
     514
     544
     580
     516
     519
     517
     532
     513
     524
     512
     549
     507
     545
     502
     529
     540
     516
     483
     510
     554
     519
     514
     517
     514
     514
     507
     531
     521
     531
     546
     524
     558
     565
     517
     540
     543
     513
     507
     578
     499
     511
     546
     531
     492
     497
     516
     550
     518
     527
     527
     503
     539
     543
     504
     529
     521
     553
     534
     530
     520
     545
     504
     537
     507
     536
     502
     506
     514
     553
     559
     529
     496
     508
     492
     499
     523
     535
     548
     513
     516
     500
     519
     540
     525
     525
     511
     512
     515
     512
     522
     502
     533
     497
     544
     526
     477
     517
     516
     521
     527
     488
     482
     550
     517
     517
     536
     519
     539
     496
     513
     514
     526
     539
     542
     504
     525
     537
     516
     531
     520
     517
     520
     537
     559
     519
     481
     513
     547
     505
     519
     559
     526
     537
     534
     498
     509
     521
     529
     501
     539
     483
     537
     515
     496
     535
     535
     542
     557
     535
     505
     529
     516
     517
     490
     520
     523
     545
     514
     550
     552
     524
     514
     544
     539
     510
     523
     522
     525
     536
     510
     510
     525
     560
     494
     540
     523
     508
     511
     535
     500
     539
     554
     504
     519
     516
     482
     492
     542
     519
     505
     540
     513
     522
     501
     528
     543
     515
     515
     499
     522
     539
     510
     531
     497
     549
     497
     499
     517
     530
     526
     508
     552
     559
     535
     528
     505
     553
     540
     540
     536
     528
     545
     564
     512
     494
     535
     531
     509
     514
     540
     533
     512
     520
     555
     550
     510
     560
     552
     515
     496
     522
     547
     497
     535
     509
     526
     508
     528
     528
     516
     547
     557
     508
     471
     502
     506
     520
     527
     563
     525
     523
     507
     494
     541
     523
     495
     516
     531
     500
     508
     487
     552
     562
     493
     521
     512
     513
     550
     529
     535
     547
     532
     539
     527
     556
     479
     508
     526
     532
     574
     556
     545
     543
     504
     511
     523
     544
     518
     504
     532
     500
     559
     537
     515
     524
     558
     553
     538
     499
     541
     539
     520
     499
     537
     530
     528
     564
     570
     560
     491
     516
     504
     518
     528
     549
     559
     544
     517
     569
     518
     494
     516
     519
     545
     513
     555
     555
     552
     537
     506
     506
     545
     582
     500
     531
     507
     559
     562
     512
     501
     554
     478
     509
     530
     546
     509
     521
     515
     493
     513
     506
     532
     507
     502
     557
     526
     558
     508
     525
     477
     532
     484
     505
     523
     543
     522
     484
     518
     518
     517
     515
     559
     563
     550
     494
     535
     542
     534
     484
     524
     519
     540
     544
     498
     527
     549
     517
     553
     576
     537
     567
     552
     548
     570
     545
     524
     534
     540
     460
     530
     532
     562
     567
     591
     484
     569
     513
     476
     532
     528
     549
     550
     462
     475
     544
     553
     525
     514
     504
     592
     531
     528
     552
     497
     507
     516
     516
     524
     539
     538
     483
     507
     564
     507
     517
     527
     549
     510
     509
     502
     504
     492
     543
     551
     538
     517
     554
     534
     514
     531
     555
     555
     499
     537
     519
     509
     537
     541
     571
     511
     526
     560
     555
     487
     548
     525
     534
     599
     524
     547
     537
     512
     507
     561
     571
     548
     541
     520
     514
     499
     556
     521
     535
     506
     521
     498
     568
     544
     531
     563
     530
     519
     536
     521
     535
     527
     534
     523
     519
     570
     526
     522
     510
     574
     545
     479
     523
     531
     508
     531
     545
     528
     580
     534
     550
     527
     510
     523
     555
     546
     561
     539
     524
     542
     522
     524
     518
     525
     545
     538
     536
     527
     535
     542
     542
     521
     552
     532
     511
     500
     543
     513
     548
     572
     518
     572
     502
     522
     539
     527
     550
     492
     548
     529
     531
     539
     513
     591
     558
     575
     554
     514
     536
     504
     532
     535
     558
     544
     536
     527
     538
     544
     562
     512
     523
     534
     524
     550
     537
     532
     520
     550
     564
     541
     536
     544
     512
     540
     510
     553
     540
     543
     530
     506
     516
     567
     562
     565
     557
     551
     562
     527
     529
     541
     540
     541
     513
     483
     543
     523
     560
     547
     552
     530
     565
     524
     584
     590
     533
     560
     551
     554
     569
     545
     546
     541
     568
     525
     544
     543
     535
     523
     531
     554
     550
     520
     522
     564
     519
     533
     528
     529
     536
     563
     526
     525
     560
     556
     532
     546
     577
     562
     595
     578
     597
     594
     555
     522
     550
     574
     533
     540
     540
     577
     539
     573
     555
     503
     517
     581
     528
     541
     535
     523
     612
     588
     527
     532
     563
     548
     585
     547
     550
     519
     487
     519
     577
     579
     589
     504
     546
     568
     566
     510
     533
     561
     542
     504
     532
     558
     537
     582
     587
     520
     562
     548
     538
     582
     575
     578
     554
     522
     576
     522
     556
     542
     559
     583
     580
     554
     548
     526
     559
     633
     606
     542
     531
     597
     521
     563
     578
     580
     580
     563
     578
     571
     538
     547
     554
     527
     550
     566
     557
     560
     588
     524
     553
     556
     579
     540
     619
     538
     571
     594
     600
     546
     567
     556
     575
     581
     584
     538
     569
     561
     565
     591
     603
     566
     590
     543
     552
     566
     558
     589
     574
     578
     582
     576
     567
     557
     568
     557
     543
     578
     609
     596
     568
     587
     581
     578
     545
     539
     558
     574
     554
     525
     536
     584
     549
     573
     547
     590
     573
     561
     548
     594
     569
     538
     561
     581
     535
     587
     581
     560
     560
     572
     581
     528
     578
     545
     584
     597
     574
     578
     568
     569
     513
     578
     556
     567
     560
     570
     535
     563
     558
     585
     547
     552
     599
     567
     596
     540
     593
     546
     588
     547
     563
     607
     604
     586
     556
     590
     559
     587
     554
     559
     539
     611
     530
     582
     585
     548
     549
     559
     616
     560
     554
     556
     598
     539
     577
     588
     550
     545
     636
     579
     548
     594
     560
     601
     533
     577
     549
     606
     604
     598
     570
     557
     573
     555
     557
     592
     597
     607
     545
     520
     555
     552
     541
     562
     598
     555
     566
     534
     584
     609
     554
     567
     572
     574
     541
     564
     593
     623
     570
     603
     582
     595
     579
     569
     587
     567
     550
     566
     548
     537
     546
     563
     543
     598
     543
     607
     549
     616
     550
     611
     560
     561
     562
     576
     560
     559
     553
     593
     583
     601
     555
     562
     610
     588
     586
     586
     579
     619
     567
     549
     546
     587
     566
     572
     580
     534
     593
     575
     555
     621
     564
     580
     538
     599
     562
     574
     505
     564
     530
     547
     568
     582
     501
     553
     518
     545
     503
     588
     567
     606
     520
     515
     630
     577
     603
     544
     573
     549
     550
     566
     556
     602
     538
     557
     572
     562
     565
     531
     571
     547
     575
     581
     564
     560
     574
     548
     537
     536
     552
     557
     556
     574
     598
     535
     592
     576
     579
     536
     556
     539
     490
     584
     566
     546
     538
     550
     558
     563
     580
     556
     549
     524
     537
     534
     531
     542
     553
     562
     551
     551
     562
     509
     535
     546
     595
     541
     552
     528
     533
     562
     546
     498
     575
     519
     564
     568
     503
     557
     567
     565
     492
     530
     557
     604
     500
     562
     562
     593
     539
     538
     574
     491
     543
     532
     545
     497
     524
     558
     540
     560
     498
     538
     534
     556
     537
     566
     498
     551
     491
     472
     588
     532
     488
     526
     524
     494
     494
     510
     544
     546
     520
     506
     478
     550
     506
     569
     571
     541
     547
     526
     550
     510
     510
     566
     510
     509
     508
     508
     530
     557
     536
     504
     524
     561
     530
     505
     512
     500
     541
     519
     515
     529
     501
     546
     481
     482
     516
     511
     503
     529
     519
     508
     529
     484
     498
     505
     509
     497
     463
     518
     526
     472
     496
     491
     481
     503
     505
     503
     466
     526
     499
     474
     469
     476
     502
     488
     509
     509
     488
     465
     496
     442
     479
     487
     469
     539
     468
     469
     456
     468
     477
     509
     510
     476
     471
     487
     460
     478
     485
     516
     491
     485
     455
     464
     489
     467
     506
     449
     406
     462
     510
     515
     488
     481
     505
     473
     447
     496
     515
     470
     485
     470
     459
     444
     518
     445
     465
     460
     446
     483
     491
     477
     461
     446
     444
     477
     445
     480
     466
     451
     462
     445
     481
     445
     477
     444
     499
     451
     443
     454
     446
     440
     454
     444
     463
     458
     439
     474
     430
     444
     431
     447
     431
     460
     461
     459
     445
     444
     440
     465
     448
     415
     429
     458
     420
     463
     446
     420
     450
     433
     456
     450
     452
     459
     467
     427
     374
     460
     465
     453
     462
     424
     468
     473
     443
     429
     433
     415
     446
     460
     426
     468
     427
     426
     407
     450
     436
     411
     448
     413
     426
     464
     424
     436
     455
     437
     429
     412
     422
     403
     405
     420
     403
     466
     456
     398
     401
     403
     425
     411
     436
     417
     417
     415
     428
     404
     366
     440
     401
     410
     405
     400
     361
     432
     400
     385
     445
     401
     401
     398
     398
     426
     388
     397
     405
     417
     435
     414
     402
     392
     364
     405
     413
     449
     432
     409
     442
     396
     409
     452
     411
     397
     401
     396
     434
     395
     395
     402
     420
     384
     394
     428
     358
     406
     403
     397
     412
     444
     398
     347
     373
     407
     399
     397
     415
     402
     398
     414
     420
     397
     436
     396
     397
     410
     424
     416
     394
     390
     426
     404
     418
     452
     388
     394
     398
     395
     364
     414
     404
     410
     416
     393
     417
     379
     413
     376
     443
     401
     404
     397
     402
     373
     363
     398
     424
     405
     398
     368
     392
     416
     382
     378
     419
     389
     403
     411
     386
     372
     373
     421
     356
     409
     395
     406
     361
     404
     398
     388
     383
     392
     417
     372
     410
     365
     388
     374
     378
     390
     398
     383
     362
     385
     435
     420
     396
     380
     357
     359
     391
     370
     402
     366
     374
     386
     387
     369
     382
     362
     390
     374
     401
     346
     376
     403
     384
     402
     406
     350
     375
     377
     345
     381
     397
     397
     354
     374
     403
     393
     360
     377
     400
     373
     409
     354
     383
     395
     345
     401
     356
     380
     392
     388
     377
     406
     398
     382
     373
     382
     384
     398
     399
     358
     356
     373
     397
     380
     372
     354
     352
     382
     350
     386
     351
     372
     356
     361
     332
     402
     369
     370
     412
     372
     400
     373
     375
     348
     360
     356
     407
     386
     381
     372
     375
     363
     393
     368
     377
     353
     375
     329
     362
     380
     354
     346
     357
     365
     387
     359
     347
     370
     384
     403
     398
     397
     325
     351
     347
     372
     387
     382
     377
     379
     388
     345
     356
     331
     367
     362
     373
     393
     379
     362
     378
     375
     389
     354
     342
     386
     352
     343
     347
     394
     378
     386
     377
     338
     387
     332
     348
     356
     347
     350
     372
     319
     328
     375
     334
     381
     364
     351
     342
     337
     339
     342
     342
     343
     366
     360
     368
     360
     361
     337
     352
     330
     345
     323
     379
     358
     367
     357
     325
     329
     333
     322
     386
     327
     337
     354
     362
     327
     359
     334
     310
     345
     338
     350
     329
     324
     341
     364
     384
     358
     317
     366
     331
     337
     333
     322
     341
     365
     351
     347
     309
     326
     357
     318
     395
     328
     308
     348
     364
     330
     340
     302
     312
     336
     319
     319
     346
     332
     345
     362
     347
     316
     331
     353
     318
     334
     342
     314
     326
     337
     328
     305
     292
     339
     306
     341
     314
     308
     317
     300
     357
     330
     299
     337
     316
     314
     351
     325
     315
     307
     316
     323
     312
     322
     324
     304
     296
     336
     320
     333
     314
     347
     348
     310
     336
     298
     312
     304
     291
     304
     321
     312
     297
     346
     298
     312
     308
     284
     335
     368
     278
     314
     292
     317
     310
     301
     317
     321
     316
     318
     317
     336
     350
     303
     325
     291
     310
     350
     316
     306
     293
     280
     326
     334
     340
     287
     336
     313
     285
     299
     291
     325
     363
     287
     286
     297
     292
     302
     283
     289
     307
     308
     302
     314
     324
     310
     300
     320
     317
     287
     305
     305
     302
     325
     259
     281
     313
     305
     317
     327
     316
     277
     330
     289
     255
     317
     316
     314
     277
     277
     294
     287
     271
     346
     302
     286
     325
     302
     287
     322
     255
     284
     284
     265
     324
     314
     320
     324
     303
     316
     301
     269
     273
     288
     290
     296
     274
     282
     291
     332
     319
     301
     302
     291
     309
     295
     348
     305
     299
     296
     320
     333
     318
     314
     288
     276
     323
     295
     306
     286
     304
     289
     322
     307
     294
     289
     322
     319
     279
     313
     326
     306
     332
     302
     318
     316
     357
     322
     301
     294
     301
     320
     317
     310
     345
     341
     327
     313
     294
     312
     352
     329
     334
     344
     330
     329
     316
     281
     351
     358
     343
     357
     346
     301
     367
     348
     322
     322
     340
     328
     337
     353
     321
     326
     292
     315
     345
     320
     371
     348
     393
     340
     386
     337
     358
     356
     352
     375
     376
     339
     400
     329
     361
     359
     401
     355
     370
     354
     369
     369
     370
     360
     365
     401
     365
     377
     393
     398
     360
     377
     393
     395
     400
     377
     426
     377
     400
     432
     399
     384
     433
     391
     421
     384
     399
     388
     398
     418
     428
     432
     396
     431
     429
     409
     424
     404
     409
     389
     465
     399
     444
     446
     420
     420
     441
     426
     396
     409
     450
     410
     436
     428
     456
     472
     428
     460
     492
     475
     486
     459
     470
     441
     460
     461
     430
     473
     484
     471
     443
     494
     489
     492
     465
     467
     496
     538
     475
     467
     482
     473
     503
     500
     516
     510
     495
     461
     471
     514
     446
     509
     511
     511
     528
     547
     517
     532
     533
     519
     561
     554
     556
     524
     554
     545
     525
     549
     590
     508
     559
     523
     516
     560
     512
     521
     567
     524
     550
     548
     583
     549
     511
     580
     541
     571
     521
     531
     615
     571
     558
     536
     626
     589
     598
     563
     611
     615
     587
     629
     598
     602
     591
     607
     579
     577
     608
     589
     585
     647
     603
     607
     612
     593
     590
     669
     599
     661
     630
     628
     647
     663
     621
     658
     625
     650
     588
     634
     641
     660
     660
     639
     656
     659
     600
     619
     675
     676
     657
     642
     663
     637
     669
     630
     668
     645
     690
     663
     658
     656
     639
     671
     680
     646
     692
     676
     660
     683
     701
     628
     699
     669
     664
     710
     680
     669
     692
     679
     722
     683
     661
     710
     679
     674
     694
     711
     706
     730
     706
     664
     675
     700
     729
     735
     689
     733
     706
     672
     682
     722
     629
     664
     695
     685
     655
     716
     700
     712
     710
     690
     729
     723
     697
     715
     679
     711
     659
     664
     725
     695
     686
     681
     677
     685
     767
     648
     676
     709
     660
     722
     696
     685
     692
     714
     709
     667
     658
     669
     702
     679
     678
     709
     707
     689
     671
     681
     696
     671
     647
     707
     672
     632
     687
     654
     704
     724
     706
     719
     651
     716
     653
     655
     686
     651
     637
     659
     656
     669
     607
     689
     640
     649
     710
     665
     650
     656
     656
     644
     675
     693
     632
     600
     602
     650
     625
     606
     664
     645
     635
     614
     651
     632
     644
     632
     607
     615
     640
     613
     587
     616
     611
     626
     611
     607
     586
     629
     605
     597
     659
     587
     592
     607
     591
     566
     655
     584
     568
     581
     583
     605
     598
     564
     540
     594
     606
     564
     551
     627
     562
     572
     570
     536
     602
     557
     536
     544
     598
     535
     555
     563
     546
     543
     546
     496
     507
     537
     547
     504
     514
     506
     515
     539
     523
     491
     519
     534
     495
     514
     492
     507
     488
     492
     522
     444
     490
     497
     471
     491
     465
     454
     486
     487
     453
     459
     447
     455
     430
     435
     457
     425
     434
     464
     460
     452
     429
     435
     439
     452
     411
     471
     439
     448
     442
     421
     449
     460
     440
     448
     400
     397
     443
     427
     411
     448
     388
     402
     378
     403
     374
     404
     402
     406
     420
     380
     358
     389
     389
     395
     369
     361
     361
     371
     358
     350
     375
     381
     340
     361
     370
     372
     368
     344
     288
     330
     350
     346
     324
     330
     349
     365
     350
     338
     343
     328
     357
     355
     327
     310
     335
     324
     319
     310
     311
     324
     307
     298
     284
     302
     262
     278
     293
     303
     315
     280
     287
     312
     253
     270
     289
     254
     275
     273
     277
     281
     315
     275
     258
     259
     258
     263
     273
     287
     245
     308
     275
     302
     260
     268
     240
     242
     269
     244
     264
     273
     249
     240
     252
     267
     228
     213
     253
     235
     242
     237
     235
     213
     250
     265
     241
     240
     251
     210
     231
     224
     236
     228
     222
     229
     225
     232
     237
     215
     233
     220
     206
     234
     237
     240
     215
     232
     238
     240
     214
     227
     197
     220
     209
     239
     219
     196
     240
     201
     215
     232
     252
     224
     192
     213
     179
     208
     227
     209
     201
     222
     192
     194
     225
     213
     218
     224
     214
     229
     227
     197
     217
     211
     212
     199
     225
     196
     223
     217
     218
     181
     189
     202
     198
     225
     233
     195
     190
     232
     210
     197
     208
     235
     200
     195
     239
     215
     231
     206
     238
     202
     201
     197
     206
     227
     200
     204
     215
     209
     230
     221
     216
     218
     195
     210
     247
     217
     229
     220
     219
     221
     223
     199
     238
     200
     240
     224
     217
     233
     219
     216
     221
     259
     250
     225
     260
     233
     222
     247
     252
     231
     233
     218
     232
     217
     241
     240
     274
     240
     246
     244
     269
     231
     246
     245
     270
     255
     260
     250
     259
     269
     221
     226
     266
     259
     271
     282
     278
     266
     254
     229
     251
     273
     276
     288
     279
     250
     283
     227
     290
     293
     253
     289
     293
     295
     288
     293
     305
     293
     292
     292
     284
     274
     319
     318
     282
     301
     300
     295
     320
     297
     328
     301
     308
     303
     330
     339
     318
     316
     307
     302
     303
     343
     340
     334
     292
     333
     334
     324
     352
     349
     355
     346
     321
     330
     335
     361
     354
     331
     399
     377
     356
     391
     346
     346
     361
     362
     357
     368
     352
     398
     360
     393
     367
     401
     442
     342
     402
     388
     384
     382
     408
     378
     394
     399
     379
     385
     416
     372
     396
     424
     424
     408
     401
     357
     419
     415
     379
     414
     378
     390
     433
     429
     415
     405
     409
     403
     384
     466
     421
     459
     437
     447
     398
     430
     445
     430
     476
     414
     424
     440
     455
     432
     427
     471
     461
     444
     468
     440
     482
     475
     477
     433
     449
     406
     455
     415
     447
     457
     469
     478
     449
     475
     487
     422
     515
     476
     467
     520
     440
     495
     519
     512
     467
     484
     486
     488
     492
     516
     525
     464
     478
     486
     462
     493
     494
     525
     485
     534
     474
     491
     524
     554
     508
     455
     504
     487
     541
     508
     514
     518
     519
     543
     514
     537
     510
     541
     495
     517
     530
     516
     528
     499
     537
     495
     505
     479
     531
     550
     505
     546
     530
     496
     499
     540
     518
     551
     526
     494
     548
     535
     569
     574
     465
     546
     522
     544
     513
     520
     539
     502
     507
     522
     509
     524
     543
     503
     529
     520
     521
     522
     528
     574
     544
     484
     514
     588
     539
     512
     504
     504
     538
     518
     517
     514
     533
     527
     548
     549
     559
     536
     501
     539
     473
     541
     530
     490
     543
     479
     517
     529
     526
     487
     516
     505
     498
     502
     559
     523
     516
     518
     482
     541
     492
     506
     505
     515
     528
     558
     516
     530
     491
     499
     506
     492
     508
     517
     501
     497
     483
     519
     497
     521
     473
     480
     483
     503
     477
     497
     497
     463
     479
     468
     467
     464
     456
     478
     466
     496
     482
     466
     446
     475
     448
     461
     465
     484
     452
     444
     444
     445
     485
     490
     460
     446
     486
     459
     424
     449
     427
     447
     442
     459
     449
     428
     415
     478
     406
     436
     412
     453
     395
     409
     422
     423
     409
     393
     412
     419
     389
     441
     419
     413
     420
     408
     400
     424
     422
     360
     420
     421
     409
     387
     385
     396
     417
     370
     376
     401
     410
     372
     385
     385
     371
     370
     368
     392
     373
     358
     397
     400
     340
     350
     340
     349
     400
     365
     356
     354
     320
     342
     350
     326
     354
     307
     357
     373
     357
     319
     327
     344
     340
     324
     290
     351
     350
     318
     337
     319
     373
     297
     336
     327
     302
     296
     301
     309
     324
     301
     294
     296
     314
     291
     242
     312
     308
     300
     309
     253
     274
     277
     280
     276
     281
     269
     264
     290
     280
     226
     243
     235
     283
     260
     250
     236
     235
     288
     235
     237
     242
     239
     246
     231
     249
     248
     229
     246
     251
     239
     226
     213
     222
     221
     224
     224
     219
     215
     215
     223
     218
     232
     220
     229
     215
     216
     197
     224
     216
     202
     189
     191
     213
     212
     201
     193
     184
     192
     176
     202
     195
     196
     183
     186
     179
     166
     148
     192
     171
     182
     176
     157
     176
     158
     193
     138
     157
     152
     167
     168
     176
     170
     159
     172
     150
     122
     163
     153
     163
     148
     138
     159
     139
     145
     144
     153
     135
     146
     153
     161
     140
     143
     143
     133
     146
     143
     124
     129
     134
     146
     125
     120
     145
     118
     120
     114
     131
     122
     112
     111
     126
     107
     128
     124
      98
     116
     108
     102
     110
     107
     121
     108
     119
      96
     109
      95
     100
     111
     111
      85
     111
      83
     110
      94
     113
      91
     101
     107
      76
      82
      87
      76
      90
      86
      83
      98
      78
      86
      74
      69
      73
      70
      85
      97
      70
      81
      81
      75
      60
      80
      70
      72
      78
      92
      75
      70
      68
      81
      86
      70
      62
      67
      63
      51
      83
      68
      50
      74
      58
      60
      73
      69
      70
      55
      78
      60
      72
      49
      65
      56
      48
      50
      54
      41
      46
      50
      51
      67
      55
      58
      51
      47
      51
      60
      36
      39
      53
      41
      46
      51
      45
      50
      38
      43
      44
      35
      44
      38
      43
      67
      39
      45
      40
      43
      39
      38
      49
      46
      32
      37
      45
      35
      37
      34
      43
      43
      36
      45
      42
      40
      39
      43
      30
      32
      41
      38
      48
      41
      29
      25
      36
      34
      38
      48
      25
      30
      37
      44
      25
      14
      29
      36
      36
      30
      24
      31
      30
      33
      33
      28
      22
      31
      22
      31
      31
      21
      29
      33
      33
      29
      32
      31
      28
      29
      23
      28
      32
      23
      37
      23
      29
      22
      28
      26
      34
      25
      30
      19
      32
      18
      28
      26
      22
      18
      16
      23
      27
      28
      25
      30
      31
      18
      33
      20
      32
      24
      20
      24
      13
      18
      22
      25
      14
      22
      17
      39
      25
      24
      16
      18
      26
      24
      24
      19
      21
      18
      25
      17
      20
      21
      14
      17
      31
      32
      17
      16
      13
      21
      21
      20
      14
      15
      19
      21
      20
      17
      17
      23
      22
      13
      24
      18
      13
      26
      15
      15
      21
      15
      17
      16
      14
      18
      26
      13
      27
      17
      18
      14
      18
      15
      23
      16
      19
      16
      15
      11
      15
      18
      14
       9
      20
      15
      17
      14
      23
      15
      16
      19
      24
      12
      17
      23
      24
      22
      20
      21
      19
      18
      17
      13
      23
      18
      17
      26
      18
      13
      17
      12
      14
      19
      11
      15
      15
      13
      12
       6
      13
      14
      17
      14
      10
      13
      20
      20
      12
      13
      11
      15
      14
      18
      10
      13
      11
      20
      16
      18
      12
      18
      12
      12
      15
      25
      18
      12
      17
      21
       7
      19
      20
      15
      15
      11
      10
       8
      17
      17
      21
      15
      15
      16
      11
      13
       9
      21
      13
      13
      12
      14
      14
      11
      15
       9
      27
      13
      14
      16
      17
      14
       9
      11
      17
      18
       8
      13
      16
       9
      15
      15
       9
      14
      17
      17
      22
      17
      12
      10
      14
      14
      16
      18
       7
      18
      13
      11
      17
      10
       9
      14
      17
      17
      17
      14
      14
      14
      18
      17
      11
      11
      11
      10
      17
      13
      16
      14
      14
      10
      14
      15
      12
      21
       9
       5
      11
      16
      12
      14
      11
      18
      11
      15
      21
      22
      11
      14
      19
      16
      15
      12
      17
      13
       7
      16
      11
      11
      19
      10
      18
       9
      15
      14
      17
      10
       4
      18
       9
      17
      12
      11
      16
      13
      12
      12
      11
      17
      18
      11
      13
      16
      20
       8
      11
      18
      15
      16
       9
      16
      13
      11
      18
      13
      15
      11
      20
      11
      17
       8
      14
      11
      10
      10
      17
      16
      10
      18
       8
      12
      15
       7
      13
      17
       8
       8
      15
      14
       7
      10
      18
      12
      15
      10
      12
      14
      13
      18
      15
      13
      18
      17
      14
      13
      12
       8
      13
      14
      10
      17
      14
      15
      11
      15
      15
      21
      12
      15
       9
      10
      14
      11
      12
      17
      17
      10
      16
       9
      15
       9
      17
      12
      13
      10
      15
      10
      11
      21
      10
      15
      13
      15
      12
       5
      15
      14
       8
      15
      12
       9
      21
      15
      12
      14
      15
      18
      15
      18
      18
      12
      18
       9
      12
      11
      12
      27
      11
      18
      11
      18
      18
       9
      14
       9
       9
      16
      10
      14
       8
      19
      13
       9
       6
      18
      15
      10
      12
      11
      11
      12
      12
      11
       9
      15
      15
       8
      15
      16
      13
       8
      13
      14
      14
      17
      12
       9
      13
      15
       9
      10
      12
       9
      11
      14
      16
       7
      12
      12
      11
      16
      12
      12
      12
       7
      14
      13
      12
      13
      10
      13
      10
      13
      10
      10
      11
       7
       7
      10
      18
      19
      11
       9
       5
      11
      10
       8
      15
      11
      12
      11
       6
      10
      19
      10
      13
      17
      13
      11
      10
       6
       8
      17
       6
      18
      10
       8
      17
      17
      10
      13
      16
      15
      10
      12
      17
      10
      13
      11
       5
       6
      14
      16
       6
      15
       9
       8
      14
      12
       8
       8
       7
      12
       8
      11
       9
      12
      10
      11
      13
      10
       8
      10
      16
       8
      13
      16
      14
       7
      11
       7
      15
       9
      10
      11
      12
      13
       6
       8
      16
      15
      13
      18
       7
      11
      10
       8
       7
      18
      11
       8
      12
      15
      11
      11
      13
      12
       7
      10
       8
       9
      12
       7
      12
      13
      11
      16
      12
      15
      13
       8
       2
       9
      11
      12
      15
      11
       5
      19
      16
       7
      16
       6
      19
      20
      11
      11
      16
      10
       9
      11
       6
      12
      14
      14
      13
      12
      11
      10
      11
      14
      19
      14
      18
      15
      10
      17
      12
       9
      17
      13
      15
      11
      11
      16
       8
      10
       9
      13
      13
       7
       6
      21
      10
      14
       8
      12
      11
       9
      13
      12
      15
      15
       6
      14
       9
       8
      11
      11
      12
       6
      14
      13
      18
      10
      13
       7
       4
      10
      10
       9
      10
      10
      15
      15
       8
       8
      14
       6
       8
       5
      10
      11
       8
       7
      10
       9
       6
       8
       8
       8
       7
      13
       6
       8
      12
      17
       6
       7
      16
      16
       9
      12
       9
       6
      10
       7
       8
      12
      15
       4
       8
      10
       9
      13
      10
      15
      14
      13
      13
       7
       8
      17
       9
      10
       9
       9
       6
       9
      13
      18
       4
      10
      13
      10
      12
       7
      12
      16
      12
      11
       8
       9
       8
      14
       9
      10
       7
      12
       6
       9
      11
      14
      12
      11
      10
       9
       5
      11
       6
       7
      14
      20
      10
      12
      15
      10
       9
      11
       7
      15
       8
      10
       5
      10
      18
       9
       8
       5
      13
       4
       9
       7
       5
       9
       9
       6
       8
       9
      13
       9
       6
       6
       8
      14
       7
      14
       8
       7
      11
       7
       7
      10
      15
      10
      11
       8
       9
       7
       7
       9
       8
       9
      10
      13
      12
       8
      13
      10
      11
      13
       9
      12
      15
       3
      12
      11
      15
       9
       5
      13
       8
       7
      15
      15
      11
       9
      16
      11
       9
       9
      14
       8
       5
       7
       5
      10
      10
       7
      10
       6
      11
      14
       9
      13
      13
       5
       8
      12
       7
      11
      10
       7
      12
       8
       9
       7
       9
      11
       9
       8
       7
      10
       8
       8
      13
      13
       9
       7
       9
       9
       6
      10
      10
       6
       8
       8
       5
      11
       8
      13
      11
       5
      12
      10
       9
      10
       4
       6
      15
      11
       7
       5
       9
      14
       7
      15
       9
       2
      10
      12
       8
       7
       7
       5
      11
       8
       9
      10
      10
       8
       8
       9
       3
      11
      15
       6
      14
       6
      10
       9
       4
       3
       9
       5
       8
       6
      10
      12
       5
       6
      11
      13
       7
      12
      10
      12
      12
       8
       7
      13
      12
      14
      10
      10
      11
      13
       4
      13
       9
       9
       8
       7
       9
       4
       9
      10
       9
       5
       6
       7
       8
      11
       6
      12
       9
       8
       8
       8
       5
      10
       9
      11
       9
       7
      16
       8
       6
       5
       7
       7
       6
       9
      10
       8
       9
      10
      11
       3
       8
       9
       8
      11
      10
       9
      14
      10
       6
      10
      10
       5
      12
       7
       7
       5
      10
      10
      12
       7
      11
       9
       6
       5
      11
       6
       9
       7
       7
       4
       6
       3
       9
       6
       9
      11
      12
       9
       9
       8
       7
       9
       9
       3
      10
       8
       8
       9
      13
      11
       7
       7
       9
      11
       7
       9
      12
       7
      10
      13
       8
       9
       4
       6
       9
       4
      10
       8
       8
      10
      10
       8
       8
       7
      11
      10
       9
       7
       9
       8
      12
      15
       9
       6
       7
       6
       6
      12
      12
      10
      10
      11
      11
      10
       7
      12
      10
      11
       6
       7
       8
       9
       4
      10
       7
       6
       9
      11
       5
      14
      11
       4
      12
       8
       7
       9
       8
      12
       6
       9
      13
       9
      10
       9
       4
       9
       5
      12
       8
       5
      14
      11
       6
      10
       6
       9
       6
      12
       9
       5
       6
       5
       6
       6
       8
       6
       7
       8
      10
       6
       8
      11
       5
      10
      13
       8
       4
       9
       7
       5
      10
       5
      12
       9
       5
       8
       7
      12
       6
       4
       8
       8
      10
       4
      12
      11
      11
      10
       6
      11
       9
      12
       5
      12
       9
       6
      11
       8
       9
      10
       8
      13
      13
       3
       6
       9
       9
       7
       8
       6
       6
       9
      10
       7
      10
       5
       5
       6
       7
       9
       8
       8
       7
      11
       5
       9
      10
       8
       4
      10
      11
       9
       4
      10
      11
      10
       8
       8
       8
       5
      11
       3
       6
       8
      11
       6
       4
      10
       7
       5
       9
      10
      10
       7
       7
       8
       7
       7
       7
       6
      11
      10
       9
       9
      10
       7
       8
       8
      12
       6
      14
       5
       9
       7
       9
       3
       6
      11
       6
       5
       9
       8
       8
       6
       9
      13
      11
      10
       9
      11
      10
       8
       9
       9
       9
       9
      15
       6
       3
       8
      10
      13
      12
      11
       4
       9
       4
       5
       8
      10
       7
      11
       6
       9
      10
       9
       9
       5
       5
       4
      10
       9
      12
       9
      10
      10
       7
      11
       9
       6
      11
       3
      10
       4
       4
       4
      15
       6
       9
       9
       6
       6
       4
       4
       4
       6
       4
       5
       9
       4
      11
       5
       9
       7
       5
      11
       9
       5
       1
       7
       6
       2
       9
       5
       5
       7
      12
       8
       5
       8
      10
       9
       7
       7
       5
       4
       5
      10
      10
      10
       7
       8
       9
       5
      11
       5
      11
       3
       7
      12
       5
       5
       8
       4
       5
       5
      10
       7
       1
       6
      13
      13
       8
      10
       7
       3
       6
      12
       4
       7
       8
       6
       7
       2
       4
       5
       4
       4
       7
       3
       6
       9
       6
       9
       8
       2
       8
       7
       1
      11
       6
      12
       3
      10
       8
       7
       7
       4
       9
       6
       9
      10
       9
       6
       4
       9
       5
       3
       4
       4
      17
       2
       8
       7
       6
       3
       6
       8
       9
       8
      11
       5
      10
       9
       9
       8
       7
       6
       5
       8
       8
       6
       9
       5
       5
       4
       9
       8
       8
      11
      15
       8
       6
       4
       5
       2
       5
      12
       6
       5
       4
       7
       8
       1
       5
       3
       8
       7
      11
       7
       5
       7
       2
      12
       9
       8
       6
       2
       7
       7
       4
      10
       9
       8
       8
       8
      13
       5
      10
       6
       6
       9
       6
       7
       8
       7
      10
       5
       8
       5
       5
       5
       4
       7
       5
       9
       6
       9
      11
       4
       5
       9
       4
       7
      12
       4
       7
       8
       8
      10
       8
       8
       6
       4
       5
       4
       8
      12
      11
       7
       2
       8
       6
       4
      11
       5
       9
       3
       9
       9
       7
      12
       5
       9
       6
       4
      10
       7
       5
       7
       6
       6
       3
       6
       7
      10
       9
       9
       8
      13
       5
       9
       8
       8
       2
       6
       7
       4
       5
       8
       5
       5
       3
       8
       5
       3
       4
       9
       6
       2
       8
       4
      10
       5
       6
       9
       6
       3
       9
       4
       4
       2
       8
       5
       9
       5
       2
       5
       1
       1
       2
      11
       4
       4
       4
       2
       3
       5
       2
       5
       4
       3
       4
       1
       1
       1
       1
       5
       3
       1
       0
       3
       2
       2
       0
       1
       2
       2
       1
       2
       1
       2
       3
       1
       0
       1
       0
       0
       0
       2
       5
       1
       1
       0
       1
       1
       2
       1
       2
       1
       0
       2
       0
       0
       0
       1
       0
       1
       0
       2
       0
       0
       0
       0
       0
       1
       0
       1
       1
       0
       0
       0
       0
       0
       1
       0
       0
       0
       0
       0
       1
       0
       0
       0
       0
       0
       0
       0
       0
       0
       1
       0
       0
       0
       2
       0
       0
       0
       0
       0
       0
       0
       0
       0
       0
       0
       0
       0
       0
       0
       0
       0
       0
       0
       0
       1
       0
       0
       0
       0
       0
       0
       0
       0
       0
       0
       0
       0
       0
       0
       0
       0
       0
       0
       0
       0
       0
       0
       0
       0
       0
       0
       0
       0
       0
       0
       0
       0
       0
       0
       0
       0
       0
       0
       0
       0
       0
       0
       0
       0
       0
       0
       0
       0
       0
       0
       0
       0
       0
       0
       0
       0
       0
       0
       0
       0
       0
       0
       0
       0
       0
       0
       0
       0
       0
       0
       0
       0
       0
       0
       0
       0
       0
       0
       0
       0
       0
       0
       0
       0
       0
       0
       0
       0
       0
       0
       0
       0
       0
       0
       0
       0
       0
       0
       0
       0
       0
       0
       0
       0
       0
       0
       0
       0
       0
       0
       0
       0
       0
       0
       0
       0
       0
       0
       0
       0
       0
       0
       0
       0
       0
       0
       0
       0
       0
       0
       0
       0
       0
       0
       0
       0
       0
       0
       0
       0
       0
       0
       0
       0
       0
       0
       0
       0
       0
       0
       0
       0
$ROI:
1
5540 6134
$PRESETS:
Live Time
180
0
$ENER_FIT:
0.000000 0.227554
$MCA_CAL:
3
0.000000E+000 2.275539E-001 0.000000E+000 keV
$SHAPE_CAL:
3
3.368824E+002 0.000000E+000 0.000000E+000
