$SPEC_ID:
No sample description was entered.
$SPEC_REM:
DET# 3
DETDESC# FP-GAMMA2 MCB 129
AP# Maestro Version 7.01
$DATE_MEA:
12/04/2013 12:34:21
$MEAS_TIM:
157 180
$DATA:
0 8191
       0
       0
       0
       0
       0
       0
       0
       0
       6
       4
       4
       9
       2
       5
       2
       2
       5
       7
       8
       7
       5
      10
       3
      13
       9
       8
      10
       8
      10
      12
      13
      11
      15
      19
      16
      12
      20
      29
      25
      26
      21
      18
      24
      27
      21
      38
      23
      31
      31
      20
      40
      34
      54
      66
     153
     327
     184
     164
     164
     161
     258
    1082
    2564
    2623
    2423
    2118
    1975
    1788
    1499
    1412
    1319
    1234
    1155
    1120
    1044
     968
     858
     896
     804
     827
     793
     758
     702
     672
     680
     625
     658
     610
     623
     610
     645
     633
     620
     618
     610
     653
     622
     609
     616
     595
     597
     591
     608
     625
     542
     615
     624
     567
     608
     599
     618
     625
     602
     579
     617
     594
     627
     532
     597
     646
     591
     611
     626
     574
     588
     638
     594
     581
     626
     614
     625
     626
     597
     640
     587
     596
     563
     643
     634
     626
     602
     618
     591
     617
     635
     616
     635
     586
     639
     614
     632
     562
     637
     636
     618
     631
     636
     638
     648
     634
     664
     647
     614
     610
     617
     635
     634
     612
     608
     637
     599
     564
     640
     647
     629
     671
     627
     634
     594
     626
     633
     612
     610
     648
     639
     609
     639
     647
     595
     666
     648
     644
     636
     662
     630
     616
     663
     661
     674
     627
     662
     664
     655
     641
     674
     641
     656
     679
     619
     619
     637
     646
     685
     648
     685
     700
     660
     687
     629
     669
     711
     701
     661
     664
     644
     681
     669
     624
     685
     675
     692
     678
     696
     693
     701
     645
     706
     691
     668
     672
     707
     638
     713
     698
     668
     709
     699
     683
     647
     694
     709
     733
     700
     654
     640
     683
     637
     655
     693
     694
     699
     667
     683
     688
     719
     707
     677
     655
     682
     754
     619
     698
     709
     698
     667
     650
     656
     671
     666
     753
     687
     694
     698
     688
     701
     693
     675
     680
     674
     708
     703
     685
     646
     698
     682
     702
     773
     655
     698
     687
     687
     688
     701
     704
     705
     711
     710
     734
     697
     762
     718
     726
     754
     694
     730
     691
     735
     750
     734
     735
     733
     700
     745
     802
     744
     754
     768
     771
     748
     753
     796
     794
     791
     811
     795
     830
     819
     853
     831
     843
     806
     903
     802
     808
     869
     851
     869
     857
     896
     891
     908
     897
     915
     970
     928
     976
    1011
     944
     988
     988
     970
    1007
    1024
     980
    1047
     998
    1078
    1042
    1038
    1025
    1118
    1074
    1043
    1049
    1091
    1142
    1107
    1064
    1108
    1074
    1114
    1057
    1077
    1164
    1113
    1092
    1104
    1107
    1127
    1094
    1127
    1119
    1110
    1080
    1071
    1106
    1121
    1041
    1145
    1078
    1014
    1090
    1020
    1047
    1013
    1069
    1010
    1074
     993
    1049
    1029
    1013
     991
     987
    1003
     997
     945
    1009
     980
     977
     988
     982
     977
     960
     910
     954
     902
     953
     912
     966
     925
     911
     851
     936
     884
     923
     902
     854
     879
     912
     915
     852
     846
     847
     878
     861
     860
     812
     770
     783
     934
     774
     827
     853
     796
     760
     792
     774
     765
     776
     698
     826
     765
     807
     839
     769
     737
     788
     724
     741
     742
     758
     736
     733
     698
     706
     741
     723
     750
     699
     714
     699
     701
     681
     753
     691
     708
     661
     723
     657
     649
     684
     735
     642
     709
     682
     657
     682
     666
     728
     659
     667
     719
     729
     652
     658
     672
     693
     656
     715
     649
     620
     686
     673
     671
     691
     688
     710
     670
     662
     653
     716
     638
     682
     685
     689
     628
     685
     653
     627
     630
     641
     709
     702
     689
     676
     705
     640
     634
     699
     678
     653
     660
     634
     700
     668
     652
     662
     691
     658
     655
     642
     651
     656
     679
     680
     684
     687
     645
     684
     666
     694
     647
     680
     651
     675
     699
     637
     645
     662
     683
     659
     687
     655
     677
     684
     660
     734
     687
     741
     633
     694
     684
     697
     698
     651
     639
     710
     746
     688
     656
     665
     702
     735
     722
     670
     718
     693
     653
     696
     689
     706
     731
     688
     692
     710
     647
     687
     664
     702
     672
     662
     645
     720
     705
     667
     698
     667
     728
     656
     690
     746
     680
     693
     666
     744
     707
     733
     676
     710
     715
     678
     681
     731
     696
     755
     722
     689
     694
     701
     729
     705
     712
     726
     683
     692
     682
     696
     714
     667
     696
     712
     714
     734
     676
     745
     695
     681
     698
     693
     796
     733
     738
     745
     710
     743
     755
     698
     713
     734
     731
     692
     730
     746
     722
     733
     740
     722
     780
     760
     755
     685
     702
     741
     692
     731
     653
     731
     718
     739
     729
     683
     724
     746
     667
     728
     758
     714
     697
     665
     737
     719
     763
     711
     701
     737
     727
     689
     751
     710
     736
     750
     772
     778
     690
     706
     723
     731
     712
     742
     767
     729
     720
     754
     721
     738
     692
     708
     742
     673
     756
     703
     706
     711
     725
     752
     737
     713
     749
     736
     735
     768
     792
     704
     747
     738
     775
     743
     808
     704
     738
     747
     752
     721
     745
     734
     723
     721
     792
     734
     755
     741
     728
     725
     728
     753
     803
     754
     726
     786
     727
     755
     713
     782
     717
     747
     759
     753
     683
     722
     707
     762
     695
     751
     794
     753
     765
     730
     769
     767
     756
     773
     738
     771
     765
     782
     768
     769
     717
     752
     766
     734
     763
     774
     754
     745
     738
     798
     765
     769
     717
     740
     718
     741
     745
     783
     758
     724
     760
     784
     830
     794
     759
     788
     805
     734
     796
     744
     784
     769
     740
     791
     768
     768
     735
     772
     736
     798
     791
     797
     769
     742
     771
     778
     755
     706
     801
     763
     859
     776
     819
     759
     781
     758
     773
     764
     786
     759
     791
     816
     734
     801
     770
     772
     788
     783
     773
     722
     774
     811
     823
     699
     743
     718
     793
     809
     822
     793
     754
     791
     786
     823
     790
     782
     787
     773
     825
     825
     774
     821
     820
     840
     828
     755
     774
     801
     786
     857
     845
     832
     846
     786
     834
     805
     780
     800
     851
     818
     829
     850
     789
     815
     841
     782
     820
     830
     875
     802
     884
     775
     794
     810
     828
     810
     832
     814
     875
     857
     846
     832
     791
     819
     872
     791
     890
     871
     858
     899
     869
     876
     854
     856
     931
     862
     860
     866
     832
     858
     860
     840
     824
     864
     887
     858
     865
     897
     879
     911
     897
     833
     863
     888
     870
     916
     895
     885
     930
     953
     906
     918
     920
     876
     926
     927
     958
     912
     982
     925
     936
     960
     951
     911
     896
     913
     931
     912
     934
     922
     954
     915
     958
     950
     995
     924
     917
     937
     933
     972
     933
     971
     954
     961
     985
     977
     963
     948
     936
     940
     973
     982
     970
     967
     962
     950
    1007
     927
    1006
    1002
     995
     960
    1032
    1007
    1000
     956
     987
     975
     987
     998
     982
     981
     963
     997
     993
    1038
     954
    1035
    1027
    1021
    1045
     982
     998
     986
     982
     980
    1013
     969
     987
    1031
    1044
    1024
     935
    1012
    1075
     972
     932
    1010
    1033
     998
    1011
     983
     959
    1030
    1018
     996
    1023
     980
    1018
    1002
     994
    1003
    1001
    1042
     963
     992
     983
    1032
     997
    1020
    1032
     978
    1016
    1008
    1016
     980
    1039
    1067
     970
    1002
    1067
     974
    1020
     977
     998
    1038
     942
    1031
    1008
    1020
     953
     922
     984
     981
    1019
     959
    1048
    1016
    1040
    1006
     971
     997
     962
     963
     992
     980
     947
     974
    1026
     947
    1019
     934
    1005
     927
    1020
    1015
     998
     999
    1004
     952
     962
     961
     981
     982
     957
     980
     935
     958
     990
    1001
     986
    1011
    1001
     983
     941
     965
     962
     964
     938
     981
     943
     966
     951
     914
     933
     961
     969
     932
    1001
     941
     964
     926
     918
     974
     923
     955
     952
     922
     937
     908
     928
     940
     996
     958
     954
     940
     847
     970
     905
     944
     859
     918
     906
     870
     927
     952
     868
     922
     915
     894
     935
     943
     909
     937
     950
     928
     929
     861
     932
     852
     878
     937
     892
     854
     901
     927
     945
     893
     925
     859
     853
     893
     856
     876
     945
     857
     893
     939
     864
     871
     917
     917
     900
     792
     904
     934
     808
     860
     865
     850
     844
     937
     880
     840
     859
     884
     928
     897
     861
     876
     880
     831
     874
     938
     899
     920
     888
     849
     936
     908
     874
     922
     932
     842
     877
     871
     867
     840
     884
     887
     833
     831
     880
     877
     840
     853
     848
     871
     884
     876
     876
     876
     863
     910
     851
     874
     861
     854
     831
     849
     908
     845
     844
     759
     845
     839
     868
     863
     883
     835
     799
     857
     838
     817
     836
     828
     848
     848
     850
     825
     831
     871
     780
     843
     829
     845
     843
     873
     840
     828
     813
     826
     831
     795
     871
     826
     856
     867
     831
     833
     818
     862
     824
     841
     802
     815
     851
     815
     876
     811
     854
     842
     808
     817
     834
     810
     820
     814
     789
     781
     852
     789
     843
     801
     802
     876
     780
     821
     820
     807
     833
     832
     804
     770
     750
     805
     822
     843
     783
     804
     805
     799
     773
     751
     772
     752
     799
     826
     787
     855
     814
     787
     806
     820
     799
     774
     819
     830
     782
     816
     738
     757
     775
     777
     817
     789
     797
     752
     797
     783
     833
     791
     771
     752
     821
     787
     822
     802
     817
     824
     762
     751
     772
     881
     817
     791
     769
     771
     783
     794
     756
     739
     764
     811
     758
     808
     799
     747
     783
     770
     746
     780
     754
     797
     808
     714
     786
     796
     816
     792
     753
     799
     803
     747
     774
     798
     758
     803
     793
     730
     748
     753
     797
     684
     770
     791
     797
     773
     812
     727
     839
     738
     807
     791
     756
     748
     770
     778
     736
     777
     730
     736
     778
     749
     772
     767
     744
     761
     768
     777
     758
     784
     756
     752
     782
     688
     771
     765
     782
     739
     749
     672
     777
     725
     736
     723
     815
     783
     731
     792
     736
     724
     729
     715
     745
     761
     747
     736
     750
     762
     749
     700
     743
     747
     720
     761
     756
     754
     709
     652
     713
     787
     752
     759
     685
     736
     713
     686
     730
     746
     732
     726
     759
     738
     764
     741
     713
     719
     740
     703
     757
     719
     721
     732
     721
     734
     716
     744
     746
     750
     714
     700
     732
     730
     699
     692
     713
     689
     716
     708
     670
     726
     807
     664
     721
     698
     679
     749
     701
     704
     709
     740
     726
     687
     674
     708
     724
     666
     709
     719
     703
     729
     732
     723
     705
     686
     662
     740
     721
     753
     727
     750
     695
     751
     719
     726
     663
     665
     643
     667
     684
     687
     672
     656
     739
     709
     688
     713
     690
     709
     770
     670
     704
     733
     690
     723
     672
     708
     708
     676
     712
     712
     691
     708
     673
     684
     659
     651
     702
     704
     703
     681
     686
     670
     657
     720
     687
     666
     680
     695
     697
     708
     702
     733
     639
     688
     714
     662
     664
     703
     699
     699
     687
     678
     691
     655
     695
     683
     684
     690
     726
     721
     743
     662
     674
     695
     659
     673
     727
     703
     655
     692
     657
     712
     697
     712
     674
     690
     681
     677
     667
     683
     675
     669
     679
     664
     660
     718
     660
     703
     702
     667
     697
     672
     697
     664
     667
     660
     644
     657
     697
     668
     710
     680
     663
     688
     683
     659
     663
     655
     704
     679
     666
     690
     680
     644
     694
     697
     690
     717
     622
     659
     669
     675
     616
     668
     682
     693
     645
     659
     699
     621
     679
     702
     692
     664
     676
     673
     662
     657
     706
     668
     676
     690
     668
     684
     700
     649
     656
     636
     667
     611
     658
     700
     668
     654
     693
     677
     680
     639
     640
     660
     615
     672
     648
     665
     695
     699
     671
     623
     641
     655
     667
     643
     651
     720
     681
     662
     678
     678
     655
     663
     659
     685
     670
     702
     687
     657
     648
     626
     653
     703
     637
     658
     672
     698
     667
     647
     643
     611
     682
     674
     644
     665
     669
     673
     662
     690
     639
     670
     685
     615
     627
     697
     685
     697
     659
     643
     672
     614
     645
     648
     669
     679
     620
     624
     629
     657
     623
     630
     627
     631
     703
     630
     631
     706
     614
     645
     654
     651
     660
     616
     632
     638
     681
     639
     622
     654
     619
     660
     683
     662
     689
     621
     655
     683
     625
     681
     662
     660
     637
     614
     635
     645
     636
     620
     625
     662
     616
     638
     637
     679
     596
     655
     623
     648
     659
     640
     649
     698
     624
     631
     620
     616
     665
     656
     644
     634
     657
     605
     614
     646
     600
     609
     665
     637
     687
     635
     630
     675
     651
     622
     623
     680
     624
     646
     607
     668
     682
     648
     614
     696
     625
     620
     628
     627
     649
     645
     677
     667
     643
     631
     632
     604
     695
     682
     625
     636
     600
     675
     627
     739
     636
     657
     627
     596
     628
     647
     655
     609
     614
     602
     628
     626
     632
     651
     626
     613
     646
     641
     662
     638
     624
     625
     654
     628
     626
     633
     647
     631
     673
     601
     631
     626
     634
     654
     593
     653
     610
     657
     622
     626
     622
     644
     669
     626
     629
     638
     651
     638
     633
     632
     624
     654
     616
     631
     649
     641
     682
     644
     591
     633
     604
     646
     652
     608
     584
     621
     641
     599
     668
     658
     629
     636
     570
     659
     625
     617
     641
     577
     633
     634
     645
     604
     624
     640
     605
     632
     657
     632
     642
     613
     654
     611
     604
     632
     659
     635
     590
     599
     626
     637
     625
     654
     612
     621
     618
     641
     624
     655
     611
     635
     600
     609
     611
     635
     589
     635
     570
     644
     624
     669
     608
     603
     636
     639
     619
     650
     656
     611
     648
     622
     603
     620
     622
     630
     643
     611
     664
     615
     633
     653
     569
     651
     612
     657
     612
     671
     633
     626
     587
     666
     588
     560
     597
     660
     590
     578
     626
     600
     633
     599
     636
     562
     617
     635
     587
     634
     624
     599
     607
     630
     618
     649
     626
     644
     635
     666
     623
     607
     643
     615
     627
     589
     653
     619
     594
     625
     626
     597
     643
     614
     610
     638
     603
     669
     597
     669
     610
     660
     631
     622
     611
     618
     664
     659
     635
     655
     619
     573
     575
     622
     596
     645
     665
     630
     636
     605
     629
     648
     652
     627
     632
     630
     664
     629
     612
     652
     591
     652
     638
     620
     634
     624
     634
     661
     614
     628
     627
     595
     590
     623
     615
     626
     643
     625
     632
     654
     579
     592
     595
     606
     614
     618
     629
     627
     668
     632
     628
     645
     622
     550
     646
     653
     581
     662
     675
     676
     613
     642
     589
     603
     615
     630
     657
     676
     674
     622
     614
     613
     599
     608
     656
     615
     637
     676
     659
     634
     649
     622
     604
     627
     614
     632
     577
     636
     621
     622
     604
     650
     637
     629
     648
     675
     627
     589
     621
     576
     619
     602
     648
     594
     581
     630
     570
     658
     614
     630
     621
     635
     642
     622
     629
     608
     637
     628
     651
     622
     582
     572
     683
     600
     631
     578
     609
     619
     570
     638
     607
     578
     641
     651
     646
     621
     627
     601
     580
     656
     623
     629
     645
     666
     623
     614
     594
     675
     660
     678
     647
     637
     618
     659
     655
     658
     616
     637
     605
     618
     610
     635
     673
     597
     625
     653
     626
     564
     617
     640
     671
     595
     587
     635
     627
     660
     636
     642
     613
     642
     615
     585
     638
     636
     609
     640
     631
     581
     617
     647
     627
     624
     623
     593
     578
     610
     643
     618
     584
     636
     616
     644
     631
     651
     607
     624
     667
     689
     660
     673
     623
     621
     663
     634
     606
     625
     645
     617
     609
     609
     617
     613
     658
     612
     629
     617
     617
     598
     623
     624
     603
     638
     635
     626
     598
     630
     597
     610
     645
     616
     638
     614
     615
     648
     570
     629
     609
     624
     639
     601
     585
     700
     604
     634
     634
     591
     630
     655
     605
     605
     611
     633
     589
     626
     594
     630
     678
     606
     668
     613
     646
     589
     607
     655
     587
     632
     621
     641
     628
     609
     599
     572
     639
     565
     631
     619
     583
     620
     623
     590
     599
     588
     637
     644
     566
     656
     634
     604
     577
     646
     618
     624
     638
     607
     598
     592
     665
     575
     589
     652
     615
     653
     628
     636
     638
     613
     585
     619
     562
     590
     600
     620
     602
     601
     609
     615
     606
     571
     660
     588
     644
     628
     591
     580
     583
     594
     610
     624
     580
     623
     644
     610
     621
     611
     671
     641
     628
     603
     591
     616
     598
     611
     660
     558
     666
     597
     607
     629
     583
     605
     600
     622
     606
     655
     685
     585
     581
     661
     624
     591
     633
     559
     583
     570
     643
     563
     654
     612
     589
     628
     616
     628
     594
     589
     579
     640
     648
     569
     619
     594
     617
     588
     615
     614
     669
     594
     601
     577
     601
     606
     596
     574
     595
     601
     625
     600
     583
     585
     588
     600
     624
     627
     587
     567
     589
     643
     629
     608
     571
     619
     603
     626
     613
     620
     584
     582
     549
     595
     592
     577
     631
     618
     557
     608
     624
     609
     555
     591
     610
     597
     582
     648
     614
     596
     618
     588
     581
     617
     591
     563
     664
     599
     598
     623
     565
     599
     601
     605
     623
     621
     626
     606
     614
     594
     582
     604
     630
     616
     615
     624
     584
     562
     613
     590
     622
     592
     614
     624
     598
     581
     639
     539
     555
     582
     621
     608
     566
     611
     606
     609
     575
     574
     596
     594
     612
     625
     577
     600
     585
     608
     629
     592
     579
     626
     620
     606
     589
     561
     580
     595
     582
     624
     556
     570
     617
     634
     631
     587
     599
     637
     564
     563
     632
     569
     626
     572
     617
     599
     622
     644
     572
     592
     631
     600
     601
     607
     617
     582
     609
     613
     595
     594
     619
     636
     602
     628
     627
     596
     609
     608
     596
     632
     590
     622
     632
     599
     593
     557
     575
     579
     612
     614
     617
     625
     562
     607
     607
     581
     621
     614
     597
     625
     612
     582
     609
     607
     596
     555
     604
     596
     624
     580
     604
     591
     600
     585
     576
     579
     564
     627
     555
     609
     611
     635
     600
     589
     627
     556
     576
     588
     615
     627
     599
     604
     580
     593
     631
     609
     601
     564
     635
     635
     582
     626
     590
     606
     588
     616
     602
     607
     629
     620
     618
     586
     584
     598
     594
     608
     608
     577
     609
     610
     632
     588
     611
     572
     583
     549
     615
     628
     567
     617
     617
     599
     593
     616
     563
     623
     550
     582
     619
     598
     612
     597
     586
     590
     616
     598
     548
     559
     607
     649
     641
     579
     575
     557
     613
     600
     598
     628
     635
     642
     601
     634
     589
     603
     610
     605
     613
     628
     626
     573
     612
     626
     615
     578
     609
     589
     633
     601
     635
     634
     617
     625
     585
     554
     584
     608
     587
     581
     611
     581
     581
     584
     634
     648
     609
     616
     611
     607
     641
     604
     633
     654
     604
     585
     595
     585
     598
     609
     614
     594
     573
     634
     597
     592
     613
     601
     583
     609
     609
     590
     573
     618
     572
     640
     580
     588
     612
     591
     613
     611
     630
     637
     587
     647
     605
     657
     605
     587
     596
     573
     621
     616
     592
     576
     603
     576
     642
     588
     613
     522
     599
     600
     644
     619
     583
     579
     606
     645
     578
     649
     635
     607
     615
     621
     627
     594
     629
     605
     624
     609
     609
     630
     606
     588
     601
     637
     575
     603
     624
     662
     570
     606
     630
     606
     605
     609
     578
     612
     602
     593
     606
     628
     616
     601
     601
     599
     592
     568
     582
     585
     614
     591
     579
     601
     593
     625
     579
     640
     587
     611
     637
     638
     632
     595
     614
     631
     597
     621
     583
     620
     587
     589
     611
     608
     632
     636
     656
     627
     587
     587
     669
     621
     623
     601
     617
     562
     595
     613
     617
     598
     563
     586
     608
     594
     577
     562
     627
     583
     606
     626
     586
     606
     611
     589
     639
     598
     588
     546
     616
     628
     555
     562
     610
     611
     635
     628
     636
     565
     620
     631
     613
     597
     588
     603
     570
     598
     606
     595
     601
     569
     587
     583
     619
     598
     595
     645
     610
     605
     608
     586
     607
     616
     577
     569
     596
     610
     598
     633
     596
     603
     663
     615
     596
     616
     618
     623
     588
     566
     618
     616
     627
     643
     564
     587
     644
     636
     582
     615
     562
     639
     650
     596
     599
     581
     634
     590
     579
     612
     598
     594
     625
     605
     574
     613
     609
     625
     580
     573
     598
     614
     605
     571
     653
     581
     599
     615
     610
     604
     636
     650
     596
     625
     633
     640
     598
     590
     619
     615
     631
     660
     653
     653
     559
     595
     595
     602
     597
     607
     634
     648
     552
     561
     629
     596
     595
     653
     643
     645
     598
     575
     630
     610
     577
     629
     588
     627
     595
     620
     631
     591
     638
     595
     592
     631
     584
     660
     627
     584
     638
     618
     632
     620
     616
     600
     624
     620
     621
     610
     593
     617
     575
     662
     615
     594
     579
     609
     552
     615
     613
     625
     580
     618
     646
     634
     615
     636
     604
     624
     634
     607
     621
     643
     666
     593
     604
     603
     650
     615
     600
     617
     633
     633
     618
     619
     598
     637
     615
     631
     624
     630
     602
     640
     575
     610
     626
     614
     596
     614
     593
     659
     581
     643
     639
     587
     629
     624
     581
     618
     597
     577
     609
     615
     597
     599
     612
     596
     642
     632
     592
     646
     583
     596
     579
     654
     602
     645
     574
     611
     593
     608
     605
     661
     629
     560
     611
     580
     616
     614
     591
     590
     664
     577
     573
     647
     615
     562
     621
     628
     610
     587
     628
     657
     654
     656
     609
     611
     618
     623
     645
     597
     620
     607
     628
     681
     668
     614
     603
     661
     637
     616
     665
     615
     627
     575
     627
     628
     612
     619
     611
     607
     618
     645
     591
     637
     597
     624
     636
     562
     644
     614
     637
     665
     633
     597
     594
     645
     640
     628
     644
     596
     582
     605
     663
     610
     638
     621
     600
     580
     583
     607
     614
     683
     614
     630
     643
     624
     661
     600
     624
     633
     610
     583
     616
     636
     609
     597
     643
     622
     648
     613
     635
     594
     593
     625
     608
     617
     602
     636
     606
     630
     643
     634
     642
     598
     600
     592
     634
     622
     627
     614
     605
     613
     615
     613
     602
     589
     672
     585
     671
     546
     591
     625
     636
     621
     657
     615
     613
     603
     633
     609
     660
     641
     632
     648
     626
     612
     638
     614
     611
     603
     586
     634
     644
     633
     583
     611
     615
     617
     599
     594
     630
     632
     584
     618
     604
     558
     636
     638
     639
     624
     677
     598
     610
     573
     599
     649
     603
     572
     616
     609
     623
     645
     617
     604
     569
     630
     614
     617
     608
     623
     652
     655
     636
     637
     620
     616
     643
     620
     678
     629
     614
     638
     642
     632
     618
     673
     614
     638
     654
     640
     600
     660
     611
     621
     643
     650
     639
     675
     584
     604
     623
     623
     598
     633
     631
     657
     617
     638
     637
     648
     641
     580
     644
     617
     639
     619
     654
     655
     628
     645
     598
     637
     641
     693
     614
     679
     596
     641
     641
     644
     618
     644
     633
     603
     613
     649
     630
     651
     629
     654
     640
     647
     601
     617
     646
     690
     624
     668
     654
     644
     623
     633
     667
     590
     646
     674
     639
     623
     586
     662
     607
     637
     625
     615
     648
     628
     661
     637
     653
     616
     637
     651
     637
     652
     666
     625
     653
     631
     647
     624
     658
     663
     638
     606
     649
     633
     651
     651
     629
     639
     640
     648
     598
     680
     698
     615
     663
     593
     673
     639
     657
     623
     621
     645
     633
     666
     614
     679
     626
     636
     611
     619
     651
     638
     620
     677
     634
     637
     608
     644
     614
     658
     625
     675
     631
     644
     664
     655
     613
     612
     634
     668
     632
     655
     670
     665
     635
     612
     722
     583
     634
     661
     649
     616
     645
     620
     625
     640
     648
     640
     681
     654
     666
     631
     698
     670
     667
     658
     673
     647
     629
     604
     645
     674
     629
     672
     638
     694
     709
     629
     624
     644
     685
     693
     654
     659
     619
     714
     620
     652
     661
     633
     630
     679
     633
     622
     641
     663
     658
     619
     632
     657
     668
     648
     669
     651
     642
     662
     645
     657
     658
     646
     626
     640
     644
     679
     659
     659
     621
     655
     651
     673
     643
     658
     639
     630
     646
     626
     693
     632
     696
     696
     629
     705
     634
     677
     624
     648
     655
     652
     632
     636
     641
     703
     635
     679
     660
     659
     682
     645
     647
     638
     664
     656
     674
     650
     653
     681
     667
     627
     667
     634
     651
     688
     698
     645
     671
     666
     690
     672
     619
     668
     682
     701
     702
     644
     684
     672
     639
     663
     654
     635
     645
     675
     654
     684
     665
     631
     640
     659
     654
     673
     701
     726
     665
     643
     629
     610
     656
     682
     614
     721
     642
     660
     675
     666
     652
     667
     654
     640
     671
     645
     676
     682
     713
     676
     703
     675
     645
     701
     690
     665
     668
     627
     692
     709
     680
     672
     712
     666
     649
     680
     676
     663
     657
     696
     624
     685
     662
     721
     679
     657
     707
     666
     694
     641
     665
     700
     716
     676
     659
     708
     640
     667
     680
     666
     661
     676
     643
     687
     662
     663
     701
     696
     725
     641
     639
     678
     697
     616
     665
     670
     654
     673
     705
     677
     654
     657
     665
     658
     673
     671
     667
     665
     660
     666
     700
     633
     668
     711
     667
     670
     689
     659
     687
     657
     673
     689
     685
     646
     653
     713
     673
     632
     648
     644
     686
     666
     669
     656
     664
     699
     677
     674
     666
     666
     669
     675
     638
     667
     684
     665
     703
     699
     630
     687
     644
     688
     671
     665
     656
     653
     723
     694
     642
     638
     691
     686
     707
     684
     679
     652
     672
     699
     727
     638
     677
     684
     683
     667
     714
     690
     666
     691
     715
     677
     688
     682
     653
     683
     664
     661
     657
     667
     684
     651
     648
     646
     658
     707
     693
     647
     662
     639
     696
     693
     699
     674
     657
     635
     643
     661
     699
     706
     686
     678
     701
     672
     676
     654
     681
     675
     714
     640
     652
     707
     646
     670
     609
     687
     663
     655
     643
     659
     637
     663
     701
     652
     641
     594
     636
     681
     609
     653
     656
     647
     649
     632
     644
     638
     667
     649
     669
     636
     645
     612
     642
     682
     611
     629
     633
     694
     613
     631
     674
     645
     695
     653
     633
     639
     632
     663
     612
     597
     603
     613
     672
     620
     658
     638
     679
     630
     648
     584
     680
     673
     679
     600
     669
     633
     604
     665
     649
     634
     650
     655
     636
     652
     647
     648
     588
     571
     614
     636
     663
     593
     653
     633
     632
     660
     618
     652
     567
     628
     636
     645
     632
     622
     619
     630
     601
     616
     559
     600
     635
     600
     621
     590
     595
     583
     596
     630
     622
     598
     642
     588
     629
     624
     618
     584
     618
     573
     651
     580
     621
     597
     617
     596
     611
     556
     588
     602
     582
     561
     623
     605
     612
     575
     574
     573
     558
     566
     617
     586
     594
     599
     594
     608
     607
     586
     556
     613
     568
     586
     560
     570
     562
     609
     613
     568
     575
     592
     615
     540
     612
     577
     559
     580
     577
     571
     595
     614
     600
     579
     587
     566
     574
     549
     510
     545
     542
     548
     599
     584
     558
     562
     577
     559
     565
     571
     588
     591
     583
     533
     593
     559
     537
     561
     579
     561
     607
     595
     552
     534
     588
     542
     600
     539
     539
     503
     537
     557
     517
     551
     579
     548
     545
     539
     560
     548
     540
     539
     541
     576
     495
     581
     547
     532
     497
     573
     537
     512
     523
     525
     541
     486
     566
     554
     536
     531
     557
     524
     540
     551
     540
     561
     496
     512
     508
     517
     542
     547
     541
     569
     572
     519
     544
     508
     555
     491
     539
     555
     505
     492
     503
     490
     491
     526
     521
     539
     519
     499
     548
     484
     524
     568
     514
     545
     501
     503
     543
     527
     509
     471
     509
     477
     531
     494
     470
     494
     519
     466
     523
     500
     519
     528
     481
     516
     503
     510
     536
     534
     476
     519
     468
     535
     504
     492
     512
     501
     485
     523
     524
     500
     446
     516
     505
     488
     485
     508
     473
     514
     499
     503
     479
     427
     468
     528
     491
     503
     491
     476
     496
     456
     493
     457
     487
     493
     482
     474
     476
     490
     464
     479
     481
     441
     505
     488
     489
     462
     509
     472
     450
     483
     466
     482
     487
     479
     454
     501
     462
     492
     486
     507
     489
     466
     483
     475
     488
     483
     458
     484
     455
     466
     502
     481
     488
     484
     439
     501
     471
     491
     457
     461
     494
     483
     462
     458
     428
     443
     487
     462
     478
     477
     443
     465
     450
     473
     446
     486
     478
     484
     460
     491
     448
     495
     465
     497
     493
     501
     453
     433
     446
     472
     456
     478
     451
     453
     484
     456
     451
     444
     485
     480
     490
     466
     493
     450
     440
     486
     460
     489
     479
     446
     429
     444
     438
     476
     485
     436
     458
     444
     504
     476
     431
     465
     454
     457
     480
     496
     430
     415
     449
     436
     447
     451
     438
     467
     485
     429
     431
     448
     440
     463
     429
     482
     454
     471
     464
     491
     427
     455
     398
     448
     427
     448
     447
     447
     423
     457
     437
     440
     454
     411
     441
     449
     472
     479
     425
     443
     396
     464
     491
     468
     428
     464
     457
     449
     454
     477
     462
     450
     424
     424
     416
     451
     442
     416
     432
     430
     466
     415
     417
     451
     422
     428
     387
     457
     437
     446
     440
     446
     430
     457
     451
     432
     461
     443
     441
     424
     425
     483
     426
     483
     430
     424
     381
     430
     454
     444
     453
     440
     444
     462
     462
     458
     417
     404
     408
     435
     464
     439
     398
     435
     460
     405
     450
     400
     463
     433
     409
     488
     424
     458
     454
     442
     438
     414
     458
     427
     435
     381
     435
     433
     395
     454
     419
     457
     422
     462
     401
     383
     406
     417
     431
     405
     424
     442
     434
     390
     437
     417
     435
     428
     392
     394
     399
     442
     425
     395
     416
     429
     392
     406
     441
     430
     443
     403
     403
     397
     429
     363
     437
     402
     434
     387
     396
     399
     423
     406
     430
     428
     395
     441
     396
     424
     410
     439
     430
     425
     364
     422
     407
     417
     418
     379
     411
     405
     396
     384
     422
     418
     394
     431
     452
     409
     376
     399
     421
     379
     388
     405
     384
     404
     406
     397
     380
     404
     387
     410
     401
     395
     390
     402
     386
     391
     389
     387
     421
     402
     394
     397
     408
     400
     388
     366
     381
     398
     391
     415
     413
     360
     417
     363
     377
     362
     456
     385
     382
     392
     373
     344
     357
     380
     376
     411
     400
     400
     357
     395
     397
     427
     361
     398
     379
     383
     383
     380
     409
     380
     367
     391
     395
     355
     386
     371
     379
     377
     369
     371
     339
     396
     354
     356
     392
     372
     356
     380
     360
     378
     372
     339
     365
     372
     349
     360
     360
     357
     369
     326
     368
     353
     369
     337
     356
     346
     350
     350
     367
     394
     337
     345
     383
     344
     372
     362
     349
     377
     359
     362
     348
     372
     335
     327
     333
     344
     355
     344
     388
     362
     364
     352
     360
     346
     372
     347
     354
     368
     347
     346
     357
     333
     357
     356
     354
     387
     353
     354
     356
     379
     356
     346
     331
     324
     344
     366
     365
     351
     324
     332
     358
     361
     363
     333
     370
     364
     326
     341
     341
     351
     328
     336
     383
     352
     329
     358
     342
     357
     343
     355
     329
     336
     365
     326
     353
     347
     348
     407
     330
     372
     344
     324
     342
     323
     366
     381
     360
     340
     357
     370
     310
     310
     350
     369
     390
     360
     354
     339
     349
     328
     364
     361
     347
     355
     369
     341
     357
     359
     352
     355
     348
     339
     362
     315
     364
     364
     357
     331
     353
     332
     349
     363
     410
     376
     352
     368
     368
     350
     346
     370
     343
     364
     360
     372
     366
     414
     372
     390
     370
     392
     352
     372
     364
     365
     371
     361
     377
     379
     394
     369
     382
     392
     397
     381
     391
     383
     385
     369
     389
     373
     389
     400
     374
     375
     394
     404
     383
     409
     379
     389
     393
     386
     389
     394
     409
     422
     392
     389
     410
     426
     423
     418
     424
     452
     416
     427
     431
     397
     407
     438
     399
     415
     417
     422
     489
     493
     461
     439
     460
     447
     462
     386
     414
     482
     454
     437
     403
     496
     516
     444
     466
     433
     512
     467
     457
     447
     470
     476
     441
     513
     506
     475
     507
     464
     481
     457
     482
     459
     482
     501
     501
     518
     502
     489
     461
     522
     479
     515
     507
     512
     486
     514
     516
     492
     508
     525
     509
     504
     528
     504
     509
     536
     570
     593
     534
     548
     545
     550
     545
     576
     515
     545
     596
     567
     577
     511
     565
     607
     600
     566
     552
     617
     564
     598
     577
     608
     555
     644
     592
     574
     622
     650
     603
     597
     589
     613
     598
     588
     615
     604
     606
     622
     631
     667
     573
     615
     640
     613
     621
     650
     616
     632
     698
     644
     666
     636
     650
     703
     668
     708
     648
     647
     684
     663
     720
     670
     702
     720
     696
     714
     699
     727
     683
     716
     699
     676
     746
     645
     702
     699
     726
     702
     706
     725
     733
     697
     719
     740
     706
     732
     665
     724
     733
     743
     754
     786
     699
     762
     777
     714
     787
     754
     747
     799
     809
     771
     719
     822
     819
     809
     789
     788
     755
     788
     703
     769
     786
     802
     789
     796
     835
     766
     783
     805
     747
     788
     803
     839
     777
     828
     839
     838
     801
     810
     790
     822
     802
     890
     850
     806
     852
     779
     788
     790
     870
     778
     812
     802
     850
     800
     821
     804
     865
     853
     881
     872
     799
     875
     888
     820
     814
     831
     852
     883
     836
     844
     913
     846
     862
     891
     871
     875
     856
     850
     843
     817
     786
     894
     848
     817
     846
     855
     827
     873
     840
     950
     846
     819
     780
     838
     857
     816
     865
     849
     820
     886
     864
     812
     829
     872
     866
     827
     817
     870
     854
     865
     857
     850
     838
     837
     843
     847
     833
     839
     861
     795
     815
     865
     801
     837
     806
     864
     867
     817
     830
     828
     821
     859
     814
     819
     833
     851
     805
     828
     817
     836
     839
     791
     840
     837
     819
     786
     830
     761
     839
     813
     790
     855
     827
     817
     779
     750
     836
     799
     788
     712
     774
     753
     776
     755
     807
     787
     742
     797
     780
     775
     829
     739
     745
     752
     702
     762
     809
     693
     755
     743
     797
     760
     776
     719
     736
     774
     699
     774
     772
     746
     732
     724
     721
     700
     764
     706
     707
     710
     706
     664
     722
     703
     712
     647
     715
     669
     676
     690
     667
     733
     683
     635
     659
     626
     715
     647
     642
     702
     632
     714
     657
     671
     655
     686
     645
     656
     625
     676
     624
     620
     623
     613
     637
     636
     589
     643
     611
     591
     587
     636
     604
     569
     571
     622
     583
     571
     593
     587
     597
     581
     552
     552
     544
     554
     539
     556
     579
     581
     561
     545
     572
     564
     549
     539
     528
     539
     579
     532
     554
     557
     553
     483
     532
     525
     509
     518
     506
     513
     448
     515
     484
     495
     508
     509
     521
     489
     498
     440
     493
     491
     504
     478
     433
     479
     480
     444
     454
     420
     451
     430
     433
     442
     451
     442
     438
     440
     404
     418
     369
     430
     403
     397
     422
     385
     395
     417
     400
     410
     379
     443
     391
     347
     394
     364
     355
     384
     411
     372
     395
     404
     379
     381
     352
     392
     340
     381
     417
     363
     350
     315
     335
     326
     357
     380
     314
     321
     338
     317
     331
     339
     332
     359
     341
     346
     333
     327
     338
     326
     320
     311
     317
     321
     319
     320
     311
     287
     313
     319
     323
     292
     275
     290
     300
     272
     279
     288
     259
     287
     270
     288
     268
     285
     269
     298
     280
     284
     273
     256
     273
     282
     267
     284
     308
     280
     257
     278
     295
     266
     303
     295
     273
     292
     295
     264
     247
     276
     255
     250
     247
     250
     269
     244
     263
     253
     252
     257
     234
     261
     253
     266
     273
     231
     250
     249
     248
     281
     247
     239
     252
     254
     248
     256
     244
     263
     220
     249
     262
     233
     239
     244
     275
     231
     252
     221
     232
     250
     238
     260
     237
     253
     260
     261
     233
     272
     281
     264
     237
     252
     244
     259
     275
     253
     256
     261
     243
     261
     267
     261
     254
     238
     273
     262
     254
     240
     249
     265
     274
     225
     225
     248
     252
     270
     260
     253
     299
     253
     243
     300
     270
     268
     288
     252
     272
     281
     255
     272
     262
     236
     260
     266
     288
     277
     268
     300
     264
     264
     289
     287
     285
     294
     278
     270
     280
     314
     293
     316
     277
     293
     269
     293
     318
     289
     279
     289
     296
     302
     308
     306
     298
     280
     288
     314
     327
     325
     335
     299
     298
     305
     306
     349
     326
     342
     357
     340
     358
     339
     327
     351
     330
     304
     323
     342
     312
     363
     329
     332
     359
     356
     339
     330
     337
     367
     340
     375
     348
     354
     364
     421
     359
     320
     412
     406
     375
     342
     358
     361
     405
     418
     396
     403
     413
     396
     392
     389
     386
     411
     391
     423
     428
     396
     397
     431
     409
     426
     430
     410
     411
     385
     416
     391
     448
     460
     398
     451
     395
     455
     472
     433
     448
     459
     482
     456
     456
     483
     443
     491
     467
     438
     498
     451
     488
     430
     490
     441
     490
     450
     453
     478
     456
     503
     461
     499
     473
     466
     498
     518
     462
     494
     488
     524
     498
     536
     489
     484
     484
     448
     500
     484
     490
     559
     525
     565
     531
     521
     530
     528
     507
     506
     479
     503
     527
     538
     539
     577
     511
     556
     520
     523
     517
     541
     556
     568
     593
     582
     552
     550
     581
     595
     551
     614
     570
     597
     555
     570
     532
     592
     546
     592
     596
     554
     609
     609
     575
     592
     613
     605
     603
     586
     625
     568
     545
     629
     598
     602
     616
     611
     597
     608
     602
     598
     610
     624
     580
     574
     583
     618
     633
     627
     589
     625
     622
     618
     626
     663
     624
     577
     614
     617
     624
     614
     623
     624
     617
     660
     661
     651
     623
     618
     636
     630
     618
     632
     616
     633
     678
     607
     633
     646
     638
     607
     626
     627
     641
     654
     637
     648
     622
     690
     653
     636
     649
     624
     586
     669
     647
     625
     647
     668
     618
     636
     608
     611
     628
     683
     647
     659
     643
     684
     647
     593
     638
     656
     657
     663
     689
     613
     608
     646
     682
     642
     630
     666
     646
     644
     644
     624
     640
     611
     593
     638
     610
     659
     664
     602
     680
     636
     613
     649
     642
     642
     545
     646
     632
     588
     600
     639
     593
     629
     604
     618
     588
     649
     552
     610
     615
     641
     575
     593
     564
     566
     616
     604
     592
     635
     575
     632
     626
     593
     579
     577
     579
     585
     583
     511
     603
     554
     612
     565
     601
     568
     593
     552
     559
     560
     592
     556
     586
     577
     577
     579
     511
     538
     567
     531
     544
     504
     568
     505
     514
     552
     556
     543
     544
     514
     524
     583
     513
     529
     568
     546
     505
     529
     499
     492
     476
     510
     531
     476
     495
     520
     531
     511
     501
     491
     493
     506
     538
     504
     483
     482
     547
     495
     500
     491
     483
     487
     498
     477
     511
     499
     471
     421
     459
     463
     476
     435
     476
     456
     452
     449
     417
     444
     463
     475
     447
     463
     445
     441
     431
     402
     428
     429
     437
     446
     430
     411
     423
     428
     437
     417
     406
     400
     413
     429
     437
     412
     386
     382
     410
     373
     414
     405
     391
     374
     351
     367
     391
     412
     348
     331
     362
     350
     385
     321
     329
     332
     326
     345
     361
     309
     324
     361
     319
     355
     313
     340
     333
     305
     334
     329
     300
     320
     309
     327
     317
     284
     319
     331
     260
     312
     292
     317
     305
     331
     293
     289
     283
     285
     271
     274
     295
     275
     293
     290
     297
     289
     282
     285
     257
     251
     249
     287
     258
     254
     246
     232
     249
     240
     270
     237
     252
     248
     265
     275
     262
     235
     216
     246
     223
     236
     227
     235
     255
     232
     214
     191
     207
     227
     207
     194
     227
     208
     200
     204
     221
     210
     205
     196
     213
     196
     209
     191
     183
     189
     173
     171
     186
     177
     181
     204
     173
     199
     172
     187
     168
     176
     202
     158
     176
     175
     156
     171
     150
     184
     148
     167
     149
     145
     148
     175
     159
     143
     140
     137
     153
     150
     156
     124
     141
     154
     151
     134
     127
     141
     145
     135
     134
     135
     145
     117
     126
     133
     140
     144
     125
     111
     150
     113
     106
     135
     109
     106
     101
     125
     110
      89
     112
     123
     111
     120
     105
     107
     104
     112
     105
     100
     111
      96
     116
      95
     111
     108
      91
      94
     105
      98
      96
     103
      97
      96
     100
      75
     101
      73
      99
      93
      95
      69
      93
      80
      77
      76
      80
      82
      65
      74
      74
      91
      69
      85
      89
      71
      72
      76
      59
      68
      76
      68
      79
      80
      86
      81
      77
      73
      68
      75
      52
      58
      62
      66
      72
      71
      69
      72
      87
      76
      65
      59
      56
      63
      64
      62
      62
      63
      50
      53
      53
      57
      65
      46
      62
      47
      38
      57
      52
      48
      49
      51
      42
      47
      49
      51
      45
      53
      60
      55
      52
      50
      44
      48
      37
      43
      45
      57
      46
      53
      46
      48
      41
      44
      43
      40
      44
      35
      43
      43
      40
      45
      37
      45
      44
      44
      46
      42
      44
      40
      40
      53
      43
      40
      41
      46
      33
      39
      42
      37
      43
      49
      37
      32
      53
      45
      34
      31
      39
      31
      43
      39
      29
      27
      42
      40
      42
      35
      30
      27
      34
      35
      28
      35
      33
      37
      41
      33
      30
      22
      28
      33
      29
      27
      28
      29
      35
      28
      30
      37
      34
      32
      35
      34
      40
      27
      39
      25
      34
      39
      41
      37
      25
      24
      29
      21
      35
      29
      25
      27
      31
      19
      23
      29
      28
      37
      36
      22
      21
      35
      29
      28
      24
      27
      16
      22
      28
      23
      26
      21
      32
      27
      27
      30
      24
      16
      17
      17
      30
      30
      26
      33
      23
      20
      20
      19
      26
      22
      25
      20
      19
      29
      17
      24
      24
      23
      20
      28
      18
      28
      25
      27
      15
      20
      17
      17
      15
      24
      27
      28
      15
      17
      17
      24
      23
      24
      17
      20
      16
      16
      16
      20
      21
      19
      26
      24
       8
      23
      20
      27
      18
      22
      27
      29
      25
      16
      24
      15
      19
      30
      20
      20
      24
      21
      18
      21
      18
      18
      18
      27
      11
      22
      28
      21
      18
      25
      21
      22
      20
      21
      20
      24
      21
      27
      22
      31
      24
      24
      18
      17
      15
      14
      22
      25
      19
      28
      24
      16
      18
      14
      19
      28
      19
      26
      22
      25
      18
      28
      19
      19
      26
      23
      25
      14
      16
      22
      25
      13
      27
      21
      18
      26
      27
      18
      20
      22
      11
      20
      27
      30
      24
      18
      28
      23
      16
      19
      17
      25
      17
      18
      26
      21
      22
      17
      15
      24
      25
      23
      20
      16
      20
      23
      18
      11
      12
      27
      21
      12
      20
      27
      21
      15
      19
      21
      13
      20
      15
      19
      14
      11
      22
      28
      16
      21
      18
      22
      17
      14
      11
      18
      20
      12
      21
      18
      17
      15
      19
      19
      16
      16
      12
      19
      19
      13
      19
      15
      10
      26
      25
      19
       7
      10
      20
      20
      19
      14
      14
      20
      18
      19
      16
      26
      15
      17
      24
      16
      20
      27
      20
      19
      20
      15
      10
      11
      25
      19
      20
      16
      21
      21
      20
       9
      18
      22
      21
      19
      17
      13
      15
      24
      19
      12
      13
      19
      19
      15
      17
      11
      22
      16
      15
      23
      20
      21
      18
      16
      26
      16
      20
      14
      30
      15
      13
      20
      17
      15
      12
      19
      22
      14
      13
      24
      20
      18
       8
      22
      22
      15
      22
      14
      18
      16
      23
      28
      19
      15
      22
      22
      16
      24
      19
      16
      18
      24
      17
      17
      20
      16
      19
      25
      16
      19
      14
      14
      16
      22
      21
      18
      15
      16
      16
      19
      17
      19
      21
      12
      20
      15
      14
      16
      16
      14
      16
      22
      22
       8
       9
      12
      13
      24
      15
      14
      26
      12
      22
      17
      19
      18
      15
      13
      14
      22
      17
      23
      18
      17
      22
      20
      15
      17
      14
      15
      14
      17
      16
      23
      19
      14
      11
      15
      15
      13
      16
      16
      15
      18
      20
      19
      19
      17
      15
      16
      16
      19
      14
      18
      20
      17
      16
      15
      20
      18
      23
      19
      10
      10
      21
      20
      14
      10
      12
      20
      20
      13
      18
      18
      15
      17
      19
      10
      21
      18
      11
      20
      23
      12
      16
      11
      20
      18
      20
      16
      20
      18
      17
      15
      16
      19
      11
      18
      22
      17
      14
      21
      16
      12
      18
      13
      17
      11
      10
      13
      12
      21
      19
      19
      13
      15
      15
      20
      16
      20
      20
      19
      12
      19
      10
      17
      13
      27
      18
      15
      19
      16
      17
      18
      19
      16
      26
      18
      18
      17
      22
      19
      19
      12
      20
      15
      21
      15
      17
      20
      13
       9
      18
      18
      15
      21
      15
      19
      14
      11
      10
      14
      12
      21
      22
      10
      18
      20
      18
       9
      12
      13
       8
      16
      17
      16
      14
      14
      14
      19
      15
      15
      14
      19
      22
      11
      22
      19
       9
      22
      24
      19
      17
      15
      15
      22
      13
      26
      12
      16
      16
      21
      13
      14
      21
      10
      11
      17
      22
      16
      16
      19
      18
      18
      16
      10
      16
      14
      12
      12
      20
      22
      13
      12
      13
      14
      20
      10
      22
      15
       9
      19
      17
      13
      12
      14
      15
      21
       9
      14
      25
      15
      20
      16
      19
      13
      13
       9
      13
      25
      18
      17
      19
      12
      15
      10
      13
      13
      17
      17
      14
      13
      12
      19
      15
      12
      14
      17
      15
      12
      12
      22
      16
      16
      19
      12
      18
       9
      14
      13
      13
      21
      17
      12
      10
      16
      17
      10
      18
      10
      12
      16
      24
      15
      19
      15
      12
      17
      16
      12
      15
      16
       9
      11
      19
      19
      11
      12
      18
      13
      10
      11
      19
      18
      20
      12
      13
      22
      20
      13
      20
      19
      15
      14
      16
      15
      19
       9
      13
      13
      19
      19
      11
      13
      13
      14
      19
      12
      13
      11
       9
      15
      19
      14
      16
      18
      18
      22
      13
      12
      12
      18
      17
      22
      15
      13
      13
      15
      14
      20
       8
      12
      22
      17
      19
      13
      13
      14
      13
      10
      15
      11
      20
      12
      17
      17
      10
      17
      16
      17
      13
      21
      17
      18
      13
      13
      13
      10
      12
      13
      16
      14
      25
      13
      14
      14
      17
      13
      15
      17
      13
      10
      15
      12
      14
       9
      21
      14
      11
      17
      11
      19
      17
      10
      16
      10
      11
      12
      11
      16
      14
       9
      13
      15
      12
      13
      12
      16
      14
      20
       9
      14
      14
      21
      15
      16
      17
      17
      19
      14
      21
      10
      20
      11
      15
      19
      10
      17
      14
      12
      13
      11
      14
      18
      12
      16
      14
      12
      15
      10
       8
      18
      13
      12
      15
       7
      16
      12
      10
      17
      10
      20
      13
      13
      11
      12
       8
      15
      14
      20
      14
      11
      15
      15
      17
      11
      12
       7
      13
      21
      11
      12
      17
      10
      14
       9
      19
      12
      15
       6
       9
      15
      11
       9
       9
      11
      12
      16
      11
      16
      17
      13
      16
       9
      10
      11
      14
      15
      13
      14
       6
      10
      14
      13
      16
       7
      17
       9
      11
      12
      17
      11
      11
      20
      16
      16
      12
       8
       6
       9
       9
      10
      13
      11
      10
      17
      16
      17
      12
      20
      16
      13
      14
      11
      14
      15
      17
      15
      11
      14
      10
       9
      13
      17
      19
      10
      13
       9
      16
      10
       6
      12
      16
      14
      17
      15
      13
      11
      15
       8
       9
       7
      11
      13
      11
      13
      12
       9
      10
      12
      14
      16
       9
       8
      13
      14
      23
       9
      18
      17
      17
      23
      12
      13
      12
      12
      11
      11
      10
       9
      11
      13
      10
      16
      12
       7
       9
      12
      19
      12
      17
      14
      11
      14
      16
      10
      12
      17
      14
       9
      12
      15
       8
      11
      12
      10
      11
      13
       9
      20
      19
       9
      13
      15
       8
      19
      10
       9
      21
       9
       5
      10
       9
      14
      19
      13
      16
      11
      11
      15
       9
      15
      14
      12
      14
       8
      12
      16
      10
      17
      14
      17
      15
      12
      15
      18
      12
      16
      19
      16
      19
       6
      18
      12
       9
       7
       9
      15
       5
      14
      19
      13
      12
      10
      13
      19
      12
       8
      10
      12
      11
      12
      10
      10
       8
       9
      15
      12
      13
       4
      18
      12
      16
      10
      15
      15
      16
      14
      13
      19
      13
      12
       9
      10
       7
       8
      16
      11
      15
      12
      11
      14
      16
      16
       9
      14
      12
      13
       9
      15
      11
       8
      13
      11
      11
      15
      11
       4
      11
      13
      13
      10
      11
      12
       7
      11
      11
       7
      23
      11
       8
      13
       8
      12
      12
       7
       8
      11
      12
      15
      14
       6
      18
       6
       9
      11
      10
      14
       8
      14
       9
       8
      13
      12
      16
      16
      11
      11
       7
      11
      12
       9
      11
      16
       9
      10
      16
      13
      17
      14
      17
      11
      18
       9
      10
       8
       8
      13
       8
      10
       5
      18
      10
      12
      10
      11
      12
      10
      13
      13
      10
      14
      11
      16
      13
      17
      15
      13
      14
       8
       8
      12
       9
       6
      16
       7
      10
      13
      10
       8
      13
       7
      17
      11
      10
       9
       9
      11
      10
       8
      11
       8
      14
      10
      11
       6
       9
      11
      11
      12
       9
      15
       9
       9
      12
      10
      16
      10
      16
       5
      11
       7
      16
      11
      13
      15
       8
      15
      15
      14
      12
      16
      11
      15
      13
      11
      12
       7
       6
      14
       9
      20
      15
      16
      10
      10
      11
      13
      10
      17
      12
       9
      13
      16
       9
       8
       5
      12
      12
      14
       8
      11
      19
      12
      11
      10
      14
      13
      18
      13
       9
      13
      14
      12
      13
      12
      19
      14
      14
      10
       6
      10
       9
       6
      13
      12
      19
      12
       9
       8
      11
      12
      13
      16
       9
      10
       9
       5
       7
       6
      13
      10
       6
       9
      20
      10
      14
      14
       5
      15
      14
       9
       9
       6
       9
       8
       8
      11
       7
       9
      12
       8
      13
       9
       9
      14
      14
      15
      13
      15
       6
       7
      12
      16
      10
      11
      14
       8
      17
      11
       7
       7
      15
      13
       9
       9
      12
       7
      12
      17
      10
       8
       5
      14
       7
       5
      13
       8
       4
       7
       7
      15
       7
       9
       6
      11
      12
      10
      14
      15
       7
      13
      13
       9
       8
       6
       9
      12
      11
       9
       8
      14
      14
      10
       6
       9
      10
      10
       3
       7
      10
      10
       9
      13
       7
       9
      11
       4
       8
      10
       8
       7
       6
       5
      16
       7
       6
       8
       7
       6
      10
       7
      11
      16
      11
       8
       9
      13
       7
       9
      15
       8
      12
      11
      12
      13
      13
      10
      13
      13
      11
       5
      20
       6
       7
      13
       9
      13
       7
       8
      18
      10
      10
       8
      10
       5
       9
       6
       5
      10
       8
      13
      14
       8
      10
       8
       9
       6
       8
       7
      10
      10
      11
       7
       7
      18
      13
       3
      10
       9
       8
      11
       5
       6
      14
       5
       8
      12
      11
      14
       9
       3
       9
      16
       7
       9
      11
       4
       8
       6
      11
      10
      11
      12
      10
       6
      19
       9
      13
      10
       6
       8
      10
      17
       9
      10
       8
       9
       5
       3
      10
       8
       9
       7
       8
      12
       7
       7
      12
       9
      10
       5
      12
      10
      11
       7
       8
      14
       8
      10
      12
      14
      12
       6
       9
       9
      13
      11
       7
      11
      11
      14
      11
       8
      11
       9
      13
      14
       4
      10
       8
       9
       9
       8
       7
      12
       8
       8
       8
       9
       7
       9
       5
       9
       6
       8
       8
       5
       5
       8
       7
      11
       5
      10
       7
       6
       4
      10
       3
       4
       4
       8
       2
       4
       3
       4
       2
       4
       4
       1
       1
       1
       1
       7
       2
       2
       2
       3
       5
       4
       1
       1
       2
       0
       4
       2
       1
       1
       5
       3
       0
       1
       4
       0
       2
       2
       3
       1
       0
       1
       1
       3
       3
       2
       0
       1
       0
       0
       2
       0
       2
       1
       3
       0
       0
       1
       2
       1
       0
       1
       0
       0
       0
       0
       1
       1
       0
       1
       0
       2
       0
       2
       0
       1
       1
       0
       0
       0
       0
       0
       0
       0
       0
       0
       0
       0
       0
       0
       0
       0
       0
       0
       0
       0
       0
       1
       1
       0
       0
       0
       0
       0
       0
       0
       0
       0
       0
       1
       0
       0
       0
       0
       0
       0
       0
       0
       0
       0
       0
       0
       0
       0
       0
       0
       0
       0
       0
       0
       0
       0
       0
       0
       0
       0
       0
       0
       0
       0
       0
       0
       0
       0
       0
       0
       0
       0
       0
       0
       0
       0
       0
       0
       0
       0
       0
       0
       0
       0
       0
       0
       0
       0
       0
       0
       0
       0
       0
       0
       0
       0
       0
       0
       0
       0
       0
       0
       0
       0
       0
       0
       0
       0
       0
       0
       0
       0
       0
       0
       0
       0
       0
       0
       0
       0
       0
       0
       0
       0
       0
       0
       0
       0
       0
       0
       0
       0
       0
       0
       0
       0
       0
       0
       0
       0
       0
       0
       0
       0
       0
       0
       0
       0
       0
       0
       0
       0
       0
       0
       0
       0
       0
       0
       0
       0
       0
       0
       0
       0
       0
       0
       0
       0
       0
       0
       0
       0
       0
       0
       0
       0
       0
       0
       0
       0
       0
       0
       0
       0
       0
       0
       0
       0
       0
       0
       0
       0
       0
       0
       0
       0
$ROI:
1
5540 6134
$PRESETS:
Live Time
180
0
$ENER_FIT:
0.000000 0.227554
$MCA_CAL:
3
0.000000E+000 2.275539E-001 0.000000E+000 keV
$SHAPE_CAL:
3
3.368824E+002 0.000000E+000 0.000000E+000
