$SPEC_ID:
No sample description was entered.
$SPEC_REM:
DET# 3
DETDESC# FP-GAMMA2 MCB 129
AP# Maestro Version 7.01
$DATE_MEA:
12/04/2013 11:44:37
$MEAS_TIM:
167 180
$DATA:
0 8191
       0
       0
       0
       0
       0
       0
       0
       0
       2
       0
       0
       2
       0
       1
       2
       1
       1
       1
       4
       4
       3
       3
       1
       5
       1
       4
       4
       4
       2
       1
       5
       7
       4
       5
       3
       4
      10
      10
      10
      11
      12
       8
       7
      10
       2
       9
      11
       7
       5
      12
      14
      14
      13
      21
      22
      61
      44
      36
      43
      34
      59
     286
     673
     655
     586
     599
     513
     492
     483
     477
     473
     435
     443
     403
     429
     387
     408
     335
     386
     376
     352
     351
     352
     332
     339
     382
     365
     376
     376
     384
     355
     344
     361
     357
     380
     380
     354
     381
     376
     387
     406
     358
     388
     395
     389
     366
     393
     383
     360
     372
     358
     375
     347
     345
     347
     374
     376
     367
     342
     384
     377
     355
     388
     366
     382
     352
     364
     396
     397
     411
     338
     374
     382
     335
     382
     347
     383
     389
     392
     390
     388
     339
     381
     397
     371
     419
     367
     397
     397
     408
     381
     360
     384
     456
     357
     392
     359
     375
     398
     390
     389
     435
     388
     384
     381
     409
     386
     415
     389
     405
     386
     407
     390
     362
     428
     378
     376
     421
     403
     377
     397
     399
     399
     416
     402
     443
     383
     424
     411
     403
     387
     395
     414
     423
     401
     418
     440
     422
     448
     408
     414
     392
     432
     456
     411
     411
     402
     404
     406
     420
     432
     418
     425
     445
     420
     398
     444
     398
     452
     423
     419
     427
     425
     427
     391
     465
     413
     426
     443
     432
     430
     411
     409
     432
     375
     415
     409
     410
     421
     439
     422
     429
     384
     414
     450
     454
     460
     394
     458
     464
     446
     424
     419
     408
     395
     417
     437
     442
     427
     409
     385
     443
     437
     385
     436
     441
     428
     427
     395
     428
     455
     408
     437
     415
     424
     410
     419
     407
     442
     402
     424
     427
     420
     435
     422
     404
     431
     408
     443
     417
     429
     427
     392
     448
     431
     464
     426
     431
     431
     422
     446
     456
     458
     440
     454
     468
     402
     446
     464
     453
     414
     418
     429
     445
     424
     454
     431
     435
     448
     475
     459
     463
     507
     441
     464
     451
     449
     443
     470
     487
     483
     475
     456
     511
     477
     476
     506
     495
     486
     476
     476
     517
     523
     522
     528
     534
     555
     486
     552
     500
     565
     549
     568
     524
     516
     578
     559
     608
     553
     587
     541
     592
     594
     626
     608
     597
     592
     610
     636
     593
     685
     629
     609
     653
     610
     602
     594
     664
     621
     609
     612
     639
     631
     631
     696
     640
     618
     626
     612
     596
     627
     576
     637
     643
     645
     669
     657
     685
     599
     664
     646
     638
     570
     592
     646
     644
     588
     606
     641
     626
     615
     631
     569
     566
     592
     565
     577
     569
     570
     577
     548
     578
     535
     544
     578
     553
     547
     530
     583
     555
     530
     520
     542
     526
     531
     558
     556
     550
     566
     536
     543
     533
     548
     494
     524
     529
     506
     563
     531
     536
     475
     510
     501
     505
     475
     514
     499
     465
     462
     500
     448
     502
     455
     473
     471
     483
     463
     456
     500
     460
     529
     478
     455
     462
     470
     461
     487
     524
     475
     475
     494
     469
     502
     486
     484
     462
     428
     458
     455
     498
     456
     459
     441
     477
     458
     450
     497
     426
     457
     457
     479
     488
     474
     436
     465
     472
     448
     452
     497
     466
     473
     437
     484
     464
     468
     442
     448
     507
     483
     515
     500
     454
     470
     485
     452
     513
     471
     444
     475
     475
     447
     482
     492
     462
     450
     490
     444
     476
     496
     512
     499
     498
     475
     498
     451
     468
     441
     489
     496
     509
     477
     525
     563
     457
     482
     517
     480
     461
     506
     478
     495
     531
     488
     479
     490
     494
     466
     465
     466
     527
     538
     552
     513
     485
     533
     491
     511
     529
     502
     532
     512
     493
     502
     556
     529
     512
     539
     527
     498
     531
     572
     517
     541
     481
     524
     542
     531
     542
     525
     512
     506
     515
     529
     491
     541
     566
     522
     509
     563
     542
     568
     528
     543
     566
     520
     523
     540
     547
     539
     567
     540
     535
     542
     538
     536
     525
     567
     521
     522
     526
     540
     562
     561
     531
     555
     508
     554
     570
     556
     609
     574
     554
     585
     555
     532
     602
     565
     548
     566
     547
     576
     638
     560
     554
     547
     550
     570
     575
     562
     603
     617
     557
     559
     583
     575
     550
     588
     592
     591
     572
     606
     561
     590
     551
     539
     536
     563
     596
     540
     522
     571
     583
     576
     588
     548
     548
     578
     569
     559
     536
     555
     541
     568
     563
     590
     538
     561
     528
     569
     552
     602
     547
     577
     548
     557
     562
     556
     560
     606
     531
     542
     577
     584
     594
     568
     619
     596
     567
     596
     584
     595
     566
     573
     548
     589
     584
     511
     578
     594
     561
     599
     589
     557
     587
     576
     572
     611
     586
     612
     578
     618
     585
     605
     586
     571
     572
     595
     604
     573
     601
     555
     549
     606
     535
     591
     570
     573
     594
     553
     564
     542
     525
     573
     537
     573
     550
     594
     632
     587
     586
     558
     600
     599
     601
     566
     605
     617
     599
     593
     564
     561
     592
     612
     553
     613
     613
     607
     603
     613
     582
     595
     639
     621
     607
     639
     545
     554
     629
     578
     605
     585
     613
     624
     551
     568
     577
     613
     570
     600
     585
     618
     640
     565
     624
     555
     630
     627
     616
     626
     580
     620
     578
     604
     576
     633
     594
     613
     569
     572
     622
     605
     610
     603
     609
     572
     614
     596
     583
     585
     626
     574
     604
     576
     601
     552
     558
     598
     629
     561
     569
     610
     615
     611
     625
     616
     578
     604
     594
     548
     607
     619
     593
     621
     605
     648
     574
     563
     589
     623
     580
     579
     657
     546
     602
     620
     595
     629
     593
     607
     574
     573
     586
     608
     606
     566
     606
     580
     574
     619
     579
     531
     555
     605
     611
     590
     604
     616
     636
     574
     590
     667
     660
     549
     588
     602
     620
     628
     623
     578
     624
     624
     577
     605
     665
     573
     602
     640
     627
     582
     605
     632
     583
     614
     633
     610
     640
     643
     605
     590
     602
     596
     593
     647
     622
     586
     630
     613
     614
     627
     650
     615
     603
     615
     665
     652
     630
     607
     630
     610
     598
     591
     627
     595
     660
     667
     591
     649
     604
     652
     668
     574
     601
     612
     619
     634
     653
     660
     670
     621
     628
     637
     596
     582
     632
     624
     647
     635
     673
     683
     694
     634
     657
     630
     622
     643
     626
     589
     634
     642
     577
     637
     611
     625
     614
     673
     651
     599
     637
     606
     631
     644
     645
     646
     616
     624
     630
     659
     635
     613
     593
     615
     608
     679
     640
     660
     618
     646
     658
     638
     637
     646
     642
     636
     611
     643
     661
     600
     642
     645
     677
     690
     626
     611
     655
     662
     653
     659
     669
     624
     629
     610
     680
     607
     627
     623
     644
     703
     636
     617
     716
     653
     659
     650
     642
     632
     653
     665
     617
     583
     650
     687
     665
     676
     653
     665
     646
     647
     649
     677
     684
     633
     655
     681
     628
     683
     663
     631
     635
     637
     610
     599
     649
     619
     653
     658
     634
     575
     610
     636
     649
     639
     700
     620
     651
     623
     687
     600
     654
     646
     614
     636
     618
     612
     662
     613
     624
     647
     625
     633
     591
     660
     585
     581
     686
     645
     619
     590
     620
     676
     629
     658
     609
     632
     674
     648
     646
     650
     663
     618
     615
     628
     603
     600
     607
     655
     617
     623
     593
     647
     596
     602
     622
     571
     586
     615
     638
     608
     596
     622
     609
     600
     631
     615
     609
     577
     607
     624
     607
     641
     581
     611
     583
     612
     637
     591
     620
     643
     604
     622
     619
     627
     575
     571
     608
     561
     562
     529
     589
     549
     619
     570
     557
     604
     607
     628
     663
     588
     604
     624
     604
     629
     564
     569
     585
     557
     614
     618
     601
     613
     617
     626
     593
     614
     637
     622
     555
     598
     598
     599
     596
     585
     619
     592
     615
     567
     570
     600
     521
     570
     531
     573
     562
     597
     629
     611
     532
     586
     564
     599
     581
     585
     565
     565
     603
     554
     575
     554
     550
     539
     571
     594
     604
     548
     556
     571
     607
     596
     590
     590
     548
     605
     588
     603
     575
     568
     574
     579
     530
     563
     568
     569
     565
     582
     580
     529
     575
     544
     569
     530
     539
     598
     567
     541
     553
     556
     532
     547
     576
     536
     552
     515
     535
     546
     565
     527
     533
     511
     557
     575
     537
     560
     526
     550
     475
     553
     528
     517
     539
     555
     577
     592
     552
     528
     564
     547
     561
     566
     565
     524
     549
     537
     533
     523
     548
     519
     549
     553
     560
     549
     544
     550
     561
     554
     560
     522
     521
     520
     531
     558
     537
     545
     547
     510
     523
     531
     542
     524
     521
     550
     559
     579
     490
     528
     550
     519
     490
     520
     543
     539
     513
     532
     544
     551
     496
     531
     525
     528
     505
     549
     510
     529
     548
     533
     508
     530
     550
     504
     488
     500
     564
     508
     536
     534
     520
     525
     501
     539
     491
     524
     484
     556
     505
     555
     510
     498
     507
     463
     525
     496
     508
     519
     518
     548
     506
     527
     548
     533
     512
     507
     502
     493
     477
     523
     496
     519
     503
     468
     523
     478
     508
     479
     498
     505
     526
     517
     450
     528
     506
     531
     498
     495
     500
     507
     473
     490
     486
     466
     510
     541
     509
     528
     495
     519
     486
     518
     483
     474
     480
     485
     524
     480
     529
     473
     535
     520
     487
     480
     488
     456
     491
     502
     472
     478
     549
     500
     468
     523
     449
     538
     524
     510
     475
     552
     491
     519
     490
     451
     481
     468
     490
     467
     492
     491
     475
     474
     505
     471
     501
     451
     495
     445
     484
     503
     476
     495
     454
     512
     480
     535
     479
     433
     503
     504
     478
     503
     446
     473
     479
     484
     463
     483
     478
     504
     474
     477
     528
     459
     464
     471
     515
     474
     499
     472
     457
     502
     464
     466
     441
     473
     452
     469
     491
     445
     484
     448
     460
     466
     509
     452
     474
     474
     449
     500
     463
     483
     483
     447
     479
     478
     451
     441
     479
     461
     456
     490
     500
     442
     463
     466
     464
     507
     441
     445
     486
     408
     454
     456
     397
     476
     477
     458
     473
     453
     459
     465
     498
     458
     424
     466
     446
     490
     428
     457
     465
     495
     452
     446
     480
     457
     457
     456
     462
     457
     441
     459
     437
     486
     439
     485
     415
     452
     484
     455
     477
     450
     420
     443
     439
     444
     425
     487
     442
     438
     449
     462
     454
     433
     447
     467
     450
     447
     437
     425
     411
     449
     440
     483
     423
     466
     442
     419
     445
     432
     446
     437
     429
     468
     416
     459
     447
     445
     418
     437
     460
     479
     438
     422
     455
     435
     469
     462
     433
     456
     436
     426
     454
     439
     439
     417
     444
     405
     444
     422
     427
     448
     429
     436
     435
     402
     451
     429
     427
     445
     439
     469
     438
     419
     437
     433
     463
     431
     422
     431
     442
     465
     473
     443
     415
     464
     456
     443
     427
     460
     386
     392
     429
     457
     425
     457
     437
     412
     450
     457
     431
     422
     442
     417
     433
     435
     437
     430
     423
     410
     426
     415
     383
     425
     395
     408
     450
     422
     409
     422
     443
     425
     461
     440
     421
     417
     442
     385
     417
     439
     430
     427
     409
     383
     418
     437
     418
     426
     435
     442
     463
     387
     417
     410
     447
     403
     413
     436
     407
     440
     455
     445
     407
     410
     408
     412
     423
     382
     439
     427
     407
     441
     402
     390
     454
     411
     423
     402
     456
     436
     403
     403
     413
     412
     410
     361
     461
     407
     451
     386
     423
     418
     388
     435
     402
     424
     423
     402
     374
     416
     419
     413
     412
     406
     418
     419
     419
     399
     418
     388
     415
     432
     439
     375
     380
     404
     403
     362
     417
     443
     395
     406
     486
     452
     414
     410
     414
     412
     441
     450
     424
     428
     387
     444
     374
     425
     431
     428
     457
     394
     429
     430
     425
     466
     405
     415
     402
     435
     402
     437
     384
     414
     386
     400
     443
     442
     409
     400
     444
     396
     416
     423
     471
     425
     406
     414
     413
     446
     384
     381
     355
     416
     434
     391
     414
     398
     362
     384
     376
     412
     378
     409
     439
     398
     359
     390
     394
     407
     402
     387
     439
     440
     409
     430
     428
     369
     413
     407
     403
     420
     366
     411
     342
     353
     420
     426
     384
     409
     388
     424
     439
     402
     373
     389
     428
     396
     425
     421
     397
     418
     420
     421
     389
     406
     429
     384
     429
     367
     411
     391
     386
     399
     410
     404
     431
     407
     405
     348
     383
     390
     396
     402
     389
     411
     397
     403
     402
     378
     392
     401
     369
     426
     406
     372
     378
     375
     388
     398
     416
     433
     395
     404
     402
     396
     368
     397
     375
     368
     395
     393
     392
     403
     397
     392
     393
     355
     400
     398
     410
     408
     411
     357
     359
     387
     407
     383
     373
     352
     389
     418
     377
     395
     418
     397
     394
     391
     369
     400
     388
     406
     355
     392
     392
     374
     383
     361
     400
     374
     389
     374
     372
     367
     381
     372
     400
     416
     389
     383
     401
     391
     412
     382
     376
     394
     360
     366
     392
     395
     375
     360
     404
     393
     386
     350
     371
     380
     402
     419
     418
     411
     360
     406
     370
     376
     392
     363
     368
     393
     423
     400
     383
     418
     391
     398
     417
     370
     400
     416
     386
     387
     398
     387
     382
     373
     389
     398
     391
     386
     399
     381
     374
     385
     411
     388
     383
     396
     376
     365
     397
     373
     408
     352
     386
     387
     369
     395
     395
     395
     354
     410
     363
     361
     366
     350
     385
     382
     386
     357
     411
     436
     376
     406
     402
     402
     370
     406
     374
     396
     416
     396
     374
     386
     363
     412
     346
     377
     367
     380
     371
     384
     370
     408
     420
     364
     361
     385
     399
     386
     376
     357
     404
     382
     358
     415
     353
     374
     419
     404
     386
     390
     376
     343
     349
     343
     426
     402
     399
     378
     342
     356
     373
     392
     379
     363
     380
     373
     389
     380
     343
     367
     381
     397
     365
     353
     406
     368
     381
     373
     411
     387
     356
     406
     397
     366
     381
     374
     351
     370
     384
     388
     396
     399
     395
     375
     373
     377
     361
     388
     366
     376
     367
     341
     378
     387
     403
     381
     353
     364
     354
     381
     413
     344
     400
     384
     372
     375
     417
     360
     383
     377
     403
     380
     335
     364
     366
     363
     386
     387
     347
     368
     367
     372
     385
     392
     374
     356
     362
     352
     378
     410
     406
     378
     354
     367
     371
     356
     357
     357
     395
     388
     377
     385
     356
     369
     405
     370
     358
     403
     402
     395
     358
     341
     404
     350
     369
     388
     374
     388
     358
     395
     371
     357
     396
     360
     370
     368
     348
     380
     400
     355
     375
     368
     385
     396
     385
     357
     396
     372
     376
     342
     358
     391
     356
     344
     320
     351
     361
     380
     361
     341
     346
     382
     396
     375
     373
     408
     370
     356
     341
     375
     365
     380
     383
     363
     407
     394
     409
     355
     395
     417
     373
     340
     403
     369
     357
     374
     387
     431
     355
     372
     384
     403
     396
     371
     380
     375
     337
     378
     388
     374
     405
     398
     398
     368
     360
     324
     390
     362
     390
     382
     356
     360
     407
     361
     363
     370
     382
     339
     405
     325
     366
     356
     358
     367
     366
     400
     397
     348
     372
     356
     368
     374
     357
     366
     386
     387
     341
     397
     363
     379
     398
     363
     381
     339
     378
     370
     371
     386
     356
     341
     364
     364
     382
     369
     340
     372
     386
     397
     392
     382
     357
     374
     356
     365
     371
     407
     378
     356
     408
     374
     366
     346
     377
     337
     353
     359
     370
     370
     354
     369
     400
     407
     341
     362
     360
     362
     370
     377
     365
     357
     384
     350
     401
     379
     358
     352
     358
     349
     347
     416
     371
     368
     354
     386
     350
     386
     339
     370
     370
     358
     376
     342
     356
     374
     352
     336
     346
     339
     367
     362
     380
     372
     364
     352
     350
     367
     355
     356
     365
     366
     362
     385
     341
     350
     357
     363
     370
     363
     356
     377
     373
     378
     364
     362
     342
     380
     351
     361
     342
     323
     340
     358
     350
     386
     332
     356
     365
     352
     370
     335
     337
     370
     343
     346
     354
     362
     366
     356
     383
     374
     407
     367
     367
     349
     362
     377
     349
     354
     344
     322
     355
     353
     335
     392
     397
     370
     361
     359
     370
     372
     333
     335
     349
     361
     327
     349
     349
     332
     355
     343
     356
     348
     355
     337
     336
     345
     356
     376
     352
     326
     367
     345
     337
     354
     332
     378
     369
     342
     386
     375
     349
     374
     328
     371
     409
     368
     395
     351
     342
     300
     334
     309
     329
     338
     374
     351
     353
     351
     334
     373
     312
     363
     351
     330
     331
     323
     371
     355
     362
     339
     367
     333
     366
     369
     359
     345
     322
     345
     370
     372
     364
     377
     337
     352
     319
     357
     314
     314
     359
     374
     354
     339
     365
     303
     350
     388
     340
     341
     333
     359
     352
     366
     341
     356
     366
     352
     351
     325
     348
     341
     318
     365
     344
     353
     354
     338
     359
     345
     362
     346
     335
     354
     340
     358
     377
     318
     299
     377
     376
     353
     383
     356
     332
     365
     356
     331
     324
     324
     336
     354
     372
     342
     359
     364
     358
     372
     338
     353
     352
     356
     378
     329
     374
     342
     349
     336
     329
     355
     358
     355
     327
     319
     376
     351
     363
     362
     317
     363
     340
     351
     384
     333
     321
     341
     317
     358
     332
     387
     339
     362
     383
     367
     352
     331
     323
     347
     336
     370
     373
     328
     365
     346
     367
     353
     309
     331
     376
     326
     364
     323
     336
     346
     317
     327
     321
     316
     348
     324
     334
     313
     383
     333
     333
     342
     342
     349
     359
     373
     361
     361
     331
     353
     330
     365
     360
     365
     370
     327
     326
     341
     348
     367
     347
     354
     354
     316
     361
     346
     370
     329
     321
     377
     326
     358
     374
     338
     364
     339
     311
     367
     383
     336
     304
     371
     324
     332
     365
     343
     334
     370
     357
     354
     343
     367
     322
     348
     384
     341
     339
     351
     322
     322
     375
     329
     338
     369
     330
     375
     332
     345
     352
     326
     361
     372
     332
     377
     336
     354
     336
     337
     351
     338
     339
     390
     324
     366
     342
     342
     383
     337
     338
     358
     355
     383
     325
     339
     318
     314
     345
     341
     350
     328
     348
     362
     318
     366
     363
     317
     323
     332
     360
     335
     348
     343
     352
     345
     328
     353
     333
     382
     339
     356
     332
     343
     373
     354
     356
     361
     348
     358
     334
     319
     374
     340
     318
     364
     327
     323
     357
     348
     338
     341
     348
     344
     333
     344
     324
     334
     354
     337
     337
     348
     365
     324
     355
     323
     341
     338
     348
     354
     361
     326
     336
     333
     366
     321
     380
     347
     349
     352
     329
     354
     350
     368
     302
     348
     363
     343
     319
     337
     375
     338
     355
     347
     312
     342
     356
     369
     324
     341
     345
     334
     340
     350
     373
     342
     324
     366
     347
     337
     328
     329
     324
     354
     356
     374
     333
     338
     309
     361
     334
     332
     376
     327
     338
     336
     343
     367
     343
     288
     326
     324
     362
     320
     320
     346
     322
     318
     349
     341
     323
     328
     378
     339
     313
     335
     374
     336
     336
     357
     323
     324
     333
     322
     349
     352
     343
     366
     348
     347
     383
     386
     345
     327
     338
     338
     334
     359
     348
     336
     317
     343
     376
     327
     317
     343
     340
     335
     346
     313
     341
     361
     356
     316
     336
     343
     336
     309
     337
     327
     301
     331
     298
     343
     293
     307
     305
     355
     331
     329
     348
     310
     352
     330
     321
     332
     355
     332
     335
     356
     349
     333
     314
     334
     308
     357
     307
     329
     333
     357
     341
     353
     356
     365
     360
     353
     329
     357
     341
     378
     359
     358
     334
     347
     358
     354
     350
     315
     363
     315
     322
     323
     353
     353
     358
     327
     367
     344
     359
     310
     356
     330
     338
     352
     317
     328
     342
     304
     307
     325
     307
     327
     365
     359
     350
     333
     341
     326
     368
     360
     352
     365
     326
     353
     325
     312
     314
     316
     362
     373
     319
     330
     328
     324
     329
     345
     329
     336
     384
     329
     329
     356
     337
     343
     336
     355
     322
     375
     348
     323
     323
     342
     374
     325
     363
     320
     318
     304
     360
     313
     354
     366
     313
     341
     327
     352
     326
     335
     356
     352
     360
     339
     300
     332
     348
     373
     330
     349
     340
     342
     330
     360
     351
     345
     322
     349
     333
     328
     340
     353
     322
     321
     341
     344
     326
     333
     331
     311
     357
     341
     384
     326
     338
     312
     325
     327
     371
     353
     349
     334
     350
     331
     364
     327
     329
     346
     367
     387
     353
     341
     311
     374
     341
     318
     314
     354
     342
     336
     373
     340
     340
     347
     364
     330
     372
     339
     328
     343
     332
     345
     318
     336
     320
     324
     338
     354
     354
     308
     315
     326
     332
     309
     313
     335
     350
     360
     326
     329
     359
     329
     337
     352
     361
     332
     348
     357
     347
     316
     340
     328
     325
     349
     337
     339
     334
     353
     344
     324
     321
     315
     327
     370
     327
     349
     342
     337
     325
     335
     328
     320
     364
     336
     335
     345
     355
     356
     342
     359
     336
     305
     374
     346
     328
     351
     320
     328
     338
     334
     355
     334
     363
     315
     371
     330
     309
     321
     322
     368
     340
     312
     350
     323
     346
     338
     357
     359
     345
     347
     331
     360
     341
     330
     297
     340
     332
     323
     356
     337
     396
     336
     283
     331
     324
     312
     340
     321
     340
     327
     318
     328
     323
     320
     318
     317
     343
     360
     322
     353
     334
     312
     349
     317
     328
     349
     355
     357
     354
     335
     337
     326
     367
     341
     326
     362
     348
     319
     333
     366
     368
     337
     342
     343
     345
     359
     304
     310
     364
     342
     317
     335
     336
     327
     346
     358
     343
     357
     370
     373
     345
     353
     301
     336
     360
     348
     315
     353
     347
     313
     345
     324
     319
     350
     325
     327
     330
     331
     353
     342
     318
     314
     317
     348
     361
     304
     359
     331
     335
     351
     326
     338
     381
     340
     336
     368
     307
     306
     334
     345
     332
     358
     309
     340
     335
     329
     319
     344
     354
     330
     336
     328
     323
     337
     326
     331
     349
     379
     364
     339
     324
     302
     357
     343
     382
     368
     355
     315
     375
     330
     317
     354
     313
     347
     348
     328
     319
     361
     346
     335
     344
     342
     344
     354
     356
     347
     339
     319
     343
     365
     314
     339
     377
     341
     315
     359
     368
     357
     336
     348
     328
     336
     319
     319
     342
     329
     375
     354
     317
     331
     349
     308
     325
     317
     346
     347
     348
     316
     322
     332
     348
     320
     361
     316
     343
     347
     315
     319
     338
     341
     345
     338
     347
     348
     332
     321
     340
     339
     348
     341
     344
     339
     345
     343
     345
     356
     360
     331
     312
     360
     305
     364
     340
     357
     330
     351
     334
     352
     355
     350
     326
     325
     343
     351
     355
     366
     339
     351
     325
     320
     346
     330
     303
     317
     345
     312
     319
     354
     342
     324
     347
     331
     356
     320
     348
     311
     362
     318
     318
     356
     336
     338
     362
     343
     364
     353
     337
     341
     347
     385
     330
     342
     351
     355
     337
     332
     352
     349
     330
     328
     391
     332
     354
     359
     333
     351
     356
     312
     366
     325
     332
     352
     321
     319
     380
     358
     362
     344
     307
     357
     368
     333
     318
     354
     336
     329
     317
     307
     333
     325
     319
     302
     334
     319
     352
     340
     334
     322
     375
     313
     368
     350
     359
     336
     322
     347
     356
     337
     349
     325
     356
     352
     392
     361
     294
     337
     335
     338
     337
     330
     329
     344
     360
     347
     338
     327
     321
     340
     327
     350
     328
     332
     351
     333
     348
     348
     329
     348
     347
     329
     341
     354
     369
     348
     354
     351
     354
     299
     348
     387
     383
     343
     345
     363
     357
     340
     354
     362
     352
     353
     329
     317
     330
     313
     359
     348
     315
     326
     354
     343
     339
     347
     322
     334
     356
     359
     338
     322
     358
     343
     353
     356
     340
     367
     365
     349
     357
     358
     329
     336
     365
     392
     328
     341
     350
     378
     328
     380
     341
     327
     358
     374
     352
     348
     369
     363
     324
     353
     329
     323
     375
     364
     360
     371
     327
     327
     357
     314
     361
     382
     329
     331
     333
     333
     364
     354
     345
     351
     318
     369
     375
     374
     349
     350
     345
     370
     363
     340
     335
     341
     343
     343
     352
     342
     356
     350
     322
     299
     329
     340
     330
     365
     329
     326
     372
     385
     357
     353
     343
     367
     348
     350
     357
     346
     354
     341
     307
     337
     375
     346
     348
     321
     386
     358
     339
     360
     345
     337
     336
     343
     336
     404
     369
     338
     334
     371
     325
     308
     374
     336
     357
     352
     337
     340
     321
     326
     360
     338
     363
     362
     331
     336
     350
     359
     372
     375
     355
     323
     344
     349
     338
     359
     385
     324
     381
     344
     362
     368
     369
     347
     366
     338
     340
     360
     372
     352
     304
     345
     322
     346
     360
     370
     340
     337
     378
     331
     366
     335
     344
     360
     360
     352
     355
     332
     315
     394
     365
     344
     367
     370
     335
     337
     371
     370
     333
     364
     351
     342
     317
     323
     366
     393
     326
     335
     361
     339
     357
     326
     373
     330
     364
     343
     354
     370
     374
     361
     346
     360
     363
     393
     356
     328
     355
     348
     358
     350
     346
     332
     394
     380
     356
     348
     365
     335
     330
     365
     327
     349
     332
     367
     360
     332
     312
     342
     313
     344
     364
     346
     352
     355
     355
     337
     339
     362
     334
     354
     354
     348
     346
     337
     341
     367
     327
     316
     360
     334
     337
     335
     342
     369
     350
     315
     363
     361
     337
     339
     337
     342
     317
     327
     349
     350
     359
     325
     336
     359
     344
     366
     334
     298
     386
     340
     347
     357
     334
     386
     359
     347
     347
     318
     340
     303
     325
     358
     352
     339
     353
     364
     326
     384
     370
     328
     337
     333
     313
     300
     331
     332
     340
     326
     315
     345
     335
     362
     341
     335
     347
     340
     306
     328
     373
     363
     364
     335
     329
     336
     341
     318
     349
     316
     344
     336
     337
     300
     332
     330
     349
     349
     330
     340
     357
     342
     354
     337
     348
     371
     319
     330
     341
     334
     355
     321
     349
     313
     286
     335
     304
     329
     325
     334
     329
     322
     323
     344
     331
     371
     341
     323
     374
     345
     318
     332
     318
     323
     339
     324
     317
     309
     305
     303
     345
     334
     327
     317
     341
     337
     339
     328
     304
     340
     315
     339
     301
     323
     321
     327
     342
     343
     331
     340
     343
     295
     316
     336
     326
     299
     324
     338
     315
     292
     301
     333
     349
     343
     315
     327
     330
     327
     308
     306
     297
     301
     293
     302
     281
     330
     301
     324
     291
     312
     319
     296
     346
     279
     297
     305
     296
     304
     297
     331
     315
     308
     291
     293
     328
     300
     307
     288
     314
     279
     267
     314
     268
     320
     295
     289
     309
     314
     304
     307
     282
     291
     317
     298
     269
     288
     301
     289
     292
     274
     271
     313
     315
     299
     307
     309
     309
     336
     322
     277
     301
     282
     320
     289
     315
     296
     323
     319
     303
     310
     307
     325
     313
     295
     286
     291
     288
     313
     254
     291
     276
     302
     296
     281
     303
     279
     294
     293
     269
     278
     262
     291
     254
     280
     292
     290
     283
     297
     317
     272
     299
     262
     271
     275
     275
     270
     278
     300
     269
     286
     252
     270
     290
     275
     282
     291
     261
     295
     270
     285
     292
     299
     288
     259
     316
     310
     278
     284
     288
     299
     238
     285
     246
     281
     291
     282
     269
     283
     273
     288
     274
     268
     306
     294
     294
     279
     281
     276
     282
     296
     312
     267
     260
     273
     251
     262
     288
     258
     254
     289
     258
     309
     244
     266
     275
     252
     277
     263
     288
     261
     241
     263
     261
     268
     264
     280
     275
     246
     261
     272
     264
     268
     262
     266
     249
     247
     283
     277
     281
     260
     255
     232
     280
     237
     260
     276
     287
     290
     289
     239
     278
     261
     295
     237
     262
     266
     265
     239
     249
     281
     247
     271
     233
     259
     286
     250
     249
     262
     251
     253
     261
     271
     259
     247
     249
     259
     247
     262
     243
     261
     275
     254
     259
     240
     255
     269
     271
     274
     256
     248
     246
     237
     259
     222
     236
     251
     257
     261
     251
     280
     237
     234
     269
     261
     240
     227
     262
     267
     233
     249
     228
     237
     246
     248
     247
     254
     223
     243
     228
     266
     258
     273
     251
     264
     250
     239
     273
     264
     268
     230
     276
     256
     249
     273
     257
     236
     241
     253
     244
     263
     258
     247
     235
     255
     233
     254
     226
     227
     271
     252
     218
     248
     234
     278
     267
     261
     241
     236
     248
     237
     253
     245
     260
     258
     262
     230
     232
     276
     224
     237
     261
     260
     252
     242
     227
     256
     301
     259
     277
     250
     244
     247
     236
     244
     256
     213
     233
     219
     235
     232
     243
     236
     252
     227
     264
     252
     234
     243
     234
     253
     237
     220
     269
     239
     236
     240
     256
     257
     262
     220
     235
     226
     238
     233
     236
     230
     231
     270
     248
     232
     242
     266
     238
     242
     211
     233
     242
     235
     246
     220
     250
     212
     222
     225
     208
     253
     231
     213
     202
     257
     250
     263
     250
     252
     237
     243
     239
     241
     234
     245
     257
     236
     223
     238
     210
     225
     233
     241
     236
     222
     217
     202
     221
     206
     223
     202
     241
     240
     228
     203
     218
     217
     220
     225
     256
     228
     216
     211
     215
     242
     242
     234
     233
     249
     230
     210
     239
     236
     227
     243
     211
     220
     215
     257
     244
     238
     233
     221
     237
     245
     236
     265
     264
     234
     255
     204
     227
     213
     229
     234
     219
     215
     233
     213
     203
     246
     217
     240
     233
     238
     209
     254
     215
     241
     204
     245
     221
     243
     234
     210
     223
     235
     195
     236
     266
     226
     227
     212
     230
     204
     224
     227
     238
     224
     212
     228
     203
     216
     197
     225
     200
     211
     227
     234
     246
     206
     225
     223
     224
     249
     247
     214
     216
     231
     235
     230
     241
     228
     215
     215
     207
     223
     225
     231
     213
     211
     218
     248
     222
     232
     246
     228
     217
     199
     227
     205
     216
     200
     201
     215
     228
     221
     195
     210
     210
     220
     202
     202
     221
     206
     198
     210
     217
     214
     240
     227
     182
     204
     204
     210
     216
     195
     223
     211
     216
     210
     221
     217
     244
     246
     208
     213
     223
     199
     223
     219
     219
     200
     248
     224
     209
     222
     215
     202
     227
     203
     211
     229
     224
     205
     203
     183
     179
     196
     208
     195
     221
     182
     210
     201
     193
     208
     213
     214
     225
     205
     179
     207
     192
     186
     209
     214
     216
     179
     219
     189
     209
     191
     185
     218
     189
     208
     227
     193
     186
     176
     209
     210
     181
     223
     172
     173
     190
     198
     189
     206
     200
     198
     193
     185
     186
     193
     207
     185
     196
     188
     211
     218
     215
     203
     201
     182
     234
     189
     206
     177
     188
     213
     176
     187
     211
     175
     209
     186
     194
     184
     197
     187
     189
     215
     178
     173
     178
     197
     197
     202
     200
     206
     208
     168
     183
     182
     208
     220
     204
     202
     180
     199
     190
     200
     206
     186
     195
     180
     195
     191
     168
     192
     195
     185
     190
     171
     187
     198
     202
     187
     184
     182
     184
     191
     170
     222
     184
     186
     173
     198
     220
     192
     197
     191
     173
     186
     200
     181
     183
     198
     194
     183
     193
     204
     187
     189
     193
     188
     202
     182
     166
     181
     177
     192
     181
     177
     203
     180
     184
     198
     183
     206
     206
     204
     195
     214
     190
     185
     196
     196
     198
     202
     196
     178
     178
     186
     226
     202
     202
     189
     196
     194
     206
     216
     183
     209
     213
     205
     211
     198
     201
     227
     192
     172
     185
     195
     204
     196
     195
     188
     232
     221
     197
     197
     190
     195
     204
     182
     189
     176
     203
     200
     218
     204
     194
     191
     191
     212
     177
     209
     199
     222
     219
     179
     204
     205
     219
     203
     228
     227
     209
     195
     220
     197
     222
     220
     208
     218
     209
     220
     225
     222
     215
     234
     209
     250
     216
     213
     212
     186
     211
     221
     229
     220
     225
     226
     224
     222
     229
     228
     237
     222
     229
     251
     257
     238
     244
     250
     237
     251
     229
     215
     233
     257
     255
     260
     234
     253
     240
     276
     234
     275
     231
     227
     278
     269
     283
     260
     259
     243
     238
     253
     286
     297
     275
     268
     252
     250
     266
     244
     287
     273
     264
     257
     267
     273
     291
     292
     276
     274
     251
     267
     265
     264
     292
     253
     295
     286
     267
     261
     319
     274
     270
     312
     288
     285
     317
     266
     295
     308
     316
     297
     308
     297
     275
     284
     280
     313
     301
     277
     317
     333
     288
     298
     333
     310
     272
     311
     306
     303
     310
     343
     304
     318
     314
     334
     329
     332
     315
     300
     342
     324
     323
     322
     316
     329
     330
     298
     305
     330
     317
     310
     300
     326
     331
     318
     345
     341
     341
     328
     329
     384
     311
     329
     354
     314
     303
     329
     360
     357
     347
     351
     348
     376
     331
     364
     307
     346
     371
     346
     333
     332
     380
     343
     348
     350
     336
     351
     344
     358
     370
     368
     367
     332
     362
     369
     353
     383
     402
     357
     358
     364
     359
     376
     358
     397
     359
     354
     358
     377
     396
     420
     378
     384
     401
     390
     387
     364
     397
     394
     362
     428
     361
     409
     357
     364
     361
     432
     382
     392
     364
     373
     430
     366
     364
     400
     398
     405
     372
     386
     381
     377
     452
     388
     380
     370
     375
     361
     386
     390
     384
     392
     362
     397
     390
     377
     383
     376
     395
     387
     380
     373
     355
     414
     400
     386
     393
     378
     399
     385
     369
     385
     351
     394
     371
     393
     405
     399
     392
     426
     355
     370
     383
     423
     382
     366
     391
     410
     378
     389
     391
     399
     396
     402
     411
     403
     412
     373
     383
     367
     368
     368
     390
     376
     384
     408
     368
     394
     373
     403
     382
     400
     353
     356
     383
     384
     393
     362
     382
     377
     393
     360
     363
     397
     383
     391
     344
     390
     378
     361
     384
     389
     368
     319
     331
     357
     350
     344
     367
     360
     350
     353
     362
     308
     335
     379
     348
     377
     380
     355
     347
     384
     312
     353
     356
     362
     345
     332
     364
     333
     338
     322
     323
     337
     315
     317
     364
     346
     317
     339
     348
     369
     327
     385
     337
     333
     316
     318
     287
     316
     287
     312
     334
     323
     323
     332
     301
     334
     308
     294
     308
     359
     302
     300
     288
     305
     294
     339
     272
     297
     311
     307
     311
     310
     291
     277
     292
     278
     278
     277
     318
     275
     269
     257
     288
     286
     279
     270
     282
     251
     266
     272
     253
     282
     261
     268
     256
     263
     251
     256
     234
     258
     280
     232
     268
     236
     291
     234
     264
     282
     267
     258
     256
     253
     237
     261
     235
     231
     220
     236
     253
     214
     219
     225
     195
     249
     211
     231
     276
     229
     214
     220
     210
     245
     207
     232
     214
     227
     237
     218
     225
     245
     214
     256
     224
     257
     236
     208
     211
     212
     180
     204
     181
     225
     190
     214
     197
     184
     171
     183
     190
     192
     193
     219
     194
     207
     176
     188
     193
     202
     178
     177
     178
     193
     188
     167
     197
     179
     173
     190
     154
     171
     177
     181
     184
     166
     168
     138
     142
     179
     154
     163
     160
     173
     187
     165
     183
     180
     176
     147
     147
     140
     151
     133
     149
     156
     156
     144
     126
     157
     142
     155
     151
     148
     168
     133
     136
     160
     149
     129
     143
     137
     144
     136
     148
     146
     153
     134
     152
     143
     141
     137
     127
     126
     137
     137
     139
     134
     145
     154
     155
     140
     138
     117
     134
     138
     134
     147
     130
     129
     140
     132
     148
     139
     131
     141
     133
     136
     130
     113
     130
     124
     140
     119
      95
     130
     128
     135
     115
     117
     136
     121
     109
     112
     140
     103
     129
     110
     127
     141
     117
     129
     126
     121
     128
     124
     114
     128
     139
     138
     130
     120
     121
     127
     135
     127
     135
     106
     130
     115
     137
     132
     132
      98
     131
     125
     119
     140
     136
     125
     129
     137
     135
     119
     126
     131
     126
     124
     115
     120
     134
     120
     148
     115
     135
     112
     136
     140
     129
     132
     139
     105
     116
     134
     145
     132
     124
     131
     149
     128
     116
     129
     124
     115
     135
     149
     146
     122
     156
     133
     113
     112
     124
     138
     136
     150
     154
     119
     132
     143
     150
     135
     159
     132
     159
     110
     141
     143
     127
     150
     156
     143
     141
     155
     151
     143
     133
     127
     154
     137
     157
     128
     157
     148
     156
     141
     163
     149
     166
     170
     162
     150
     155
     179
     172
     163
     160
     160
     168
     150
     164
     156
     165
     157
     156
     158
     151
     168
     188
     155
     162
     174
     163
     169
     155
     171
     207
     167
     163
     192
     167
     186
     181
     188
     199
     200
     172
     190
     197
     161
     164
     179
     188
     187
     184
     184
     197
     185
     186
     177
     166
     195
     163
     194
     197
     209
     194
     197
     188
     188
     210
     192
     205
     199
     199
     204
     205
     208
     204
     226
     200
     195
     211
     240
     198
     223
     229
     238
     223
     194
     196
     243
     218
     194
     191
     214
     223
     221
     199
     229
     223
     240
     236
     220
     223
     251
     244
     234
     233
     229
     211
     209
     255
     235
     229
     244
     250
     225
     210
     231
     227
     244
     229
     254
     263
     234
     224
     270
     227
     276
     235
     257
     249
     250
     244
     251
     238
     242
     253
     248
     280
     242
     252
     243
     257
     278
     243
     253
     249
     252
     229
     266
     262
     245
     274
     252
     232
     272
     254
     283
     254
     259
     249
     270
     259
     260
     289
     261
     267
     261
     290
     267
     283
     275
     256
     270
     288
     288
     260
     292
     263
     264
     277
     278
     273
     302
     280
     311
     314
     277
     246
     273
     281
     279
     273
     291
     280
     277
     316
     315
     294
     272
     304
     274
     293
     268
     300
     305
     282
     264
     275
     297
     284
     287
     285
     267
     322
     306
     263
     298
     318
     289
     300
     314
     273
     313
     304
     287
     279
     274
     303
     278
     301
     280
     278
     295
     305
     297
     312
     260
     291
     330
     314
     296
     258
     275
     281
     268
     272
     270
     289
     306
     301
     286
     323
     281
     276
     276
     284
     306
     314
     279
     311
     294
     294
     275
     315
     259
     290
     299
     266
     289
     280
     269
     247
     283
     289
     333
     264
     299
     262
     277
     285
     299
     301
     257
     269
     296
     266
     274
     260
     273
     295
     260
     282
     255
     274
     251
     267
     280
     268
     277
     274
     304
     295
     280
     266
     270
     289
     284
     267
     265
     250
     272
     257
     273
     253
     260
     240
     246
     278
     263
     253
     261
     273
     294
     287
     255
     298
     246
     271
     282
     237
     235
     257
     260
     272
     279
     261
     257
     259
     242
     273
     237
     260
     230
     278
     233
     220
     238
     231
     240
     265
     260
     273
     269
     230
     233
     217
     213
     239
     217
     223
     237
     225
     240
     226
     225
     182
     218
     207
     210
     230
     219
     208
     221
     212
     217
     255
     217
     206
     225
     210
     188
     214
     207
     190
     207
     230
     195
     212
     210
     198
     194
     218
     195
     202
     180
     205
     197
     182
     187
     198
     196
     213
     166
     195
     183
     203
     171
     179
     187
     193
     166
     183
     167
     176
     160
     189
     156
     176
     195
     173
     175
     165
     191
     177
     168
     152
     179
     164
     161
     169
     166
     180
     163
     200
     165
     173
     162
     146
     162
     150
     152
     147
     143
     147
     161
     140
     127
     144
     158
     159
     156
     158
     130
     135
     134
     142
     144
     116
     128
     129
     133
     149
     135
     138
     139
     139
     126
     127
     125
     121
     126
     126
     121
     116
     115
     125
     137
     119
     112
     124
     126
     124
     126
     122
     122
     129
      98
      96
     104
      92
     100
     123
     108
     113
     109
     110
     108
     107
      90
     115
     116
      96
      78
     112
     110
     116
     104
      95
     115
      94
     114
      98
      97
      89
      94
      92
      85
      93
      85
     105
      84
      97
      90
      94
      79
      81
      92
      93
      87
      94
      87
      99
      89
      96
      60
      70
      80
      71
      93
      64
      79
      67
      74
      91
      57
      58
      64
      73
      64
      72
      75
      84
      59
      66
      66
      58
      60
      68
      55
      66
      72
      61
      58
      59
      69
      63
      58
      57
      61
      57
      65
      56
      57
      56
      54
      67
      55
      58
      51
      42
      55
      53
      51
      56
      54
      45
      44
      53
      57
      49
      54
      51
      51
      60
      49
      43
      44
      51
      51
      36
      40
      47
      46
      34
      43
      34
      42
      35
      42
      51
      48
      52
      37
      34
      47
      40
      43
      34
      44
      36
      30
      31
      40
      26
      28
      38
      27
      32
      28
      39
      36
      45
      35
      36
      36
      41
      25
      26
      28
      25
      34
      31
      37
      35
      40
      25
      33
      24
      26
      26
      37
      30
      24
      20
      29
      21
      30
      29
      32
      28
      28
      21
      21
      33
      30
      17
      20
      21
      22
      21
      20
      19
      23
      20
      13
      18
      27
      22
      25
      22
      20
      16
      20
      26
      19
      19
      22
      13
      15
      15
      18
      20
      21
      18
      15
      17
      18
      16
      21
      22
      23
      17
      18
      16
      18
      16
      20
      15
      19
      17
      22
      20
      17
      17
      11
       6
      17
      15
      19
      17
      23
      18
      18
      15
      12
      17
      16
      18
       6
      16
       7
      12
      13
       9
      16
       9
      14
      21
      14
      16
      21
      10
      17
      14
      15
      12
       9
       7
      20
      10
      11
       8
       9
       8
      14
       9
      20
       8
      12
       8
      19
      11
       9
      15
      10
       9
       6
       9
      14
       8
      12
       9
      12
      11
       9
       9
       7
      10
      16
       8
       8
      12
      14
      13
      14
       9
       8
       9
       8
       7
      14
       8
       8
       7
       7
      11
       7
      14
       4
       5
       8
      12
      13
       7
       3
      11
      12
      14
       7
      10
       8
       9
      11
       7
      12
       7
       8
       3
       9
      10
       7
       8
       4
       9
       5
       7
       4
      10
       8
      11
       4
       8
       6
       5
       9
       3
       8
      11
       5
      17
       7
       9
      12
       8
       9
       7
       7
       9
       5
      13
       5
       3
       7
      10
      11
       6
       9
       8
       9
       6
       8
       9
       6
       3
       7
       6
       9
       6
       7
       8
       2
       8
       8
       3
       7
       8
      11
       8
       8
       8
       3
       3
       7
       5
       5
       6
       6
       6
       6
       7
       7
       3
       7
       4
       7
      11
       2
       5
      10
       3
      12
       4
       2
       1
       7
       5
       7
       5
       6
       4
       4
       7
       6
      10
       9
       7
       2
       5
       5
       6
       6
       4
       9
       5
       5
       2
       9
       4
       7
       7
       8
      10
       8
       8
       7
       8
       7
       4
       4
       4
      10
       5
       8
       4
       4
       6
       4
       8
       7
       4
       7
       3
       7
       5
       6
       9
      12
       5
       5
       3
       4
       8
       2
       5
       5
       3
       5
       5
       1
       4
       3
       6
       4
       7
       5
       4
      12
       6
       7
      13
       5
       7
       5
       6
       6
       5
       7
       4
       1
       2
       7
       7
       3
       5
       5
       8
       9
       5
       6
       3
       9
       4
       4
       9
       4
       6
       7
       4
       5
       6
      10
       3
       3
       6
       4
       6
       1
       2
       9
       4
       5
       5
       6
       4
       6
       3
       9
       6
       3
       7
       4
       8
       8
       6
       5
       3
       5
      10
       7
       5
       3
       4
       6
       6
       6
       2
       4
       4
       7
       5
       8
       6
       3
       4
       1
       5
       1
       6
       5
       4
       7
       3
       3
       4
       6
       5
       4
       4
       5
       7
       7
       4
       3
       4
       4
       4
       3
       4
       1
       4
       5
       7
       3
       7
       4
       4
       4
       5
       4
       9
       4
       8
       4
       3
      10
       4
       7
       4
       2
       8
       3
       6
       2
       8
       8
       3
       4
       6
      10
       4
       6
       8
       7
       4
       8
       4
       7
       4
       6
       5
       2
       4
       7
       5
       5
       5
       7
       7
       5
       2
       7
       5
       4
       4
       3
       7
       5
       4
       2
       6
       4
       6
       7
       6
       4
       8
       4
       3
       4
       3
       4
      10
       5
       2
       7
       8
       5
       5
       4
       4
       3
      10
       3
       2
       5
       7
       1
       4
       6
       6
       6
       4
       4
       5
       5
       3
       8
       2
       4
       7
       2
       3
       3
       7
       9
       3
       4
       2
       4
       6
       3
       4
       4
       4
       5
       4
       7
       3
       3
       5
       4
       9
       4
      12
       6
       4
       3
       6
       7
       7
       8
       2
       4
       4
       8
       7
       3
       1
       5
       4
       3
       7
       4
       4
       4
       4
       6
       6
       2
       5
       5
       5
       5
       6
       5
       5
       5
       5
       3
       1
       8
       2
       1
       5
       2
       5
       8
       7
       3
       5
       8
       5
       5
       0
       4
       7
       4
       2
       4
       5
       3
       3
       2
       4
       3
       4
       4
       5
       4
       7
       2
       3
       5
       2
       6
       1
       3
       6
       3
       6
       6
       8
       0
       4
       5
       5
       4
       1
       5
       1
       3
       3
       2
       6
       4
       8
       2
       4
       2
       5
       5
       4
       4
       2
       1
       2
       1
       0
       0
       2
       6
       6
       3
       4
       3
       6
       5
       9
       3
       1
       5
       5
       3
       1
       3
       4
       4
       5
       5
       3
       8
       3
       3
       2
       5
       9
       7
       4
       3
       1
       7
       7
       3
       3
       9
       3
       3
       4
       3
       4
       8
       5
       5
       6
       4
       8
       3
       6
       3
       7
       6
       0
       6
       4
       8
       0
       3
       2
       4
       2
       4
       4
       7
       1
       8
       1
       6
       6
       7
       1
       5
       6
       5
       4
       7
       4
       2
       5
       2
       6
       4
       4
       5
       2
       1
       4
       7
       6
       6
       3
       4
       2
       4
       4
       6
      10
       4
       1
       6
       8
       5
       4
       3
       4
       5
       5
       7
       6
       6
       7
       7
       6
       2
       5
       5
       4
       2
       3
       3
       8
       5
       5
       5
       1
       6
       7
       6
       1
       6
       5
       2
       2
       4
       3
       5
       4
       3
       4
       3
       4
       4
       7
       4
       2
       2
       3
       6
       5
       4
       5
       1
       6
      10
       2
       5
       5
       6
       6
       4
       7
       3
       4
       5
       4
       3
       6
       5
       5
       4
       3
       5
       4
       1
       2
       5
       2
       3
       8
       3
       5
       4
       4
       4
       5
       3
       3
       1
       6
       5
       4
       6
       4
       2
       2
       4
       3
       5
       3
       3
       2
       3
       5
       5
       3
       6
       4
       4
       9
       1
       4
       0
       0
       4
       3
       2
       3
       1
       5
       2
       5
       4
       8
       5
       6
       3
       5
       4
       2
       2
       4
       6
       2
       4
       1
       2
       3
       4
       5
       2
       4
       4
       6
       4
       3
       5
       0
       0
       6
       2
       3
       2
       4
       4
       3
       4
       4
       4
       1
       1
       3
       5
       5
       4
       5
       5
       8
       4
       4
       2
       1
       5
       6
       6
       6
       2
       2
       3
       5
       4
       3
       3
       4
       4
       2
       2
       3
       3
       8
       2
       5
       4
       2
       2
       5
       5
       8
       3
       3
       5
       3
       2
       3
       5
       2
       3
       2
       1
       3
       2
       5
       7
       0
       0
       7
       5
       3
       2
       5
       3
       4
       4
       1
       2
       0
       3
       4
       3
       2
       3
       2
       4
       2
       4
       3
       3
       1
       1
       3
       1
       5
       0
       1
       2
       2
       4
       1
       4
       4
       2
       7
       8
       3
       3
       3
       3
       5
       2
       1
       4
       1
       3
       3
       3
       6
       8
       2
       1
       3
       3
       3
       4
       2
       3
       3
       2
       5
       4
       2
       2
       4
       1
       3
       3
       7
       2
       5
       2
       4
       8
       7
       5
       4
       1
       1
       2
       3
       3
       3
       4
       3
       3
       5
       4
       1
       1
       5
       2
       9
       7
       3
       8
       5
       5
       1
       2
       4
       4
       1
       3
       2
       4
       2
       3
       3
       2
       1
       1
       2
       6
       1
       6
       6
       1
       2
       3
       4
       6
       3
       1
       1
       2
       2
       4
       3
       4
       6
       2
       0
       3
       6
       5
       5
       1
       4
       6
       2
       2
       3
       4
       1
       3
       4
       5
       2
       5
       3
       2
       1
       4
       1
       1
       5
       4
       2
       4
       2
       4
       3
       2
       4
       3
       3
       4
       3
       1
       3
       3
       3
       7
       3
       6
       2
       4
       4
       4
       0
       4
       3
       4
       3
       5
       5
       5
       2
       4
       4
       1
       3
       2
       4
       3
       7
       5
       5
       4
       3
       5
       2
       5
       2
       3
       1
       2
       5
       3
       2
       7
       0
       5
       0
       7
       3
       6
       4
       3
       1
       3
       3
       3
       3
       1
       4
       1
       2
       3
       2
       4
       3
       0
       5
       3
       4
       2
       7
       4
       1
       4
       1
       5
       2
       4
       6
       3
       5
       4
       4
       4
       1
       4
       2
       3
       2
       1
       2
       6
       5
       2
       2
       1
       1
       1
       1
       1
       4
       1
       3
       0
       3
       3
       5
       4
       3
       5
       6
       4
       4
       3
       4
       4
       6
       3
       2
       4
       2
       5
       3
       3
       5
       3
       1
       4
       4
       4
       0
       4
       3
       3
       1
       6
       4
       0
       2
       3
       1
       1
       1
       2
       2
       5
       3
       4
       2
       4
       5
       5
       0
       4
       6
       2
       3
       4
       1
       3
       1
       2
       0
       8
       0
      10
       4
       2
       4
       2
       4
       6
       2
       4
       3
       3
       2
       3
       2
       1
       3
       5
       1
       2
       3
       3
       0
       4
       2
       3
       3
       0
       1
       6
       2
       5
       8
       1
       1
       2
       2
       3
       3
       6
       3
       9
       4
       3
       6
       2
       4
       3
       1
       2
       3
       3
       4
       3
       1
       1
       3
       3
       3
       1
       3
       2
       3
       2
       3
       5
       3
       2
       4
       4
       3
       4
       2
       2
       2
       4
       5
       4
       2
       4
       4
       2
       1
       3
       4
       1
       5
       2
       4
       1
       5
       2
       3
       0
       7
       6
       1
       6
       3
       4
       3
       1
       0
       2
       1
       2
       7
       1
       5
       5
       5
       3
       4
       0
       4
       3
       4
       1
       0
       3
       3
       2
       3
       2
       5
       3
       2
       3
       1
       5
       4
       5
       2
       4
       1
       0
       4
       0
       1
       4
       2
       1
       1
       2
       4
       2
       5
       2
       0
       3
       3
       4
       1
       1
       2
       4
       3
       3
       1
       2
       4
       3
       3
       5
       4
       2
       2
       2
       3
       0
       6
       3
       5
       1
       2
       2
       1
       2
       2
       4
       3
       5
       4
       1
       5
       4
       2
       0
       1
       1
       1
       0
       3
       4
       3
       2
       2
       3
       3
       3
       1
       0
       4
       1
       5
       5
       4
       1
       3
       3
       3
       0
       7
       2
       5
       1
       3
       3
       2
       2
       4
       1
       2
       1
       3
       3
       3
       1
       1
       2
       3
       3
       6
       3
       3
       4
       1
       2
       6
       5
       3
       0
       2
       0
       2
       0
       4
       5
       1
       1
       2
       0
       1
       6
       5
       3
       4
       3
       3
       2
       2
       3
       0
       4
       1
       5
       1
       1
       1
       2
       2
       5
       5
       6
       4
       1
       1
       4
       2
       2
       3
       3
       5
       3
       7
       1
       3
       2
       3
       5
       1
       2
       1
       5
       3
       3
       2
       1
       2
       2
       1
       2
       2
       3
       1
       1
       2
       5
       2
       3
       0
       3
       2
       5
       0
       3
       2
       3
       3
       4
       1
       1
       1
       2
       1
       2
       5
       4
       5
       2
       0
       1
       2
       1
       2
       1
       0
       3
       2
       4
       2
       2
       1
       5
       1
       0
       1
       1
       2
       2
       1
       4
       2
       2
       3
       3
       5
       6
       1
       3
       1
       2
       0
       3
       1
       2
       1
       2
       1
       0
       3
       4
       0
       0
       2
       3
       1
       1
       2
       1
       1
       0
       0
       1
       1
       1
       1
       0
       0
       0
       0
       0
       2
       0
       0
       1
       0
       2
       0
       0
       0
       0
       0
       1
       1
       1
       1
       0
       0
       0
       0
       0
       1
       0
       0
       0
       0
       0
       1
       0
       0
       0
       0
       1
       0
       0
       0
       0
       0
       1
       0
       0
       0
       0
       0
       0
       0
       0
       0
       0
       0
       0
       0
       0
       0
       0
       0
       0
       1
       0
       0
       0
       0
       0
       0
       0
       0
       0
       0
       0
       0
       0
       0
       0
       0
       0
       0
       0
       0
       0
       0
       0
       0
       0
       0
       0
       0
       0
       0
       0
       0
       0
       0
       0
       0
       0
       0
       0
       0
       0
       0
       0
       0
       0
       0
       0
       0
       0
       0
       0
       0
       0
       0
       0
       0
       0
       0
       0
       0
       0
       0
       0
       0
       0
       0
       0
       0
       0
       0
       0
       0
       0
       0
       0
       0
       0
       0
       0
       0
       0
       0
       0
       0
       0
       0
       0
       0
       0
       0
       0
       0
       0
       0
       0
       0
       0
       0
       0
       0
       0
       0
       0
       0
       0
       0
       0
       0
       0
       0
       0
       0
       0
       0
       0
       0
       0
       0
       0
       0
       0
       0
       0
       0
       0
       0
       0
       0
       0
       0
       0
       0
       0
       0
       0
       0
       0
       0
       0
       0
       0
       0
       0
       0
       0
       0
       0
       0
       0
       0
       0
       0
       0
       0
       0
       0
       0
       0
       0
       0
       0
       0
       0
       0
       0
       0
       0
       0
       0
       0
       0
       0
       0
       0
       0
       0
       0
       0
       0
       0
       0
       0
       0
       0
       0
       0
$ROI:
1
5576 6256
$PRESETS:
Live Time
180
0
$ENER_FIT:
0.000000 0.000000
$MCA_CAL:
3
0.000000E+000 0.000000E+000 0.000000E+000 
$SHAPE_CAL:
3
0.000000E+000 0.000000E+000 0.000000E+000
