$SPEC_ID:
No sample description was entered.
$SPEC_REM:
DET# 3
DETDESC# FP-GAMMA2 MCB 129
AP# Maestro Version 7.01
$DATE_MEA:
12/04/2013 12:08:49
$MEAS_TIM:
158 180
$DATA:
0 8191
       0
       0
       0
       0
       0
       0
       0
       0
       6
       3
       1
       3
       9
       1
       2
       5
       6
       8
       8
       9
       8
       6
       8
      14
      12
       8
       5
      11
       9
      14
      13
      12
      16
      18
      16
       9
      21
      17
      17
      26
      24
      16
      24
      26
      21
      27
      27
      25
      30
      30
      25
      26
      42
      50
     101
     269
     150
     152
     132
     111
     200
     954
    2239
    2272
    2036
    1860
    1668
    1421
    1366
    1227
    1101
    1093
     953
     925
     894
     800
     790
     757
     718
     717
     655
     666
     655
     644
     650
     613
     595
     591
     567
     551
     552
     547
     588
     576
     525
     535
     571
     533
     568
     549
     613
     518
     582
     556
     503
     517
     524
     559
     536
     571
     571
     572
     561
     522
     518
     524
     559
     576
     553
     550
     551
     557
     576
     518
     569
     559
     548
     589
     561
     564
     558
     580
     518
     600
     552
     552
     571
     553
     595
     571
     550
     529
     610
     601
     572
     589
     561
     591
     630
     569
     604
     563
     585
     561
     557
     600
     566
     591
     611
     578
     562
     569
     623
     579
     557
     643
     607
     567
     551
     614
     580
     577
     598
     570
     584
     579
     579
     552
     582
     601
     537
     594
     596
     604
     576
     601
     621
     628
     574
     610
     569
     590
     539
     596
     629
     588
     576
     565
     578
     619
     597
     590
     606
     626
     618
     593
     594
     623
     629
     630
     626
     589
     610
     623
     570
     642
     617
     612
     586
     599
     628
     611
     561
     633
     646
     605
     634
     625
     599
     600
     640
     607
     628
     588
     644
     648
     613
     616
     616
     640
     649
     605
     583
     589
     618
     618
     613
     622
     597
     598
     586
     597
     601
     590
     565
     635
     645
     624
     607
     629
     624
     639
     607
     580
     579
     622
     601
     598
     634
     623
     635
     636
     621
     583
     621
     593
     650
     659
     644
     580
     617
     595
     622
     611
     613
     595
     642
     595
     608
     600
     617
     613
     592
     637
     608
     655
     642
     611
     605
     641
     638
     650
     690
     616
     676
     604
     638
     662
     655
     668
     677
     646
     613
     619
     670
     598
     659
     627
     651
     660
     649
     659
     612
     614
     618
     655
     708
     640
     644
     663
     685
     683
     707
     674
     721
     700
     678
     696
     720
     727
     677
     729
     743
     737
     734
     732
     742
     740
     719
     748
     801
     733
     724
     767
     750
     753
     755
     788
     815
     788
     846
     832
     815
     775
     793
     772
     840
     847
     842
     854
     809
     819
     828
     837
     860
     796
     879
     867
     844
     827
     849
     874
     883
     894
     916
     819
     892
     887
     897
     880
     907
     918
     841
     858
     893
     855
     831
     819
     915
     830
     810
     909
     860
     849
     813
     853
     837
     887
     810
     822
     844
     844
     808
     858
     823
     822
     848
     823
     797
     793
     827
     792
     831
     836
     788
     815
     809
     798
     792
     789
     801
     790
     758
     785
     830
     788
     744
     790
     745
     799
     726
     727
     727
     734
     738
     722
     753
     753
     735
     680
     720
     731
     684
     724
     696
     706
     696
     708
     688
     698
     689
     684
     672
     651
     649
     711
     694
     704
     676
     654
     680
     667
     652
     674
     700
     671
     608
     683
     675
     637
     625
     706
     657
     642
     672
     656
     612
     654
     658
     652
     647
     632
     610
     662
     679
     681
     635
     614
     593
     654
     637
     613
     651
     635
     567
     644
     650
     636
     600
     644
     662
     604
     611
     637
     640
     607
     679
     626
     628
     664
     616
     615
     619
     663
     646
     650
     639
     607
     625
     631
     670
     631
     637
     604
     644
     654
     614
     633
     626
     580
     608
     632
     627
     623
     630
     656
     629
     639
     610
     629
     618
     673
     589
     626
     658
     634
     642
     651
     648
     627
     686
     664
     641
     649
     604
     627
     627
     639
     664
     639
     659
     681
     674
     693
     612
     636
     689
     672
     665
     647
     614
     645
     650
     636
     665
     690
     652
     615
     664
     644
     688
     650
     651
     692
     639
     629
     701
     625
     656
     665
     668
     656
     689
     633
     686
     659
     649
     669
     647
     657
     646
     667
     685
     694
     707
     685
     695
     635
     704
     638
     657
     671
     643
     669
     678
     650
     694
     649
     632
     707
     673
     655
     626
     689
     712
     673
     684
     668
     656
     711
     708
     693
     636
     683
     657
     688
     729
     693
     651
     693
     658
     634
     642
     675
     686
     685
     688
     643
     697
     675
     678
     697
     696
     675
     687
     698
     692
     664
     685
     656
     673
     687
     663
     693
     673
     706
     668
     712
     704
     660
     688
     686
     651
     704
     642
     711
     678
     678
     694
     682
     623
     634
     659
     722
     724
     649
     698
     739
     720
     700
     699
     722
     649
     652
     721
     711
     699
     722
     681
     706
     714
     692
     673
     695
     678
     724
     705
     683
     718
     760
     670
     674
     711
     682
     677
     711
     697
     691
     719
     706
     694
     670
     704
     753
     676
     689
     715
     668
     740
     699
     678
     680
     714
     757
     732
     697
     695
     697
     690
     708
     704
     688
     689
     682
     712
     697
     700
     721
     682
     712
     693
     747
     702
     738
     760
     707
     719
     695
     716
     728
     683
     701
     747
     647
     724
     645
     697
     736
     686
     733
     731
     740
     673
     658
     685
     719
     690
     701
     737
     801
     713
     684
     712
     726
     705
     690
     726
     753
     661
     768
     773
     730
     738
     702
     688
     784
     725
     732
     710
     717
     756
     760
     694
     758
     717
     752
     743
     725
     729
     764
     768
     704
     761
     689
     730
     776
     731
     716
     774
     723
     772
     713
     782
     759
     705
     756
     733
     735
     728
     711
     736
     761
     743
     745
     757
     702
     749
     752
     787
     765
     730
     753
     730
     770
     753
     767
     761
     739
     705
     729
     716
     768
     758
     701
     724
     727
     746
     730
     727
     786
     754
     771
     796
     784
     701
     755
     781
     728
     720
     791
     745
     759
     748
     753
     775
     720
     791
     807
     782
     721
     807
     817
     777
     716
     772
     739
     777
     828
     735
     806
     727
     742
     772
     713
     806
     777
     750
     741
     721
     777
     753
     815
     783
     765
     785
     797
     767
     832
     772
     759
     830
     776
     812
     767
     779
     803
     805
     775
     756
     760
     773
     803
     800
     786
     780
     783
     762
     781
     790
     841
     821
     795
     799
     784
     824
     824
     826
     810
     821
     873
     853
     846
     824
     860
     839
     833
     803
     824
     828
     851
     815
     833
     807
     824
     830
     862
     850
     823
     799
     829
     838
     847
     864
     823
     811
     926
     900
     859
     885
     859
     883
     831
     819
     821
     874
     859
     895
     870
     883
     856
     851
     886
     820
     897
     878
     900
     872
     874
     854
     866
     907
     913
     901
     910
     902
     901
     914
     824
     855
     944
     898
     908
     931
     929
     906
     905
     913
     844
     928
     947
     897
     896
     950
     888
     926
     943
     925
     932
     906
     993
     952
     931
     957
     976
     891
     945
     934
     961
     904
     924
     965
     952
     930
     961
     924
     960
     921
     987
     905
     920
     933
     959
     975
     872
     935
     958
     963
     903
     944
     968
     906
     931
    1004
     929
     986
     975
     995
     904
     954
     866
     895
     942
     904
     919
     922
     911
     952
     931
     980
     953
     894
    1001
     956
     878
     995
     924
     943
     992
     940
     982
     907
     998
    1006
     953
     927
     999
     943
    1005
     946
     950
     958
     895
     952
     961
     910
     889
     945
     886
     962
     936
     921
     921
     916
     904
     927
     933
     913
     891
     922
     944
     914
     906
     946
     989
     891
     940
     895
     931
     944
     873
     886
     948
     944
     966
     884
     943
     919
     890
     872
     851
     907
     918
     877
     897
     921
     880
     908
     858
     877
     843
     975
     911
     905
     925
     904
     883
     930
     866
     896
     879
     902
     863
     896
     908
     885
     899
     935
     883
     947
     862
     854
     889
     836
     860
     877
     889
     855
     886
     844
     841
     871
     912
     865
     857
     842
     868
     889
     852
     851
     830
     886
     923
     868
     836
     869
     899
     880
     884
     886
     878
     858
     838
     838
     889
     888
     886
     856
     894
     835
     859
     813
     924
     906
     860
     821
     841
     833
     848
     853
     868
     807
     835
     837
     837
     849
     793
     790
     814
     840
     852
     806
     846
     794
     879
     832
     798
     840
     812
     801
     809
     783
     778
     828
     794
     791
     785
     824
     771
     815
     848
     812
     790
     835
     755
     839
     840
     832
     820
     827
     774
     820
     808
     800
     834
     781
     793
     821
     766
     778
     799
     770
     828
     848
     787
     817
     830
     857
     867
     808
     782
     802
     848
     776
     770
     866
     837
     785
     802
     801
     835
     843
     797
     794
     773
     788
     811
     763
     754
     835
     760
     818
     824
     731
     760
     754
     798
     735
     743
     788
     786
     787
     753
     843
     794
     791
     792
     795
     747
     762
     820
     785
     759
     802
     779
     757
     765
     795
     775
     766
     779
     773
     771
     726
     765
     788
     748
     741
     756
     798
     750
     811
     730
     762
     774
     726
     756
     778
     785
     776
     707
     773
     763
     738
     676
     781
     727
     769
     807
     770
     733
     768
     737
     730
     776
     753
     762
     758
     774
     780
     820
     715
     729
     716
     726
     739
     768
     731
     765
     787
     712
     740
     774
     761
     693
     738
     715
     764
     743
     809
     705
     732
     721
     815
     736
     729
     759
     761
     745
     759
     756
     758
     774
     780
     694
     757
     757
     740
     760
     720
     787
     750
     700
     730
     746
     727
     793
     724
     655
     725
     676
     760
     760
     713
     745
     705
     741
     670
     699
     733
     739
     718
     739
     792
     757
     688
     715
     723
     718
     738
     701
     761
     749
     727
     702
     735
     739
     776
     696
     735
     717
     690
     730
     692
     711
     750
     752
     669
     665
     730
     763
     709
     738
     763
     714
     682
     657
     734
     742
     699
     749
     671
     690
     772
     697
     779
     731
     740
     703
     707
     702
     732
     731
     704
     713
     750
     726
     701
     693
     720
     664
     794
     745
     707
     717
     655
     720
     660
     666
     703
     722
     716
     678
     753
     712
     668
     705
     667
     675
     713
     684
     706
     676
     687
     680
     665
     698
     719
     728
     711
     718
     678
     764
     725
     676
     746
     696
     704
     694
     705
     696
     686
     742
     681
     693
     669
     629
     687
     709
     727
     679
     727
     674
     688
     687
     715
     648
     682
     686
     689
     679
     717
     670
     670
     658
     656
     644
     690
     683
     651
     709
     693
     704
     662
     644
     646
     694
     676
     664
     661
     686
     671
     659
     657
     690
     677
     652
     698
     690
     650
     692
     673
     647
     688
     644
     619
     677
     692
     636
     700
     608
     639
     621
     704
     662
     645
     627
     705
     655
     679
     622
     683
     620
     672
     631
     694
     653
     673
     631
     665
     668
     630
     662
     604
     682
     656
     631
     692
     654
     669
     651
     664
     665
     652
     660
     630
     630
     683
     735
     655
     714
     652
     670
     642
     669
     691
     669
     626
     663
     643
     619
     626
     697
     668
     635
     671
     629
     716
     644
     645
     643
     659
     647
     610
     650
     629
     608
     670
     608
     647
     625
     601
     632
     653
     657
     637
     628
     660
     597
     695
     642
     625
     626
     637
     635
     655
     627
     672
     634
     609
     668
     649
     641
     648
     619
     643
     661
     615
     607
     665
     628
     630
     655
     668
     614
     603
     633
     649
     607
     629
     614
     587
     643
     631
     628
     605
     613
     618
     639
     673
     626
     606
     671
     671
     621
     617
     643
     635
     618
     631
     640
     601
     597
     688
     576
     583
     653
     623
     659
     665
     656
     601
     617
     647
     638
     645
     634
     657
     643
     650
     612
     647
     649
     629
     625
     628
     589
     610
     625
     624
     613
     598
     626
     654
     638
     626
     635
     626
     644
     650
     647
     644
     630
     648
     648
     661
     629
     619
     599
     637
     639
     588
     606
     633
     637
     621
     651
     639
     622
     621
     636
     622
     624
     607
     646
     644
     603
     633
     647
     627
     627
     594
     620
     637
     606
     591
     624
     586
     611
     650
     600
     615
     620
     596
     638
     560
     601
     610
     572
     602
     647
     586
     599
     648
     654
     601
     658
     631
     643
     612
     632
     614
     678
     676
     641
     631
     660
     621
     609
     616
     645
     641
     614
     581
     612
     631
     621
     620
     617
     648
     555
     624
     657
     622
     578
     611
     597
     570
     610
     648
     591
     641
     595
     614
     560
     613
     633
     617
     566
     670
     606
     603
     590
     570
     604
     602
     610
     621
     621
     653
     594
     618
     582
     599
     616
     624
     613
     563
     596
     662
     592
     571
     615
     584
     619
     624
     571
     617
     608
     590
     570
     619
     604
     602
     605
     652
     601
     635
     649
     592
     631
     562
     627
     653
     647
     576
     591
     606
     582
     580
     557
     614
     671
     572
     609
     610
     560
     606
     602
     576
     587
     543
     614
     592
     582
     628
     601
     599
     627
     592
     601
     610
     612
     637
     605
     620
     610
     590
     626
     620
     610
     576
     582
     612
     597
     611
     613
     556
     615
     629
     619
     601
     552
     616
     622
     590
     593
     603
     574
     525
     565
     588
     583
     545
     584
     620
     544
     609
     595
     600
     596
     596
     635
     595
     575
     598
     632
     612
     596
     606
     596
     553
     599
     577
     573
     595
     593
     596
     600
     585
     590
     586
     563
     614
     634
     637
     596
     581
     536
     541
     609
     594
     613
     560
     593
     587
     623
     589
     623
     593
     592
     594
     577
     585
     628
     611
     588
     592
     579
     582
     565
     636
     589
     567
     572
     550
     603
     595
     562
     612
     603
     619
     598
     606
     594
     608
     608
     601
     621
     603
     563
     607
     600
     632
     544
     609
     576
     596
     566
     608
     541
     569
     584
     592
     571
     556
     617
     576
     568
     581
     559
     581
     622
     571
     549
     581
     603
     624
     602
     599
     593
     617
     568
     564
     568
     629
     602
     588
     591
     624
     595
     562
     629
     576
     576
     603
     528
     566
     585
     583
     622
     567
     552
     593
     591
     568
     597
     591
     598
     521
     564
     594
     598
     577
     575
     636
     585
     592
     552
     566
     592
     584
     616
     619
     569
     541
     568
     530
     591
     569
     628
     601
     586
     589
     596
     573
     534
     594
     578
     599
     604
     598
     561
     618
     590
     611
     610
     587
     576
     564
     585
     548
     587
     589
     590
     591
     562
     613
     623
     588
     574
     622
     529
     558
     603
     603
     597
     545
     603
     616
     547
     581
     605
     577
     599
     603
     610
     588
     562
     591
     589
     535
     556
     585
     601
     610
     593
     562
     594
     596
     594
     592
     609
     551
     615
     583
     602
     561
     565
     583
     616
     580
     573
     589
     567
     621
     594
     583
     611
     621
     579
     552
     607
     575
     652
     612
     609
     564
     568
     600
     569
     590
     594
     545
     551
     593
     592
     565
     605
     583
     617
     615
     585
     590
     600
     560
     627
     619
     595
     580
     576
     550
     586
     571
     571
     580
     562
     566
     614
     587
     572
     602
     562
     580
     573
     599
     587
     604
     588
     605
     567
     596
     589
     625
     553
     531
     586
     556
     578
     570
     598
     650
     550
     589
     576
     578
     582
     569
     560
     550
     580
     629
     569
     601
     561
     565
     593
     562
     603
     580
     616
     599
     594
     582
     510
     599
     611
     569
     598
     560
     572
     582
     590
     591
     623
     610
     674
     584
     558
     581
     592
     561
     606
     599
     615
     590
     581
     558
     565
     564
     564
     552
     577
     563
     586
     578
     585
     592
     580
     584
     614
     577
     559
     609
     583
     561
     574
     593
     547
     581
     589
     569
     577
     589
     579
     601
     584
     619
     613
     577
     557
     599
     581
     564
     586
     600
     557
     547
     577
     574
     581
     615
     568
     618
     594
     548
     558
     609
     587
     564
     622
     577
     550
     571
     606
     599
     524
     595
     573
     571
     587
     579
     561
     566
     560
     548
     593
     597
     574
     606
     609
     581
     598
     600
     600
     600
     630
     598
     572
     616
     611
     566
     585
     591
     584
     574
     566
     535
     587
     595
     613
     555
     577
     578
     586
     563
     554
     612
     566
     600
     580
     544
     577
     546
     564
     590
     591
     571
     573
     566
     551
     593
     583
     559
     610
     573
     589
     588
     578
     561
     573
     570
     557
     574
     576
     554
     585
     555
     577
     601
     535
     574
     568
     596
     548
     643
     575
     596
     581
     557
     590
     587
     586
     577
     583
     557
     578
     560
     598
     579
     525
     590
     591
     567
     547
     564
     553
     555
     568
     534
     587
     582
     571
     573
     604
     606
     567
     563
     574
     597
     551
     559
     563
     587
     571
     597
     601
     525
     594
     571
     579
     531
     557
     536
     548
     553
     600
     546
     560
     576
     591
     564
     605
     555
     561
     586
     563
     572
     593
     532
     559
     591
     532
     555
     578
     580
     512
     559
     573
     569
     579
     565
     610
     595
     602
     565
     599
     567
     538
     558
     585
     586
     553
     596
     593
     570
     547
     603
     586
     542
     611
     571
     555
     588
     606
     575
     604
     559
     575
     571
     576
     565
     629
     570
     566
     550
     581
     564
     599
     575
     587
     608
     576
     580
     548
     578
     563
     535
     538
     544
     553
     570
     562
     568
     598
     599
     541
     561
     543
     568
     611
     608
     566
     515
     598
     554
     555
     570
     566
     506
     582
     560
     532
     575
     560
     562
     549
     547
     569
     538
     588
     579
     588
     516
     576
     550
     519
     551
     604
     578
     529
     542
     558
     507
     591
     560
     634
     583
     535
     590
     546
     543
     586
     557
     553
     555
     569
     583
     580
     599
     570
     578
     596
     555
     555
     568
     546
     572
     565
     571
     537
     539
     552
     549
     550
     552
     553
     588
     561
     602
     568
     544
     600
     588
     545
     614
     562
     606
     607
     531
     579
     563
     594
     596
     591
     596
     585
     539
     540
     611
     568
     588
     554
     598
     542
     544
     535
     587
     569
     577
     571
     573
     557
     528
     552
     555
     555
     580
     574
     573
     562
     547
     520
     601
     596
     596
     581
     572
     555
     599
     596
     520
     557
     554
     583
     540
     548
     559
     586
     535
     597
     569
     554
     574
     550
     572
     585
     526
     566
     548
     584
     598
     586
     583
     581
     559
     572
     569
     613
     545
     578
     562
     556
     566
     622
     560
     559
     596
     621
     539
     547
     575
     579
     575
     559
     594
     576
     579
     545
     527
     567
     560
     535
     579
     565
     614
     576
     608
     600
     564
     560
     583
     589
     600
     551
     592
     538
     520
     515
     540
     548
     561
     556
     548
     587
     519
     563
     561
     546
     600
     542
     565
     574
     550
     563
     576
     594
     516
     551
     572
     544
     611
     618
     604
     577
     568
     569
     559
     556
     598
     580
     555
     563
     584
     588
     551
     571
     554
     547
     550
     585
     541
     558
     592
     563
     594
     587
     550
     568
     602
     595
     593
     597
     581
     589
     564
     563
     580
     554
     530
     560
     585
     560
     515
     587
     576
     573
     580
     516
     572
     542
     565
     562
     556
     552
     560
     531
     570
     570
     555
     593
     580
     585
     562
     580
     549
     574
     585
     517
     545
     566
     547
     552
     577
     601
     549
     533
     555
     604
     577
     509
     591
     577
     584
     547
     567
     618
     567
     520
     558
     610
     548
     564
     562
     553
     583
     576
     573
     597
     579
     550
     620
     546
     592
     603
     588
     552
     554
     558
     535
     560
     590
     590
     601
     562
     533
     578
     555
     564
     552
     499
     520
     554
     546
     587
     541
     612
     558
     546
     569
     564
     574
     590
     546
     565
     547
     612
     605
     548
     546
     608
     605
     582
     553
     536
     584
     562
     538
     543
     554
     616
     610
     537
     547
     569
     584
     570
     526
     545
     623
     571
     572
     585
     617
     580
     557
     564
     557
     558
     556
     572
     562
     576
     596
     544
     590
     602
     574
     515
     535
     566
     568
     567
     566
     582
     579
     551
     568
     570
     601
     576
     535
     572
     585
     560
     602
     513
     597
     584
     610
     585
     511
     556
     568
     582
     576
     577
     540
     569
     529
     585
     530
     590
     594
     521
     560
     582
     584
     557
     587
     587
     551
     604
     545
     567
     522
     547
     566
     565
     602
     614
     567
     533
     511
     562
     568
     528
     556
     542
     555
     538
     561
     610
     601
     577
     535
     581
     578
     557
     615
     605
     583
     557
     580
     561
     519
     573
     573
     534
     520
     591
     563
     546
     537
     580
     602
     558
     582
     568
     564
     552
     569
     597
     560
     537
     544
     584
     555
     575
     552
     565
     624
     588
     507
     553
     564
     570
     543
     563
     553
     538
     578
     544
     556
     558
     568
     588
     562
     557
     595
     564
     561
     577
     564
     498
     583
     580
     531
     580
     595
     570
     566
     576
     536
     579
     539
     548
     544
     572
     607
     575
     549
     597
     563
     564
     545
     570
     573
     578
     597
     612
     625
     553
     571
     563
     563
     552
     577
     542
     578
     565
     577
     555
     546
     595
     540
     541
     589
     584
     557
     592
     595
     542
     575
     540
     545
     546
     589
     594
     614
     572
     554
     609
     556
     554
     583
     543
     562
     559
     586
     587
     550
     577
     618
     572
     616
     573
     560
     534
     567
     559
     546
     575
     569
     584
     578
     600
     558
     587
     565
     535
     560
     549
     558
     555
     585
     530
     583
     567
     599
     549
     571
     580
     578
     534
     600
     578
     580
     533
     537
     550
     540
     586
     583
     540
     574
     551
     552
     577
     565
     580
     568
     583
     586
     585
     580
     548
     547
     592
     603
     566
     600
     545
     554
     550
     600
     608
     611
     555
     520
     564
     582
     564
     581
     592
     563
     614
     598
     589
     541
     566
     533
     606
     540
     581
     590
     585
     589
     558
     598
     587
     586
     586
     561
     557
     584
     541
     546
     538
     562
     538
     564
     551
     578
     548
     570
     592
     592
     590
     601
     535
     548
     568
     593
     600
     572
     582
     614
     554
     577
     560
     581
     591
     565
     564
     574
     564
     596
     591
     604
     612
     558
     588
     584
     597
     581
     574
     651
     572
     569
     583
     566
     572
     621
     604
     582
     573
     569
     583
     537
     571
     545
     617
     556
     563
     547
     566
     586
     608
     501
     511
     557
     561
     573
     576
     579
     566
     603
     556
     583
     553
     573
     580
     599
     570
     624
     560
     585
     591
     594
     554
     625
     553
     571
     545
     573
     616
     582
     565
     595
     562
     585
     596
     580
     593
     617
     656
     596
     561
     595
     550
     586
     579
     607
     589
     564
     590
     540
     576
     578
     576
     565
     552
     605
     602
     618
     559
     559
     592
     550
     558
     498
     574
     561
     611
     583
     597
     580
     572
     538
     554
     557
     557
     605
     526
     582
     570
     584
     542
     583
     595
     565
     560
     570
     583
     552
     578
     596
     536
     532
     552
     593
     573
     577
     600
     548
     602
     568
     571
     563
     551
     548
     576
     589
     577
     565
     567
     543
     583
     580
     625
     562
     586
     549
     582
     612
     562
     622
     632
     593
     602
     592
     565
     547
     556
     552
     580
     604
     610
     572
     585
     592
     574
     570
     548
     563
     620
     557
     566
     620
     543
     564
     563
     609
     574
     562
     617
     565
     599
     581
     591
     576
     576
     620
     587
     592
     597
     608
     620
     579
     598
     590
     560
     575
     586
     535
     564
     622
     588
     593
     601
     544
     614
     604
     579
     627
     606
     596
     617
     625
     600
     572
     558
     546
     619
     600
     583
     577
     577
     581
     588
     594
     592
     618
     612
     572
     597
     550
     574
     595
     561
     577
     660
     546
     631
     561
     576
     619
     581
     604
     619
     611
     656
     604
     587
     605
     593
     578
     587
     609
     570
     555
     570
     569
     597
     630
     616
     578
     597
     615
     635
     589
     600
     586
     619
     611
     546
     561
     633
     558
     531
     580
     583
     577
     580
     584
     569
     605
     603
     545
     625
     584
     583
     629
     577
     640
     616
     565
     608
     552
     606
     575
     572
     614
     593
     622
     603
     601
     584
     586
     552
     589
     572
     613
     622
     612
     590
     621
     579
     614
     565
     589
     628
     596
     625
     581
     596
     592
     603
     611
     566
     626
     554
     657
     584
     608
     606
     620
     637
     589
     598
     595
     583
     629
     570
     607
     625
     565
     598
     617
     624
     629
     612
     551
     622
     600
     641
     633
     578
     599
     619
     591
     643
     600
     635
     608
     589
     616
     590
     571
     597
     656
     611
     553
     616
     622
     571
     601
     621
     596
     565
     588
     636
     647
     645
     641
     573
     622
     593
     647
     585
     642
     572
     652
     637
     607
     589
     643
     589
     634
     590
     634
     597
     626
     638
     607
     647
     583
     599
     622
     586
     605
     602
     620
     588
     612
     604
     598
     645
     577
     566
     659
     615
     633
     583
     580
     587
     639
     595
     576
     630
     658
     632
     644
     621
     602
     577
     633
     625
     608
     625
     632
     570
     608
     629
     656
     622
     612
     646
     552
     633
     617
     599
     597
     710
     618
     651
     607
     608
     635
     630
     588
     616
     648
     573
     614
     609
     618
     608
     645
     627
     615
     616
     599
     632
     609
     647
     602
     594
     618
     638
     643
     645
     608
     607
     597
     627
     613
     636
     597
     629
     603
     635
     636
     640
     647
     593
     620
     626
     627
     658
     594
     614
     637
     624
     622
     609
     627
     666
     624
     608
     617
     634
     617
     600
     627
     647
     653
     607
     614
     607
     596
     663
     617
     629
     644
     620
     645
     586
     587
     662
     614
     654
     597
     652
     589
     636
     622
     644
     600
     631
     694
     617
     571
     646
     593
     620
     656
     625
     606
     666
     612
     656
     643
     590
     592
     651
     631
     636
     624
     593
     633
     650
     635
     596
     639
     632
     640
     620
     560
     648
     645
     643
     634
     612
     630
     612
     625
     615
     615
     613
     639
     620
     637
     668
     640
     621
     617
     620
     642
     624
     614
     615
     615
     587
     610
     623
     660
     609
     614
     641
     624
     619
     641
     625
     671
     593
     628
     599
     649
     571
     640
     603
     640
     629
     653
     613
     612
     613
     662
     625
     576
     616
     666
     656
     603
     620
     640
     648
     641
     662
     625
     661
     672
     642
     618
     624
     624
     597
     601
     632
     617
     585
     619
     613
     637
     623
     639
     583
     621
     612
     633
     619
     601
     627
     603
     662
     642
     618
     630
     644
     629
     583
     611
     655
     633
     638
     580
     646
     606
     609
     603
     638
     604
     622
     604
     627
     606
     633
     572
     642
     601
     579
     598
     605
     645
     601
     574
     627
     603
     603
     633
     613
     641
     586
     628
     618
     603
     585
     639
     602
     597
     615
     579
     591
     596
     598
     578
     609
     596
     649
     585
     608
     584
     595
     620
     632
     579
     592
     586
     606
     577
     601
     613
     609
     587
     593
     571
     612
     569
     639
     602
     565
     588
     623
     606
     585
     578
     608
     574
     628
     614
     547
     596
     563
     622
     584
     576
     594
     585
     554
     549
     582
     561
     615
     561
     560
     578
     603
     568
     584
     575
     563
     584
     629
     565
     558
     557
     559
     574
     620
     589
     583
     591
     580
     576
     577
     559
     563
     537
     526
     539
     559
     574
     567
     544
     560
     574
     599
     596
     581
     594
     560
     554
     560
     565
     563
     522
     563
     561
     572
     526
     573
     596
     547
     524
     559
     600
     524
     572
     601
     554
     556
     544
     620
     561
     571
     546
     553
     542
     544
     523
     537
     561
     566
     572
     553
     562
     538
     533
     578
     526
     514
     531
     579
     552
     512
     534
     523
     561
     514
     547
     574
     499
     516
     558
     528
     514
     512
     504
     540
     543
     511
     525
     518
     523
     519
     496
     513
     520
     521
     521
     477
     518
     518
     503
     523
     505
     499
     550
     526
     527
     479
     547
     498
     507
     516
     508
     515
     539
     521
     507
     510
     496
     531
     514
     510
     522
     490
     559
     522
     489
     537
     484
     495
     554
     505
     569
     514
     511
     457
     487
     527
     485
     539
     532
     494
     523
     492
     475
     555
     469
     491
     469
     494
     473
     498
     483
     484
     528
     474
     445
     486
     459
     457
     474
     460
     490
     500
     492
     495
     500
     456
     466
     517
     439
     484
     474
     452
     484
     439
     441
     500
     448
     456
     516
     479
     459
     452
     457
     413
     427
     509
     435
     479
     449
     483
     486
     448
     463
     495
     479
     496
     469
     444
     517
     475
     502
     483
     472
     437
     456
     448
     461
     476
     453
     464
     440
     430
     386
     431
     490
     451
     437
     438
     447
     464
     454
     491
     467
     448
     485
     428
     421
     467
     416
     477
     458
     450
     466
     431
     442
     422
     423
     451
     476
     439
     437
     470
     428
     397
     448
     493
     492
     439
     464
     409
     472
     451
     463
     441
     435
     454
     417
     453
     458
     428
     462
     452
     457
     466
     420
     414
     452
     452
     477
     426
     449
     406
     441
     444
     469
     439
     442
     460
     403
     454
     445
     426
     470
     440
     454
     436
     421
     432
     451
     448
     449
     448
     432
     426
     443
     470
     469
     442
     436
     391
     444
     440
     427
     409
     439
     397
     445
     434
     416
     421
     411
     423
     420
     386
     412
     442
     414
     422
     396
     423
     428
     471
     421
     445
     391
     464
     417
     437
     415
     430
     453
     428
     445
     423
     430
     440
     431
     474
     437
     449
     398
     417
     422
     441
     445
     444
     414
     440
     437
     434
     439
     408
     424
     399
     425
     405
     425
     422
     417
     398
     430
     443
     390
     406
     418
     421
     456
     421
     409
     444
     443
     397
     446
     435
     410
     397
     430
     408
     404
     421
     436
     438
     422
     397
     399
     377
     416
     417
     405
     408
     410
     421
     398
     382
     458
     429
     425
     417
     378
     410
     438
     427
     393
     454
     430
     411
     427
     426
     400
     392
     410
     398
     404
     418
     410
     409
     408
     374
     425
     396
     374
     401
     428
     440
     404
     391
     396
     397
     406
     386
     390
     374
     417
     392
     387
     378
     413
     417
     430
     414
     392
     396
     381
     431
     416
     444
     432
     404
     369
     399
     357
     366
     408
     403
     394
     401
     422
     399
     407
     426
     408
     412
     389
     392
     390
     378
     419
     425
     415
     423
     365
     399
     399
     421
     427
     376
     417
     404
     405
     378
     366
     411
     437
     375
     375
     382
     403
     391
     402
     417
     403
     418
     368
     400
     359
     409
     380
     416
     387
     369
     376
     394
     385
     353
     355
     369
     395
     386
     401
     381
     380
     399
     359
     393
     417
     413
     394
     363
     385
     401
     420
     397
     362
     359
     381
     375
     400
     389
     372
     327
     394
     372
     345
     378
     372
     392
     407
     400
     339
     388
     416
     395
     385
     382
     367
     351
     358
     367
     386
     363
     362
     391
     388
     387
     374
     367
     377
     368
     407
     369
     353
     366
     427
     374
     394
     410
     328
     354
     385
     339
     367
     394
     355
     357
     377
     352
     368
     337
     340
     367
     333
     356
     412
     381
     353
     348
     356
     366
     330
     346
     367
     378
     351
     355
     358
     365
     381
     382
     345
     369
     364
     336
     378
     344
     383
     355
     355
     375
     326
     374
     350
     374
     322
     376
     353
     359
     337
     371
     342
     363
     362
     347
     337
     340
     365
     345
     371
     337
     334
     357
     333
     369
     339
     355
     357
     405
     313
     345
     308
     376
     367
     356
     319
     325
     349
     334
     328
     364
     349
     349
     332
     332
     331
     363
     324
     342
     358
     314
     366
     368
     325
     368
     365
     387
     348
     325
     321
     366
     306
     325
     337
     323
     330
     324
     331
     308
     322
     328
     333
     354
     338
     331
     362
     322
     281
     279
     332
     305
     325
     366
     337
     356
     303
     318
     317
     339
     290
     323
     323
     320
     353
     332
     333
     311
     341
     330
     308
     319
     328
     327
     292
     318
     312
     341
     323
     319
     340
     332
     320
     345
     323
     332
     346
     349
     308
     327
     313
     332
     344
     342
     328
     339
     301
     332
     330
     358
     337
     343
     321
     339
     322
     335
     316
     332
     313
     324
     304
     317
     348
     325
     325
     314
     348
     343
     316
     317
     328
     325
     315
     360
     339
     376
     332
     327
     359
     309
     324
     301
     311
     356
     335
     343
     312
     351
     325
     342
     324
     346
     368
     361
     351
     353
     328
     329
     353
     335
     343
     358
     335
     363
     370
     342
     342
     370
     326
     373
     340
     378
     354
     355
     384
     361
     330
     339
     355
     366
     352
     391
     342
     365
     367
     381
     361
     372
     350
     400
     386
     350
     340
     375
     379
     355
     389
     367
     363
     367
     351
     419
     378
     352
     388
     389
     389
     402
     428
     379
     427
     411
     372
     405
     390
     399
     430
     439
     408
     396
     377
     388
     407
     424
     387
     390
     425
     427
     406
     408
     430
     377
     408
     421
     379
     431
     454
     460
     436
     436
     411
     405
     400
     422
     421
     446
     453
     429
     471
     428
     457
     452
     503
     431
     497
     430
     452
     486
     464
     489
     450
     495
     435
     452
     430
     464
     480
     509
     461
     491
     473
     482
     492
     494
     502
     502
     526
     500
     510
     511
     506
     523
     504
     533
     517
     515
     523
     548
     564
     513
     523
     522
     507
     544
     513
     544
     503
     534
     527
     556
     548
     576
     541
     598
     524
     571
     529
     559
     551
     575
     563
     516
     570
     545
     575
     557
     606
     586
     561
     547
     574
     604
     604
     616
     612
     562
     603
     619
     577
     580
     634
     633
     595
     627
     598
     652
     603
     609
     598
     646
     622
     654
     612
     638
     667
     659
     658
     663
     604
     672
     678
     664
     652
     665
     714
     641
     625
     671
     678
     702
     683
     680
     626
     687
     670
     704
     662
     675
     677
     661
     655
     750
     703
     670
     728
     714
     714
     686
     767
     706
     669
     707
     740
     747
     691
     702
     704
     713
     757
     740
     716
     730
     726
     727
     714
     744
     720
     705
     752
     715
     765
     722
     729
     721
     735
     784
     761
     737
     722
     772
     779
     706
     747
     751
     786
     773
     768
     806
     775
     766
     735
     766
     738
     734
     793
     746
     774
     770
     811
     800
     727
     757
     779
     785
     745
     788
     763
     785
     765
     791
     766
     760
     735
     799
     792
     796
     795
     793
     750
     781
     782
     730
     773
     858
     766
     717
     824
     799
     749
     748
     767
     809
     803
     788
     820
     779
     760
     754
     806
     822
     767
     781
     778
     754
     742
     768
     756
     739
     808
     721
     786
     800
     762
     796
     784
     798
     770
     752
     752
     778
     788
     811
     800
     772
     801
     791
     766
     799
     749
     708
     784
     770
     699
     736
     744
     764
     729
     793
     739
     761
     764
     708
     736
     742
     774
     750
     718
     737
     795
     729
     779
     725
     742
     775
     750
     715
     740
     799
     734
     712
     723
     726
     730
     710
     707
     692
     795
     749
     733
     726
     666
     727
     734
     705
     680
     692
     692
     656
     676
     658
     687
     700
     700
     658
     660
     730
     674
     638
     675
     697
     641
     673
     665
     742
     654
     660
     673
     648
     643
     660
     660
     640
     710
     642
     672
     684
     627
     613
     620
     600
     654
     596
     607
     678
     633
     610
     629
     588
     631
     602
     649
     617
     625
     605
     621
     598
     624
     604
     611
     623
     571
     616
     585
     539
     571
     559
     544
     531
     576
     550
     501
     544
     546
     569
     562
     510
     506
     556
     519
     580
     511
     573
     533
     521
     522
     520
     539
     553
     562
     515
     513
     498
     477
     492
     519
     454
     508
     443
     444
     457
     470
     516
     502
     470
     490
     509
     460
     456
     421
     484
     436
     449
     464
     469
     432
     431
     486
     417
     457
     450
     429
     430
     464
     366
     412
     423
     418
     420
     405
     412
     409
     394
     403
     392
     395
     411
     412
     372
     396
     411
     365
     395
     385
     371
     380
     365
     393
     368
     379
     399
     349
     330
     377
     360
     354
     337
     360
     339
     385
     358
     352
     329
     344
     361
     352
     323
     334
     319
     323
     326
     360
     306
     338
     327
     322
     321
     319
     308
     295
     328
     303
     344
     339
     282
     301
     309
     305
     302
     317
     260
     288
     294
     287
     264
     273
     262
     253
     262
     289
     266
     287
     289
     270
     282
     240
     284
     291
     250
     296
     298
     271
     267
     270
     266
     250
     287
     275
     268
     275
     284
     250
     241
     250
     245
     257
     236
     253
     221
     261
     263
     237
     235
     229
     226
     254
     213
     250
     251
     256
     237
     224
     241
     255
     223
     257
     245
     275
     232
     218
     235
     248
     260
     240
     238
     257
     266
     239
     215
     235
     255
     223
     243
     214
     214
     240
     239
     216
     207
     219
     239
     186
     240
     241
     241
     236
     257
     221
     222
     233
     214
     224
     257
     233
     232
     231
     249
     244
     224
     243
     243
     259
     212
     262
     206
     266
     248
     252
     243
     235
     241
     253
     248
     236
     209
     249
     222
     265
     255
     243
     230
     232
     233
     226
     205
     228
     225
     238
     234
     254
     218
     246
     276
     239
     247
     269
     249
     250
     238
     268
     271
     280
     277
     235
     236
     239
     259
     276
     278
     248
     292
     248
     267
     242
     292
     269
     266
     290
     260
     253
     273
     289
     272
     260
     275
     273
     257
     276
     283
     286
     286
     259
     301
     277
     299
     286
     288
     317
     306
     303
     308
     309
     283
     300
     318
     290
     274
     315
     305
     309
     304
     295
     306
     312
     338
     351
     315
     278
     339
     303
     328
     307
     370
     320
     310
     322
     306
     348
     341
     358
     337
     331
     331
     379
     370
     368
     360
     352
     336
     333
     304
     371
     410
     361
     343
     377
     372
     335
     367
     351
     374
     372
     342
     391
     373
     366
     358
     375
     357
     393
     408
     376
     394
     385
     370
     392
     360
     402
     390
     371
     359
     412
     431
     420
     396
     420
     430
     420
     420
     419
     419
     429
     435
     409
     417
     416
     467
     424
     409
     459
     447
     452
     459
     425
     427
     409
     466
     441
     486
     468
     440
     430
     474
     492
     487
     470
     468
     453
     449
     477
     483
     476
     483
     495
     485
     492
     470
     441
     485
     484
     479
     531
     476
     484
     509
     529
     482
     503
     499
     485
     547
     498
     491
     493
     545
     559
     518
     532
     525
     510
     524
     542
     485
     540
     519
     528
     574
     530
     578
     582
     557
     531
     551
     535
     481
     506
     536
     565
     541
     564
     517
     526
     543
     571
     577
     538
     527
     558
     540
     591
     577
     502
     565
     557
     600
     541
     577
     564
     530
     581
     556
     554
     593
     564
     551
     573
     539
     598
     583
     611
     569
     563
     536
     587
     599
     561
     559
     591
     555
     552
     565
     584
     568
     625
     598
     593
     575
     598
     592
     627
     593
     572
     558
     547
     587
     595
     530
     568
     565
     580
     567
     596
     568
     612
     598
     605
     612
     622
     585
     621
     574
     588
     566
     577
     615
     544
     543
     603
     583
     619
     615
     600
     565
     541
     573
     647
     601
     611
     594
     581
     622
     562
     556
     637
     600
     565
     577
     585
     573
     592
     585
     558
     557
     593
     565
     590
     569
     605
     574
     565
     533
     593
     577
     572
     542
     599
     611
     551
     595
     557
     567
     586
     558
     560
     547
     585
     534
     546
     547
     532
     546
     525
     528
     536
     563
     521
     556
     543
     554
     605
     517
     584
     560
     550
     585
     605
     546
     570
     548
     545
     497
     535
     532
     541
     545
     518
     591
     515
     566
     518
     489
     516
     504
     503
     488
     481
     506
     481
     497
     567
     505
     495
     505
     500
     495
     512
     489
     491
     474
     523
     505
     471
     524
     510
     499
     480
     481
     499
     453
     441
     489
     457
     468
     466
     458
     477
     445
     471
     471
     485
     456
     423
     446
     424
     512
     434
     461
     485
     414
     465
     471
     439
     451
     481
     440
     419
     403
     404
     413
     425
     425
     396
     425
     438
     411
     397
     386
     414
     389
     397
     406
     399
     423
     386
     408
     400
     405
     370
     389
     410
     388
     381
     357
     378
     385
     407
     372
     368
     405
     321
     356
     352
     345
     354
     372
     323
     325
     353
     332
     366
     312
     349
     346
     313
     329
     345
     323
     342
     365
     336
     319
     306
     351
     316
     299
     301
     310
     321
     319
     285
     311
     302
     285
     311
     320
     306
     326
     309
     305
     306
     265
     293
     273
     306
     261
     281
     265
     252
     289
     290
     272
     249
     268
     234
     261
     292
     235
     251
     257
     248
     215
     237
     249
     242
     233
     225
     258
     243
     249
     228
     244
     212
     225
     236
     240
     267
     195
     219
     218
     230
     210
     201
     228
     213
     220
     197
     235
     201
     188
     213
     207
     186
     194
     195
     225
     195
     215
     227
     195
     187
     200
     203
     178
     182
     157
     220
     192
     173
     187
     190
     162
     157
     191
     175
     186
     149
     187
     164
     160
     145
     168
     156
     167
     163
     141
     171
     158
     154
     140
     159
     133
     151
     144
     156
     157
     154
     167
     122
     127
     133
     136
     126
     136
     110
     140
     125
     128
     144
     136
     124
     134
     112
     123
     130
     109
     117
     116
     120
     135
     106
     104
     119
     122
     119
     130
     107
     128
     107
     105
     117
      95
     100
     110
      95
      91
     102
     104
      87
      94
      88
     100
     101
     107
      76
      93
      99
      78
      99
     100
     110
      91
      89
      81
      76
      81
      80
      85
      70
      94
      87
      95
      85
      80
      63
      86
      84
      90
      57
      76
      68
      71
      80
      78
      87
      83
      79
      75
      72
      71
      72
      77
      71
      60
      63
      70
      70
      66
      67
      60
      67
      69
      58
      65
      57
      50
      69
      67
      56
      72
      52
      58
      53
      62
      57
      50
      70
      49
      53
      50
      62
      44
      59
      69
      49
      39
      51
      51
      50
      45
      53
      46
      51
      44
      44
      39
      41
      42
      59
      36
      42
      40
      39
      48
      55
      52
      43
      42
      44
      36
      40
      34
      57
      54
      45
      46
      35
      35
      41
      44
      35
      47
      27
      33
      52
      42
      33
      44
      32
      44
      38
      31
      42
      32
      40
      32
      26
      34
      32
      28
      39
      29
      27
      33
      32
      23
      33
      40
      31
      34
      36
      28
      29
      33
      39
      29
      32
      21
      28
      38
      31
      25
      27
      19
      27
      20
      18
      26
      36
      29
      28
      26
      25
      27
      26
      33
      39
      20
      22
      31
      29
      30
      20
      33
      24
      31
      36
      31
      24
      21
      25
      28
      25
      33
      27
      26
      15
      28
      26
      24
      27
      18
      28
      21
      30
      21
      15
      28
      24
      29
      27
      28
      24
      17
      30
      15
      28
      25
      23
      21
      31
      29
      15
      23
      22
      28
      21
      20
      26
      22
      15
      22
      14
      19
      13
      18
      20
      20
      26
      21
      22
      23
      17
      24
      25
      15
      16
      20
      23
      11
      16
      27
      25
      19
      18
      20
      16
      17
      15
      13
      19
      22
      18
      13
      16
      13
      19
      20
      15
      21
      20
      22
      18
      21
      24
      19
      13
      20
      24
      21
      19
      26
      18
      27
      21
      18
      17
      14
      19
      19
      21
      18
      10
      21
      16
      13
      18
      19
      21
      23
      22
      15
      22
      21
      26
      17
      23
      12
      17
      15
      16
      18
      17
      20
       9
      22
      16
      22
      19
      20
      18
      17
      24
      17
      15
      13
      12
      20
      20
      22
      14
      17
       9
      16
      23
      21
      16
      11
      21
      16
      13
       9
      15
      20
      15
      18
      13
      16
      19
      15
      15
      26
      19
      26
      17
      15
      14
      15
      21
      18
      20
      11
      16
      10
      18
      14
      14
      17
      17
       7
      18
      19
      13
      14
      16
      22
      13
      20
      13
      18
      22
      25
      19
      22
      21
      18
      18
      20
      11
      18
      17
      16
      13
       6
      19
      22
       6
      19
      13
      12
      25
      19
      19
      20
      12
      15
      19
      11
      15
      18
      11
      22
      19
      21
      16
      27
      15
      24
      17
      21
      17
      19
      12
      23
       9
      17
      11
      15
      15
      14
      26
      16
      23
      14
      14
      15
      12
      20
      23
      14
      14
      11
      10
      13
      16
      13
      17
      14
      16
       9
      14
      13
      21
      12
      20
      12
      12
      10
      16
      11
      15
      15
      14
      11
       7
      14
      10
      13
      14
      13
      23
      22
      20
      18
      13
      24
      12
      14
       9
      20
      21
      15
      14
      15
      17
      15
      20
      17
      17
      13
      14
      11
      17
      14
      20
      14
      17
      14
      27
      14
      13
      16
      13
      17
      18
      21
      13
      15
      17
      18
      14
      13
      25
      10
      17
      26
      19
      20
      17
      18
      11
      11
      15
      15
      19
      13
      17
      18
      15
      10
      15
      11
      16
      18
      26
      12
      15
      11
      18
      15
      14
      12
      18
      14
       4
      12
      17
      19
      20
       4
      17
      14
      17
      10
      24
      22
      15
      11
      16
      12
      18
      11
      12
      18
      14
      16
      16
      22
      13
      15
      22
      17
      17
      12
      19
      17
      22
      14
       9
      16
      16
      20
       9
      14
      20
       8
      15
      16
      11
      18
      13
      12
      18
      18
      12
      16
      16
      13
      11
      23
      13
      19
      11
      15
      14
      16
      18
      16
      23
      16
      21
      13
      16
      17
      14
      18
      18
      17
      17
      17
      18
      14
      19
       9
      15
      15
      16
      15
       5
      13
      15
      14
       8
       9
      14
      15
      14
      11
      11
      15
      12
      12
      10
      12
      10
      17
      18
       9
      17
      10
      23
      16
       7
      14
       8
      11
      19
       9
      13
      10
      20
      16
      14
      16
      15
      18
      19
      14
      13
      17
      18
      14
      16
      24
      16
       5
      23
      11
      18
      17
      12
      16
      17
      13
      21
      14
      11
      10
      14
      21
       7
       7
      22
      12
      18
      15
      10
      12
      12
      18
      17
      14
       8
       5
       9
      14
      15
      22
      18
      14
      10
      17
      15
      14
      12
      14
      16
      14
      21
       8
      16
       6
      10
      17
       8
      11
      19
      18
      18
      14
      13
      15
      12
      14
      11
      18
      12
       5
      19
      13
      13
      17
       9
      20
      12
       9
      18
      17
      12
      18
      18
      16
      11
      14
      14
      12
      18
      14
      11
      14
      16
      17
      11
      10
      13
       9
      13
      14
      12
      15
       9
      11
      15
      13
      13
       8
      19
      22
      18
      11
      17
      12
      17
      18
      13
       9
      11
       9
      22
      10
      11
      16
      14
      15
      15
       8
      12
      10
      14
       9
      14
      14
      16
      14
      18
      10
      19
      12
      10
      20
      13
      20
      11
      11
      12
      16
      15
       9
      15
      11
      13
      12
      17
      15
       9
      11
      12
      13
      14
      17
      10
      19
      15
      16
       8
      12
      12
      13
      18
      12
       6
       8
      16
      17
      13
      10
      14
      10
      13
      11
      18
      18
      17
      14
      12
       6
      17
      27
      15
      15
      13
      10
       5
      12
      17
      13
      10
      12
      11
      15
      12
       6
      16
      18
      17
      12
      13
      11
      11
      11
      19
      13
       8
      13
      12
      19
      10
      19
      12
      12
      13
      10
      14
      12
      14
      12
       9
       6
      10
      11
      12
      11
      11
      11
       8
      13
      15
       8
      11
      17
      14
      11
      13
       7
      17
      20
       8
      12
      11
       8
      17
      17
      11
      15
      16
      10
       9
       9
      16
      16
      14
      14
      14
      13
      13
       9
      13
      13
      12
      14
      13
      14
       8
      10
      12
      17
      19
      10
       8
       7
      10
      15
      12
      20
      10
      19
      18
       9
      11
      16
      18
      13
      19
      13
       6
      16
      10
      14
      18
      12
       7
      15
      13
       6
       9
      13
       6
      13
      10
      15
      13
      16
      14
      10
      16
       8
       9
       9
       7
       7
      13
      10
      10
       9
      13
      12
      14
      11
      11
      11
       8
       7
       7
       9
       8
      20
      13
       8
      16
      11
      10
      18
      12
       6
      10
       7
      11
      10
      14
      14
      13
       7
       7
      10
      16
      11
       7
       9
      10
      12
      11
       5
      14
      15
       9
      13
      12
      10
      13
      11
      15
      12
       9
       6
       7
       6
       4
       3
       8
      13
      13
      13
      18
      13
      16
      10
      15
      10
      11
      11
      13
      13
      12
      12
      15
      12
       8
      12
      11
       6
       6
      10
      15
      14
      14
       7
       8
      12
      18
       6
      17
      13
      10
      14
      10
      12
      14
      12
      10
      13
      10
      13
      14
      18
       8
       9
       7
       7
      12
      12
      12
      14
      19
      10
      11
       9
      13
       9
      14
       7
      14
      14
      13
      12
       9
       7
      10
       8
      10
       8
      17
       8
      16
      11
      12
      14
      14
      11
      19
       8
      14
      18
       9
      10
      14
      11
      10
      13
      14
      13
      19
      18
      10
      14
      11
      15
      13
      15
      11
       8
      13
       9
      13
      15
       9
      14
      18
       7
      13
      17
      11
      15
       7
       8
       9
       8
      10
       9
       6
       6
       6
       9
       4
       5
      14
      11
      16
      16
      10
      11
       9
       5
      10
       7
       9
      11
      13
       8
      10
      11
       6
       4
      13
      11
       8
      14
      10
      10
      14
      18
      19
      16
      10
      13
       7
      13
      12
      15
      12
      12
      17
       9
      12
       6
      13
      12
      11
      10
      10
      11
       8
       8
      10
      14
      10
      14
      12
       5
       6
       5
      11
      11
       8
       8
      10
       7
       5
      16
       8
       7
       7
       7
       9
      15
       7
      11
       9
      10
       9
       7
       7
       5
      12
      12
       9
      12
       9
       6
      13
      15
       8
       9
      12
      20
      12
      11
      15
      19
       6
      16
       4
      11
       6
      10
      12
       9
       9
      15
       7
       6
      11
      10
      11
      13
      12
      10
      12
      18
      11
      14
      10
      12
       8
       8
       8
      12
       9
      11
       6
      18
      11
       4
       8
      12
      13
      15
       5
       7
      11
       9
      12
      16
       8
       9
      14
      16
       6
       8
      15
       9
      14
       9
      10
      11
      12
      11
      12
       7
      10
      12
      12
      10
       8
       8
       9
      11
       6
      14
      12
      20
       6
      14
      15
       7
      11
      10
      12
      12
       7
      13
       6
       6
       6
       7
       8
       7
       7
       8
       5
      11
       6
       6
      13
       8
       8
      11
       9
       7
       9
       6
       9
      14
      12
       8
       6
      12
       5
      11
      10
       6
       8
      15
       8
       8
       9
       8
       7
       9
      10
      19
       8
       5
       6
      15
      12
      12
      10
       5
       9
       7
       9
      11
      11
      18
       6
       6
      14
       5
       4
      13
      15
      14
      14
       3
      10
      11
       6
      11
      12
       9
      14
      10
       8
      14
      11
      11
       9
      14
       8
      13
       3
      11
      12
       4
       9
      11
       6
       5
      10
       8
       8
       9
      12
      12
       9
       6
      10
       7
       8
      10
      13
       6
       9
      11
      14
       7
      15
       8
      10
      13
      12
       3
       5
      14
       9
      15
       9
       6
      11
      15
       7
       9
      15
      18
      10
      14
      11
      14
       6
       9
      13
       7
      12
      14
       4
       7
       5
       7
       7
      11
       6
       7
      11
      10
       7
      18
       8
       5
       9
       9
       7
      10
       6
       9
       7
      14
      12
       9
       8
      10
       6
      11
      10
      10
       9
      12
      10
       8
       6
      10
       8
       6
      10
       9
       9
       6
       9
       6
      11
       7
       7
       8
       8
       6
       8
      10
       5
       6
       9
       6
      15
      12
       9
       5
      11
      11
       6
      10
      12
      11
       8
       7
      10
      10
      10
      10
       7
       8
       4
       9
       8
       7
       5
       7
       5
      11
      11
      14
       8
       7
       3
       4
       9
       7
       9
       8
       2
      11
      18
       9
      11
       8
       8
       9
      11
      10
      11
       7
      14
       7
       8
       7
      14
       7
       4
      11
       5
      10
      16
       1
       2
      16
       8
      12
      10
      11
       6
       6
       7
       6
       9
       4
      10
       8
      12
      10
      10
      14
       9
       6
      15
       4
       5
       9
      11
       7
       9
       6
       9
       6
      19
       7
      12
       8
      13
      12
       8
       7
      13
       4
      13
       5
      12
       8
      14
      11
      13
       8
       7
       9
       5
      12
       6
       7
      10
       9
       8
       8
       4
      16
       8
      10
      14
      10
       9
       7
       4
       7
      10
       8
       9
      11
      13
      10
      12
       9
       9
      10
       9
      15
      11
       7
       5
       7
       5
      10
       7
       7
      10
       9
       5
      14
       9
       2
       7
       8
       5
       6
      10
       6
      10
       7
       8
       5
      11
       5
       9
      11
       4
       7
       8
      11
       9
       9
       9
       6
       8
       8
       7
       2
       8
       6
       7
      12
      10
       9
       5
       2
      15
       6
       4
      12
       6
       8
       9
      10
      12
      11
       6
       7
       8
       7
       7
       8
       5
       4
       4
      11
      10
       9
       7
       8
       9
       6
       9
      10
       7
       7
       3
       5
       4
       4
       5
       5
       6
       4
       4
       4
       6
       3
       1
       6
       3
       3
       1
       1
       2
       5
       4
       1
       1
       1
       4
       2
       3
       1
       3
       4
       0
       2
       0
       0
       4
       3
       3
       3
       2
       2
       1
       1
       6
       1
       2
       1
       1
       1
       2
       3
       2
       2
       0
       0
       2
       1
       2
       0
       1
       1
       1
       1
       0
       0
       0
       5
       1
       0
       0
       0
       1
       0
       0
       0
       1
       0
       0
       0
       1
       0
       1
       0
       0
       0
       0
       0
       0
       0
       0
       0
       0
       0
       0
       0
       0
       0
       1
       0
       1
       1
       0
       1
       0
       0
       0
       0
       0
       0
       0
       0
       1
       0
       0
       0
       0
       0
       0
       0
       0
       0
       0
       0
       0
       0
       0
       0
       0
       0
       0
       0
       0
       0
       0
       0
       0
       0
       0
       0
       0
       0
       0
       0
       0
       0
       0
       0
       0
       0
       0
       0
       0
       0
       0
       0
       0
       0
       0
       0
       0
       0
       0
       0
       0
       0
       0
       0
       0
       0
       0
       0
       0
       0
       0
       0
       0
       0
       0
       0
       0
       0
       0
       0
       0
       0
       0
       0
       0
       0
       0
       0
       0
       0
       0
       0
       0
       0
       0
       0
       0
       0
       0
       0
       0
       0
       0
       0
       0
       0
       0
       0
       0
       0
       0
       0
       0
       0
       0
       0
       0
       0
       0
       0
       0
       0
       0
       0
       0
       0
       0
       0
       0
       0
       0
       0
       0
       0
       0
       0
       0
       0
       0
       0
       0
       0
       0
       0
       0
       0
       0
       0
       0
       0
       0
       0
       0
       0
       0
       0
       0
       0
       0
       0
       0
       0
       0
       0
       0
       0
       0
       0
       0
       0
       0
       0
$ROI:
1
5540 6134
$PRESETS:
Live Time
180
0
$ENER_FIT:
0.000000 0.227554
$MCA_CAL:
3
0.000000E+000 2.275539E-001 0.000000E+000 keV
$SHAPE_CAL:
3
3.368824E+002 0.000000E+000 0.000000E+000
