$SPEC_ID:
No sample description was entered.
$SPEC_REM:
DET# 3
DETDESC# FP-GAMMA2 MCB 129
AP# Maestro Version 7.01
$DATE_MEA:
12/04/2013 12:05:20
$MEAS_TIM:
160 180
$DATA:
0 8191
       0
       0
       0
       0
       0
       0
       0
       0
       2
       2
       0
       8
       4
       5
       2
       4
       6
       9
       2
       6
       3
       2
       3
       7
       7
       8
      11
       9
       6
      12
      13
      10
      10
       8
       5
      17
      17
       9
      19
      15
      16
      15
      20
      20
      19
      21
      22
      20
      16
      24
      27
      28
      27
      44
      89
     180
     106
     111
      96
      99
     169
     725
    1761
    1743
    1603
    1477
    1288
    1138
    1094
    1010
     918
     913
     795
     774
     772
     719
     654
     663
     606
     569
     573
     585
     525
     550
     536
     540
     558
     534
     526
     528
     557
     487
     520
     491
     507
     492
     530
     530
     513
     490
     486
     528
     507
     521
     502
     502
     519
     502
     458
     492
     527
     532
     522
     510
     525
     536
     519
     498
     509
     503
     514
     520
     494
     521
     540
     506
     532
     552
     546
     545
     505
     521
     543
     517
     549
     488
     526
     509
     489
     537
     527
     531
     527
     505
     552
     522
     519
     566
     516
     529
     521
     517
     585
     526
     505
     518
     523
     533
     559
     545
     549
     559
     534
     554
     562
     534
     562
     535
     534
     530
     547
     544
     522
     537
     522
     523
     563
     505
     557
     546
     525
     531
     530
     525
     523
     536
     577
     567
     548
     522
     526
     550
     556
     542
     579
     535
     567
     530
     555
     595
     513
     544
     580
     574
     569
     580
     581
     558
     532
     552
     561
     533
     551
     566
     585
     596
     563
     579
     525
     579
     553
     567
     561
     625
     562
     588
     595
     573
     608
     543
     596
     580
     606
     571
     588
     552
     597
     576
     581
     596
     566
     566
     579
     576
     590
     522
     578
     601
     604
     578
     555
     544
     556
     557
     545
     534
     594
     567
     569
     575
     560
     583
     555
     581
     627
     555
     580
     540
     574
     578
     545
     555
     592
     612
     558
     570
     546
     602
     568
     554
     529
     593
     623
     594
     582
     574
     577
     564
     531
     551
     571
     621
     568
     588
     586
     541
     556
     586
     566
     586
     617
     568
     549
     608
     540
     614
     590
     570
     586
     602
     587
     606
     546
     557
     551
     587
     561
     580
     582
     632
     620
     666
     664
     585
     629
     572
     598
     617
     632
     616
     623
     617
     622
     602
     599
     613
     671
     656
     666
     629
     638
     633
     646
     650
     683
     701
     662
     710
     717
     683
     731
     681
     706
     713
     701
     695
     678
     703
     749
     751
     747
     774
     727
     779
     723
     756
     809
     743
     785
     759
     783
     815
     764
     790
     790
     793
     804
     807
     786
     795
     802
     807
     794
     790
     835
     790
     794
     784
     811
     780
     759
     802
     783
     806
     800
     812
     794
     766
     788
     750
     812
     806
     845
     753
     754
     801
     748
     767
     726
     791
     728
     843
     720
     767
     763
     710
     749
     779
     762
     707
     743
     722
     721
     732
     730
     714
     712
     686
     728
     755
     696
     720
     719
     684
     704
     685
     672
     650
     706
     683
     697
     682
     680
     673
     631
     689
     635
     644
     664
     699
     651
     649
     620
     655
     656
     667
     668
     641
     658
     673
     652
     664
     698
     640
     679
     688
     608
     653
     611
     650
     617
     622
     609
     639
     633
     591
     620
     619
     643
     583
     626
     617
     623
     670
     588
     624
     625
     638
     589
     597
     608
     590
     617
     594
     619
     622
     618
     619
     558
     604
     600
     590
     611
     621
     568
     610
     551
     593
     591
     543
     561
     553
     614
     609
     570
     569
     600
     566
     568
     614
     623
     616
     583
     629
     595
     558
     584
     597
     651
     604
     612
     641
     618
     621
     574
     592
     612
     621
     643
     571
     610
     593
     591
     591
     599
     579
     622
     590
     612
     635
     576
     624
     565
     581
     649
     583
     611
     599
     613
     649
     586
     590
     631
     580
     578
     614
     573
     637
     594
     609
     642
     611
     619
     621
     620
     635
     653
     602
     606
     587
     637
     632
     635
     683
     633
     596
     658
     670
     637
     623
     640
     645
     599
     649
     648
     648
     667
     621
     686
     677
     646
     668
     627
     633
     703
     647
     615
     629
     673
     615
     638
     639
     621
     587
     631
     646
     652
     649
     655
     593
     686
     621
     639
     648
     630
     680
     680
     627
     659
     606
     650
     626
     634
     656
     704
     653
     628
     659
     668
     649
     611
     637
     697
     713
     599
     692
     682
     649
     594
     682
     619
     646
     618
     626
     648
     611
     650
     683
     669
     669
     671
     615
     667
     675
     676
     632
     683
     691
     641
     654
     656
     637
     633
     622
     647
     676
     642
     663
     639
     683
     645
     682
     704
     681
     673
     678
     679
     686
     652
     660
     679
     693
     661
     621
     639
     620
     695
     650
     633
     658
     639
     688
     647
     661
     718
     695
     670
     671
     681
     673
     647
     722
     658
     659
     650
     708
     665
     684
     668
     681
     672
     703
     711
     644
     670
     699
     644
     677
     646
     697
     675
     714
     684
     689
     688
     696
     651
     658
     618
     697
     628
     757
     706
     700
     707
     702
     672
     627
     670
     640
     695
     694
     732
     632
     702
     704
     691
     673
     632
     651
     717
     685
     693
     719
     681
     669
     698
     669
     700
     702
     650
     701
     656
     691
     699
     670
     703
     646
     728
     743
     703
     658
     662
     708
     715
     663
     754
     685
     724
     665
     708
     688
     733
     679
     726
     721
     698
     677
     719
     717
     719
     704
     669
     732
     723
     683
     728
     707
     675
     691
     742
     700
     622
     679
     716
     704
     707
     736
     737
     761
     704
     698
     677
     728
     686
     684
     758
     670
     678
     723
     661
     756
     679
     668
     729
     662
     716
     701
     762
     697
     696
     738
     687
     710
     717
     748
     698
     697
     686
     733
     693
     708
     691
     723
     719
     676
     651
     719
     661
     696
     738
     712
     686
     706
     694
     752
     704
     731
     724
     639
     708
     725
     706
     734
     719
     674
     696
     731
     699
     724
     725
     718
     708
     737
     727
     735
     759
     754
     695
     721
     768
     713
     794
     759
     718
     730
     767
     737
     748
     684
     718
     806
     741
     761
     759
     775
     755
     755
     754
     735
     731
     750
     759
     725
     735
     760
     766
     746
     746
     740
     780
     732
     772
     756
     734
     736
     749
     784
     729
     784
     768
     777
     832
     805
     785
     755
     736
     778
     798
     778
     807
     770
     787
     711
     778
     742
     808
     783
     791
     745
     730
     770
     844
     778
     759
     848
     769
     775
     804
     791
     808
     782
     799
     796
     750
     813
     811
     834
     803
     788
     771
     786
     781
     825
     796
     835
     781
     799
     822
     724
     837
     805
     797
     843
     800
     802
     788
     782
     805
     841
     782
     826
     811
     855
     798
     860
     826
     832
     815
     837
     834
     822
     800
     857
     853
     865
     867
     815
     860
     802
     883
     903
     860
     829
     832
     881
     853
     811
     877
     895
     840
     843
     875
     840
     862
     876
     852
     845
     883
     836
     849
     798
     875
     831
     885
     899
     817
     828
     828
     863
     833
     858
     946
     858
     916
     853
     842
     845
     838
     870
     907
     933
     869
     878
     891
     900
     885
     863
     855
     894
     889
     830
     844
     866
     896
     819
     908
     908
     865
     854
     879
     814
     861
     857
     882
     888
     849
     884
     894
     894
     845
     882
     861
     837
     874
     836
     873
     901
     866
     865
     828
     872
     824
     887
     843
     824
     827
     842
     860
     844
     842
     815
     840
     870
     825
     854
     850
     833
     840
     817
     858
     835
     822
     922
     841
     867
     840
     864
     845
     792
     849
     833
     819
     857
     827
     805
     846
     877
     879
     847
     836
     824
     849
     849
     871
     829
     844
     851
     845
     807
     853
     814
     743
     834
     801
     814
     813
     849
     841
     826
     801
     833
     865
     822
     819
     845
     807
     809
     806
     796
     807
     820
     774
     788
     837
     803
     806
     835
     816
     774
     801
     807
     807
     788
     768
     820
     826
     812
     817
     795
     790
     793
     755
     834
     808
     813
     769
     824
     830
     810
     822
     846
     816
     722
     830
     824
     818
     789
     744
     821
     769
     841
     830
     850
     827
     790
     787
     816
     743
     794
     775
     775
     804
     782
     743
     828
     781
     800
     831
     783
     785
     754
     797
     792
     750
     741
     750
     800
     783
     748
     708
     750
     782
     766
     728
     785
     789
     789
     736
     774
     753
     785
     720
     695
     759
     769
     750
     797
     769
     742
     739
     719
     766
     771
     769
     751
     705
     708
     777
     752
     779
     790
     688
     739
     743
     714
     704
     756
     702
     703
     748
     752
     694
     742
     784
     751
     772
     762
     767
     702
     765
     748
     753
     712
     745
     772
     735
     729
     773
     767
     736
     715
     713
     774
     742
     746
     746
     722
     747
     747
     788
     741
     689
     741
     779
     674
     700
     779
     760
     786
     779
     698
     724
     718
     697
     688
     694
     762
     680
     715
     663
     706
     715
     713
     694
     711
     699
     768
     707
     763
     740
     698
     723
     665
     715
     710
     681
     731
     715
     728
     664
     674
     708
     721
     709
     745
     712
     732
     688
     706
     728
     696
     687
     694
     684
     686
     719
     695
     738
     702
     688
     745
     657
     679
     659
     703
     724
     683
     666
     699
     677
     630
     673
     707
     719
     704
     676
     758
     712
     683
     688
     738
     672
     687
     738
     686
     669
     669
     689
     695
     711
     696
     668
     697
     696
     714
     695
     678
     677
     724
     676
     708
     706
     666
     724
     690
     644
     671
     687
     680
     679
     683
     679
     702
     671
     667
     689
     673
     690
     695
     681
     734
     684
     708
     730
     719
     717
     642
     670
     720
     655
     635
     644
     645
     675
     719
     734
     677
     677
     616
     686
     641
     677
     649
     732
     649
     664
     664
     652
     669
     672
     675
     725
     639
     625
     716
     664
     646
     686
     668
     677
     666
     704
     698
     662
     671
     637
     632
     694
     654
     684
     673
     652
     716
     611
     676
     617
     700
     653
     643
     629
     683
     665
     614
     612
     653
     630
     643
     581
     674
     648
     693
     655
     689
     638
     639
     664
     626
     645
     671
     693
     634
     657
     651
     633
     629
     654
     664
     651
     617
     612
     666
     600
     612
     648
     652
     581
     627
     625
     632
     602
     669
     627
     620
     640
     636
     615
     619
     620
     601
     623
     628
     633
     697
     630
     620
     648
     688
     649
     641
     632
     625
     615
     617
     632
     619
     583
     590
     618
     610
     652
     597
     588
     639
     622
     569
     617
     586
     648
     644
     661
     597
     584
     606
     636
     659
     635
     622
     600
     610
     630
     645
     621
     576
     611
     597
     622
     633
     611
     621
     599
     625
     599
     651
     658
     612
     611
     601
     589
     666
     649
     646
     656
     621
     647
     608
     605
     640
     583
     563
     574
     623
     600
     595
     592
     598
     595
     602
     641
     621
     617
     556
     620
     638
     621
     598
     593
     653
     678
     619
     603
     544
     608
     633
     611
     620
     603
     594
     569
     610
     569
     622
     602
     592
     599
     644
     577
     610
     613
     624
     594
     587
     599
     610
     565
     635
     580
     610
     586
     581
     583
     618
     589
     599
     639
     595
     624
     623
     593
     622
     583
     561
     609
     612
     643
     594
     603
     620
     600
     582
     580
     617
     567
     625
     596
     551
     565
     618
     615
     560
     611
     557
     601
     577
     595
     589
     586
     589
     596
     602
     610
     596
     576
     602
     585
     584
     571
     537
     535
     609
     583
     610
     643
     611
     592
     605
     556
     612
     622
     606
     569
     574
     598
     629
     566
     550
     545
     600
     599
     583
     558
     597
     525
     587
     578
     560
     619
     581
     576
     579
     622
     547
     587
     580
     582
     618
     612
     597
     578
     612
     603
     542
     568
     599
     588
     587
     577
     583
     539
     558
     536
     565
     567
     597
     551
     571
     575
     619
     574
     563
     565
     575
     576
     545
     555
     556
     557
     586
     575
     623
     620
     589
     579
     594
     548
     533
     602
     589
     581
     587
     550
     587
     556
     556
     568
     589
     597
     608
     600
     528
     622
     622
     655
     572
     607
     570
     572
     585
     559
     581
     544
     581
     567
     608
     570
     563
     587
     564
     575
     562
     559
     604
     557
     567
     547
     564
     578
     568
     543
     547
     575
     565
     571
     542
     612
     542
     572
     565
     568
     586
     558
     550
     557
     552
     553
     583
     537
     571
     607
     579
     576
     586
     567
     583
     557
     536
     570
     594
     556
     562
     555
     572
     574
     596
     598
     593
     571
     594
     571
     578
     587
     541
     522
     566
     557
     544
     575
     565
     534
     568
     539
     548
     606
     578
     555
     573
     593
     571
     600
     550
     584
     586
     558
     587
     531
     563
     586
     569
     561
     596
     537
     591
     561
     576
     567
     552
     542
     561
     568
     527
     570
     533
     604
     525
     561
     565
     497
     571
     580
     603
     561
     559
     599
     576
     536
     545
     507
     587
     561
     536
     560
     570
     541
     559
     575
     605
     558
     517
     584
     577
     527
     525
     571
     534
     486
     529
     575
     538
     559
     498
     546
     540
     544
     567
     580
     528
     538
     600
     584
     569
     531
     575
     538
     567
     554
     566
     574
     549
     540
     558
     525
     588
     538
     579
     525
     614
     553
     574
     550
     519
     521
     551
     549
     537
     530
     554
     552
     519
     572
     544
     545
     552
     532
     553
     559
     553
     527
     549
     569
     568
     526
     551
     555
     524
     534
     538
     553
     570
     527
     572
     583
     545
     571
     548
     525
     556
     562
     521
     530
     528
     547
     536
     593
     536
     517
     560
     552
     526
     559
     557
     531
     550
     503
     567
     554
     530
     560
     554
     530
     523
     584
     491
     545
     578
     531
     526
     546
     531
     504
     555
     511
     545
     551
     531
     585
     551
     544
     521
     540
     546
     561
     556
     570
     565
     524
     557
     563
     563
     505
     561
     588
     509
     521
     511
     545
     527
     536
     576
     512
     570
     526
     561
     574
     558
     507
     527
     540
     524
     536
     551
     529
     504
     484
     573
     525
     538
     554
     550
     527
     567
     534
     535
     564
     563
     557
     485
     549
     537
     585
     534
     562
     534
     535
     556
     531
     534
     550
     553
     506
     566
     532
     556
     562
     542
     535
     507
     567
     524
     532
     517
     561
     550
     522
     507
     557
     522
     534
     512
     525
     558
     496
     525
     550
     540
     587
     559
     566
     537
     562
     554
     544
     532
     518
     555
     532
     535
     583
     549
     526
     511
     512
     545
     508
     524
     552
     545
     550
     518
     577
     532
     519
     575
     524
     514
     551
     554
     542
     529
     514
     544
     574
     505
     491
     537
     548
     549
     522
     528
     557
     518
     523
     566
     537
     541
     533
     522
     502
     547
     514
     536
     583
     545
     533
     524
     529
     530
     516
     551
     507
     553
     552
     580
     545
     521
     552
     561
     578
     574
     623
     515
     516
     557
     568
     591
     558
     552
     560
     524
     563
     552
     566
     531
     552
     568
     548
     518
     566
     567
     527
     542
     514
     544
     571
     545
     545
     539
     513
     556
     546
     566
     572
     580
     574
     516
     569
     537
     545
     602
     557
     511
     545
     524
     548
     534
     561
     568
     535
     542
     543
     543
     497
     529
     553
     509
     504
     526
     526
     571
     535
     528
     504
     544
     541
     563
     529
     584
     577
     536
     576
     537
     529
     514
     480
     564
     554
     534
     521
     520
     533
     543
     515
     541
     527
     535
     531
     578
     529
     552
     529
     542
     558
     537
     554
     529
     498
     551
     561
     524
     547
     555
     546
     532
     588
     550
     519
     534
     540
     516
     531
     554
     518
     521
     537
     574
     583
     545
     533
     511
     531
     573
     546
     552
     537
     560
     562
     548
     577
     531
     519
     550
     616
     460
     558
     516
     554
     549
     552
     536
     535
     533
     524
     510
     540
     592
     556
     520
     527
     534
     535
     555
     546
     542
     543
     573
     555
     500
     549
     528
     511
     522
     542
     551
     561
     549
     537
     505
     535
     512
     508
     520
     595
     504
     537
     490
     535
     544
     523
     527
     534
     552
     521
     537
     490
     502
     544
     567
     539
     490
     561
     505
     546
     511
     522
     518
     516
     522
     526
     550
     524
     504
     544
     527
     549
     522
     573
     571
     548
     565
     532
     539
     552
     534
     561
     517
     557
     547
     547
     552
     549
     544
     548
     562
     503
     515
     505
     519
     529
     533
     474
     550
     525
     519
     541
     528
     523
     557
     516
     528
     523
     561
     513
     534
     552
     529
     556
     501
     470
     520
     522
     501
     503
     562
     529
     518
     494
     537
     522
     520
     550
     539
     541
     515
     528
     469
     528
     526
     520
     522
     500
     526
     498
     504
     570
     510
     532
     526
     517
     551
     549
     528
     552
     507
     512
     528
     513
     519
     516
     485
     521
     500
     555
     531
     552
     507
     526
     560
     511
     556
     511
     570
     537
     507
     505
     554
     547
     563
     490
     496
     507
     589
     524
     490
     568
     557
     523
     559
     507
     547
     552
     494
     523
     504
     530
     568
     506
     567
     520
     572
     523
     538
     512
     479
     550
     493
     563
     497
     538
     534
     528
     531
     525
     547
     536
     514
     527
     509
     549
     558
     540
     547
     549
     504
     537
     499
     545
     532
     522
     516
     518
     515
     487
     488
     553
     544
     538
     502
     540
     533
     521
     497
     504
     527
     520
     522
     518
     548
     488
     514
     539
     529
     488
     510
     557
     542
     501
     549
     506
     508
     535
     491
     504
     529
     586
     503
     561
     530
     498
     535
     521
     523
     535
     532
     510
     501
     523
     485
     573
     501
     482
     505
     526
     536
     539
     504
     487
     538
     515
     498
     588
     494
     526
     504
     496
     522
     536
     488
     521
     517
     519
     545
     514
     483
     534
     503
     509
     539
     532
     533
     518
     528
     559
     563
     536
     543
     531
     520
     484
     511
     526
     498
     516
     485
     487
     509
     508
     503
     509
     487
     507
     516
     526
     534
     544
     503
     530
     523
     554
     529
     507
     531
     524
     500
     537
     541
     507
     487
     474
     521
     486
     521
     534
     500
     537
     534
     494
     492
     506
     476
     480
     505
     489
     516
     594
     546
     526
     523
     530
     545
     550
     539
     514
     542
     532
     473
     529
     559
     491
     502
     535
     527
     504
     505
     534
     540
     503
     522
     487
     533
     507
     492
     537
     530
     502
     489
     515
     514
     533
     576
     516
     490
     535
     526
     516
     547
     531
     474
     519
     513
     520
     545
     493
     537
     506
     500
     506
     552
     542
     539
     515
     502
     500
     541
     531
     561
     536
     533
     526
     506
     554
     498
     505
     513
     531
     494
     536
     521
     502
     541
     522
     474
     551
     516
     521
     520
     519
     547
     498
     504
     549
     523
     538
     481
     527
     520
     543
     529
     552
     555
     544
     499
     512
     482
     524
     558
     521
     538
     502
     488
     512
     512
     522
     524
     518
     520
     543
     555
     522
     477
     530
     515
     480
     474
     502
     521
     517
     496
     465
     543
     541
     496
     522
     529
     513
     554
     498
     494
     516
     509
     519
     494
     540
     505
     505
     553
     501
     471
     480
     496
     471
     517
     537
     476
     533
     556
     513
     508
     523
     497
     489
     531
     526
     542
     522
     532
     491
     565
     525
     504
     507
     497
     528
     579
     517
     524
     510
     502
     497
     540
     486
     533
     552
     518
     541
     524
     498
     571
     500
     520
     537
     519
     501
     556
     543
     509
     543
     535
     514
     523
     444
     532
     537
     476
     523
     519
     509
     530
     481
     528
     528
     510
     518
     515
     496
     517
     511
     534
     527
     527
     494
     539
     536
     496
     497
     533
     521
     515
     495
     540
     517
     511
     527
     516
     495
     545
     495
     522
     509
     536
     548
     536
     517
     505
     495
     501
     494
     477
     577
     515
     557
     506
     528
     496
     531
     507
     516
     525
     532
     502
     541
     513
     520
     530
     518
     530
     535
     468
     514
     561
     508
     470
     546
     494
     537
     543
     557
     525
     499
     493
     523
     504
     478
     523
     479
     537
     505
     492
     511
     512
     496
     467
     506
     540
     537
     528
     485
     524
     521
     483
     538
     484
     515
     484
     497
     518
     495
     548
     521
     500
     517
     533
     477
     503
     525
     516
     530
     521
     539
     545
     481
     511
     521
     524
     499
     542
     509
     539
     491
     566
     518
     478
     504
     528
     562
     502
     469
     539
     504
     535
     539
     550
     503
     512
     507
     545
     504
     527
     526
     491
     521
     529
     480
     538
     507
     500
     524
     506
     502
     507
     543
     521
     506
     531
     468
     531
     522
     499
     531
     538
     504
     512
     521
     540
     496
     496
     502
     508
     528
     545
     515
     525
     518
     532
     500
     546
     478
     498
     520
     527
     509
     509
     540
     551
     495
     531
     534
     509
     552
     498
     531
     506
     548
     548
     529
     539
     566
     505
     482
     537
     518
     512
     503
     529
     510
     509
     548
     541
     578
     511
     495
     516
     577
     530
     548
     520
     501
     520
     505
     539
     483
     518
     520
     498
     524
     559
     559
     483
     533
     519
     560
     496
     519
     504
     522
     528
     532
     546
     529
     491
     476
     515
     513
     487
     520
     519
     542
     527
     505
     519
     530
     472
     504
     506
     482
     513
     520
     494
     517
     529
     527
     472
     489
     536
     505
     502
     530
     564
     518
     507
     524
     494
     520
     498
     512
     501
     545
     508
     500
     528
     513
     458
     484
     513
     526
     527
     539
     508
     508
     536
     553
     529
     495
     502
     513
     506
     520
     480
     544
     530
     491
     473
     523
     491
     567
     535
     510
     541
     511
     475
     480
     537
     547
     541
     518
     497
     516
     540
     528
     518
     537
     499
     521
     518
     502
     543
     512
     508
     514
     505
     511
     536
     557
     561
     542
     490
     508
     490
     489
     489
     534
     524
     465
     520
     517
     530
     521
     543
     488
     476
     546
     543
     514
     539
     520
     527
     502
     517
     488
     540
     533
     523
     501
     505
     544
     501
     494
     503
     547
     553
     565
     522
     547
     489
     496
     551
     546
     529
     475
     463
     529
     526
     527
     530
     539
     561
     533
     542
     517
     513
     487
     539
     525
     464
     550
     491
     559
     528
     546
     522
     573
     517
     535
     535
     555
     518
     530
     522
     530
     549
     531
     581
     525
     521
     523
     482
     542
     536
     522
     474
     539
     531
     526
     526
     522
     520
     501
     540
     537
     514
     520
     548
     527
     533
     537
     518
     567
     490
     539
     537
     559
     570
     510
     545
     548
     517
     526
     530
     538
     501
     553
     505
     548
     528
     523
     509
     537
     525
     524
     515
     506
     497
     500
     533
     523
     566
     537
     511
     488
     527
     534
     520
     516
     535
     543
     514
     545
     511
     494
     520
     516
     508
     519
     542
     503
     507
     558
     531
     528
     497
     511
     513
     527
     531
     525
     523
     501
     504
     535
     535
     508
     543
     527
     507
     522
     521
     534
     500
     503
     518
     525
     551
     519
     521
     502
     522
     501
     561
     520
     532
     536
     515
     512
     544
     511
     511
     536
     513
     517
     554
     533
     508
     510
     507
     537
     515
     528
     540
     552
     505
     542
     544
     518
     526
     557
     596
     529
     505
     519
     509
     557
     549
     476
     579
     574
     533
     549
     545
     588
     525
     567
     510
     559
     503
     546
     528
     494
     524
     558
     503
     518
     503
     530
     515
     533
     510
     544
     537
     577
     522
     546
     539
     522
     599
     535
     572
     485
     548
     541
     586
     551
     543
     538
     534
     513
     518
     529
     555
     525
     560
     523
     528
     530
     584
     508
     500
     535
     523
     527
     529
     533
     589
     560
     510
     509
     516
     556
     572
     577
     539
     590
     546
     558
     569
     538
     512
     516
     516
     570
     534
     553
     558
     547
     497
     535
     523
     547
     560
     544
     517
     542
     509
     546
     554
     554
     550
     554
     554
     554
     559
     528
     542
     508
     552
     522
     521
     549
     542
     554
     498
     556
     548
     545
     549
     529
     588
     538
     562
     513
     559
     575
     557
     540
     525
     534
     575
     538
     518
     582
     591
     525
     556
     582
     515
     540
     583
     555
     559
     565
     581
     491
     516
     539
     524
     497
     567
     429
     532
     572
     561
     560
     520
     557
     564
     541
     535
     521
     557
     554
     551
     524
     587
     511
     541
     533
     563
     529
     554
     538
     499
     512
     562
     554
     527
     541
     576
     529
     549
     548
     592
     551
     536
     579
     537
     567
     555
     570
     555
     532
     561
     574
     595
     575
     544
     543
     533
     536
     547
     577
     555
     528
     526
     554
     576
     539
     539
     565
     571
     582
     529
     554
     548
     539
     557
     561
     503
     527
     576
     548
     509
     559
     514
     562
     552
     589
     574
     549
     556
     595
     524
     518
     617
     570
     567
     519
     538
     597
     587
     526
     530
     518
     535
     597
     571
     572
     548
     553
     557
     580
     560
     572
     547
     577
     566
     557
     528
     562
     567
     546
     551
     524
     546
     522
     563
     544
     564
     577
     551
     557
     548
     574
     582
     534
     558
     561
     570
     569
     544
     598
     571
     609
     529
     552
     566
     581
     527
     601
     537
     601
     544
     547
     534
     583
     580
     560
     557
     563
     539
     497
     561
     589
     597
     603
     545
     525
     564
     576
     551
     589
     574
     585
     523
     538
     567
     546
     581
     524
     535
     588
     554
     541
     556
     580
     570
     551
     552
     548
     555
     607
     540
     584
     522
     620
     594
     583
     571
     528
     530
     584
     540
     573
     521
     574
     566
     593
     602
     567
     572
     582
     573
     575
     572
     604
     546
     579
     525
     551
     578
     596
     562
     566
     577
     541
     528
     560
     577
     551
     572
     592
     513
     588
     623
     564
     550
     581
     533
     577
     597
     582
     601
     568
     623
     557
     533
     563
     534
     564
     578
     606
     544
     550
     538
     575
     545
     516
     604
     571
     553
     576
     518
     579
     586
     571
     566
     600
     564
     551
     568
     556
     566
     558
     548
     552
     594
     594
     533
     611
     584
     563
     567
     563
     593
     562
     599
     554
     562
     562
     556
     579
     551
     519
     519
     590
     547
     601
     578
     593
     560
     568
     537
     568
     552
     559
     533
     569
     541
     575
     560
     581
     586
     572
     577
     559
     535
     555
     559
     545
     544
     547
     571
     550
     551
     547
     563
     562
     529
     532
     535
     520
     595
     579
     625
     569
     586
     558
     588
     539
     554
     554
     562
     585
     558
     492
     553
     552
     588
     535
     566
     562
     528
     542
     583
     581
     552
     566
     533
     578
     559
     594
     514
     581
     562
     576
     560
     555
     542
     581
     527
     511
     526
     587
     510
     537
     541
     555
     563
     542
     545
     577
     552
     545
     578
     573
     513
     548
     572
     539
     510
     527
     543
     539
     552
     557
     531
     553
     555
     523
     543
     577
     550
     553
     583
     516
     561
     519
     565
     520
     499
     548
     544
     514
     541
     547
     517
     526
     550
     516
     562
     529
     501
     543
     569
     544
     524
     519
     545
     542
     504
     538
     562
     523
     510
     533
     522
     503
     537
     535
     503
     503
     577
     524
     527
     528
     535
     540
     533
     513
     588
     554
     543
     490
     500
     549
     539
     528
     514
     464
     504
     505
     507
     531
     502
     515
     485
     484
     525
     532
     462
     501
     505
     509
     516
     535
     504
     524
     483
     528
     475
     490
     505
     503
     506
     472
     490
     528
     470
     480
     491
     494
     469
     514
     477
     480
     503
     501
     515
     495
     503
     498
     526
     484
     535
     465
     498
     540
     517
     503
     482
     508
     515
     463
     459
     485
     495
     484
     435
     506
     466
     504
     495
     509
     478
     497
     518
     518
     491
     527
     485
     471
     467
     514
     466
     485
     453
     499
     491
     453
     481
     498
     491
     485
     479
     488
     460
     487
     447
     452
     473
     490
     465
     452
     454
     499
     446
     460
     453
     443
     463
     468
     425
     403
     473
     446
     453
     463
     492
     432
     490
     448
     462
     473
     435
     472
     423
     461
     475
     438
     446
     463
     436
     473
     451
     448
     481
     436
     449
     429
     450
     461
     463
     444
     466
     465
     444
     468
     440
     454
     432
     442
     451
     440
     429
     431
     428
     417
     436
     424
     455
     455
     404
     460
     450
     443
     390
     384
     434
     465
     439
     433
     451
     432
     453
     422
     434
     436
     443
     436
     423
     407
     434
     474
     439
     425
     460
     435
     418
     407
     456
     413
     426
     418
     436
     445
     489
     424
     449
     417
     429
     432
     430
     457
     409
     432
     425
     398
     400
     416
     430
     390
     402
     404
     400
     390
     391
     422
     380
     412
     440
     390
     435
     418
     428
     365
     431
     416
     393
     393
     411
     377
     412
     429
     405
     408
     415
     398
     411
     404
     391
     399
     388
     392
     418
     384
     390
     448
     422
     408
     387
     411
     404
     420
     389
     435
     379
     421
     393
     396
     437
     419
     420
     423
     411
     398
     401
     375
     383
     389
     402
     394
     380
     416
     383
     389
     426
     386
     412
     432
     424
     428
     418
     400
     419
     397
     376
     395
     412
     384
     412
     386
     416
     420
     389
     395
     355
     412
     382
     380
     401
     381
     369
     377
     397
     387
     375
     371
     379
     417
     395
     398
     397
     409
     384
     411
     431
     390
     409
     405
     380
     385
     382
     370
     408
     324
     375
     379
     373
     352
     393
     391
     397
     395
     427
     369
     410
     369
     338
     388
     400
     397
     393
     388
     379
     384
     367
     379
     365
     394
     352
     367
     376
     378
     395
     387
     389
     398
     360
     385
     379
     372
     423
     420
     354
     383
     386
     358
     387
     362
     395
     392
     396
     368
     385
     361
     378
     398
     381
     373
     376
     405
     392
     380
     383
     423
     380
     377
     377
     375
     343
     389
     376
     350
     366
     366
     374
     356
     357
     344
     375
     375
     347
     362
     380
     381
     351
     361
     362
     388
     390
     359
     353
     405
     339
     376
     371
     354
     352
     395
     357
     385
     349
     394
     376
     358
     336
     369
     347
     332
     399
     366
     370
     374
     349
     402
     360
     377
     361
     346
     341
     368
     370
     374
     377
     367
     386
     372
     369
     340
     348
     357
     411
     361
     368
     374
     372
     374
     376
     347
     396
     381
     366
     393
     392
     363
     379
     377
     351
     358
     359
     347
     383
     350
     353
     364
     366
     342
     377
     401
     397
     327
     361
     386
     385
     346
     397
     358
     341
     337
     345
     366
     359
     342
     341
     366
     343
     357
     348
     340
     326
     364
     371
     363
     323
     356
     352
     396
     348
     370
     378
     377
     394
     374
     358
     352
     338
     354
     347
     350
     376
     366
     311
     318
     368
     349
     355
     335
     372
     357
     344
     322
     324
     367
     333
     350
     346
     335
     359
     345
     329
     343
     324
     337
     367
     362
     345
     337
     350
     371
     335
     370
     345
     360
     335
     350
     368
     398
     355
     339
     362
     330
     333
     334
     346
     321
     329
     352
     332
     339
     310
     336
     323
     304
     338
     338
     317
     289
     336
     301
     309
     328
     343
     358
     324
     340
     288
     317
     332
     330
     326
     324
     336
     329
     326
     334
     337
     359
     335
     321
     316
     303
     317
     330
     292
     353
     323
     308
     339
     308
     341
     301
     329
     326
     323
     335
     314
     335
     305
     283
     314
     323
     316
     314
     293
     304
     318
     284
     348
     300
     273
     304
     309
     327
     295
     278
     324
     305
     312
     306
     328
     305
     326
     307
     317
     265
     366
     301
     306
     314
     299
     307
     307
     319
     343
     275
     288
     318
     310
     291
     281
     298
     314
     266
     274
     286
     270
     327
     280
     331
     303
     295
     309
     295
     278
     277
     322
     297
     298
     312
     304
     324
     311
     309
     294
     267
     272
     331
     298
     312
     288
     284
     313
     264
     294
     332
     303
     286
     295
     315
     282
     270
     290
     293
     298
     287
     308
     294
     321
     301
     272
     290
     292
     297
     286
     279
     321
     295
     290
     293
     330
     334
     335
     309
     272
     328
     263
     309
     286
     298
     298
     282
     306
     288
     327
     292
     336
     297
     303
     285
     282
     297
     304
     327
     291
     255
     287
     333
     293
     285
     305
     303
     331
     331
     320
     293
     324
     293
     310
     307
     294
     311
     338
     310
     311
     307
     300
     306
     318
     295
     286
     290
     314
     291
     298
     296
     318
     308
     280
     305
     305
     320
     312
     301
     299
     305
     330
     290
     301
     307
     298
     315
     313
     307
     312
     306
     332
     300
     345
     312
     321
     306
     289
     344
     349
     361
     342
     332
     334
     334
     371
     338
     354
     289
     308
     325
     323
     336
     340
     381
     330
     387
     312
     335
     351
     352
     362
     350
     365
     326
     346
     359
     333
     314
     347
     322
     347
     322
     373
     375
     374
     326
     337
     372
     350
     349
     378
     357
     379
     355
     349
     375
     362
     378
     368
     374
     368
     339
     397
     357
     369
     362
     422
     423
     380
     362
     383
     344
     380
     393
     403
     374
     399
     400
     455
     382
     400
     394
     412
     383
     427
     398
     443
     412
     407
     406
     473
     444
     414
     419
     421
     422
     444
     416
     459
     445
     402
     484
     406
     448
     443
     409
     424
     435
     468
     428
     429
     437
     447
     454
     464
     474
     449
     476
     438
     443
     492
     468
     473
     448
     472
     513
     487
     497
     491
     494
     487
     508
     446
     478
     505
     470
     508
     494
     512
     460
     489
     473
     540
     534
     509
     484
     523
     516
     553
     534
     557
     522
     506
     523
     519
     532
     489
     490
     532
     548
     521
     607
     516
     536
     578
     580
     564
     578
     538
     554
     599
     577
     553
     571
     583
     547
     572
     533
     523
     540
     561
     541
     568
     578
     599
     567
     623
     604
     567
     593
     582
     634
     587
     579
     671
     592
     624
     627
     565
     615
     606
     611
     603
     621
     604
     654
     635
     598
     603
     635
     632
     626
     636
     640
     665
     609
     636
     601
     649
     636
     643
     617
     662
     595
     647
     618
     675
     612
     673
     627
     705
     639
     649
     671
     664
     649
     676
     613
     685
     705
     675
     670
     652
     695
     694
     652
     634
     680
     649
     683
     661
     689
     656
     682
     651
     691
     694
     685
     707
     657
     672
     704
     656
     639
     674
     643
     714
     723
     674
     675
     675
     676
     694
     717
     704
     701
     680
     684
     649
     671
     675
     708
     712
     689
     681
     656
     729
     686
     737
     650
     728
     666
     699
     687
     683
     688
     719
     646
     735
     666
     645
     739
     704
     703
     665
     696
     654
     688
     630
     685
     705
     699
     736
     636
     707
     708
     706
     649
     752
     688
     705
     705
     667
     668
     642
     683
     628
     673
     650
     668
     694
     670
     692
     678
     661
     678
     690
     689
     704
     653
     675
     661
     666
     659
     626
     652
     663
     675
     649
     668
     647
     642
     650
     661
     637
     664
     702
     693
     609
     628
     648
     663
     626
     649
     598
     634
     633
     665
     687
     600
     663
     660
     631
     599
     654
     574
     638
     599
     601
     606
     608
     581
     596
     601
     626
     561
     623
     582
     576
     654
     612
     546
     571
     581
     594
     590
     560
     602
     573
     571
     601
     600
     587
     537
     518
     548
     569
     574
     537
     576
     536
     601
     581
     605
     558
     570
     545
     558
     523
     530
     515
     562
     538
     531
     525
     503
     553
     502
     515
     476
     537
     535
     512
     509
     514
     532
     472
     501
     492
     494
     486
     474
     522
     498
     485
     508
     482
     502
     504
     529
     460
     477
     481
     499
     474
     459
     503
     452
     485
     465
     480
     466
     445
     453
     454
     439
     413
     434
     405
     437
     422
     449
     429
     418
     427
     421
     395
     401
     415
     401
     386
     414
     411
     383
     413
     388
     380
     392
     423
     418
     409
     419
     409
     360
     393
     384
     363
     386
     364
     379
     317
     368
     377
     340
     346
     353
     372
     369
     405
     316
     328
     368
     354
     345
     336
     318
     305
     320
     354
     317
     348
     354
     321
     328
     310
     323
     306
     358
     291
     314
     334
     301
     344
     312
     326
     308
     309
     284
     318
     315
     278
     262
     322
     257
     294
     286
     302
     293
     289
     295
     296
     265
     275
     270
     258
     273
     263
     264
     256
     280
     252
     262
     288
     284
     274
     255
     262
     235
     249
     242
     258
     275
     245
     248
     240
     250
     209
     261
     244
     264
     241
     281
     223
     260
     245
     256
     261
     233
     244
     251
     230
     222
     238
     201
     233
     223
     211
     231
     239
     240
     209
     232
     224
     226
     251
     207
     218
     204
     213
     241
     196
     249
     222
     202
     215
     194
     199
     218
     228
     195
     213
     199
     223
     219
     221
     209
     203
     214
     187
     218
     193
     212
     219
     200
     205
     215
     213
     208
     194
     222
     201
     199
     234
     197
     189
     220
     223
     200
     209
     202
     210
     184
     201
     195
     220
     212
     209
     201
     206
     213
     212
     189
     211
     189
     217
     199
     197
     197
     216
     205
     218
     203
     199
     204
     218
     212
     224
     199
     198
     202
     197
     212
     239
     249
     229
     225
     224
     201
     220
     233
     219
     208
     213
     217
     202
     226
     227
     210
     210
     216
     210
     233
     211
     231
     220
     238
     237
     228
     244
     225
     250
     215
     254
     246
     232
     235
     211
     249
     268
     224
     246
     245
     240
     246
     235
     259
     247
     235
     251
     240
     231
     262
     242
     253
     267
     235
     284
     264
     237
     285
     247
     265
     241
     246
     295
     281
     275
     285
     272
     265
     259
     254
     281
     242
     263
     264
     295
     274
     312
     310
     271
     244
     264
     289
     321
     276
     306
     278
     323
     293
     292
     294
     290
     305
     310
     297
     301
     293
     284
     339
     318
     324
     325
     281
     325
     299
     353
     308
     323
     343
     333
     348
     330
     351
     333
     342
     377
     326
     358
     319
     348
     369
     344
     357
     355
     360
     354
     336
     345
     359
     357
     326
     364
     363
     355
     355
     354
     374
     361
     357
     390
     386
     401
     373
     355
     367
     379
     394
     360
     395
     353
     366
     349
     392
     395
     379
     402
     394
     424
     367
     403
     390
     403
     400
     433
     431
     435
     430
     420
     384
     464
     428
     413
     423
     480
     391
     441
     425
     422
     427
     438
     416
     406
     448
     447
     447
     422
     446
     444
     450
     439
     435
     455
     425
     447
     432
     465
     464
     433
     445
     414
     466
     448
     420
     476
     422
     526
     426
     437
     483
     484
     447
     464
     460
     481
     491
     488
     478
     473
     483
     508
     469
     469
     503
     486
     520
     486
     481
     517
     486
     487
     472
     442
     480
     453
     493
     520
     488
     496
     460
     526
     518
     487
     499
     488
     552
     484
     512
     488
     470
     526
     515
     520
     509
     571
     498
     470
     485
     482
     481
     531
     497
     492
     491
     513
     493
     546
     512
     538
     506
     560
     529
     493
     520
     498
     523
     532
     487
     527
     485
     523
     543
     487
     473
     538
     514
     502
     495
     535
     497
     501
     504
     517
     531
     519
     509
     505
     513
     536
     486
     567
     531
     513
     536
     544
     567
     541
     577
     479
     508
     508
     512
     528
     533
     539
     535
     509
     528
     511
     475
     491
     498
     501
     533
     534
     515
     510
     513
     515
     505
     512
     555
     540
     527
     489
     520
     519
     504
     541
     486
     512
     497
     513
     521
     487
     507
     498
     507
     529
     498
     510
     508
     533
     480
     524
     462
     529
     482
     516
     484
     456
     506
     466
     468
     505
     472
     507
     458
     472
     455
     494
     493
     494
     464
     464
     447
     460
     454
     450
     462
     484
     411
     458
     440
     441
     507
     435
     472
     451
     487
     429
     450
     436
     441
     441
     411
     465
     463
     430
     422
     410
     416
     461
     434
     413
     455
     451
     404
     411
     433
     400
     465
     431
     439
     380
     424
     428
     400
     419
     399
     410
     420
     408
     429
     429
     358
     398
     416
     413
     401
     393
     359
     363
     378
     393
     357
     384
     386
     407
     370
     394
     360
     374
     357
     340
     388
     350
     320
     325
     368
     342
     364
     379
     327
     333
     354
     347
     343
     358
     340
     340
     355
     326
     334
     321
     327
     317
     362
     320
     322
     328
     336
     315
     283
     312
     313
     293
     334
     299
     338
     295
     268
     292
     312
     296
     289
     282
     290
     291
     289
     299
     286
     302
     261
     272
     295
     279
     263
     275
     283
     300
     272
     257
     263
     270
     260
     277
     269
     255
     250
     258
     248
     257
     257
     258
     246
     244
     233
     243
     238
     198
     264
     230
     244
     237
     205
     210
     230
     190
     202
     200
     204
     224
     237
     209
     231
     231
     210
     216
     208
     232
     213
     207
     196
     204
     178
     219
     202
     194
     201
     224
     188
     195
     202
     174
     198
     184
     173
     192
     200
     206
     185
     179
     173
     187
     176
     173
     175
     172
     179
     172
     159
     158
     177
     183
     154
     168
     142
     161
     145
     144
     170
     171
     165
     160
     160
     137
     164
     165
     157
     176
     153
     141
     137
     127
     145
     163
     138
     135
     130
     131
     144
     131
     150
     121
     124
     134
     116
     123
     107
     130
     110
     128
     111
     124
     130
     132
     119
     117
     121
     115
     116
     132
     112
     116
     101
     102
     109
      91
     108
     104
     106
      99
     101
      92
      88
     112
     102
      77
      76
      89
      91
      91
      91
      95
     103
      86
     101
      85
      80
      71
      92
      91
      73
      78
      77
      68
      87
      71
      79
      76
      77
      79
      85
      78
      67
      74
      72
      57
      76
      67
      75
      68
      65
      66
      76
      72
      77
      66
      67
      71
      62
      74
      51
      59
      67
      63
      69
      63
      61
      60
      70
      59
      54
      48
      61
      60
      62
      66
      54
      50
      69
      60
      52
      49
      55
      56
      55
      52
      53
      37
      61
      49
      51
      48
      41
      48
      38
      44
      52
      36
      41
      47
      40
      46
      36
      42
      41
      53
      37
      47
      52
      38
      45
      41
      42
      40
      41
      40
      30
      38
      33
      38
      39
      41
      35
      32
      37
      33
      37
      30
      34
      35
      27
      35
      29
      39
      39
      37
      35
      40
      29
      37
      38
      29
      23
      28
      33
      44
      20
      19
      32
      37
      32
      35
      30
      27
      16
      39
      26
      24
      36
      24
      29
      27
      20
      30
      31
      24
      29
      25
      25
      25
      24
      24
      25
      25
      27
      24
      19
      16
      22
      22
      19
      19
      24
      28
      20
      31
      18
      34
      19
      22
      26
      18
      27
      28
      22
      22
      26
      22
      26
      17
      16
      18
      27
      28
      22
      15
      21
      25
      18
      16
      24
      29
      27
      18
      15
      21
      17
      20
      28
      11
      25
      25
      31
      23
      27
      19
      20
      29
      21
      16
      19
      18
      18
      10
      11
      14
      18
      18
      21
      16
      12
      26
      23
      16
      23
      17
      13
      18
      18
      24
      20
      23
      18
      18
      17
      14
      18
      16
      14
      19
      15
      15
      17
      18
      18
      16
      20
      13
      12
      20
      11
      13
      18
      17
      24
      22
      13
      18
      21
      17
      16
      17
      12
      10
      19
      14
      16
      18
      18
      12
      12
      18
      18
      18
      16
      15
      16
      15
      12
      11
      18
      14
      13
      16
      14
      14
      14
      15
      20
      13
      11
      19
      12
      10
      25
      17
      14
      14
      17
      17
      12
      20
      16
      15
      18
      19
      16
      12
      19
      16
      11
      17
      12
      10
      15
      11
       8
      14
      18
      10
      11
      10
      13
      16
      13
      17
      13
      20
      24
      17
      17
      19
       9
      15
      15
      16
      12
      19
      10
      13
       9
      17
      14
       9
      11
       8
      12
      20
      18
      17
      17
      11
      11
      10
      13
      17
      18
      22
      17
      17
      20
      17
      16
      11
      15
      17
      12
      11
      18
      10
      18
      13
      16
      15
      14
      15
      11
      13
      14
      10
      20
      13
      15
      24
      10
       8
      14
      15
      13
      14
      14
       7
      16
      12
       7
      21
      16
      15
      12
      18
      19
      15
      12
       7
      13
       8
      11
      17
       9
      17
      14
      24
      10
      24
      11
      17
      13
      16
      18
      12
      12
      11
      16
      19
      10
       6
       9
      13
      12
      15
      13
      15
      14
      12
      13
       7
      14
      13
      20
      17
      10
      17
      12
      13
      13
      15
      14
      13
      11
      17
      14
      11
      10
      15
       6
      13
      14
      11
       6
      10
      10
      16
      10
      13
       9
      11
      10
      16
      17
      14
      11
      19
      19
      21
      12
      10
       9
      11
      10
      15
      13
      13
       5
       9
      14
       8
      12
      15
      11
      13
      15
      12
      14
      22
      12
       7
      10
      11
      11
      10
       7
      14
      11
      12
       9
      20
      11
      14
       8
       8
      15
      19
       5
      10
      15
      13
      10
      12
      13
      13
      12
      18
      10
      13
      12
      10
       7
      18
      10
      10
      18
      11
      15
      10
      12
      11
      13
       9
      14
      16
      10
      18
       8
      13
      13
       7
      13
      18
      13
      10
      10
      12
      15
      22
       4
      11
      14
       9
       7
      11
      12
      12
      10
       8
      11
      20
      13
      10
      14
       8
      22
      10
       6
       9
      14
      11
      14
      14
       7
      10
      14
      10
       6
      16
      10
      14
      12
      12
      18
      11
       9
      18
       9
      16
      14
       9
      10
      12
      15
      15
      12
      20
       8
      17
      12
       7
      16
       8
      13
      14
      12
      14
      10
      18
      11
       8
       8
       7
       9
      19
      13
       7
      17
      17
      14
       6
       8
      13
      11
       7
       9
      13
       6
      12
      10
      18
       9
      10
       7
       9
      14
      16
      13
      15
      14
      13
      11
      16
      11
      14
      12
      13
       9
      15
      11
      10
       7
       8
      10
       7
       5
      13
      14
      13
       4
       7
      10
      12
      15
      11
      11
      15
       8
      16
       4
      14
       9
      23
       9
      16
      11
      18
      12
      17
      12
       7
       4
      10
      11
      16
      10
      12
       5
      11
      11
      15
      13
       8
       9
      10
       9
       8
      13
       9
       6
      10
      11
      12
      15
      11
       8
      14
      10
      12
      10
       2
      10
      14
      12
       9
       9
      10
      12
      20
       9
       6
      12
      13
      18
       7
       8
       8
       8
       8
      11
       9
      10
       8
       8
      15
      12
      10
      15
      16
      12
      12
      14
      12
      11
      16
       7
      12
       7
      17
      13
      11
      18
       6
       9
       7
       9
      16
       9
      15
       6
       7
      15
      12
       7
       8
       8
      13
      10
       8
      10
      10
      17
      14
      14
      10
      17
      11
       8
      13
       9
      11
      12
       7
      13
      12
      17
       5
      14
       4
       9
      13
       8
       6
      10
      11
       5
      18
      11
      12
       7
      11
      15
       6
       7
       8
       6
       9
      10
       8
      13
      11
       8
      12
      12
       7
       4
       9
      13
      12
      12
       6
       9
      14
      15
       7
      13
      14
      14
      11
       9
      11
       9
      10
       7
      11
       7
       8
      10
      11
      11
      11
       8
      11
      11
      16
       7
       8
      16
       9
      13
       9
      11
      10
      13
      11
      12
      13
       8
       5
      14
      12
      11
      12
       9
      12
       8
       7
       6
      13
       8
      10
      11
       7
      15
       9
       8
       8
       6
      11
      13
       8
       8
      10
       5
       9
      13
      12
      11
      13
      10
       8
      10
      18
       9
      12
       7
      15
       8
       9
      12
       6
      12
      10
      13
      10
      11
      14
      13
      13
      18
      14
      16
       9
       6
      16
       9
      11
       6
      11
      10
       7
      11
      15
       8
       8
       9
       7
      10
      10
      12
       4
       9
      13
      19
       5
      11
      14
      14
      10
       9
      11
       7
       8
       8
      15
      11
      13
       7
      11
      14
       6
      15
       5
       7
      16
       7
       9
      15
      10
       4
       5
      11
       9
      11
       7
      11
       9
       5
      15
       9
      10
      11
      10
      11
       8
      13
       7
       6
       6
      10
       7
      10
      13
       8
       7
       4
       7
       8
      13
       9
       7
      11
       7
       2
       9
       8
       8
      11
       7
      16
      11
      14
       4
       9
       7
       9
      10
       9
       5
       7
       4
       8
       6
       7
       9
      12
       9
      15
       8
      11
       9
      10
      15
      12
       6
       6
      10
      11
      15
       6
      15
       5
       7
      14
       7
       4
      13
       9
      12
       8
       5
      14
      14
      14
       9
       5
       7
      11
       8
       9
      15
      13
      13
       8
      12
      12
       7
       9
       8
       5
      10
       7
      12
      15
       9
       5
      17
       8
      10
      14
      13
       8
      12
      11
      12
      10
       6
      15
      12
       7
      10
      11
       7
      11
      11
      12
      12
       6
      10
       8
       4
       9
       9
      11
       7
       8
       9
       6
       8
       8
       6
       9
       9
       8
      11
       7
      13
       9
       6
      10
       7
       2
       8
      12
       9
      10
       6
       8
      11
       8
       8
       8
       9
       6
       9
       5
      14
      10
       9
      14
       6
       9
      10
      10
       6
      13
      12
       8
       7
       9
      11
      11
       8
       4
       7
       8
       7
       8
      10
      12
      12
       9
       9
      11
      10
      14
      10
       7
       8
       9
       8
       9
      12
      11
       3
       9
       3
      12
       4
      12
       5
      13
       8
       8
       7
      10
       2
       6
      11
       9
       9
       9
       7
       3
      12
      13
      11
       9
      12
       8
       7
       7
       8
      10
      11
       9
      10
      10
       8
       5
      12
       6
      11
      13
       8
      14
       8
      13
       4
       8
       6
       6
       8
       8
      13
      15
      13
       8
       6
       8
       8
       3
      16
      10
       7
       8
      10
      10
       5
       7
       6
       8
       6
       9
       7
      12
       4
      10
      10
       8
       4
       4
      12
       7
       9
       7
       6
       6
       8
       7
       9
      10
       6
       7
      13
       8
       9
       5
       8
      12
      15
      12
       6
       5
       6
       7
       8
       4
      11
       7
      11
       7
      11
       7
       5
       8
      11
       9
      12
       8
       7
      10
       2
       3
       6
      11
       5
       7
       8
       8
       6
       9
       3
       7
       8
       8
       8
       4
       6
       6
      13
       8
       5
       8
       8
       9
      10
      12
       7
      11
       7
      13
       4
      12
       7
       5
       7
       5
      10
       7
       6
       7
       9
      10
       8
       7
       6
       5
       4
       7
       7
       7
      11
       9
       5
       7
       6
       4
      10
       6
       9
      11
       6
       7
      13
       8
      10
      11
       5
       7
       5
      12
       9
       7
      13
       7
       5
       3
       8
       6
       6
       9
       5
      15
       7
      11
       8
       8
       8
      10
      11
      10
      11
       5
       9
      10
       5
       8
       7
       6
      10
       4
       6
       6
       7
      11
      13
       9
       6
       6
       5
      13
       8
       7
       8
       8
      10
       9
       8
       8
       6
       3
       7
      11
       7
      10
       7
       7
       9
      11
      10
      12
       5
       8
       5
       3
       8
       9
       6
       9
      10
      11
       8
      11
       6
       4
       3
       8
       8
       9
      10
       8
       8
       4
       7
       5
       4
       6
       8
       6
       6
       7
       6
       7
       7
       8
       5
      16
       7
      13
       7
       8
       5
       7
      10
       4
      13
       8
       8
      13
       6
       7
      10
       3
       6
       8
       5
      10
      12
       9
       5
       8
       3
      11
      12
       9
       9
       5
      10
       4
       8
       6
       5
      10
       3
       7
       7
       9
      11
       5
       6
       7
      10
      10
       5
      12
       5
      12
      10
       9
       8
       4
       4
       9
       6
       9
       5
       7
       7
       8
       2
      11
       6
       8
       5
       6
       6
       6
       8
      10
       4
       8
       5
       8
      11
       6
       4
       3
       3
       6
      14
       3
       4
       6
       6
       5
       4
       9
       3
       5
      11
       5
       7
      13
       8
       7
       3
       6
       8
       4
       8
       6
       7
       4
      10
       4
       9
       8
      14
       5
       8
       7
      10
      13
      13
       7
       8
      12
       8
       9
       6
       1
      10
       9
       5
       7
       8
       4
       7
       6
       5
       7
       5
       6
       8
       5
       8
       9
       5
      11
       5
       7
      11
       4
       7
       4
       6
       2
      14
       5
       7
       5
      10
       7
       9
       5
       9
       2
       8
       7
       6
       6
       9
      12
       7
       2
       6
       8
       7
      11
       7
       9
       8
       3
       6
       9
       6
      10
       2
      10
       2
       7
       3
       7
       6
       3
       5
       8
       8
      10
       5
      11
       6
       7
      10
       6
       6
       5
       8
       7
       8
       7
       7
      11
       8
       6
      10
       7
       7
       7
       8
       5
       5
       2
       4
       7
       5
      11
       7
       5
       3
       5
       5
       9
       6
       5
       3
       8
       8
       9
       9
       5
       4
       9
       5
       4
       5
       4
      13
       8
       3
       4
      10
       8
       7
       7
       6
       7
       7
       9
       8
       5
       9
       5
       5
       3
       9
       5
       4
       5
       3
       6
       7
      14
       7
       9
       9
       6
       6
       4
       5
       7
       8
       7
      10
       5
       5
      13
       7
       5
       4
       7
       7
       6
       6
       8
      10
       4
       7
       5
       6
       7
      10
      10
       7
       3
       5
       7
       8
       1
       8
       5
       4
       7
       3
       5
       5
       1
       5
       3
       4
       3
       4
       1
       1
       4
       0
       0
       4
       3
       2
       2
       5
       1
       1
       3
       1
       1
       1
       4
       4
       0
       1
       1
       1
       3
       1
       0
       4
       0
       2
       0
       0
       2
       2
       1
       2
       0
       1
       1
       2
       0
       0
       1
       0
       0
       0
       0
       0
       0
       0
       0
       0
       0
       0
       0
       0
       0
       0
       0
       0
       1
       0
       1
       0
       1
       1
       1
       0
       0
       0
       0
       0
       0
       2
       0
       0
       0
       0
       0
       0
       1
       0
       0
       0
       0
       0
       0
       1
       0
       0
       0
       1
       0
       0
       0
       0
       0
       0
       0
       0
       0
       0
       0
       0
       0
       0
       0
       0
       0
       0
       0
       0
       0
       0
       0
       0
       0
       0
       0
       0
       0
       0
       0
       0
       0
       0
       0
       0
       0
       0
       1
       0
       0
       0
       0
       0
       0
       0
       0
       0
       0
       0
       0
       0
       0
       0
       0
       0
       0
       0
       0
       0
       0
       0
       0
       0
       0
       0
       0
       0
       0
       0
       0
       0
       0
       0
       0
       0
       0
       0
       0
       0
       0
       0
       0
       0
       0
       0
       0
       0
       0
       0
       0
       0
       0
       0
       0
       0
       0
       0
       0
       0
       0
       0
       0
       0
       0
       0
       0
       0
       0
       0
       0
       0
       0
       0
       0
       0
       0
       0
       0
       0
       0
       0
       0
       0
       0
       0
       0
       0
       0
       0
       0
       0
       0
       0
       0
       0
       0
       0
       0
       0
       0
       0
       0
       0
       0
       0
       0
       0
       0
       0
       0
       0
       0
       0
       0
       0
       0
       0
       0
       0
       0
       0
       0
       0
       0
       0
       0
       0
       0
       0
$ROI:
1
5540 6134
$PRESETS:
Live Time
180
0
$ENER_FIT:
0.000000 0.227554
$MCA_CAL:
3
0.000000E+000 2.275539E-001 0.000000E+000 keV
$SHAPE_CAL:
3
3.368824E+002 0.000000E+000 0.000000E+000
