$SPEC_ID:
No sample description was entered.
$SPEC_REM:
DET# 3
DETDESC# FP-GAMMA2 MCB 129
AP# Maestro Version 7.01
$DATE_MEA:
12/04/2013 11:58:02
$MEAS_TIM:
163 180
$DATA:
0 8191
       0
       0
       0
       0
       0
       0
       0
       0
       0
       1
       2
       0
       1
       4
       2
       3
       4
       2
       4
       5
       6
       3
       4
       6
       3
       7
       4
       9
       3
       6
       5
       6
       5
       6
       8
      10
      10
      14
      13
       7
      10
       9
      14
      15
      22
      13
      14
      10
      12
      18
      16
      16
      27
      25
      53
     145
      78
      72
      64
      60
      96
     465
    1169
    1156
     991
     975
     898
     804
     790
     671
     675
     600
     610
     560
     596
     557
     488
     491
     508
     467
     516
     480
     462
     446
     432
     463
     471
     450
     406
     433
     416
     426
     430
     448
     475
     413
     472
     452
     448
     443
     436
     463
     443
     403
     436
     431
     458
     441
     434
     426
     454
     420
     488
     415
     461
     455
     418
     436
     475
     474
     440
     443
     484
     442
     460
     475
     442
     487
     419
     449
     471
     433
     482
     477
     481
     490
     457
     440
     490
     484
     497
     414
     456
     441
     484
     455
     463
     451
     445
     451
     470
     467
     490
     485
     489
     459
     477
     485
     448
     490
     476
     489
     485
     423
     498
     479
     468
     451
     530
     517
     496
     465
     440
     466
     470
     463
     471
     479
     450
     491
     475
     452
     511
     483
     502
     460
     506
     482
     491
     512
     480
     486
     504
     499
     490
     477
     495
     496
     479
     493
     481
     522
     480
     499
     530
     511
     521
     508
     526
     480
     497
     520
     530
     475
     526
     469
     477
     485
     467
     510
     464
     478
     490
     528
     470
     485
     517
     551
     524
     478
     535
     494
     527
     495
     497
     517
     479
     515
     525
     540
     545
     520
     501
     496
     489
     509
     464
     472
     497
     476
     506
     517
     511
     546
     509
     533
     542
     493
     514
     518
     463
     465
     520
     489
     570
     493
     488
     486
     521
     500
     518
     518
     481
     490
     527
     480
     484
     534
     553
     463
     505
     469
     478
     470
     529
     511
     494
     514
     472
     518
     527
     522
     508
     498
     488
     486
     520
     482
     511
     499
     510
     508
     491
     517
     501
     572
     546
     514
     508
     529
     553
     527
     577
     528
     533
     549
     541
     535
     493
     537
     513
     537
     552
     514
     519
     584
     553
     557
     592
     545
     542
     583
     581
     535
     553
     576
     550
     603
     540
     626
     569
     577
     597
     567
     607
     620
     652
     638
     684
     584
     672
     645
     645
     592
     617
     695
     671
     659
     682
     637
     670
     668
     702
     656
     651
     660
     714
     682
     768
     693
     697
     688
     687
     715
     732
     748
     747
     707
     705
     670
     708
     741
     731
     733
     697
     741
     731
     733
     727
     727
     689
     730
     716
     753
     740
     747
     743
     704
     711
     729
     782
     729
     702
     707
     698
     634
     674
     680
     655
     708
     708
     691
     719
     691
     679
     653
     682
     650
     640
     649
     637
     685
     611
     676
     624
     616
     699
     644
     644
     584
     663
     650
     679
     653
     647
     648
     639
     621
     588
     594
     614
     643
     644
     632
     595
     647
     576
     612
     579
     572
     573
     564
     599
     650
     544
     602
     583
     566
     614
     601
     555
     574
     574
     578
     558
     606
     570
     595
     559
     557
     546
     565
     607
     612
     557
     566
     559
     568
     553
     591
     570
     546
     535
     519
     586
     576
     529
     539
     533
     553
     530
     569
     541
     517
     562
     588
     556
     590
     544
     545
     558
     577
     553
     559
     562
     549
     554
     499
     530
     550
     548
     565
     536
     561
     595
     518
     524
     539
     542
     532
     536
     553
     551
     558
     535
     549
     535
     530
     560
     560
     560
     547
     540
     589
     555
     570
     570
     564
     583
     532
     534
     526
     547
     554
     582
     545
     553
     528
     570
     567
     556
     564
     541
     552
     582
     578
     498
     585
     601
     538
     587
     593
     541
     554
     563
     575
     601
     581
     571
     516
     574
     574
     556
     617
     599
     562
     558
     606
     595
     601
     573
     582
     576
     580
     607
     593
     553
     559
     591
     612
     612
     596
     582
     588
     582
     605
     590
     618
     570
     602
     581
     606
     592
     618
     575
     616
     595
     610
     602
     586
     640
     572
     586
     599
     576
     608
     580
     625
     593
     561
     668
     565
     623
     583
     603
     573
     603
     603
     614
     622
     637
     661
     651
     612
     602
     563
     623
     620
     624
     574
     606
     596
     644
     610
     579
     636
     679
     601
     628
     648
     662
     602
     628
     601
     646
     592
     604
     649
     614
     652
     618
     609
     639
     582
     648
     595
     614
     583
     592
     596
     606
     638
     634
     647
     643
     623
     617
     651
     635
     605
     612
     636
     638
     631
     619
     607
     634
     619
     662
     612
     613
     614
     638
     690
     614
     637
     579
     630
     595
     638
     623
     657
     616
     665
     589
     655
     662
     597
     643
     630
     644
     619
     587
     644
     621
     620
     613
     643
     634
     614
     644
     629
     645
     619
     600
     646
     651
     669
     662
     619
     644
     677
     624
     651
     675
     630
     685
     645
     634
     697
     636
     633
     658
     614
     643
     678
     676
     654
     647
     661
     646
     653
     606
     629
     652
     649
     633
     637
     648
     655
     617
     614
     596
     630
     685
     669
     700
     679
     644
     672
     635
     690
     648
     654
     659
     675
     622
     667
     662
     690
     632
     666
     601
     671
     646
     671
     653
     660
     649
     620
     619
     645
     682
     663
     687
     668
     672
     684
     651
     617
     626
     631
     651
     647
     654
     624
     653
     615
     637
     663
     623
     626
     620
     688
     648
     661
     685
     664
     676
     684
     681
     699
     694
     647
     662
     626
     590
     636
     652
     653
     621
     694
     689
     657
     645
     650
     651
     643
     690
     619
     644
     683
     685
     632
     638
     662
     641
     627
     671
     620
     618
     675
     689
     658
     673
     678
     696
     632
     705
     665
     690
     679
     633
     704
     725
     702
     663
     670
     699
     670
     678
     671
     697
     614
     672
     649
     675
     674
     677
     696
     643
     685
     641
     676
     640
     684
     648
     679
     700
     755
     644
     654
     667
     667
     695
     730
     683
     699
     676
     704
     689
     656
     669
     696
     674
     730
     669
     626
     680
     667
     704
     678
     700
     668
     648
     655
     734
     677
     664
     679
     672
     649
     717
     693
     692
     734
     693
     714
     697
     701
     718
     708
     654
     717
     723
     728
     687
     661
     689
     713
     660
     676
     668
     665
     679
     691
     730
     674
     693
     730
     715
     755
     704
     754
     687
     748
     690
     729
     693
     710
     749
     710
     772
     703
     730
     711
     711
     767
     747
     720
     665
     748
     719
     716
     732
     703
     712
     734
     724
     662
     724
     761
     750
     757
     756
     750
     737
     762
     704
     741
     730
     780
     673
     742
     755
     777
     775
     744
     778
     724
     712
     767
     730
     736
     778
     722
     742
     764
     726
     837
     769
     764
     770
     771
     723
     720
     757
     697
     735
     778
     701
     753
     799
     795
     744
     737
     791
     800
     732
     758
     788
     740
     763
     776
     736
     776
     691
     793
     802
     714
     782
     741
     759
     773
     762
     798
     776
     760
     782
     782
     749
     732
     829
     744
     768
     771
     718
     757
     756
     806
     718
     737
     761
     720
     758
     728
     736
     711
     792
     785
     741
     756
     792
     757
     765
     739
     731
     774
     727
     752
     812
     782
     747
     799
     767
     742
     754
     718
     751
     767
     752
     771
     729
     764
     744
     763
     721
     765
     733
     710
     720
     776
     781
     794
     738
     800
     764
     772
     787
     706
     733
     777
     726
     713
     787
     780
     792
     777
     717
     723
     725
     780
     697
     782
     763
     722
     755
     751
     723
     746
     699
     729
     741
     713
     763
     737
     707
     727
     761
     751
     726
     761
     752
     715
     762
     739
     713
     700
     736
     770
     759
     726
     741
     727
     726
     701
     658
     736
     668
     773
     755
     695
     699
     660
     744
     711
     717
     697
     715
     712
     675
     756
     689
     745
     747
     711
     702
     649
     698
     723
     716
     728
     743
     719
     701
     693
     704
     709
     727
     735
     680
     698
     691
     706
     679
     691
     682
     712
     730
     701
     708
     661
     694
     688
     668
     727
     717
     692
     686
     685
     661
     743
     729
     658
     669
     684
     697
     689
     644
     716
     716
     660
     687
     713
     700
     677
     714
     707
     626
     710
     737
     668
     689
     685
     663
     676
     710
     680
     711
     685
     654
     680
     661
     656
     725
     695
     620
     690
     665
     707
     652
     653
     669
     644
     631
     674
     667
     693
     661
     655
     653
     634
     648
     681
     655
     676
     645
     677
     653
     630
     645
     663
     645
     661
     610
     670
     671
     666
     634
     676
     643
     661
     635
     685
     597
     607
     652
     627
     613
     630
     622
     643
     653
     640
     654
     604
     645
     637
     666
     661
     632
     623
     692
     658
     666
     668
     622
     658
     661
     667
     609
     624
     632
     627
     643
     617
     653
     646
     643
     638
     640
     643
     634
     625
     621
     616
     643
     673
     646
     655
     602
     629
     630
     627
     635
     628
     597
     614
     606
     626
     605
     603
     628
     641
     629
     613
     647
     601
     633
     620
     632
     634
     636
     626
     637
     603
     608
     670
     618
     603
     619
     621
     643
     602
     623
     614
     666
     647
     612
     671
     610
     630
     616
     622
     662
     603
     613
     592
     667
     592
     575
     619
     654
     566
     612
     664
     650
     581
     598
     594
     574
     596
     608
     612
     577
     610
     616
     603
     670
     637
     602
     623
     641
     616
     663
     572
     589
     616
     580
     569
     605
     633
     606
     589
     648
     621
     596
     583
     610
     604
     608
     570
     618
     555
     565
     530
     562
     655
     613
     593
     562
     614
     592
     614
     624
     607
     604
     642
     583
     574
     618
     592
     566
     599
     578
     610
     604
     592
     586
     569
     601
     563
     557
     577
     604
     585
     595
     567
     595
     578
     593
     590
     561
     582
     593
     592
     565
     604
     593
     606
     572
     612
     626
     601
     560
     552
     529
     570
     558
     573
     589
     601
     626
     575
     533
     584
     578
     555
     572
     552
     582
     576
     563
     571
     583
     565
     574
     560
     594
     584
     572
     583
     555
     583
     641
     562
     580
     642
     606
     527
     517
     565
     581
     571
     597
     524
     524
     605
     618
     580
     584
     572
     550
     595
     567
     578
     543
     522
     595
     583
     621
     545
     563
     530
     532
     553
     596
     598
     538
     564
     576
     564
     537
     560
     565
     546
     548
     560
     593
     537
     559
     559
     531
     562
     600
     547
     525
     534
     543
     570
     544
     496
     575
     540
     541
     541
     510
     554
     558
     511
     560
     583
     559
     581
     543
     558
     572
     506
     539
     552
     589
     520
     526
     511
     557
     561
     512
     545
     601
     537
     511
     557
     509
     520
     573
     568
     519
     526
     506
     512
     513
     517
     499
     547
     505
     548
     530
     553
     539
     537
     529
     535
     523
     535
     557
     514
     526
     496
     577
     560
     548
     546
     547
     514
     516
     535
     576
     546
     500
     514
     510
     537
     551
     500
     540
     518
     561
     534
     535
     562
     507
     475
     509
     576
     576
     509
     540
     515
     544
     557
     522
     503
     517
     535
     542
     518
     511
     574
     520
     553
     494
     524
     497
     520
     502
     501
     536
     566
     558
     562
     492
     546
     540
     532
     494
     547
     472
     478
     551
     562
     546
     534
     480
     520
     522
     505
     530
     499
     534
     513
     531
     515
     523
     518
     530
     535
     516
     531
     518
     549
     512
     534
     525
     496
     537
     525
     536
     527
     527
     494
     532
     484
     498
     505
     544
     490
     522
     499
     528
     506
     491
     520
     539
     517
     492
     505
     533
     494
     542
     492
     509
     500
     478
     519
     496
     511
     498
     472
     488
     460
     535
     491
     543
     508
     523
     525
     556
     504
     510
     541
     509
     515
     508
     516
     543
     485
     536
     517
     521
     533
     531
     497
     522
     506
     488
     511
     515
     458
     531
     540
     506
     497
     502
     490
     505
     512
     519
     505
     518
     465
     496
     489
     489
     493
     475
     503
     516
     509
     492
     528
     487
     491
     482
     511
     489
     493
     483
     486
     521
     451
     501
     499
     479
     485
     493
     516
     481
     534
     506
     519
     478
     531
     517
     500
     456
     493
     539
     508
     471
     504
     485
     478
     479
     515
     483
     512
     475
     511
     495
     489
     492
     487
     500
     462
     490
     547
     534
     519
     487
     524
     475
     479
     493
     481
     465
     498
     520
     513
     493
     460
     495
     521
     501
     503
     492
     508
     515
     477
     517
     478
     528
     488
     486
     489
     489
     491
     481
     533
     524
     499
     473
     452
     481
     510
     502
     463
     502
     477
     473
     530
     455
     491
     482
     505
     470
     458
     453
     451
     512
     485
     475
     478
     520
     447
     454
     458
     477
     501
     471
     485
     470
     489
     477
     470
     508
     504
     490
     468
     513
     485
     465
     495
     461
     497
     507
     488
     471
     478
     481
     489
     442
     434
     482
     518
     519
     512
     484
     485
     515
     457
     508
     453
     501
     461
     492
     473
     480
     486
     492
     514
     473
     450
     464
     476
     488
     474
     449
     471
     502
     497
     526
     497
     456
     494
     478
     494
     515
     482
     450
     492
     510
     477
     500
     489
     495
     444
     470
     504
     444
     498
     424
     477
     485
     441
     503
     469
     491
     461
     506
     439
     508
     517
     483
     461
     451
     469
     474
     465
     489
     496
     466
     500
     476
     487
     489
     479
     466
     489
     466
     482
     503
     457
     471
     424
     491
     480
     462
     518
     462
     466
     454
     480
     467
     457
     446
     492
     461
     463
     514
     465
     476
     496
     506
     474
     503
     475
     454
     507
     476
     440
     464
     475
     461
     488
     511
     471
     472
     486
     438
     426
     466
     452
     466
     464
     460
     447
     487
     470
     486
     452
     461
     483
     453
     494
     454
     475
     454
     460
     466
     458
     497
     476
     491
     422
     462
     462
     435
     483
     490
     493
     493
     451
     480
     492
     471
     480
     481
     484
     436
     477
     444
     450
     434
     472
     467
     459
     460
     487
     436
     434
     483
     470
     453
     461
     468
     445
     447
     487
     497
     523
     471
     462
     501
     446
     489
     475
     469
     488
     496
     492
     494
     500
     480
     442
     446
     522
     433
     451
     471
     482
     461
     485
     467
     454
     459
     434
     451
     481
     477
     499
     475
     430
     482
     469
     481
     486
     490
     466
     487
     457
     508
     442
     462
     461
     471
     472
     483
     498
     467
     432
     489
     432
     496
     478
     452
     446
     448
     454
     528
     477
     483
     460
     478
     459
     472
     490
     455
     465
     487
     442
     474
     449
     472
     493
     460
     477
     435
     426
     482
     445
     451
     450
     473
     445
     512
     476
     495
     494
     465
     506
     464
     472
     467
     492
     461
     457
     469
     438
     503
     510
     480
     481
     458
     438
     508
     477
     442
     444
     487
     424
     466
     452
     489
     469
     506
     445
     467
     440
     457
     439
     468
     494
     466
     484
     480
     473
     452
     437
     472
     500
     462
     452
     509
     445
     474
     420
     483
     472
     483
     482
     493
     428
     440
     448
     464
     485
     504
     449
     470
     500
     471
     496
     522
     457
     487
     463
     438
     471
     452
     471
     463
     467
     441
     449
     442
     455
     437
     454
     477
     433
     489
     449
     446
     459
     447
     435
     489
     458
     461
     456
     472
     485
     465
     444
     463
     449
     461
     485
     454
     476
     446
     439
     437
     473
     468
     446
     437
     501
     476
     462
     475
     456
     474
     471
     465
     439
     464
     459
     465
     436
     430
     470
     449
     491
     460
     489
     466
     469
     441
     422
     483
     457
     461
     477
     476
     489
     500
     433
     470
     480
     508
     447
     482
     449
     485
     499
     480
     449
     487
     463
     476
     442
     484
     451
     461
     440
     427
     464
     469
     426
     482
     426
     474
     446
     430
     458
     467
     459
     449
     471
     496
     477
     443
     475
     480
     483
     456
     422
     451
     459
     432
     461
     440
     466
     438
     446
     445
     436
     436
     447
     437
     449
     461
     423
     453
     462
     439
     425
     442
     454
     435
     445
     444
     452
     450
     467
     423
     508
     481
     459
     425
     516
     475
     485
     464
     421
     512
     447
     479
     459
     485
     454
     443
     451
     464
     463
     441
     491
     456
     458
     479
     464
     458
     436
     488
     437
     467
     431
     446
     464
     448
     503
     404
     471
     445
     454
     460
     476
     472
     432
     429
     455
     444
     438
     486
     408
     495
     495
     445
     464
     435
     433
     474
     436
     443
     464
     435
     469
     422
     459
     467
     476
     464
     496
     461
     430
     405
     458
     447
     456
     420
     450
     445
     429
     467
     422
     485
     426
     447
     446
     458
     445
     447
     436
     412
     428
     447
     443
     441
     446
     469
     460
     443
     488
     449
     433
     461
     453
     433
     485
     453
     435
     446
     441
     463
     437
     466
     424
     405
     432
     428
     473
     461
     417
     449
     475
     434
     427
     403
     417
     468
     402
     443
     470
     435
     412
     434
     455
     474
     450
     478
     425
     417
     458
     413
     449
     475
     473
     465
     437
     475
     440
     430
     415
     449
     407
     441
     434
     465
     414
     450
     433
     457
     429
     431
     428
     446
     442
     474
     446
     399
     425
     449
     450
     446
     459
     483
     409
     441
     466
     469
     415
     461
     433
     457
     417
     417
     451
     456
     467
     432
     453
     486
     456
     487
     446
     407
     483
     459
     414
     432
     410
     423
     450
     459
     449
     467
     450
     437
     468
     429
     433
     447
     427
     443
     473
     459
     426
     442
     415
     434
     396
     442
     443
     452
     432
     435
     401
     452
     411
     403
     429
     383
     411
     469
     417
     434
     432
     470
     442
     439
     477
     444
     444
     428
     454
     468
     434
     424
     427
     426
     397
     426
     439
     431
     429
     465
     458
     428
     426
     438
     453
     487
     419
     441
     462
     447
     442
     406
     429
     442
     421
     427
     454
     474
     438
     449
     424
     439
     421
     439
     474
     426
     485
     428
     439
     427
     443
     462
     433
     426
     419
     428
     430
     454
     413
     424
     411
     433
     428
     465
     413
     494
     444
     493
     436
     454
     431
     475
     468
     456
     454
     447
     439
     425
     468
     462
     421
     454
     454
     398
     424
     430
     438
     464
     431
     425
     445
     460
     438
     419
     449
     427
     420
     467
     408
     446
     460
     427
     438
     478
     436
     436
     441
     459
     455
     413
     412
     442
     439
     438
     452
     438
     443
     439
     477
     433
     431
     430
     486
     436
     415
     435
     444
     466
     430
     455
     430
     430
     443
     437
     409
     425
     429
     418
     424
     444
     410
     479
     415
     438
     471
     426
     440
     452
     439
     422
     443
     453
     462
     443
     462
     455
     397
     476
     449
     439
     426
     410
     474
     438
     421
     443
     431
     446
     376
     452
     430
     441
     454
     462
     432
     454
     415
     429
     462
     434
     430
     438
     435
     461
     439
     433
     472
     425
     415
     480
     425
     426
     425
     427
     445
     456
     469
     427
     425
     461
     440
     401
     434
     438
     417
     428
     483
     424
     443
     432
     402
     449
     440
     444
     434
     404
     438
     457
     463
     465
     434
     448
     427
     476
     410
     435
     431
     440
     452
     427
     427
     415
     439
     464
     413
     415
     433
     461
     443
     443
     439
     410
     470
     455
     437
     430
     427
     446
     460
     426
     398
     460
     410
     473
     447
     436
     434
     435
     456
     398
     429
     457
     405
     445
     415
     450
     413
     451
     444
     439
     449
     470
     428
     402
     416
     448
     426
     422
     448
     445
     473
     412
     447
     428
     409
     447
     434
     433
     408
     432
     457
     426
     415
     434
     433
     458
     442
     472
     473
     468
     423
     433
     440
     394
     436
     422
     473
     437
     438
     445
     442
     433
     434
     458
     465
     448
     417
     445
     435
     443
     463
     416
     448
     425
     428
     423
     424
     423
     431
     441
     389
     452
     419
     413
     419
     416
     418
     442
     424
     430
     458
     458
     410
     401
     418
     428
     480
     480
     438
     453
     438
     436
     456
     448
     439
     425
     471
     421
     444
     434
     436
     425
     463
     426
     434
     467
     435
     423
     415
     445
     461
     397
     414
     406
     448
     430
     452
     463
     442
     435
     415
     481
     409
     446
     456
     430
     445
     450
     451
     411
     418
     448
     417
     405
     395
     415
     461
     459
     456
     432
     439
     457
     450
     441
     422
     420
     433
     456
     469
     420
     448
     420
     454
     459
     417
     450
     440
     434
     455
     433
     449
     457
     400
     396
     415
     402
     445
     410
     415
     445
     427
     447
     455
     433
     468
     433
     455
     439
     498
     440
     438
     477
     456
     422
     469
     446
     417
     414
     445
     453
     433
     431
     409
     438
     396
     459
     424
     421
     425
     465
     445
     448
     446
     420
     409
     437
     475
     439
     412
     442
     459
     441
     421
     440
     428
     463
     435
     430
     412
     493
     441
     417
     443
     427
     429
     437
     422
     408
     438
     436
     431
     434
     449
     431
     416
     416
     431
     429
     440
     442
     477
     435
     460
     472
     435
     464
     416
     425
     466
     431
     414
     445
     470
     438
     430
     455
     445
     426
     426
     451
     419
     427
     435
     469
     427
     440
     454
     396
     450
     425
     443
     441
     427
     444
     432
     424
     431
     420
     421
     433
     458
     432
     461
     420
     419
     431
     426
     418
     458
     459
     446
     395
     419
     467
     440
     438
     441
     427
     439
     440
     445
     434
     453
     451
     411
     460
     444
     433
     456
     420
     467
     436
     423
     462
     462
     454
     404
     429
     469
     465
     423
     439
     425
     418
     472
     453
     420
     456
     450
     447
     404
     501
     492
     437
     434
     429
     455
     417
     451
     443
     418
     438
     430
     450
     420
     460
     423
     446
     449
     454
     439
     432
     455
     386
     435
     450
     431
     458
     396
     428
     454
     413
     456
     457
     416
     443
     442
     418
     433
     456
     422
     490
     411
     419
     436
     419
     421
     447
     442
     475
     424
     442
     434
     432
     459
     467
     438
     466
     412
     460
     431
     447
     456
     432
     454
     426
     458
     440
     420
     445
     432
     419
     451
     407
     383
     447
     444
     433
     451
     467
     469
     422
     438
     424
     408
     484
     450
     432
     446
     468
     417
     459
     447
     448
     434
     437
     436
     468
     417
     480
     433
     442
     451
     484
     469
     430
     437
     404
     450
     438
     436
     432
     470
     461
     439
     433
     406
     425
     435
     437
     461
     448
     457
     410
     418
     437
     444
     444
     434
     378
     411
     452
     459
     420
     417
     440
     466
     451
     423
     479
     418
     392
     418
     424
     434
     437
     433
     404
     450
     445
     449
     454
     434
     447
     446
     454
     442
     468
     446
     464
     406
     462
     446
     420
     427
     449
     427
     436
     450
     449
     457
     433
     446
     429
     463
     435
     527
     472
     435
     400
     405
     432
     429
     454
     428
     436
     438
     409
     439
     468
     406
     435
     485
     433
     426
     423
     451
     432
     426
     451
     432
     408
     463
     431
     483
     489
     427
     441
     446
     460
     447
     452
     457
     454
     455
     430
     438
     462
     430
     459
     411
     460
     426
     465
     453
     447
     437
     473
     475
     461
     468
     436
     405
     436
     426
     440
     439
     472
     461
     442
     420
     405
     413
     421
     399
     465
     441
     410
     442
     448
     435
     439
     441
     473
     392
     429
     426
     429
     499
     467
     450
     461
     430
     452
     416
     481
     463
     434
     448
     426
     453
     476
     428
     427
     438
     439
     444
     491
     424
     456
     438
     415
     457
     448
     449
     486
     451
     396
     456
     428
     434
     432
     491
     491
     448
     449
     475
     447
     437
     387
     456
     453
     446
     437
     441
     408
     405
     420
     445
     433
     442
     436
     432
     431
     448
     463
     483
     432
     464
     466
     428
     447
     443
     440
     415
     468
     439
     456
     452
     456
     398
     440
     440
     465
     437
     451
     457
     451
     426
     440
     413
     432
     440
     432
     416
     454
     449
     421
     438
     423
     438
     479
     442
     443
     444
     442
     419
     472
     454
     472
     461
     422
     512
     453
     476
     474
     451
     439
     489
     435
     443
     419
     418
     428
     435
     447
     452
     425
     474
     441
     459
     460
     441
     450
     451
     482
     439
     413
     451
     458
     444
     444
     461
     443
     429
     468
     442
     415
     467
     469
     461
     439
     438
     469
     464
     483
     411
     432
     434
     438
     434
     474
     474
     435
     471
     421
     423
     457
     463
     461
     469
     458
     461
     448
     453
     446
     429
     477
     474
     451
     432
     467
     437
     432
     504
     461
     456
     439
     473
     432
     446
     479
     470
     476
     497
     452
     471
     433
     469
     442
     472
     453
     463
     470
     423
     458
     467
     430
     447
     426
     449
     459
     438
     433
     489
     465
     452
     523
     468
     436
     426
     417
     443
     451
     464
     438
     453
     445
     456
     461
     438
     456
     451
     463
     483
     456
     473
     456
     485
     479
     475
     453
     445
     487
     503
     466
     476
     471
     478
     479
     461
     465
     433
     417
     452
     471
     465
     501
     470
     480
     472
     486
     469
     467
     416
     446
     476
     447
     440
     479
     459
     496
     438
     470
     493
     491
     427
     492
     453
     499
     480
     449
     506
     457
     472
     467
     427
     495
     473
     474
     483
     490
     486
     463
     471
     443
     462
     478
     464
     461
     457
     435
     492
     403
     501
     468
     500
     458
     474
     481
     497
     463
     482
     475
     437
     448
     443
     454
     453
     451
     495
     507
     447
     476
     476
     486
     469
     442
     449
     437
     453
     494
     467
     465
     441
     447
     469
     442
     467
     466
     439
     462
     484
     486
     468
     435
     422
     452
     446
     416
     505
     479
     458
     483
     435
     498
     476
     437
     473
     502
     489
     446
     473
     421
     409
     474
     455
     454
     442
     450
     468
     452
     483
     487
     491
     438
     456
     442
     478
     491
     426
     483
     433
     501
     456
     477
     447
     481
     455
     462
     469
     476
     439
     465
     493
     448
     430
     457
     470
     482
     488
     475
     446
     478
     464
     450
     460
     477
     464
     425
     483
     497
     467
     468
     487
     433
     463
     475
     494
     421
     440
     449
     452
     485
     454
     475
     457
     446
     478
     494
     449
     454
     464
     445
     491
     442
     444
     463
     483
     511
     499
     495
     480
     469
     464
     465
     447
     439
     502
     450
     446
     469
     476
     455
     454
     472
     449
     486
     448
     465
     476
     459
     470
     451
     446
     446
     387
     497
     422
     428
     421
     425
     485
     482
     440
     470
     462
     437
     462
     478
     443
     472
     475
     430
     454
     463
     474
     449
     445
     409
     474
     479
     442
     491
     453
     454
     427
     480
     440
     412
     441
     441
     428
     408
     429
     429
     495
     446
     460
     419
     454
     460
     443
     435
     404
     462
     494
     436
     436
     480
     453
     446
     458
     434
     470
     424
     441
     449
     426
     455
     440
     436
     469
     444
     443
     441
     421
     449
     471
     417
     409
     435
     396
     442
     420
     480
     447
     454
     430
     476
     451
     401
     441
     457
     435
     470
     426
     462
     447
     427
     431
     443
     425
     430
     426
     394
     429
     413
     448
     448
     457
     428
     448
     418
     424
     438
     399
     419
     428
     420
     414
     440
     419
     416
     430
     439
     441
     424
     426
     432
     430
     420
     396
     430
     414
     417
     422
     382
     416
     416
     406
     405
     406
     412
     416
     376
     436
     435
     430
     388
     443
     382
     434
     408
     434
     403
     447
     414
     408
     424
     433
     411
     420
     388
     418
     403
     444
     437
     441
     401
     466
     417
     397
     394
     418
     360
     411
     439
     395
     388
     396
     408
     417
     416
     470
     411
     383
     401
     405
     390
     400
     372
     438
     388
     380
     409
     377
     435
     395
     395
     386
     400
     369
     402
     376
     383
     402
     421
     381
     394
     423
     382
     381
     385
     406
     427
     427
     384
     369
     377
     395
     383
     371
     375
     385
     390
     398
     431
     411
     368
     367
     379
     367
     414
     406
     358
     397
     396
     396
     373
     366
     379
     386
     396
     403
     333
     361
     370
     361
     379
     382
     365
     370
     391
     446
     404
     374
     339
     374
     374
     351
     368
     371
     368
     405
     343
     390
     353
     346
     389
     351
     349
     372
     383
     393
     357
     343
     365
     374
     362
     380
     348
     334
     349
     358
     328
     345
     361
     363
     346
     371
     386
     358
     328
     392
     346
     356
     383
     379
     346
     357
     357
     354
     344
     377
     373
     357
     362
     385
     348
     366
     361
     380
     356
     351
     346
     355
     333
     389
     336
     324
     318
     368
     353
     340
     362
     353
     336
     302
     362
     358
     356
     357
     316
     334
     334
     336
     373
     355
     332
     349
     363
     354
     337
     353
     341
     362
     361
     353
     344
     312
     344
     353
     329
     357
     328
     357
     360
     338
     299
     329
     335
     354
     322
     335
     345
     335
     315
     357
     333
     319
     367
     319
     307
     305
     354
     326
     338
     352
     337
     324
     337
     325
     352
     316
     336
     326
     351
     345
     336
     319
     317
     340
     319
     333
     335
     342
     347
     357
     309
     336
     323
     344
     323
     304
     348
     319
     322
     301
     322
     331
     357
     342
     326
     329
     330
     293
     319
     320
     321
     320
     304
     278
     301
     334
     339
     299
     341
     304
     376
     353
     322
     345
     307
     319
     320
     316
     312
     310
     301
     339
     315
     302
     333
     330
     312
     348
     331
     349
     335
     324
     356
     313
     335
     311
     318
     351
     321
     313
     325
     342
     374
     342
     315
     322
     345
     346
     346
     313
     322
     338
     307
     347
     319
     347
     320
     318
     293
     325
     322
     315
     330
     329
     301
     335
     331
     316
     327
     305
     312
     309
     372
     316
     292
     317
     332
     336
     349
     330
     300
     306
     335
     320
     308
     341
     316
     314
     335
     315
     312
     304
     312
     316
     335
     299
     299
     325
     314
     331
     330
     325
     291
     343
     340
     316
     320
     318
     343
     308
     324
     321
     312
     302
     306
     340
     325
     309
     339
     315
     307
     312
     294
     273
     266
     303
     324
     317
     344
     317
     318
     310
     303
     320
     328
     290
     315
     317
     334
     295
     301
     292
     312
     312
     289
     310
     266
     348
     312
     293
     288
     284
     293
     321
     319
     305
     338
     307
     297
     315
     320
     306
     294
     297
     301
     308
     300
     297
     312
     312
     304
     303
     305
     296
     325
     307
     294
     295
     273
     316
     323
     289
     289
     291
     289
     291
     284
     307
     326
     323
     288
     307
     272
     276
     284
     310
     289
     306
     303
     291
     307
     283
     299
     297
     295
     286
     290
     304
     304
     279
     307
     282
     324
     307
     296
     275
     304
     318
     302
     317
     285
     250
     298
     287
     333
     287
     297
     328
     296
     300
     297
     288
     307
     320
     275
     296
     295
     281
     302
     317
     289
     281
     315
     278
     279
     286
     272
     268
     292
     282
     284
     277
     282
     265
     288
     289
     307
     281
     285
     298
     291
     293
     282
     277
     273
     282
     297
     299
     321
     291
     277
     279
     281
     279
     259
     298
     263
     299
     279
     290
     260
     259
     259
     248
     277
     269
     291
     300
     284
     288
     304
     250
     255
     256
     261
     267
     282
     287
     286
     263
     283
     281
     275
     270
     261
     267
     272
     273
     266
     318
     278
     232
     321
     249
     281
     261
     248
     290
     243
     272
     240
     266
     301
     289
     250
     238
     234
     288
     288
     292
     268
     277
     246
     260
     235
     271
     273
     274
     267
     255
     253
     259
     253
     254
     299
     249
     237
     280
     255
     260
     240
     262
     278
     253
     265
     265
     271
     273
     257
     276
     244
     252
     243
     264
     240
     262
     269
     264
     257
     240
     276
     277
     248
     253
     248
     245
     254
     264
     256
     241
     243
     247
     248
     245
     254
     274
     255
     237
     246
     268
     251
     261
     238
     251
     271
     248
     265
     266
     252
     269
     254
     281
     298
     284
     269
     240
     237
     255
     268
     252
     255
     248
     236
     244
     271
     274
     261
     265
     254
     252
     278
     249
     233
     257
     275
     228
     268
     296
     215
     268
     284
     276
     235
     254
     228
     246
     254
     239
     253
     258
     244
     263
     277
     256
     240
     261
     262
     254
     264
     261
     274
     263
     247
     276
     251
     249
     245
     249
     242
     238
     291
     259
     226
     275
     267
     202
     237
     247
     244
     255
     235
     251
     248
     244
     273
     285
     264
     272
     265
     247
     285
     247
     276
     255
     263
     267
     270
     261
     258
     228
     294
     264
     266
     271
     281
     239
     283
     269
     285
     281
     267
     282
     280
     284
     279
     271
     268
     301
     247
     286
     252
     291
     275
     289
     262
     305
     289
     273
     297
     287
     252
     278
     281
     291
     272
     325
     292
     311
     304
     275
     300
     265
     286
     260
     277
     277
     285
     272
     309
     290
     299
     265
     298
     318
     279
     304
     317
     283
     303
     268
     308
     270
     303
     308
     311
     328
     335
     297
     302
     291
     315
     331
     306
     310
     303
     341
     277
     284
     315
     294
     329
     339
     328
     325
     300
     338
     312
     338
     364
     322
     298
     315
     319
     327
     343
     340
     331
     355
     323
     347
     347
     346
     366
     391
     334
     330
     331
     368
     372
     327
     364
     332
     371
     372
     367
     336
     369
     381
     375
     387
     411
     368
     365
     391
     358
     363
     365
     356
     392
     343
     361
     365
     384
     383
     378
     391
     376
     393
     382
     405
     393
     403
     408
     391
     428
     365
     373
     386
     431
     422
     390
     414
     402
     434
     417
     435
     371
     386
     463
     416
     428
     435
     425
     446
     452
     427
     447
     412
     431
     420
     406
     448
     428
     424
     487
     457
     437
     430
     435
     492
     444
     441
     437
     437
     462
     434
     420
     472
     470
     455
     460
     462
     481
     484
     472
     468
     509
     491
     460
     500
     494
     492
     495
     498
     486
     489
     498
     504
     478
     521
     501
     474
     505
     484
     524
     495
     525
     484
     523
     546
     530
     489
     476
     505
     487
     502
     526
     532
     485
     498
     512
     550
     540
     546
     514
     494
     497
     484
     491
     503
     495
     507
     512
     533
     555
     564
     539
     513
     564
     522
     516
     529
     490
     580
     543
     519
     496
     588
     528
     541
     511
     541
     528
     557
     513
     547
     535
     548
     517
     543
     549
     572
     551
     526
     584
     548
     554
     537
     579
     552
     568
     538
     547
     536
     555
     545
     549
     545
     557
     551
     521
     547
     543
     565
     549
     548
     539
     549
     536
     599
     607
     548
     561
     603
     567
     551
     542
     605
     520
     571
     552
     531
     542
     591
     534
     542
     573
     538
     559
     557
     572
     569
     541
     571
     546
     576
     532
     547
     572
     551
     557
     526
     505
     546
     541
     577
     580
     551
     513
     510
     558
     548
     560
     508
     542
     528
     519
     580
     529
     541
     528
     536
     555
     548
     541
     522
     487
     541
     534
     530
     545
     506
     500
     527
     529
     550
     518
     511
     518
     522
     552
     512
     512
     475
     554
     518
     525
     523
     555
     519
     501
     508
     464
     493
     561
     542
     483
     526
     520
     527
     502
     485
     484
     507
     439
     459
     505
     498
     489
     495
     453
     490
     469
     454
     497
     481
     488
     431
     423
     475
     473
     472
     512
     431
     493
     451
     427
     423
     468
     478
     449
     459
     457
     412
     417
     453
     452
     449
     394
     407
     450
     439
     438
     438
     418
     406
     427
     406
     433
     430
     394
     416
     430
     393
     423
     402
     414
     393
     406
     432
     384
     424
     444
     400
     382
     390
     382
     400
     362
     407
     365
     361
     368
     403
     380
     367
     360
     360
     364
     405
     383
     363
     367
     370
     336
     367
     360
     368
     348
     348
     358
     327
     326
     291
     365
     345
     317
     363
     353
     341
     304
     321
     339
     327
     295
     318
     325
     327
     289
     329
     312
     298
     303
     294
     309
     301
     326
     319
     292
     331
     309
     300
     292
     321
     304
     266
     274
     283
     308
     300
     297
     298
     271
     269
     274
     273
     308
     279
     253
     284
     263
     271
     254
     278
     278
     253
     283
     268
     263
     269
     276
     250
     251
     249
     257
     247
     232
     237
     251
     226
     230
     237
     249
     245
     258
     248
     232
     222
     233
     240
     238
     225
     222
     191
     210
     209
     221
     213
     206
     215
     229
     209
     209
     201
     202
     216
     204
     212
     194
     205
     203
     210
     212
     203
     233
     200
     193
     216
     195
     204
     188
     201
     208
     193
     193
     172
     180
     185
     206
     217
     178
     192
     190
     200
     194
     185
     204
     177
     170
     167
     170
     190
     170
     166
     182
     183
     174
     193
     175
     168
     178
     179
     162
     183
     182
     201
     178
     178
     159
     174
     155
     191
     166
     196
     173
     159
     183
     158
     149
     175
     158
     167
     185
     182
     175
     175
     177
     175
     143
     161
     176
     168
     177
     170
     143
     157
     169
     183
     167
     168
     167
     135
     179
     160
     181
     158
     149
     162
     169
     160
     148
     174
     193
     168
     172
     156
     163
     191
     157
     185
     168
     180
     155
     155
     182
     157
     141
     155
     175
     194
     178
     166
     166
     158
     183
     165
     184
     154
     161
     166
     150
     165
     172
     177
     174
     195
     156
     170
     162
     177
     166
     163
     159
     172
     175
     175
     163
     199
     175
     183
     201
     188
     171
     174
     182
     175
     213
     215
     164
     206
     180
     213
     191
     186
     202
     221
     213
     200
     188
     176
     222
     213
     192
     182
     204
     201
     198
     187
     200
     209
     204
     225
     212
     187
     219
     210
     235
     221
     206
     210
     213
     234
     226
     241
     192
     212
     246
     243
     202
     230
     237
     252
     239
     229
     253
     224
     222
     222
     239
     237
     224
     229
     265
     244
     227
     243
     235
     252
     246
     253
     273
     253
     240
     264
     271
     261
     278
     282
     250
     271
     266
     247
     284
     247
     255
     284
     275
     261
     263
     272
     289
     278
     291
     265
     290
     267
     301
     244
     280
     280
     304
     264
     291
     302
     265
     304
     298
     307
     315
     321
     295
     293
     319
     315
     286
     318
     349
     290
     314
     335
     318
     302
     318
     327
     326
     312
     305
     330
     340
     289
     295
     317
     315
     327
     332
     303
     312
     341
     335
     342
     350
     332
     355
     375
     346
     336
     353
     317
     326
     344
     338
     354
     358
     349
     346
     347
     403
     337
     359
     359
     339
     373
     389
     330
     343
     389
     371
     339
     337
     375
     358
     342
     406
     386
     371
     359
     364
     389
     383
     391
     381
     368
     381
     421
     360
     414
     406
     387
     378
     392
     374
     375
     377
     412
     410
     373
     365
     423
     397
     387
     384
     433
     403
     405
     423
     374
     427
     349
     409
     407
     413
     391
     400
     380
     388
     418
     423
     431
     412
     394
     404
     385
     449
     422
     389
     403
     378
     388
     401
     395
     427
     404
     396
     418
     394
     401
     412
     422
     415
     442
     422
     362
     429
     407
     416
     409
     406
     438
     418
     429
     399
     404
     374
     402
     422
     426
     468
     416
     425
     443
     456
     428
     420
     394
     418
     422
     392
     404
     436
     402
     392
     421
     427
     389
     393
     438
     413
     443
     399
     427
     386
     412
     444
     366
     422
     386
     424
     388
     404
     401
     406
     412
     368
     380
     430
     383
     400
     379
     426
     467
     388
     383
     387
     437
     405
     390
     415
     409
     426
     420
     435
     379
     373
     380
     397
     449
     379
     380
     393
     394
     361
     411
     395
     385
     396
     416
     398
     419
     386
     373
     371
     393
     403
     395
     415
     401
     405
     393
     343
     366
     383
     347
     407
     346
     362
     403
     394
     393
     383
     394
     389
     361
     382
     362
     346
     363
     344
     374
     349
     340
     377
     346
     375
     380
     371
     356
     312
     315
     373
     347
     350
     344
     339
     360
     333
     309
     310
     346
     361
     346
     360
     349
     325
     307
     297
     363
     276
     313
     340
     318
     320
     356
     359
     303
     300
     329
     316
     307
     307
     322
     359
     326
     285
     324
     320
     295
     310
     285
     306
     299
     280
     297
     305
     308
     300
     306
     263
     340
     270
     304
     258
     285
     257
     282
     285
     285
     249
     286
     263
     284
     272
     287
     265
     288
     274
     276
     308
     255
     280
     240
     234
     271
     280
     242
     265
     243
     238
     251
     246
     248
     261
     233
     231
     238
     236
     258
     216
     243
     226
     224
     243
     204
     238
     235
     222
     211
     212
     226
     198
     231
     202
     220
     212
     207
     217
     226
     215
     214
     187
     212
     192
     210
     202
     186
     195
     181
     219
     211
     196
     159
     201
     176
     187
     189
     203
     169
     206
     197
     180
     181
     177
     193
     172
     182
     174
     161
     174
     188
     163
     177
     171
     154
     177
     167
     158
     174
     149
     151
     146
     158
     161
     176
     172
     160
     146
     177
     149
     146
     143
     155
     141
     126
     169
     166
     132
     130
     133
     132
     140
     106
     128
     134
     151
     120
     129
     134
     117
     148
      98
     117
     131
     117
     109
     126
     122
     121
     125
     124
     120
     115
     110
     104
     114
     100
      93
     123
     110
     106
     104
     108
     115
      93
     112
      81
      94
      81
      95
      88
     101
     100
      91
      92
      92
      97
      86
      93
      91
      69
      97
      81
      79
     103
      81
      91
      95
      85
      99
      77
      92
      86
      82
      81
      75
      80
      83
      86
      71
      79
      60
      73
      63
      69
      87
      74
      68
      59
      71
      66
      68
      69
      75
      60
      70
      58
      63
      62
      67
      65
      50
      68
      73
      55
      59
      71
      54
      61
      49
      56
      70
      54
      54
      65
      47
      57
      73
      46
      49
      46
      46
      56
      69
      51
      46
      47
      59
      36
      69
      41
      37
      44
      48
      53
      48
      41
      52
      36
      42
      45
      43
      49
      36
      40
      36
      51
      46
      38
      43
      53
      45
      32
      44
      31
      43
      32
      40
      43
      43
      39
      36
      39
      29
      33
      36
      35
      36
      26
      40
      31
      25
      33
      27
      35
      39
      28
      29
      32
      27
      32
      24
      20
      26
      25
      33
      32
      16
      44
      19
      24
      28
      27
      35
      31
      31
      35
      23
      33
      31
      24
      18
      21
      26
      14
      29
      28
      22
      16
      22
      21
      27
      21
      26
      38
      25
      15
      25
      15
      25
      26
      19
      22
      34
      22
      13
      21
      21
      19
      21
      11
      22
      10
      15
      19
      17
      21
      19
      24
      20
      18
      27
      30
      21
      23
      25
      13
      21
      17
      18
      23
      16
      10
      14
      27
       7
      16
      13
      16
      20
       9
      13
      20
      23
      13
      19
      10
      13
      21
      14
      16
      15
      11
      11
      19
      19
      15
      13
      13
      11
      14
      22
      13
      15
      14
      17
       9
      10
      14
      11
      17
       9
      20
      20
      17
      17
      14
      12
      15
      13
      15
      11
      16
      14
      14
       5
      16
      19
       7
      15
      12
       9
      10
      15
      13
      15
       8
       8
      15
      19
      13
      10
       5
      15
      10
       9
      14
      21
      16
      16
      14
       9
      12
      21
      13
      11
       8
      16
      12
      15
      14
       8
      13
      11
      11
      13
      20
      16
       9
       9
      12
       8
      11
       7
      17
      14
      13
       7
      13
      10
      11
      12
       6
      11
      14
      10
       7
       9
      18
       9
      13
      10
       9
      13
      15
      16
      13
       4
      11
      12
       8
      15
      15
      11
      12
      11
      13
       5
       9
      12
      13
      12
       9
       9
      14
      17
      13
       5
      10
       6
      10
      13
      12
      12
       5
      14
      17
       8
      12
      13
       7
      14
       8
      15
       8
      10
      10
       1
      11
      12
       8
       3
      14
      11
      11
       6
      12
      15
      11
       2
      13
       7
      19
       9
      10
       8
       9
       3
       9
       3
      11
       8
       4
       9
      10
       4
      11
      11
      11
      14
      11
       8
       9
       6
       9
       6
      11
       9
      12
      11
      10
      16
       6
       8
       7
      11
       9
      10
      12
       4
       7
       9
      12
       7
      10
      12
       8
       6
       7
      11
      11
       9
       7
       8
      12
       9
       8
       7
      10
      10
       8
      10
       8
       7
       5
      17
       9
      12
       9
       8
       5
       6
       7
       6
      11
      12
       8
       4
       9
       9
      12
       7
       3
       8
      10
       8
       6
       4
      10
       9
       9
       9
       8
       3
       5
       8
      10
       9
      10
      11
       4
       7
      10
      12
      10
      10
       9
       8
      14
       8
      13
       9
       6
       5
       5
       6
       7
      11
      12
      10
      11
       8
       8
      11
      14
      12
      15
      11
       4
      17
       6
       8
      11
       6
       5
       6
      10
      13
       8
      10
      10
      13
      10
       7
       9
       4
       5
       6
       9
      10
       8
       9
       8
      13
       9
       8
      12
       8
      11
       7
       7
      10
       8
      10
       8
       8
      10
       7
      13
       7
      11
       9
       2
       8
      15
       9
      12
      11
       4
      15
       8
       8
       8
       4
       9
       5
      12
       6
       7
       5
       7
       9
      10
       8
      16
      11
       4
       6
       9
      12
       6
       5
       6
       8
       7
       9
      11
      13
       8
      11
       5
      12
      12
      10
       7
       8
      10
       6
       9
       6
      11
      10
       6
       9
       7
       5
       7
       5
       6
      11
      10
      11
      11
       9
       8
       7
       9
      12
      10
      11
       9
       5
       4
       8
       7
      10
       5
       5
       4
       9
       9
       6
      10
      13
       9
       8
       8
       4
       6
      11
      10
       7
       8
       9
       8
      13
       4
      15
      13
       7
      13
       9
       7
      13
      10
       5
      11
       7
      13
      11
       8
       4
       7
       6
       8
       6
       5
       5
       2
       7
       9
       9
      12
      11
      13
       8
       4
      11
       9
       5
       9
       7
       7
      14
       7
       8
       5
       8
       9
      11
       6
      10
       8
       8
       7
      10
      11
       4
      11
       9
      13
      10
       7
       7
       4
       9
      10
       6
       5
       8
       5
       7
       9
       7
       9
       9
       6
       7
       6
       7
       5
       6
      13
      10
       9
       4
       7
      11
       8
      14
      11
       7
       5
      10
       7
       7
       7
       5
       9
       7
      10
       6
       5
       7
      10
       6
       7
       8
       8
      10
       7
       8
       6
       6
      11
       7
       9
      15
       7
       5
       7
       7
       6
      11
       9
      10
       7
       6
       5
       7
       6
      13
       6
      11
       8
       6
       6
       4
       1
       8
       4
       7
       8
       8
       5
       7
      10
       9
      10
      12
       7
       5
       7
       6
       5
       8
       8
       9
      12
       8
       9
       8
       6
       2
       8
       9
       7
       5
       6
       7
       6
       5
       3
      10
       6
      10
       9
       2
       8
      12
       8
       7
       9
       4
       6
       7
       6
      12
       6
       3
       5
       9
      12
       3
       8
       8
       5
      10
       8
       8
       8
       6
       4
       6
       9
       6
       5
       4
       4
       9
       7
       9
      12
       7
       6
       7
       9
       4
       1
       6
       8
       4
      11
       9
       3
       4
       8
      10
       5
       6
       9
       7
       3
       9
       8
       7
       5
       6
       5
       8
       4
       7
       9
       7
       2
       5
       6
       6
       8
       9
       8
       5
       3
       4
       8
       8
       9
       4
       2
       7
       6
       7
       8
      13
       8
       2
       7
      12
       9
      10
       8
       9
      13
       8
       6
       9
       7
       4
       9
       8
       6
       9
       7
       7
       7
       8
       6
       4
       4
       7
       5
       9
       2
      10
       7
       5
      13
       7
       9
      10
      13
       7
      11
       4
       7
       3
       7
       4
      10
       9
      10
      10
       8
       8
       3
       8
       8
       8
       7
       6
       4
      10
       5
      12
       7
       8
       6
       8
       8
       1
       8
      11
       5
      10
       6
       7
       8
       9
       3
       8
       7
      11
       6
       4
       6
       5
       3
       5
       7
      14
       8
       5
       6
       2
      11
       4
       5
       5
       6
       6
      10
       9
       3
       5
       9
       5
       6
       8
       6
       2
       8
       4
       4
       7
       6
       4
       6
      11
       6
       7
       8
       7
       7
       5
       8
       7
       3
       9
       6
       7
       8
       8
       4
       8
       4
       4
       7
       4
       6
       4
       3
       8
       5
      12
       7
       6
       6
       9
       9
       4
      11
       7
       5
       7
       6
       3
       5
       4
       6
       7
       8
      11
       5
       7
       8
       9
       4
       9
       7
      10
       5
       8
      13
       4
       3
      10
       6
       3
       7
       5
      10
       6
      11
       6
       8
       7
       7
       6
      11
       9
       6
      10
       9
       4
       5
       6
       5
       5
       4
       6
       8
       6
       6
       4
       3
       6
      10
       9
       7
       8
       6
       4
       5
       6
       8
       6
       6
       2
       8
       7
       2
       6
       7
       1
       6
       6
      11
       8
       9
       7
       3
       5
       2
       3
       4
       9
       6
      11
       6
       5
       4
       3
       9
       7
       5
       9
       6
       5
       5
       4
       4
       4
       4
       3
       9
       7
       6
       6
       9
       5
       5
       4
       9
       7
       4
       6
       3
       4
      14
       6
       6
       5
       3
       4
       8
       7
       7
       6
       6
       6
      10
       8
       1
      10
       3
       2
       7
       9
       4
       2
       3
       5
       5
       3
       6
       9
       6
       7
       2
       9
       5
       5
       5
       5
       5
       9
      10
       7
       3
       7
      10
       6
       4
       7
       3
       8
       2
       5
       4
      10
       9
       5
       8
      11
      10
       9
       5
       3
       5
       7
       9
       3
       8
       3
       7
       8
       9
       8
       6
       3
       5
       6
      10
       6
      10
       9
       3
       8
       9
       6
       3
       5
       6
       6
       8
       5
       5
       5
       5
       6
       7
       6
       8
       5
       7
       4
       3
       8
       5
       4
       9
       7
       2
       6
       4
       4
       3
       5
       9
       5
       7
       6
       2
       6
       4
       3
       4
       7
       5
       7
       3
      11
       9
       4
       8
       6
       9
       5
       6
       2
       3
       5
       2
       5
       5
       4
       6
       2
       1
       2
       4
       7
       6
       5
       9
       7
       6
       4
       5
       6
       5
       6
       3
       3
      14
       6
       4
       7
       2
       2
       4
       5
       8
       5
       7
       9
       6
       6
       1
       4
       8
       3
       7
       2
       8
       5
       8
       6
       7
       5
      10
       9
       3
       4
       3
       3
       8
       3
       7
       3
       8
       7
       7
       8
       4
       6
       2
       8
       3
       6
       8
       7
       6
       4
       5
       8
       6
       5
       5
       3
       6
       0
       9
       4
       6
       5
       7
       3
       7
       5
       7
       7
       3
       3
       7
      11
       6
       8
       8
       9
       3
       5
       4
       4
       4
       6
       8
       4
       6
       3
       7
       3
       7
       5
       9
       8
      11
       3
       8
       6
       7
       8
       6
       5
       4
      12
       9
       8
       4
       7
       5
       5
       3
       3
       7
       8
       6
       5
       8
       2
       1
       8
       8
       3
       5
       2
       8
       3
       9
       8
       2
       6
       2
       5
       2
       6
       5
       5
       2
       7
       5
       5
       4
       2
       5
       5
       9
       3
       7
       9
       6
       1
       5
       4
       7
       2
       6
       5
       3
       7
       2
       3
       6
       8
       5
       5
       4
       6
       4
       3
       5
       5
       3
       8
      11
       5
       2
       4
       7
       3
       1
       7
       6
       2
       7
       9
       2
       5
       4
       8
       0
       4
       7
       5
       3
       3
       3
       7
      11
       3
       4
       5
       3
       9
       7
       5
       5
       6
       3
      11
       5
       5
       3
       0
       3
       5
       3
       5
       3
       5
       6
       7
       7
       4
       7
       6
       5
      11
       3
       2
       5
       3
       3
       4
       4
      11
       7
       3
       4
       4
       4
       4
       5
      11
       5
       3
       6
       2
       3
       3
       5
       4
       3
       2
       5
       4
       1
       4
       4
      11
       5
       2
       6
       1
       8
       5
       3
       4
       6
       3
       4
       5
       3
       8
       7
       8
       5
       3
       4
       1
       3
       3
       2
       4
       3
       6
       6
       3
       5
       4
       6
       3
       3
       6
       4
       9
       6
       5
       6
       4
       4
       6
       5
       6
       2
       5
       3
       1
       1
       7
      10
       3
       5
       2
      11
       2
       5
       8
       7
       4
       5
       7
       8
       2
       6
       9
       5
       4
       2
       4
       4
       3
       4
       4
       9
       5
       5
       3
       5
       4
       6
       2
       4
       7
       3
       2
       6
       6
       5
       3
       4
       1
       5
       2
       2
       3
       1
       3
       9
       4
       6
       3
       5
       7
       5
       2
       2
       2
       5
       2
       7
       9
       6
       4
       2
       3
       6
       5
       5
       3
       5
       7
       6
       2
       6
       5
       3
       6
       9
       4
       4
       1
       6
       1
       6
       6
       3
       5
       4
       4
       6
       4
       6
       5
       4
       4
       5
       6
       1
       4
       4
       7
       4
       4
       5
       4
       6
       5
       4
       3
       4
       2
       5
       2
       2
       7
       4
       5
       6
       7
       4
       8
       5
       1
       8
       1
       5
       3
       4
       3
       2
       9
       5
       4
       2
       7
       6
       4
       7
       4
       5
       3
       2
       2
       6
       8
       5
       3
       5
       7
       2
       4
       4
       4
       4
       2
       3
       2
       4
       2
       2
       4
       5
       2
       4
       3
       0
       1
       3
       4
       0
       4
       2
       0
       2
       2
       2
       2
       2
       0
       1
       2
       2
       1
       2
       1
       0
       2
       1
       1
       0
       0
       1
       0
       2
       0
       0
       0
       1
       0
       2
       0
       0
       0
       0
       1
       1
       1
       3
       0
       0
       0
       0
       0
       0
       0
       1
       1
       0
       0
       0
       0
       3
       0
       0
       1
       0
       0
       0
       0
       0
       0
       1
       0
       0
       0
       0
       0
       0
       0
       1
       0
       2
       0
       0
       0
       0
       0
       0
       0
       0
       0
       0
       0
       0
       0
       0
       0
       0
       0
       0
       0
       0
       0
       0
       0
       0
       0
       0
       0
       0
       0
       0
       0
       0
       0
       0
       0
       0
       0
       0
       0
       0
       0
       0
       0
       0
       0
       0
       0
       0
       0
       0
       0
       0
       0
       0
       0
       0
       0
       0
       0
       0
       0
       0
       0
       0
       0
       0
       0
       0
       0
       0
       0
       0
       0
       0
       0
       0
       0
       0
       0
       0
       0
       0
       0
       0
       0
       0
       0
       0
       0
       0
       0
       0
       0
       0
       0
       0
       0
       0
       0
       0
       0
       0
       0
       0
       0
       0
       0
       0
       0
       0
       0
       0
       0
       0
       0
       0
       0
       0
       0
       0
       0
       0
       0
       0
       0
       0
       0
       0
       0
       0
       0
       0
       0
       0
       0
       0
       0
       0
       0
       0
       0
       0
       0
       0
       0
       0
       0
       0
       0
       0
       0
       0
       0
       0
       0
       0
       0
       0
       0
       0
       0
       0
       0
       0
       0
       0
       0
       0
       0
       0
       0
       0
       0
       0
       0
       0
       0
       0
       0
       0
       0
       0
       0
       0
       0
       0
$ROI:
1
5540 6134
$PRESETS:
Live Time
180
0
$ENER_FIT:
0.000000 0.227554
$MCA_CAL:
3
0.000000E+000 2.275539E-001 0.000000E+000 keV
$SHAPE_CAL:
3
3.368824E+002 0.000000E+000 0.000000E+000
