$SPEC_ID:
No sample description was entered.
$SPEC_REM:
DET# 3
DETDESC# FP-GAMMA2 MCB 129
AP# Maestro Version 7.01
$DATE_MEA:
12/04/2013 12:49:28
$MEAS_TIM:
162 180
$DATA:
0 8191
       0
       0
       0
       0
       0
       0
       0
       0
       1
       4
       0
       2
       1
       2
       3
       2
       0
       7
       4
       2
       4
       4
       6
       6
      10
       6
       5
       7
       4
       5
       6
      12
       7
      13
      10
      14
      11
      10
      13
      15
      13
      11
      14
      12
      12
      13
      15
      12
      13
      14
      20
      20
      22
      39
      73
     171
     107
      83
      74
      87
     127
     628
    1512
    1464
    1267
    1136
    1038
     933
     912
     811
     754
     665
     623
     643
     630
     586
     570
     584
     571
     492
     487
     477
     525
     475
     443
     455
     448
     442
     445
     470
     442
     467
     444
     467
     441
     440
     435
     439
     434
     454
     435
     445
     442
     422
     453
     439
     422
     438
     420
     426
     415
     424
     440
     433
     460
     417
     455
     426
     457
     438
     423
     447
     451
     454
     448
     447
     443
     429
     477
     455
     462
     452
     468
     452
     422
     441
     464
     421
     458
     466
     451
     443
     439
     458
     457
     477
     461
     456
     470
     425
     499
     498
     470
     463
     478
     467
     505
     484
     467
     462
     473
     447
     473
     465
     465
     466
     486
     457
     459
     485
     468
     482
     482
     491
     454
     480
     476
     467
     423
     467
     510
     452
     452
     472
     469
     480
     470
     468
     439
     488
     469
     451
     498
     445
     509
     484
     516
     501
     487
     480
     549
     511
     461
     524
     454
     509
     535
     509
     518
     477
     482
     481
     507
     517
     467
     475
     535
     483
     489
     507
     511
     514
     535
     473
     479
     520
     524
     442
     505
     479
     497
     514
     539
     485
     482
     500
     540
     503
     511
     512
     477
     501
     488
     494
     491
     496
     497
     509
     520
     473
     490
     538
     507
     477
     506
     464
     507
     498
     440
     485
     500
     506
     493
     482
     533
     498
     536
     502
     472
     471
     514
     468
     474
     509
     504
     513
     494
     500
     512
     499
     498
     517
     505
     502
     491
     478
     508
     509
     481
     539
     508
     497
     532
     535
     517
     541
     500
     521
     549
     519
     539
     490
     505
     551
     509
     500
     520
     563
     532
     528
     523
     514
     494
     554
     531
     521
     531
     508
     578
     528
     537
     554
     565
     539
     555
     531
     521
     577
     616
     565
     539
     575
     563
     602
     591
     611
     641
     560
     582
     594
     605
     627
     622
     614
     613
     707
     664
     651
     654
     716
     686
     663
     684
     670
     672
     653
     638
     650
     690
     675
     735
     678
     698
     770
     729
     779
     733
     728
     751
     741
     736
     778
     781
     719
     796
     758
     778
     761
     692
     776
     763
     757
     768
     761
     770
     744
     768
     710
     796
     769
     794
     788
     757
     762
     769
     714
     739
     765
     708
     743
     754
     744
     752
     726
     738
     694
     733
     706
     755
     694
     724
     720
     686
     671
     719
     725
     683
     702
     698
     686
     694
     686
     660
     708
     629
     609
     645
     653
     660
     622
     651
     607
     633
     631
     598
     620
     635
     617
     618
     619
     588
     632
     612
     634
     592
     567
     611
     566
     573
     602
     569
     616
     563
     572
     529
     561
     581
     561
     541
     593
     517
     556
     560
     595
     503
     542
     537
     510
     522
     509
     555
     533
     525
     539
     511
     539
     530
     509
     507
     517
     482
     519
     512
     507
     541
     525
     502
     505
     507
     502
     540
     490
     481
     503
     494
     508
     506
     495
     493
     466
     493
     494
     476
     454
     470
     483
     514
     521
     518
     538
     487
     454
     529
     500
     483
     481
     507
     494
     497
     501
     481
     466
     503
     476
     477
     449
     511
     514
     462
     506
     522
     492
     494
     468
     467
     482
     474
     481
     474
     489
     466
     502
     494
     430
     459
     497
     496
     479
     515
     460
     507
     488
     456
     529
     458
     445
     496
     466
     470
     477
     482
     475
     479
     501
     517
     485
     463
     458
     484
     514
     484
     529
     443
     515
     452
     457
     446
     506
     482
     479
     440
     452
     494
     459
     473
     446
     485
     485
     523
     511
     454
     516
     501
     457
     466
     471
     468
     492
     481
     503
     494
     471
     504
     482
     484
     515
     473
     488
     491
     485
     486
     492
     510
     514
     490
     501
     502
     481
     500
     487
     504
     495
     468
     501
     471
     511
     526
     555
     516
     493
     520
     484
     494
     490
     473
     516
     531
     502
     477
     511
     522
     534
     509
     538
     520
     452
     527
     520
     488
     511
     480
     457
     497
     526
     482
     505
     493
     521
     499
     483
     540
     482
     500
     490
     466
     503
     492
     534
     527
     530
     538
     496
     499
     492
     511
     529
     479
     498
     526
     500
     515
     485
     497
     488
     526
     481
     500
     521
     484
     487
     501
     535
     488
     545
     562
     536
     508
     521
     569
     538
     560
     505
     505
     511
     529
     548
     499
     514
     499
     514
     570
     493
     521
     529
     522
     496
     511
     543
     505
     497
     516
     553
     515
     510
     514
     469
     563
     465
     514
     488
     524
     523
     520
     503
     540
     542
     518
     501
     527
     523
     530
     530
     530
     548
     526
     554
     459
     532
     506
     500
     539
     552
     500
     447
     530
     543
     515
     517
     550
     565
     524
     502
     523
     536
     490
     568
     520
     516
     504
     515
     483
     512
     555
     547
     525
     535
     494
     520
     477
     524
     507
     541
     543
     543
     517
     542
     492
     533
     527
     574
     518
     543
     520
     530
     496
     522
     555
     529
     536
     568
     524
     547
     536
     520
     520
     525
     530
     529
     499
     522
     502
     534
     532
     510
     504
     507
     559
     543
     543
     547
     540
     552
     491
     556
     527
     508
     464
     515
     515
     580
     530
     559
     509
     517
     536
     533
     522
     520
     558
     500
     522
     498
     539
     546
     572
     541
     506
     507
     567
     572
     545
     503
     512
     577
     543
     522
     565
     579
     562
     578
     546
     545
     497
     566
     583
     502
     569
     507
     582
     558
     521
     562
     550
     561
     535
     547
     525
     574
     560
     540
     548
     517
     525
     565
     572
     569
     535
     533
     521
     511
     562
     582
     526
     566
     584
     562
     580
     544
     568
     562
     550
     558
     536
     549
     582
     566
     533
     561
     534
     595
     537
     558
     543
     559
     605
     547
     564
     571
     565
     612
     536
     583
     575
     591
     564
     601
     556
     568
     587
     576
     588
     585
     567
     569
     559
     618
     616
     588
     599
     575
     620
     594
     607
     589
     605
     610
     591
     616
     591
     560
     597
     642
     561
     667
     577
     626
     565
     601
     603
     628
     627
     585
     612
     608
     602
     608
     578
     571
     569
     617
     605
     623
     618
     615
     608
     650
     568
     589
     622
     599
     603
     615
     590
     558
     610
     657
     623
     624
     637
     614
     611
     610
     629
     607
     622
     638
     622
     632
     664
     585
     670
     614
     620
     598
     572
     608
     624
     636
     683
     633
     596
     584
     636
     637
     647
     659
     618
     603
     628
     572
     632
     630
     656
     609
     666
     620
     633
     685
     645
     666
     641
     601
     656
     652
     614
     655
     678
     653
     612
     662
     675
     634
     656
     664
     673
     658
     649
     664
     675
     617
     615
     665
     605
     647
     638
     685
     684
     683
     645
     678
     631
     644
     633
     647
     611
     610
     612
     623
     658
     583
     670
     593
     657
     622
     602
     581
     653
     663
     602
     635
     624
     683
     629
     598
     677
     675
     674
     621
     643
     651
     661
     641
     609
     675
     634
     692
     658
     634
     635
     575
     661
     651
     599
     634
     697
     663
     604
     641
     657
     629
     629
     594
     655
     630
     588
     677
     595
     673
     683
     643
     665
     634
     615
     618
     618
     703
     629
     651
     665
     618
     657
     666
     610
     650
     632
     614
     645
     650
     623
     631
     598
     617
     640
     596
     601
     664
     669
     660
     633
     640
     645
     599
     608
     624
     600
     656
     622
     619
     624
     609
     643
     680
     609
     626
     603
     611
     654
     648
     594
     597
     611
     644
     625
     591
     626
     627
     609
     604
     623
     633
     599
     631
     588
     625
     636
     592
     610
     635
     612
     608
     614
     608
     599
     632
     637
     618
     612
     568
     629
     614
     583
     598
     561
     641
     591
     612
     574
     613
     590
     591
     624
     623
     575
     630
     578
     605
     585
     612
     582
     626
     567
     627
     594
     609
     602
     577
     587
     630
     593
     564
     609
     618
     593
     566
     561
     601
     623
     588
     607
     597
     632
     598
     612
     607
     593
     605
     621
     620
     619
     637
     581
     585
     589
     571
     639
     610
     578
     606
     628
     600
     615
     614
     583
     558
     554
     555
     578
     610
     606
     636
     559
     608
     622
     563
     583
     560
     562
     564
     558
     592
     584
     604
     596
     558
     622
     569
     538
     613
     601
     606
     583
     600
     637
     581
     563
     589
     596
     601
     569
     533
     556
     556
     571
     581
     583
     586
     546
     588
     589
     564
     611
     581
     566
     580
     589
     578
     566
     570
     585
     571
     522
     539
     588
     563
     541
     572
     597
     567
     594
     588
     573
     637
     550
     562
     591
     559
     531
     567
     542
     535
     589
     560
     598
     523
     587
     554
     563
     609
     577
     575
     562
     541
     565
     587
     585
     551
     559
     556
     580
     600
     568
     593
     608
     582
     548
     604
     528
     555
     615
     596
     577
     547
     530
     549
     556
     603
     591
     532
     574
     550
     554
     565
     581
     568
     591
     607
     589
     593
     576
     556
     528
     575
     594
     564
     568
     558
     551
     551
     569
     554
     534
     576
     536
     582
     581
     595
     575
     567
     520
     541
     610
     574
     562
     559
     530
     536
     566
     600
     541
     549
     557
     537
     569
     576
     519
     547
     546
     570
     553
     568
     575
     537
     575
     624
     517
     520
     520
     535
     560
     548
     562
     525
     574
     577
     496
     567
     568
     549
     531
     559
     526
     610
     576
     547
     528
     535
     611
     554
     549
     505
     533
     559
     565
     524
     515
     546
     537
     595
     583
     519
     548
     564
     550
     568
     539
     529
     539
     540
     516
     552
     515
     592
     576
     503
     568
     559
     538
     532
     560
     596
     562
     565
     548
     557
     579
     528
     504
     544
     567
     557
     529
     539
     536
     553
     515
     515
     580
     549
     531
     508
     568
     529
     561
     535
     510
     570
     519
     580
     545
     562
     520
     547
     539
     513
     540
     557
     519
     509
     484
     558
     540
     519
     488
     523
     543
     527
     513
     568
     507
     536
     522
     566
     513
     513
     514
     517
     490
     492
     505
     528
     573
     500
     541
     575
     532
     552
     522
     500
     522
     518
     504
     534
     532
     546
     534
     509
     531
     539
     526
     544
     524
     532
     546
     517
     523
     529
     513
     490
     470
     542
     482
     497
     523
     525
     534
     521
     520
     545
     498
     535
     530
     529
     526
     480
     513
     479
     485
     512
     519
     496
     494
     497
     517
     508
     496
     494
     494
     525
     520
     512
     493
     534
     505
     542
     534
     510
     557
     502
     515
     489
     469
     524
     520
     529
     510
     529
     536
     517
     497
     474
     490
     500
     534
     548
     510
     516
     507
     503
     529
     573
     501
     562
     528
     471
     505
     495
     547
     522
     525
     537
     497
     526
     496
     527
     537
     521
     520
     484
     486
     495
     501
     519
     524
     501
     549
     514
     509
     532
     527
     507
     493
     566
     506
     521
     492
     522
     515
     480
     519
     535
     474
     493
     499
     475
     513
     506
     516
     478
     487
     507
     543
     542
     501
     496
     512
     503
     473
     531
     508
     502
     534
     499
     513
     492
     490
     500
     530
     491
     520
     496
     474
     495
     491
     531
     509
     512
     500
     508
     493
     482
     497
     498
     487
     531
     487
     538
     467
     498
     492
     501
     492
     509
     508
     500
     508
     509
     485
     532
     514
     496
     514
     515
     488
     487
     501
     478
     465
     507
     446
     535
     459
     469
     504
     506
     497
     464
     506
     514
     525
     519
     533
     497
     490
     476
     513
     524
     532
     510
     502
     507
     490
     514
     518
     554
     533
     471
     484
     541
     495
     523
     519
     503
     501
     508
     479
     506
     510
     494
     532
     478
     483
     511
     522
     542
     528
     503
     473
     505
     483
     516
     549
     515
     477
     481
     495
     433
     502
     469
     520
     514
     509
     499
     469
     494
     500
     504
     546
     464
     518
     523
     526
     471
     498
     476
     523
     506
     443
     500
     489
     523
     461
     473
     494
     486
     493
     458
     520
     493
     550
     481
     508
     501
     459
     496
     512
     532
     496
     478
     492
     514
     504
     506
     494
     461
     441
     502
     444
     495
     457
     509
     476
     454
     487
     466
     462
     489
     507
     478
     482
     490
     489
     484
     491
     483
     497
     536
     471
     486
     500
     509
     481
     534
     528
     479
     483
     486
     532
     477
     495
     468
     468
     464
     519
     485
     493
     495
     496
     495
     487
     452
     480
     499
     479
     482
     480
     499
     514
     449
     480
     460
     465
     502
     544
     494
     496
     476
     484
     522
     521
     502
     521
     482
     492
     463
     505
     503
     487
     498
     474
     474
     513
     511
     513
     496
     526
     484
     537
     526
     486
     496
     479
     465
     475
     505
     453
     474
     493
     502
     491
     477
     455
     479
     460
     481
     458
     476
     508
     473
     479
     466
     445
     472
     481
     461
     539
     466
     467
     472
     517
     502
     480
     488
     472
     472
     478
     517
     494
     510
     523
     513
     528
     442
     507
     449
     491
     492
     470
     502
     490
     456
     464
     527
     500
     475
     511
     498
     484
     499
     487
     476
     475
     493
     500
     458
     510
     482
     483
     491
     489
     466
     453
     458
     456
     512
     501
     496
     450
     524
     497
     540
     505
     517
     457
     483
     440
     472
     502
     489
     479
     469
     481
     467
     508
     478
     472
     482
     477
     476
     546
     517
     467
     460
     493
     496
     514
     484
     513
     450
     473
     449
     481
     486
     494
     482
     522
     493
     474
     490
     506
     504
     496
     500
     478
     471
     474
     455
     444
     481
     485
     478
     460
     491
     488
     474
     486
     509
     474
     508
     492
     506
     497
     487
     507
     446
     464
     450
     491
     495
     480
     464
     469
     471
     497
     472
     465
     505
     502
     529
     499
     482
     469
     495
     481
     532
     503
     498
     497
     497
     468
     458
     521
     494
     474
     539
     463
     453
     501
     512
     506
     518
     455
     500
     521
     464
     465
     485
     510
     477
     475
     496
     471
     481
     498
     424
     501
     513
     463
     495
     487
     493
     508
     441
     491
     493
     475
     452
     475
     458
     487
     482
     469
     445
     458
     473
     461
     459
     503
     463
     477
     478
     481
     480
     491
     463
     508
     518
     506
     509
     508
     494
     434
     516
     505
     470
     480
     480
     492
     470
     476
     507
     480
     532
     506
     489
     488
     514
     466
     485
     500
     477
     482
     480
     485
     471
     486
     518
     502
     485
     503
     478
     485
     514
     496
     480
     453
     485
     504
     489
     477
     495
     492
     488
     496
     491
     457
     490
     504
     521
     502
     497
     484
     509
     496
     461
     484
     505
     511
     447
     467
     511
     457
     444
     501
     491
     445
     464
     502
     448
     454
     486
     481
     489
     490
     473
     485
     483
     506
     537
     482
     460
     477
     455
     452
     459
     481
     453
     462
     517
     465
     469
     496
     502
     456
     475
     473
     511
     485
     489
     523
     472
     500
     452
     472
     492
     473
     472
     476
     477
     498
     474
     496
     483
     465
     502
     485
     476
     459
     471
     496
     497
     472
     483
     493
     498
     522
     459
     496
     526
     482
     533
     521
     500
     497
     490
     495
     509
     517
     544
     478
     445
     503
     476
     464
     506
     473
     514
     513
     465
     474
     516
     463
     492
     517
     528
     519
     509
     480
     478
     472
     521
     478
     491
     516
     517
     489
     498
     478
     494
     504
     470
     515
     496
     512
     509
     467
     505
     440
     542
     473
     508
     509
     440
     453
     468
     488
     470
     494
     476
     520
     503
     517
     526
     482
     469
     481
     466
     493
     500
     470
     480
     447
     430
     472
     492
     484
     463
     499
     496
     518
     501
     450
     456
     492
     487
     469
     464
     466
     482
     503
     478
     470
     476
     468
     507
     506
     493
     520
     456
     464
     490
     516
     490
     474
     500
     470
     492
     454
     477
     512
     492
     467
     440
     464
     550
     457
     484
     512
     506
     483
     526
     486
     516
     481
     506
     479
     460
     484
     499
     455
     458
     461
     478
     443
     496
     470
     491
     475
     513
     480
     501
     479
     473
     488
     492
     492
     472
     498
     451
     465
     474
     434
     441
     472
     516
     485
     486
     465
     503
     524
     507
     468
     440
     486
     498
     486
     479
     448
     495
     466
     436
     480
     463
     505
     470
     515
     472
     511
     512
     448
     506
     513
     446
     494
     481
     460
     443
     481
     446
     465
     459
     483
     467
     467
     497
     476
     463
     485
     483
     488
     512
     513
     475
     462
     477
     459
     495
     498
     491
     474
     479
     493
     481
     498
     489
     524
     466
     487
     473
     459
     506
     498
     533
     476
     504
     514
     447
     497
     492
     474
     464
     474
     479
     485
     494
     491
     479
     455
     482
     467
     468
     501
     464
     488
     495
     500
     450
     481
     444
     491
     519
     482
     478
     479
     469
     490
     494
     526
     473
     480
     475
     500
     501
     498
     457
     524
     467
     416
     457
     521
     481
     503
     462
     497
     429
     526
     493
     481
     457
     488
     466
     477
     479
     526
     460
     475
     469
     467
     479
     523
     509
     503
     470
     508
     469
     486
     493
     463
     501
     513
     472
     487
     505
     473
     497
     476
     467
     499
     475
     469
     476
     467
     515
     504
     459
     438
     504
     461
     460
     509
     480
     477
     504
     502
     452
     479
     491
     472
     443
     468
     456
     453
     501
     473
     490
     497
     469
     491
     469
     476
     430
     483
     464
     490
     455
     496
     499
     452
     443
     489
     462
     514
     479
     466
     426
     476
     483
     453
     462
     456
     497
     505
     512
     474
     506
     465
     536
     467
     487
     482
     465
     471
     487
     510
     488
     449
     480
     536
     478
     453
     443
     462
     516
     471
     483
     519
     495
     494
     469
     495
     479
     476
     462
     485
     461
     502
     466
     525
     494
     455
     482
     458
     475
     472
     463
     477
     488
     473
     479
     461
     516
     459
     448
     436
     457
     467
     476
     503
     501
     455
     465
     506
     474
     479
     480
     466
     461
     491
     498
     480
     484
     462
     458
     476
     472
     439
     437
     460
     493
     514
     444
     462
     483
     492
     475
     468
     480
     509
     490
     511
     479
     493
     475
     491
     479
     459
     473
     486
     521
     512
     508
     469
     458
     519
     460
     489
     464
     490
     480
     490
     453
     489
     494
     456
     469
     508
     445
     473
     467
     466
     424
     515
     506
     479
     491
     476
     463
     497
     453
     491
     434
     463
     485
     493
     498
     458
     491
     456
     472
     477
     520
     491
     459
     463
     488
     499
     467
     471
     504
     470
     509
     488
     489
     498
     490
     466
     494
     421
     488
     491
     486
     479
     443
     476
     478
     474
     473
     454
     434
     504
     517
     508
     463
     485
     464
     506
     447
     471
     458
     476
     483
     482
     433
     451
     459
     450
     480
     461
     490
     478
     494
     458
     475
     460
     477
     517
     516
     461
     456
     513
     502
     468
     471
     492
     514
     483
     463
     462
     490
     494
     506
     481
     470
     460
     460
     473
     502
     453
     474
     501
     491
     471
     535
     482
     515
     438
     482
     489
     465
     432
     500
     495
     480
     494
     474
     454
     472
     498
     495
     488
     521
     477
     471
     456
     477
     503
     475
     498
     479
     527
     505
     465
     450
     517
     493
     497
     524
     485
     458
     472
     485
     521
     453
     480
     509
     505
     516
     448
     499
     471
     474
     480
     493
     505
     454
     469
     460
     463
     479
     506
     518
     503
     516
     497
     497
     475
     465
     475
     452
     433
     513
     478
     462
     437
     461
     486
     485
     452
     502
     505
     507
     425
     445
     500
     478
     486
     490
     453
     484
     482
     479
     483
     479
     480
     493
     476
     449
     475
     474
     478
     485
     480
     496
     484
     495
     459
     478
     466
     476
     473
     464
     503
     510
     464
     508
     480
     483
     496
     442
     444
     491
     457
     501
     508
     457
     442
     502
     448
     454
     485
     473
     503
     489
     511
     434
     502
     485
     487
     517
     519
     465
     488
     511
     458
     487
     488
     451
     476
     487
     513
     483
     463
     523
     504
     455
     457
     448
     454
     473
     480
     460
     500
     488
     463
     472
     469
     523
     466
     497
     489
     470
     519
     469
     484
     480
     452
     457
     470
     494
     450
     431
     466
     515
     498
     447
     497
     477
     458
     484
     472
     524
     500
     507
     512
     500
     492
     453
     498
     475
     440
     508
     474
     509
     499
     498
     512
     490
     486
     488
     488
     455
     484
     481
     519
     463
     494
     479
     486
     434
     509
     455
     465
     485
     445
     447
     474
     483
     516
     486
     480
     505
     479
     431
     496
     489
     492
     477
     522
     461
     500
     494
     468
     459
     451
     513
     452
     479
     490
     474
     510
     512
     483
     514
     463
     488
     493
     466
     502
     474
     516
     513
     485
     453
     512
     438
     525
     479
     461
     476
     488
     522
     521
     473
     472
     483
     474
     490
     481
     448
     462
     499
     471
     507
     488
     486
     489
     452
     507
     456
     503
     493
     503
     502
     487
     442
     514
     508
     489
     444
     498
     480
     458
     489
     474
     505
     485
     475
     466
     508
     480
     450
     490
     485
     546
     479
     485
     509
     470
     449
     460
     475
     496
     527
     488
     467
     464
     524
     533
     488
     491
     464
     512
     474
     523
     482
     509
     506
     516
     485
     492
     468
     525
     520
     553
     502
     509
     495
     480
     553
     523
     496
     494
     505
     513
     482
     521
     472
     478
     454
     504
     504
     482
     468
     533
     519
     493
     486
     536
     479
     509
     428
     482
     512
     507
     504
     486
     455
     477
     503
     502
     481
     475
     450
     456
     534
     486
     515
     498
     491
     509
     509
     449
     479
     509
     489
     548
     495
     485
     525
     538
     495
     503
     501
     466
     477
     474
     495
     532
     480
     513
     450
     493
     498
     479
     513
     476
     508
     502
     524
     471
     437
     495
     521
     507
     453
     490
     469
     565
     472
     514
     521
     497
     469
     490
     461
     496
     529
     511
     492
     480
     492
     512
     476
     519
     487
     522
     500
     470
     470
     512
     500
     490
     507
     478
     488
     480
     487
     448
     468
     490
     500
     492
     487
     505
     511
     482
     483
     499
     519
     505
     481
     526
     529
     473
     461
     475
     457
     532
     497
     501
     512
     497
     515
     508
     512
     542
     476
     495
     533
     492
     541
     483
     475
     529
     497
     520
     523
     488
     518
     509
     539
     549
     487
     510
     525
     498
     495
     517
     460
     507
     478
     489
     502
     460
     499
     512
     513
     481
     507
     498
     528
     502
     498
     497
     499
     484
     508
     495
     520
     492
     535
     517
     510
     499
     480
     477
     515
     519
     519
     480
     546
     530
     484
     527
     436
     528
     511
     487
     528
     481
     507
     494
     469
     504
     487
     500
     477
     509
     520
     454
     522
     508
     480
     508
     485
     515
     505
     499
     515
     473
     526
     448
     481
     539
     516
     535
     502
     529
     497
     521
     457
     516
     502
     516
     486
     529
     549
     523
     533
     543
     509
     481
     496
     478
     498
     519
     509
     488
     478
     485
     501
     517
     520
     480
     520
     502
     503
     516
     525
     455
     511
     529
     548
     520
     517
     509
     466
     480
     523
     536
     526
     478
     539
     456
     532
     484
     478
     534
     492
     538
     479
     502
     458
     530
     524
     504
     537
     503
     529
     547
     504
     525
     478
     485
     506
     495
     500
     508
     497
     516
     500
     527
     517
     536
     550
     495
     541
     472
     455
     530
     522
     509
     532
     519
     539
     514
     531
     498
     554
     511
     527
     537
     479
     520
     480
     512
     542
     520
     520
     504
     525
     503
     483
     488
     545
     524
     490
     515
     540
     569
     490
     509
     520
     475
     565
     572
     536
     521
     500
     567
     498
     462
     541
     506
     503
     519
     503
     511
     518
     534
     535
     511
     522
     544
     512
     518
     518
     528
     553
     533
     548
     502
     516
     535
     543
     507
     529
     534
     519
     535
     530
     512
     485
     492
     499
     537
     505
     490
     514
     558
     523
     510
     490
     531
     510
     548
     515
     588
     525
     487
     491
     560
     533
     564
     527
     516
     498
     544
     511
     518
     521
     526
     538
     498
     563
     509
     524
     507
     483
     514
     499
     538
     554
     516
     532
     512
     521
     506
     560
     502
     531
     480
     535
     484
     479
     562
     572
     531
     542
     522
     535
     520
     500
     546
     523
     503
     538
     550
     539
     557
     532
     548
     505
     520
     490
     518
     527
     498
     525
     534
     532
     548
     508
     521
     608
     523
     505
     510
     553
     562
     518
     504
     502
     570
     495
     511
     527
     497
     556
     544
     548
     558
     494
     519
     570
     539
     536
     533
     530
     532
     523
     516
     503
     542
     534
     549
     556
     533
     525
     544
     586
     564
     553
     557
     514
     570
     539
     528
     518
     531
     569
     501
     530
     484
     524
     520
     538
     542
     531
     514
     577
     558
     526
     572
     571
     502
     498
     580
     549
     530
     524
     592
     537
     569
     509
     568
     494
     564
     523
     547
     536
     539
     550
     579
     539
     564
     528
     562
     559
     544
     528
     531
     586
     543
     536
     574
     573
     521
     586
     547
     532
     551
     533
     502
     559
     534
     528
     538
     519
     481
     558
     541
     526
     528
     566
     545
     538
     498
     569
     534
     541
     540
     526
     518
     548
     529
     544
     502
     544
     527
     515
     554
     524
     538
     521
     525
     577
     520
     556
     563
     518
     535
     512
     545
     522
     568
     531
     505
     517
     511
     568
     523
     545
     547
     607
     525
     528
     518
     515
     509
     548
     546
     530
     548
     530
     526
     514
     541
     529
     538
     551
     535
     548
     526
     561
     530
     580
     523
     545
     574
     558
     514
     545
     549
     509
     552
     536
     563
     597
     547
     561
     564
     551
     528
     557
     537
     552
     559
     512
     545
     519
     559
     556
     517
     559
     538
     580
     554
     543
     538
     518
     536
     542
     554
     498
     553
     505
     489
     535
     549
     548
     516
     517
     508
     583
     529
     515
     538
     543
     524
     547
     532
     523
     508
     492
     543
     505
     522
     513
     512
     544
     485
     490
     535
     500
     528
     533
     512
     528
     519
     543
     519
     525
     500
     553
     522
     543
     520
     507
     515
     517
     502
     512
     519
     528
     518
     509
     519
     528
     523
     526
     503
     518
     506
     512
     528
     510
     519
     527
     487
     487
     541
     523
     514
     542
     491
     520
     489
     522
     484
     474
     563
     525
     547
     489
     494
     479
     510
     504
     567
     486
     498
     468
     501
     486
     490
     535
     522
     546
     474
     514
     529
     519
     528
     531
     513
     535
     525
     541
     478
     472
     479
     476
     507
     522
     510
     489
     456
     462
     489
     546
     480
     448
     490
     485
     490
     465
     492
     485
     458
     486
     458
     517
     489
     492
     479
     495
     503
     489
     498
     489
     464
     507
     494
     480
     492
     494
     493
     504
     482
     470
     497
     494
     486
     479
     471
     453
     475
     463
     477
     504
     467
     480
     534
     501
     469
     461
     493
     477
     458
     450
     473
     511
     507
     474
     454
     477
     444
     497
     486
     458
     483
     474
     492
     438
     463
     477
     492
     466
     486
     484
     508
     460
     480
     457
     412
     468
     476
     465
     505
     446
     427
     480
     471
     470
     479
     451
     432
     434
     447
     458
     481
     443
     438
     460
     436
     442
     455
     450
     443
     450
     446
     455
     456
     448
     433
     454
     454
     408
     433
     415
     464
     444
     476
     437
     417
     427
     439
     438
     452
     467
     462
     393
     407
     408
     429
     463
     436
     411
     471
     438
     446
     423
     421
     432
     418
     398
     445
     433
     415
     446
     417
     391
     409
     447
     395
     448
     469
     416
     414
     408
     426
     404
     463
     409
     380
     405
     420
     426
     440
     442
     432
     413
     477
     404
     403
     407
     419
     440
     431
     406
     369
     409
     462
     434
     438
     398
     415
     422
     415
     459
     415
     431
     397
     405
     467
     416
     412
     419
     412
     393
     411
     434
     362
     378
     434
     404
     408
     457
     443
     444
     400
     366
     416
     406
     378
     359
     403
     389
     415
     438
     429
     408
     383
     387
     385
     400
     390
     421
     408
     405
     431
     375
     379
     368
     370
     415
     394
     384
     364
     388
     393
     411
     403
     401
     380
     385
     436
     405
     375
     419
     421
     364
     373
     386
     423
     393
     373
     376
     379
     422
     362
     393
     401
     398
     409
     409
     382
     376
     366
     400
     409
     413
     364
     384
     414
     398
     402
     377
     383
     356
     388
     390
     382
     375
     388
     379
     382
     367
     366
     380
     371
     376
     370
     400
     395
     401
     407
     386
     395
     402
     399
     387
     374
     373
     380
     415
     348
     354
     378
     375
     378
     389
     393
     350
     402
     377
     406
     399
     382
     387
     363
     356
     373
     380
     372
     352
     385
     379
     385
     351
     377
     407
     358
     379
     348
     356
     377
     376
     417
     401
     404
     399
     371
     410
     359
     351
     359
     364
     356
     365
     343
     379
     347
     356
     349
     372
     379
     331
     350
     346
     397
     368
     350
     409
     346
     369
     349
     333
     371
     368
     379
     372
     379
     384
     375
     356
     352
     325
     350
     357
     336
     372
     330
     354
     378
     387
     341
     376
     355
     321
     367
     336
     348
     334
     353
     358
     360
     370
     375
     340
     351
     358
     329
     340
     348
     375
     359
     333
     365
     333
     359
     362
     363
     368
     365
     322
     378
     354
     340
     359
     371
     367
     383
     332
     329
     362
     372
     351
     337
     410
     346
     357
     370
     338
     336
     351
     335
     354
     329
     373
     369
     357
     353
     346
     350
     381
     361
     347
     340
     311
     349
     380
     364
     354
     363
     369
     358
     359
     333
     327
     330
     336
     357
     364
     333
     380
     345
     347
     361
     363
     337
     296
     380
     377
     363
     340
     343
     344
     365
     355
     344
     363
     374
     347
     352
     343
     314
     363
     346
     358
     373
     348
     338
     347
     370
     334
     333
     356
     332
     340
     337
     346
     338
     340
     356
     328
     335
     315
     351
     364
     352
     359
     339
     334
     327
     330
     354
     353
     326
     351
     313
     343
     319
     355
     315
     336
     330
     361
     363
     314
     354
     343
     346
     342
     339
     350
     309
     344
     341
     344
     311
     335
     333
     305
     340
     363
     358
     342
     309
     331
     306
     321
     327
     342
     304
     341
     345
     345
     309
     324
     315
     291
     338
     331
     364
     352
     334
     307
     324
     316
     296
     294
     348
     335
     307
     314
     325
     322
     324
     307
     326
     299
     324
     341
     309
     297
     307
     297
     306
     314
     321
     323
     345
     311
     323
     340
     327
     295
     290
     313
     323
     333
     302
     320
     306
     323
     338
     320
     316
     294
     325
     307
     349
     325
     313
     293
     293
     304
     324
     315
     333
     293
     312
     301
     293
     360
     328
     289
     281
     344
     270
     288
     311
     277
     287
     326
     292
     325
     291
     288
     295
     277
     301
     302
     303
     311
     308
     294
     319
     284
     291
     310
     306
     288
     328
     274
     294
     282
     297
     290
     307
     303
     293
     284
     284
     312
     294
     277
     309
     295
     305
     296
     292
     285
     268
     330
     281
     252
     290
     297
     307
     296
     310
     287
     276
     322
     328
     321
     261
     285
     249
     288
     283
     276
     279
     298
     277
     313
     249
     278
     314
     286
     253
     282
     279
     304
     300
     299
     285
     311
     223
     271
     249
     298
     313
     289
     271
     304
     269
     270
     278
     268
     287
     257
     268
     273
     312
     259
     260
     279
     291
     280
     293
     294
     304
     253
     304
     301
     275
     295
     285
     297
     277
     280
     278
     307
     293
     247
     319
     283
     268
     293
     271
     286
     305
     296
     307
     287
     299
     300
     291
     277
     283
     295
     281
     291
     313
     267
     288
     276
     271
     288
     318
     292
     300
     296
     309
     317
     289
     286
     296
     299
     297
     282
     291
     300
     278
     287
     289
     277
     283
     304
     294
     319
     289
     320
     330
     313
     298
     306
     311
     321
     309
     299
     300
     313
     294
     355
     301
     306
     314
     287
     330
     306
     293
     296
     279
     332
     298
     357
     345
     333
     314
     350
     332
     291
     358
     307
     335
     320
     365
     345
     336
     314
     331
     310
     312
     324
     330
     341
     330
     317
     368
     363
     339
     345
     323
     329
     333
     318
     353
     336
     340
     364
     352
     352
     359
     375
     313
     353
     359
     367
     389
     342
     371
     392
     367
     393
     377
     389
     413
     411
     370
     395
     411
     380
     367
     406
     392
     386
     397
     387
     386
     358
     390
     386
     401
     460
     374
     418
     380
     425
     379
     398
     387
     442
     402
     440
     453
     433
     468
     416
     426
     418
     391
     393
     428
     491
     416
     411
     418
     433
     471
     461
     423
     449
     415
     482
     393
     457
     476
     484
     430
     493
     455
     451
     440
     446
     465
     452
     492
     487
     480
     483
     449
     496
     461
     480
     521
     477
     487
     484
     476
     495
     485
     500
     492
     501
     467
     496
     491
     486
     522
     495
     534
     520
     508
     523
     563
     534
     531
     535
     577
     569
     543
     557
     480
     514
     561
     541
     545
     534
     523
     514
     572
     545
     539
     562
     537
     535
     578
     618
     568
     566
     585
     586
     569
     559
     564
     594
     604
     620
     566
     562
     606
     570
     615
     550
     593
     597
     576
     582
     588
     603
     598
     633
     650
     611
     628
     575
     609
     591
     612
     611
     637
     609
     679
     603
     645
     641
     588
     623
     593
     609
     665
     587
     639
     603
     665
     681
     594
     587
     668
     693
     639
     617
     669
     568
     614
     664
     613
     657
     617
     672
     678
     675
     669
     654
     715
     671
     682
     648
     627
     638
     642
     647
     679
     684
     637
     611
     649
     664
     681
     642
     663
     682
     624
     653
     630
     676
     675
     636
     661
     694
     706
     633
     675
     659
     663
     697
     674
     689
     658
     690
     659
     640
     656
     661
     674
     683
     678
     663
     683
     614
     716
     696
     767
     650
     715
     646
     735
     665
     685
     674
     627
     656
     648
     673
     656
     689
     680
     662
     699
     675
     635
     709
     624
     736
     648
     639
     650
     627
     697
     621
     587
     685
     647
     656
     630
     623
     655
     617
     630
     657
     617
     634
     677
     623
     702
     608
     600
     650
     651
     658
     644
     628
     627
     645
     661
     604
     607
     668
     599
     639
     629
     606
     640
     583
     609
     585
     597
     610
     607
     607
     610
     607
     605
     621
     604
     597
     580
     595
     618
     591
     592
     622
     578
     616
     594
     628
     548
     617
     602
     590
     596
     581
     584
     592
     560
     579
     542
     565
     579
     566
     553
     560
     537
     594
     510
     558
     531
     521
     579
     556
     527
     497
     543
     561
     536
     518
     559
     528
     527
     522
     517
     501
     490
     525
     517
     527
     555
     527
     541
     512
     540
     509
     531
     467
     489
     491
     513
     480
     497
     463
     528
     498
     494
     483
     483
     466
     480
     463
     480
     451
     452
     478
     454
     472
     463
     446
     481
     442
     446
     477
     428
     436
     463
     430
     448
     425
     432
     412
     405
     390
     411
     407
     423
     444
     419
     407
     414
     420
     408
     419
     387
     378
     406
     391
     427
     371
     372
     366
     382
     373
     374
     377
     391
     349
     388
     394
     370
     379
     396
     320
     380
     367
     337
     327
     332
     371
     327
     337
     332
     358
     380
     302
     325
     327
     317
     321
     341
     309
     343
     340
     324
     327
     336
     299
     309
     309
     317
     289
     343
     291
     256
     301
     319
     308
     268
     311
     286
     281
     276
     306
     282
     299
     267
     305
     265
     273
     276
     276
     269
     300
     270
     260
     254
     236
     253
     259
     283
     230
     255
     267
     250
     280
     254
     258
     240
     288
     252
     278
     257
     229
     270
     233
     254
     257
     238
     246
     230
     251
     235
     222
     224
     208
     246
     243
     211
     182
     229
     210
     180
     212
     212
     217
     246
     226
     199
     221
     242
     210
     222
     227
     193
     222
     229
     212
     207
     205
     178
     190
     208
     217
     226
     228
     215
     182
     213
     210
     195
     187
     206
     207
     208
     228
     227
     182
     204
     191
     215
     192
     205
     225
     205
     208
     214
     226
     188
     188
     216
     193
     205
     182
     202
     195
     198
     198
     196
     194
     184
     174
     210
     161
     167
     207
     172
     198
     176
     224
     204
     189
     211
     179
     198
     195
     196
     199
     188
     180
     195
     200
     196
     223
     190
     185
     189
     196
     187
     190
     187
     179
     198
     212
     187
     215
     197
     200
     219
     186
     212
     206
     210
     212
     223
     235
     206
     186
     197
     203
     228
     213
     227
     221
     192
     200
     207
     213
     222
     193
     198
     212
     243
     215
     223
     239
     211
     213
     208
     201
     229
     216
     228
     235
     213
     239
     233
     249
     226
     226
     219
     231
     257
     236
     233
     246
     233
     259
     240
     247
     280
     256
     264
     228
     264
     257
     268
     245
     267
     248
     221
     241
     250
     260
     277
     255
     279
     272
     287
     266
     266
     264
     282
     269
     276
     252
     303
     259
     276
     288
     308
     273
     301
     256
     297
     294
     295
     278
     329
     268
     302
     322
     296
     278
     306
     304
     301
     327
     292
     345
     305
     312
     298
     294
     318
     300
     333
     316
     313
     319
     332
     324
     313
     356
     330
     333
     336
     367
     345
     339
     341
     343
     317
     338
     363
     349
     341
     363
     351
     363
     349
     354
     366
     372
     343
     352
     387
     395
     350
     337
     367
     376
     337
     357
     375
     419
     404
     361
     372
     405
     392
     384
     394
     401
     425
     381
     390
     401
     402
     423
     414
     366
     417
     405
     409
     415
     383
     381
     431
     387
     411
     425
     456
     437
     409
     425
     407
     442
     426
     440
     437
     415
     444
     463
     415
     422
     457
     404
     420
     446
     417
     456
     461
     444
     449
     451
     458
     432
     442
     463
     451
     430
     442
     471
     484
     467
     455
     475
     506
     459
     503
     461
     449
     436
     473
     473
     471
     477
     447
     480
     474
     492
     471
     476
     437
     484
     489
     472
     460
     494
     482
     470
     468
     454
     508
     493
     478
     517
     528
     495
     483
     509
     483
     519
     512
     483
     454
     509
     492
     501
     475
     508
     530
     508
     504
     498
     485
     507
     484
     493
     457
     518
     475
     524
     487
     526
     477
     487
     517
     507
     540
     520
     488
     509
     495
     488
     540
     521
     526
     498
     553
     510
     509
     550
     531
     556
     475
     485
     502
     472
     536
     516
     526
     501
     511
     484
     539
     503
     546
     522
     515
     487
     530
     522
     531
     488
     530
     532
     523
     511
     522
     520
     497
     491
     496
     513
     512
     515
     497
     457
     494
     508
     501
     497
     526
     456
     512
     478
     513
     479
     468
     503
     499
     492
     467
     478
     522
     477
     522
     471
     430
     466
     482
     504
     438
     486
     507
     493
     484
     464
     494
     493
     477
     495
     461
     483
     488
     480
     423
     475
     457
     458
     458
     480
     484
     485
     425
     471
     469
     443
     429
     466
     414
     443
     494
     461
     493
     440
     456
     459
     398
     463
     499
     421
     442
     457
     443
     429
     423
     413
     440
     423
     452
     404
     436
     398
     448
     433
     415
     422
     445
     433
     371
     425
     441
     410
     407
     388
     410
     421
     377
     408
     393
     411
     403
     410
     387
     400
     407
     420
     399
     384
     350
     402
     351
     383
     359
     378
     374
     389
     367
     379
     394
     364
     378
     376
     385
     328
     362
     333
     380
     343
     315
     350
     352
     351
     345
     335
     324
     312
     338
     309
     345
     350
     330
     390
     338
     339
     339
     284
     307
     309
     278
     306
     306
     308
     287
     357
     309
     283
     279
     321
     312
     325
     294
     292
     265
     294
     290
     286
     296
     275
     282
     270
     287
     295
     289
     268
     244
     271
     240
     260
     266
     273
     257
     289
     256
     239
     242
     264
     248
     245
     244
     228
     262
     254
     241
     235
     226
     263
     258
     213
     208
     231
     244
     257
     219
     234
     208
     209
     208
     200
     214
     229
     217
     206
     223
     239
     199
     219
     178
     202
     197
     199
     205
     200
     196
     178
     196
     174
     191
     208
     187
     180
     182
     176
     180
     164
     195
     166
     178
     178
     168
     164
     162
     173
     168
     170
     169
     167
     175
     158
     177
     143
     164
     166
     182
     160
     164
     135
     161
     152
     165
     142
     144
     149
     129
     135
     155
     140
     131
     141
     142
     132
     157
     138
     130
     132
     127
     125
     119
     123
     107
     143
     127
     133
     113
     122
     119
     116
     112
     140
     103
     118
     111
     125
     110
     119
     117
     117
     119
     103
     131
     113
      96
     118
     108
     119
      97
     101
     100
      87
      96
     102
      86
      83
     121
      88
      85
      89
      66
      84
     104
      83
     101
     100
     102
      77
      76
      78
      84
     110
      76
      88
      73
      84
      79
      87
      84
      86
      88
      70
     100
      77
      71
      79
      59
      81
      69
      71
      54
      63
      74
      61
      64
      70
      73
      53
      62
      67
      60
      62
      64
      80
      45
      62
      58
      63
      63
      52
      57
      57
      56
      64
      62
      53
      60
      52
      51
      52
      49
      52
      60
      56
      58
      43
      54
      36
      40
      46
      34
      67
      40
      49
      60
      45
      51
      36
      39
      43
      52
      31
      39
      36
      46
      53
      41
      35
      52
      38
      37
      35
      29
      39
      42
      46
      33
      37
      30
      25
      43
      37
      31
      46
      42
      35
      30
      29
      26
      36
      27
      35
      37
      30
      32
      28
      39
      41
      34
      31
      30
      27
      26
      27
      42
      26
      32
      30
      28
      31
      33
      31
      29
      29
      27
      39
      32
      28
      21
      24
      31
      26
      31
      28
      21
      23
      29
      23
      29
      33
      20
      18
      23
      18
      16
      24
      26
      19
      18
      23
      23
      23
      19
      25
      24
      16
      19
      28
      22
      22
      23
      21
      23
      10
      15
      12
       6
      17
      18
      21
      26
      14
      23
      17
      17
      13
      15
      21
      16
      14
      15
      15
      13
      17
      14
      17
      20
      16
      18
      23
      13
      21
      16
      16
      20
      18
      15
      22
      13
      15
      13
      19
      21
      20
      19
      15
      14
      14
      21
      13
      12
      15
      11
      17
      16
      15
      15
      15
      11
       6
      12
      10
      12
      11
      15
      12
      17
      15
      15
      15
      16
       8
      12
      13
      17
      16
      13
      20
      14
       9
      21
      13
      18
      16
       9
      15
       8
      14
       8
      18
      11
      12
      11
      12
      13
      17
      11
      12
      12
      17
      12
      15
      12
      14
      17
      13
      17
      14
      18
      10
      10
      20
      16
      19
      13
      11
      18
       9
      14
      14
      12
      11
      15
       9
      11
      12
       9
      11
      12
      10
      10
      17
      13
       4
       9
      17
      13
       4
      10
       8
       4
       8
      12
      19
      11
       8
      12
      12
      11
      16
       6
      13
      14
       8
      10
       9
      11
      16
      11
      12
      12
      10
      10
      15
      11
      11
      12
      14
      15
      14
      13
      12
       9
       9
      11
      16
       5
      14
       7
      17
       8
       9
      12
      14
      11
       9
       7
      11
      15
      10
      12
      12
      12
       9
      14
      12
      13
      10
      16
       7
      11
      14
       8
      11
       5
      17
      14
      11
      14
      10
       7
      14
       9
      11
      15
      15
      13
      12
       9
       8
       9
      10
       8
      10
      11
      11
      13
      19
      10
      15
      10
      11
      11
      11
      13
       8
       9
       7
      14
       8
      14
      13
      11
       6
       7
       7
       9
       7
      15
       7
      14
      11
      21
      15
      10
       5
      14
      11
       7
       9
      17
      17
      11
      10
      14
      13
       4
      13
       9
      16
      10
      14
      12
      14
      13
       7
       6
       8
      13
      12
       7
       6
       6
       5
      10
      12
      13
       5
       9
      14
       8
      11
      12
       9
       7
       6
       8
      15
      16
       7
      12
      13
      14
       8
      11
      16
       6
      16
      12
      13
      17
      13
      14
       8
      10
      12
      10
       7
       8
       7
      11
      11
      13
      11
       9
       5
       9
       8
      14
      11
      11
      15
      11
      13
      15
      11
      14
      13
      12
      10
       9
      11
      10
       7
      13
      13
       3
       6
      10
      13
       9
      10
      11
      13
      19
      11
      11
      13
      13
       9
      15
      10
      12
      14
      14
      16
       6
      16
      12
      10
      10
      10
      12
      10
      12
      11
       6
       5
       6
      12
      13
       9
       8
      13
      10
      10
       7
      18
       8
      15
       9
       7
      13
      17
      11
       9
       9
       8
      10
      12
       8
       7
      12
       8
       9
      10
       7
       8
      18
      10
      14
      16
      11
       6
      15
       8
      10
      14
       6
      13
      15
      13
      12
      22
       7
       7
       7
      13
       8
      11
       3
      12
      14
       5
      10
       7
      10
       2
      11
       6
      10
       6
      10
      15
       8
      12
       8
      11
      10
       8
       9
      13
      11
       7
       9
       8
      10
      10
       8
       7
      13
       6
       6
       6
       9
       8
      17
       9
       7
      10
       5
       9
       9
      13
       7
       7
      15
      16
      11
       4
       9
      13
      12
       7
      14
       8
       9
      10
       7
       6
      12
       3
       6
       8
      14
      13
      10
       7
      10
       4
      11
       3
      13
       7
      10
      14
       6
       8
      11
       8
      15
       8
       9
       4
       5
       8
       9
      11
       6
      14
      11
       6
       7
       6
       9
       9
       8
       6
      14
       5
       8
      10
       5
      12
       9
      11
       6
       8
      13
       8
       9
       6
       9
      10
      11
       9
       5
       7
      12
       9
      12
      10
       9
      16
      15
      11
      15
      13
      12
      10
       9
       7
      10
       8
      13
      10
      13
       9
      16
      13
       9
       4
       5
       7
      11
      13
      14
      10
      11
      11
      10
       7
      13
       9
       8
      10
      10
       8
       5
       9
       9
      14
       2
      13
       8
       6
       7
      13
       8
       8
      10
       6
      11
       5
       8
       5
      14
      10
       9
       5
      13
       5
       8
      12
       5
       8
      15
       4
       9
       9
       5
      11
       9
       9
      12
      11
      11
      10
      12
       9
      10
       5
       7
       8
       6
      12
      11
       9
       9
      15
       7
      13
       6
      14
      11
      10
       5
       5
       4
      12
      11
       6
       6
      12
       4
       5
       4
       6
      11
       6
      10
       7
      13
      10
       6
       9
       6
       9
       7
       8
       8
      16
      13
      11
       9
      13
       9
      10
      11
      15
       8
       7
      10
       7
       8
       4
       9
       8
       9
       7
      10
       9
      11
      11
      11
       6
      13
       5
       7
       6
      12
       6
      10
      16
       4
      11
      10
      10
      10
       5
       7
      14
       6
      12
      11
       8
       8
      12
       3
      12
      11
       3
       7
       8
       6
       9
       2
       7
       6
       8
       7
      10
       8
      10
       7
      10
       5
       7
       8
      10
       9
       9
       8
       9
       7
      11
      11
      12
       6
       8
      15
       6
       6
       9
      12
       9
       7
      10
      10
      11
       6
       6
       8
       9
       8
       5
       9
       4
       6
       7
      10
       6
      12
       6
       7
       8
      11
       5
       7
      11
       6
      13
       4
      11
       8
       9
       4
      11
       9
      14
      13
      12
       6
       9
      14
      15
       7
       8
       8
       8
      11
       9
       3
       9
       8
       4
      10
      11
       8
       8
       7
      11
       7
       9
      10
       7
       6
       7
       9
       6
       8
      10
      11
       5
       5
       3
       7
      10
       6
       4
       6
      11
      13
       7
       9
       8
       8
       7
       7
       8
      10
       4
      11
       3
      12
       5
      13
       7
      10
       8
       4
       4
      11
       7
       8
       7
       9
       9
       7
      12
       7
       8
      10
       5
       9
       8
       6
       6
      17
       8
       8
       7
       6
      10
       9
      14
      10
       7
      11
       6
       8
       7
       7
      11
       8
      12
       8
       5
       8
       6
       9
      11
      10
       8
      16
       7
       6
       9
       8
       9
       6
       4
      10
       9
      12
       2
       7
       7
      12
       7
       6
       3
       9
       6
       7
       5
       7
       9
       7
       6
       7
       9
       8
      13
       4
      16
      13
      10
       7
      12
       2
      10
       8
       7
       6
       8
       5
       9
       9
      10
       7
       5
       4
       8
       6
       3
      12
      10
       8
       6
       9
       1
      10
       9
       6
      10
      12
       8
       6
      10
      10
      16
       8
       7
       7
       5
      10
       3
      10
      11
       7
      12
       7
      10
      13
       6
       7
       7
       6
       9
       8
       3
       2
      10
      10
       6
      11
       5
      10
       8
       6
       5
      10
       3
       8
       7
      15
       6
       8
       8
       6
       4
       8
       5
       7
      13
       9
      11
      10
       7
       5
       9
       8
       9
       4
       8
      10
       8
       9
       5
       9
       7
       7
       6
      11
       7
       4
       4
      13
      11
       8
       7
       2
       7
       3
       5
       5
       6
       8
       5
      10
       6
       5
       9
       9
       8
       7
       6
      10
      14
       5
       6
       3
       7
       8
       6
      11
       7
      14
       4
       6
      12
       6
       7
      14
       4
       5
       4
       7
       6
      11
       4
       4
       5
       7
       9
       6
       9
       5
       8
       5
       9
       5
       5
       6
       9
       6
       8
       8
      10
       6
      11
       5
       8
       8
       8
       8
      11
       4
       9
       4
      11
       6
       6
      11
       6
       8
       8
       2
       7
       6
       8
       8
       6
       7
       9
       6
       6
      13
       6
      11
       6
      12
       9
      15
       6
      11
       8
       4
      10
       5
       9
       6
       2
       7
       7
       9
       9
       5
       9
       9
      12
      10
       5
      11
       8
       9
       8
      13
       3
       6
      10
       9
       9
       3
       6
       9
       6
      16
       6
       6
       7
       7
       7
       8
       2
       2
       3
      11
       7
       7
      11
       4
      13
       6
      10
       6
       8
       4
       8
       6
       8
       6
       7
       7
       6
       9
       6
       6
      10
       7
       2
       8
       5
       7
      10
       2
       4
       8
       5
       6
       4
       8
      13
       6
      10
       5
      11
       8
       6
       7
       5
       5
      10
       6
       8
       7
       8
       9
       8
       9
       6
       9
       7
       3
      10
       4
       7
       3
      10
       9
       7
       4
       4
       7
       6
       5
       3
      12
       5
       6
       6
       6
       4
       7
       2
       7
       6
       9
      10
       9
       5
       6
       6
      10
       3
       2
       4
      14
       5
      12
      11
       6
       4
       5
       6
      10
       5
      10
      14
       5
       9
       9
       9
       8
       9
       8
       8
       2
       5
       3
       7
       7
       7
       2
       2
       8
       9
       5
       6
       6
       8
       9
      10
      12
       5
      10
       8
       6
       7
      10
       4
       5
       9
      12
       8
      12
       9
       4
       7
       5
       4
       4
       6
       5
       5
       5
       5
       5
       6
       6
       2
       8
       8
       7
       5
       8
       7
       9
       7
       6
       9
       5
       7
       4
       8
       6
       6
       5
       7
       5
       9
       5
       4
      12
       7
       6
       6
       6
       5
       6
       5
       3
       7
       5
       9
       8
      11
      10
       5
      11
       4
       7
       5
       5
       7
       4
       9
       6
       5
      12
       3
       7
       1
       6
       4
       6
       4
       6
       5
       5
       7
       9
       6
       3
       5
       5
       7
      10
       4
       6
       2
       6
       5
       7
       5
       6
       7
       8
       4
       5
       8
       6
       4
      10
       6
       8
       7
       8
       1
       6
       9
      10
       3
       9
       3
       9
       5
       4
       8
       8
       8
       5
       7
       5
       6
      10
       8
      10
       7
       3
       9
       6
       8
       6
       5
       6
      12
       5
       3
       9
       8
       7
       6
       4
       8
       5
       8
       7
       7
       6
       8
       6
      11
       8
       8
       5
       4
       8
       8
       1
       2
       9
       8
       2
       8
       6
      10
       5
       4
       7
      14
       7
       9
       5
       6
       9
       7
       5
      11
       8
       4
       4
       7
       7
       7
       5
       5
       5
       5
       4
      10
       9
       4
       2
       7
       4
       7
       8
       6
       5
       5
       8
       4
       5
       5
       9
       4
       6
       5
       4
       7
       8
       6
       4
       4
       7
       4
      11
       6
       4
       8
       4
       5
       2
       4
       2
       6
       4
       6
       9
       5
       6
       4
      10
       7
       4
       7
       5
       9
       6
       8
       5
       2
       7
       7
       6
       3
       6
      10
       3
       5
       5
       7
       3
       5
       3
       7
       7
       3
       5
       6
      11
       7
       6
      10
       5
       6
       4
       8
       2
       8
       5
       5
       2
       5
       6
       7
       8
       9
       9
       8
       8
       3
       4
       8
       6
       5
       7
       7
       3
       4
       8
       7
       5
       4
       8
       6
       7
       4
       4
       6
       8
      10
       5
       2
       7
       5
       9
      12
       5
       5
       8
       5
       6
      10
       2
       9
       5
       7
       8
       6
       2
       4
       4
       6
       6
       1
       4
       5
       4
       3
       5
       3
       3
       0
       3
       3
       3
       1
       2
       1
       0
       1
       3
       3
       1
       3
       0
       0
       1
       2
       2
       2
       2
       4
       2
       0
       1
       1
       1
       1
       0
       0
       1
       1
       0
       2
       2
       1
       1
       3
       2
       2
       0
       3
       0
       0
       0
       0
       1
       1
       1
       3
       0
       2
       1
       1
       0
       0
       1
       0
       0
       2
       0
       1
       1
       0
       1
       0
       0
       0
       1
       1
       0
       0
       0
       0
       1
       1
       0
       0
       0
       0
       0
       0
       0
       0
       0
       0
       0
       1
       0
       0
       0
       0
       0
       0
       0
       0
       0
       0
       0
       0
       0
       0
       0
       0
       0
       0
       0
       0
       0
       0
       0
       0
       0
       0
       0
       0
       0
       0
       0
       0
       0
       0
       0
       0
       0
       0
       0
       0
       0
       1
       0
       0
       0
       0
       0
       0
       0
       0
       0
       0
       0
       0
       0
       0
       0
       0
       0
       0
       0
       0
       0
       0
       0
       0
       0
       0
       0
       0
       0
       0
       0
       0
       0
       0
       0
       0
       0
       0
       0
       0
       0
       0
       0
       0
       0
       0
       0
       0
       0
       0
       0
       0
       0
       0
       0
       0
       0
       0
       0
       0
       0
       0
       0
       0
       0
       0
       0
       0
       0
       0
       0
       0
       0
       0
       0
       0
       0
       0
       0
       0
       0
       0
       0
       0
       0
       0
       0
       0
       0
       0
       0
       0
       0
       0
       0
       0
       0
       0
       0
       0
       0
       0
       0
       0
       0
       0
       0
       0
       0
       0
       0
       0
       0
       0
       0
       0
       0
       0
       0
       0
       0
       0
       0
       0
       0
       0
       0
       0
       0
       0
       0
       0
       0
       0
       0
       0
       0
       0
$ROI:
1
5540 6134
$PRESETS:
Live Time
180
0
$ENER_FIT:
0.000000 0.227554
$MCA_CAL:
3
0.000000E+000 2.275539E-001 0.000000E+000 keV
$SHAPE_CAL:
3
3.368824E+002 0.000000E+000 0.000000E+000
