0,000000 -0,237361 
0,100000 -0,377465 
0,200000 -0,420003 
0,300000 -0,430307 
0,400000 -0,432738 
0,500000 -0,432385 
0,600000 -0,434431 
0,700000 -0,436586 
0,800000 -0,433264 
0,900000 -0,435465 
1,000000 -0,436124 
1,100000 -0,432618 
1,200000 -0,437396 
1,300000 -0,437704 
1,400000 -0,435877 
1,500000 -0,434082 
1,600000 -0,434989 
1,700000 -0,438188 
1,800000 -0,436875 
1,900000 -0,436911 
2,000000 -0,434866 
2,100000 -0,430417 
2,200000 -0,417258 
2,300000 -0,400748 
2,400000 -0,381673 
2,500000 -0,367015 
2,600000 -0,349282 
2,700000 -0,331482 
2,800000 -0,315902 
2,900000 -0,298079 
3,000000 -0,281218 
3,100000 -0,263466 
3,200000 -0,246100 
3,300000 -0,229028 
3,400000 -0,217114 
3,500000 -0,207305 
3,600000 -0,195213 
3,700000 -0,186382 
3,800000 -0,176412 
3,900000 -0,169690 
4,000000 -0,163733 
4,100000 -0,158081 
4,200000 -0,150776 
4,300000 -0,144943 
4,400000 -0,139906 
4,500000 -0,135810 
4,600000 -0,132057 
4,700000 -0,127410 
4,800000 -0,124714 
4,900000 -0,121376 
5,000000 -0,117845 
5,100000 -0,114757 
5,200000 -0,110215 
5,300000 -0,106762 
5,400000 -0,103446 
5,500000 -0,100645 
5,600000 -0,097103 
5,700000 -0,095603 
5,800000 -0,092149 
5,900000 -0,088772 
6,000000 -0,086786 
6,100000 -0,084586 
6,200000 -0,081429 
6,300000 -0,077936 
6,400000 -0,075773 
6,500000 -0,074041 
6,600000 -0,071704 
6,700000 -0,069315 
6,800000 -0,067749 
6,900000 -0,066051 
7,000000 -0,064146 
7,100000 -0,062599 
7,200000 -0,061675 
7,300000 -0,059424 
7,400000 -0,058333 
7,500000 -0,057387 
7,600000 -0,056050 
7,700000 -0,055265 
7,800000 -0,053966 
7,900000 -0,053102 
8,000000 -0,052580 
8,100000 -0,052056 
8,200000 -0,051469 
8,300000 -0,050602 
8,400000 -0,049724 
8,500000 -0,049188 
8,600000 -0,049179 
8,700000 -0,048548 
8,800000 -0,048253 
8,900000 -0,047859 
9,000000 -0,047096 
9,100000 -0,046524 
9,200000 -0,046161 
9,300000 -0,045708 
9,400000 -0,046165 
9,500000 -0,045781 
9,600000 -0,045220 
9,700000 -0,044163 
9,800000 -0,044376 
9,900000 -0,043580 
10,000000 -0,043989 
10,100000 -0,043316 
10,200000 -0,043665 
10,300000 -0,042773 
10,400000 -0,043419 
10,500000 -0,042970 
10,600000 -0,042611 
10,700000 -0,043117 
10,800000 -0,042897 
10,900000 -0,043299 
11,000000 -0,043291 
11,100000 -0,042805 
11,200000 -0,042946 
11,300000 -0,043445 
11,400000 -0,043556 
11,500000 -0,044424 
11,600000 -0,044683 
11,700000 -0,045642 
11,800000 -0,046123 
11,900000 -0,046368 
12,000000 -0,046682 
12,100000 -0,046969 
12,200000 -0,046643 
12,300000 -0,047891 
12,400000 -0,049096 
12,500000 -0,049691 
12,600000 -0,051045 
12,700000 -0,052335 
12,800000 -0,052978 
12,900000 -0,053948 
13,000000 -0,054819 
13,100000 -0,055844 
13,200000 -0,057386 
13,300000 -0,058205 
13,400000 -0,060586 
13,500000 -0,062358 
13,600000 -0,064747 
13,700000 -0,066930 
13,800000 -0,067427 
13,900000 -0,069736 
14,000000 -0,072128 
14,100000 -0,073492 
14,200000 -0,075963 
14,300000 -0,078311 
14,400000 -0,080667 
14,500000 -0,082233 
14,600000 -0,082957 
14,700000 -0,082998 
14,800000 -0,084526 
14,900000 -0,085646 
15,000000 -0,087138 
15,100000 -0,088685 
15,200000 -0,090475 
15,300000 -0,093327 
15,400000 -0,095756 
15,500000 -0,099540 
15,600000 -0,101362 
15,700000 -0,105247 
15,800000 -0,109715 
15,900000 -0,113760 
16,000000 -0,118832 
16,100000 -0,123472 
16,200000 -0,128108 
16,300000 -0,131970 
16,400000 -0,139483 
16,500000 -0,145450 
16,600000 -0,150172 
16,700000 -0,156377 
16,800000 -0,161057 
16,900000 -0,167524 
17,000000 -0,175028 
17,100000 -0,183708 
17,200000 -0,190689 
17,300000 -0,196929 
17,400000 -0,205351 
17,500000 -0,209179 
17,600000 -0,213941 
17,700000 -0,217873 
17,800000 -0,222377 
17,900000 -0,228330 
18,000000 -0,233796 
18,100000 -0,237241 
18,200000 -0,239622 
18,300000 -0,238171 
18,400000 -0,231341 
18,500000 -0,217034 
18,600000 -0,195197 
18,700000 -0,176332 
18,800000 -0,159115 
18,900000 -0,141900 
19,000000 -0,127960 
19,100000 -0,116115 
19,200000 -0,105497 
19,300000 -0,095567 
19,400000 -0,086826 
19,500000 -0,078175 
19,600000 -0,071328 
19,700000 -0,065202 
19,800000 -0,060601 
19,900000 -0,056575 
20,000000 -0,052102 
20,100000 -0,048705 
20,200000 -0,045650 
20,300000 -0,043450 
20,400000 -0,040958 
20,500000 -0,038151 
20,600000 -0,036596 
20,700000 -0,034673 
20,800000 -0,033050 
20,900000 -0,031427 
21,000000 -0,030272 
21,100000 -0,028620 
21,200000 -0,028616 
21,300000 -0,027473 
21,400000 -0,027507 
21,500000 -0,026903 
21,600000 -0,025361 
21,700000 -0,025028 
21,800000 -0,025325 
21,900000 -0,025397 
22,000000 -0,025335 
22,100000 -0,025174 
22,200000 -0,025772 
22,300000 -0,025305 
22,400000 -0,025952 
22,500000 -0,026261 
22,600000 -0,026376 
22,700000 -0,027111 
22,800000 -0,027525 
22,900000 -0,027854 
23,000000 -0,026927 
23,100000 -0,028105 
23,200000 -0,029133 
23,300000 -0,029435 
23,400000 -0,030026 
23,500000 -0,030794 
23,600000 -0,032477 
23,700000 -0,033838 
23,800000 -0,035597 
23,900000 -0,036125 
24,000000 -0,037482 
24,100000 -0,038290 
24,200000 -0,039545 
24,300000 -0,040479 
24,400000 -0,041974 
24,500000 -0,043592 
24,600000 -0,046325 
24,700000 -0,048449 
24,800000 -0,049387 
24,900000 -0,051995 
25,000000 -0,055142 
25,100000 -0,056801 
25,200000 -0,059908 
25,300000 -0,063192 
25,400000 -0,066115 
25,500000 -0,068713 
25,600000 -0,072947 
25,700000 -0,077730 
25,800000 -0,081249 
25,900000 -0,086184 
26,000000 -0,090328 
26,100000 -0,095288 
26,200000 -0,100281 
26,300000 -0,107399 
26,400000 -0,113043 
26,500000 -0,119416 
26,600000 -0,128083 
26,700000 -0,136060 
26,800000 -0,143709 
26,900000 -0,153308 
27,000000 -0,162499 
27,100000 -0,173346 
27,200000 -0,184943 
27,300000 -0,198109 
27,400000 -0,211455 
27,500000 -0,225880 
27,600000 -0,242328 
27,700000 -0,259077 
27,800000 -0,273981 
27,900000 -0,286998 
28,000000 -0,299986 
28,100000 -0,308229 
28,200000 -0,309958 
28,300000 -0,302336 
28,400000 -0,280156 
28,500000 -0,260856 
28,600000 -0,239687 
28,700000 -0,208748 
28,800000 -0,184060 
28,900000 -0,165059 
29,000000 -0,148972 
29,100000 -0,136585 
29,200000 -0,125089 
29,300000 -0,114849 
29,400000 -0,105573 
29,500000 -0,098721 
29,600000 -0,091183 
29,700000 -0,084659 
29,800000 -0,079281 
29,900000 -0,074929 
30,000000 -0,071339 
30,100000 -0,068383 
30,200000 -0,065577 
30,300000 -0,063068 
30,400000 -0,059328 
30,500000 -0,056698 
30,600000 -0,054672 
30,700000 -0,052680 
30,800000 -0,051017 
30,900000 -0,050186 
31,000000 -0,048887 
31,100000 -0,049279 
31,200000 -0,049349 
31,300000 -0,049895 
31,400000 -0,051040 
31,500000 -0,052259 
31,600000 -0,052584 
31,700000 -0,054294 
31,800000 -0,055847 
31,900000 -0,057518 
32,000000 -0,058115 
32,100000 -0,058406 
32,200000 -0,058324 
32,300000 -0,055401 
32,400000 -0,052145 
32,500000 -0,047854 
32,600000 -0,042272 
32,700000 -0,036553 
32,800000 -0,031146 
32,900000 -0,027095 
33,000000 -0,023750 
33,100000 -0,020997 
33,200000 -0,018540 
33,300000 -0,016506 
33,400000 -0,014402 
33,500000 -0,012747 
33,600000 -0,011434 
33,700000 -0,009686 
33,800000 -0,008194 
33,900000 -0,007698 
34,000000 -0,006690 
34,100000 -0,005471 
34,200000 -0,005134 
34,300000 -0,004175 
34,400000 -0,003743 
34,500000 -0,003352 
34,600000 -0,003345 
34,700000 -0,002656 
34,800000 -0,001803 
34,900000 -0,001819 
35,000000 -0,001469 
35,100000 -0,000898 
35,200000 -0,000908 
35,300000 -0,000063 
35,400000 0,000111 
35,500000 0,000320 
35,600000 0,000608 
35,700000 0,000761 
35,800000 0,000626 
35,900000 0,000935 
36,000000 0,000937 
36,100000 0,000894 
36,200000 0,000857 
36,300000 0,001283 
36,400000 0,001069 
36,500000 0,001141 
36,600000 0,000960 
36,700000 0,001219 
36,800000 0,001070 
36,900000 0,001215 
37,000000 0,001192 
37,100000 0,000981 
37,200000 0,000874 
37,300000 0,000872 
37,400000 0,000881 
37,500000 0,000655 
37,600000 0,000417 
37,700000 0,000223 
37,800000 0,000128 
37,900000 -0,000586 
38,000000 -0,000481 
38,100000 -0,000754 
38,200000 -0,001075 
38,300000 -0,001062 
38,400000 -0,001530 
38,500000 -0,001409 
38,600000 -0,001835 
38,700000 -0,002050 
38,800000 -0,002725 
38,900000 -0,002981 
39,000000 -0,003117 
39,100000 -0,003640 
39,200000 -0,003787 
39,300000 -0,004291 
39,400000 -0,004484 
39,500000 -0,004823 
39,600000 -0,005229 
39,700000 -0,005201 
39,800000 -0,005560 
39,900000 -0,006146 
40,000000 -0,006590 
40,100000 -0,006890 
40,200000 -0,007111 
40,300000 -0,006979 
40,400000 -0,006893 
40,500000 -0,006299 
40,600000 -0,006410 
40,700000 -0,006332 
40,800000 -0,006045 
40,900000 -0,006284 
41,000000 -0,006352 
41,100000 -0,006384 
41,200000 -0,006689 
41,300000 -0,006424 
41,400000 -0,006524 
41,500000 -0,006397 
41,600000 -0,006220 
41,700000 -0,005843 
41,800000 -0,006204 
41,900000 -0,005919 
42,000000 -0,006218 
42,100000 -0,006557 
42,200000 -0,006892 
42,300000 -0,007134 
42,400000 -0,007587 
42,500000 -0,007737 
42,600000 -0,007912 
42,700000 -0,008388 
42,800000 -0,008860 
42,900000 -0,009196 
43,000000 -0,009501 
43,100000 -0,010099 
43,200000 -0,010125 
43,300000 -0,010413 
43,400000 -0,010333 
43,500000 -0,010494 
43,600000 -0,010391 
43,700000 -0,010895 
43,800000 -0,010733 
43,900000 -0,010529 
44,000000 -0,010605 
44,100000 -0,010296 
44,200000 -0,009809 
44,300000 -0,009283 
44,400000 -0,008541 
44,500000 -0,007364 
44,600000 -0,006413 
44,700000 -0,005296 
44,800000 -0,004557 
44,900000 -0,003746 
45,000000 -0,002607 
45,100000 -0,002316 
45,200000 -0,001422 
45,300000 -0,001291 
45,400000 -0,000849 
45,500000 -0,000306 
45,600000 0,000229 
45,700000 0,000745 
45,800000 0,000914 
45,900000 0,001224 
46,000000 0,001593 
46,100000 0,001950 
46,200000 0,002066 
46,300000 0,002168 
46,400000 0,002423 
46,500000 0,002689 
46,600000 0,002667 
46,700000 0,002704 
46,800000 0,002766 
46,900000 0,003050 
47,000000 0,003209 
47,100000 0,003220 
47,200000 0,003187 
47,300000 0,003430 
47,400000 0,003638 
47,500000 0,003795 
47,600000 0,004141 
47,700000 0,004397 
47,800000 0,004408 
47,900000 0,004172 
48,000000 0,003987 
48,100000 0,004553 
48,200000 0,004671 
48,300000 0,004521 
48,400000 0,004341 
48,500000 0,004583 
48,600000 0,004599 
48,700000 0,004693 
48,800000 0,004711 
48,900000 0,004723 
49,000000 0,004643 
49,100000 0,004475 
49,200000 0,004443 
49,300000 0,004630 
49,400000 0,004362 
49,500000 0,004404 
49,600000 0,004310 
49,700000 0,004719 
49,800000 0,004828 
49,900000 0,004582 
