0,000000 0,005742 
0,100000 0,005618 
0,200000 0,005682 
0,300000 0,005133 
0,400000 0,005325 
0,500000 0,005328 
0,600000 0,005385 
0,700000 0,005318 
0,800000 0,005602 
0,900000 0,005423 
1,000000 0,005505 
1,100000 0,005401 
1,200000 0,005348 
1,300000 0,005513 
1,400000 0,005203 
1,500000 0,005791 
1,600000 0,005558 
1,700000 0,005434 
1,800000 0,005654 
1,900000 0,005510 
2,000000 0,005380 
2,100000 0,005009 
2,200000 0,005482 
2,300000 0,005953 
2,400000 0,005893 
2,500000 0,006410 
2,600000 0,006160 
2,700000 0,005975 
2,800000 0,005275 
2,900000 0,002756 
3,000000 0,002423 
3,100000 0,004310 
3,200000 0,005938 
3,300000 0,005978 
3,400000 0,005802 
3,500000 0,005808 
3,600000 0,005874 
3,700000 0,005946 
3,800000 0,005767 
3,900000 0,006005 
4,000000 0,005968 
4,100000 0,006158 
4,200000 0,005944 
4,300000 0,006094 
4,400000 0,005893 
4,500000 0,005753 
4,600000 0,005958 
4,700000 0,006123 
4,800000 0,005954 
4,900000 0,006011 
5,000000 0,006114 
5,100000 0,005809 
5,200000 0,005724 
5,300000 0,005867 
5,400000 0,005856 
5,500000 0,006072 
5,600000 0,005720 
5,700000 0,005718 
5,800000 0,005691 
5,900000 0,005763 
6,000000 0,005798 
6,100000 0,005984 
6,200000 0,005689 
6,300000 0,005865 
6,400000 0,005888 
6,500000 0,005666 
6,600000 0,005963 
6,700000 0,005850 
6,800000 0,005750 
6,900000 0,005933 
7,000000 0,006062 
7,100000 0,006215 
7,200000 0,006075 
7,300000 0,005863 
7,400000 0,005654 
7,500000 0,005489 
7,600000 0,005670 
7,700000 0,005790 
7,800000 0,005865 
7,900000 0,005893 
8,000000 0,005863 
8,100000 0,005416 
8,200000 0,006218 
8,300000 0,005736 
8,400000 0,005949 
8,500000 0,005845 
8,600000 0,006207 
8,700000 0,005667 
8,800000 0,005902 
8,900000 0,005811 
9,000000 0,005704 
9,100000 0,005872 
9,200000 0,005742 
9,300000 0,005721 
9,400000 0,006006 
9,500000 0,005971 
9,600000 0,005718 
9,700000 0,005686 
9,800000 0,005937 
9,900000 0,006029 
10,000000 0,005853 
10,100000 0,005885 
10,200000 0,005865 
10,300000 0,005710 
10,400000 0,005799 
10,500000 0,005775 
10,600000 0,006014 
10,700000 0,005872 
10,800000 0,005736 
10,900000 0,005695 
11,000000 0,005899 
11,100000 0,005829 
11,200000 0,005934 
11,300000 0,005739 
11,400000 0,005783 
11,500000 0,005944 
11,600000 0,005856 
11,700000 0,005780 
11,800000 0,005764 
11,900000 0,005776 
12,000000 0,006011 
12,100000 0,005774 
12,200000 0,005297 
12,300000 0,005300 
12,400000 0,004858 
12,500000 0,004947 
12,600000 0,005244 
12,700000 0,005389 
12,800000 0,005680 
12,900000 0,005701 
13,000000 0,005947 
13,100000 0,005963 
13,200000 0,005710 
13,300000 0,005568 
13,400000 0,005693 
13,500000 0,005917 
13,600000 0,005903 
13,700000 0,005834 
13,800000 0,005623 
13,900000 0,005439 
14,000000 0,004115 
14,100000 -0,000910 
14,200000 -0,006884 
14,300000 -0,010987 
14,400000 -0,012369 
14,500000 -0,010422 
14,600000 -0,004205 
14,700000 0,002170 
14,800000 0,003850 
14,900000 0,005216 
15,000000 0,005565 
15,100000 0,005305 
15,200000 0,004177 
15,300000 0,004096 
15,400000 0,004017 
15,500000 0,004442 
15,600000 0,005065 
15,700000 0,005477 
15,800000 0,005673 
15,900000 0,005052 
16,000000 0,002651 
16,100000 -0,002771 
16,200000 -0,007979 
16,300000 -0,010502 
16,400000 -0,010882 
16,500000 -0,008439 
16,600000 -0,001852 
16,700000 0,002882 
16,800000 0,004095 
16,900000 0,002310 
17,000000 -0,005953 
17,100000 -0,020125 
17,200000 -0,033675 
17,300000 -0,041486 
17,400000 -0,041081 
17,500000 -0,031401 
17,600000 -0,013671 
17,700000 -0,002976 
17,800000 0,000036 
17,900000 -0,005999 
18,000000 -0,033345 
18,100000 -0,079308 
18,200000 -0,121112 
18,300000 -0,142576 
18,400000 -0,141082 
18,500000 -0,104187 
18,600000 -0,046861 
18,700000 -0,016087 
18,800000 -0,004232 
18,900000 0,001187 
19,000000 0,003468 
19,100000 0,004566 
19,200000 0,004768 
19,300000 0,005296 
19,400000 0,005285 
19,500000 0,005489 
19,600000 0,005644 
19,700000 0,005720 
19,800000 0,005707 
19,900000 0,005730 
20,000000 0,005056 
20,100000 0,004705 
20,200000 0,003740 
20,300000 0,003999 
20,400000 0,003720 
20,500000 0,004383 
20,600000 0,004782 
20,700000 0,005443 
20,800000 0,005631 
20,900000 0,006337 
21,000000 0,006246 
21,100000 0,005864 
21,200000 0,005851 
21,300000 0,006078 
21,400000 0,005979 
21,500000 0,005730 
21,600000 0,005853 
21,700000 0,005882 
21,800000 0,005809 
21,900000 0,005875 
22,000000 0,005775 
22,100000 0,005737 
22,200000 0,005704 
22,300000 0,005698 
22,400000 0,005632 
22,500000 0,005917 
22,600000 0,005912 
22,700000 0,005889 
22,800000 0,005950 
22,900000 0,005945 
23,000000 0,005782 
23,100000 0,005938 
23,200000 0,005937 
23,300000 0,005938 
23,400000 0,005949 
23,500000 0,006061 
23,600000 0,006007 
23,700000 0,005762 
23,800000 0,005961 
23,900000 0,006012 
24,000000 0,005929 
24,100000 0,005804 
24,200000 0,005932 
24,300000 0,005632 
24,400000 0,005795 
24,500000 0,005748 
24,600000 0,005428 
24,700000 0,005663 
24,800000 0,005591 
24,900000 0,005574 
25,000000 0,005576 
25,100000 0,005599 
25,200000 0,005453 
25,300000 0,005539 
25,400000 0,005518 
25,500000 0,005583 
25,600000 0,005596 
25,700000 0,005660 
25,800000 0,005649 
25,900000 0,005372 
26,000000 0,005001 
26,100000 0,004504 
26,200000 0,004250 
26,300000 0,003649 
26,400000 0,003511 
26,500000 0,004260 
26,600000 0,004820 
26,700000 0,005102 
26,800000 0,005081 
26,900000 0,004756 
27,000000 0,003306 
27,100000 0,001780 
27,200000 0,000988 
27,300000 0,001207 
27,400000 0,001216 
27,500000 0,002478 
27,600000 0,003083 
27,700000 -0,000830 
27,800000 -0,012049 
27,900000 -0,053959 
28,000000 -0,115445 
28,100000 -0,164065 
28,200000 -0,187008 
28,300000 -0,184902 
28,400000 -0,160112 
28,500000 -0,101624 
28,600000 -0,043428 
28,700000 -0,014711 
28,800000 -0,004443 
28,900000 -0,000505 
29,000000 0,000359 
29,100000 0,000494 
29,200000 0,000409 
29,300000 0,000770 
29,400000 0,001426 
29,500000 0,002894 
29,600000 0,004146 
29,700000 0,004821 
29,800000 0,004706 
29,900000 0,002210 
30,000000 -0,000624 
30,100000 -0,002816 
30,200000 -0,003456 
30,300000 -0,003481 
30,400000 -0,001968 
30,500000 0,001025 
30,600000 0,004512 
30,700000 0,005503 
30,800000 0,005875 
30,900000 0,005533 
31,000000 0,005151 
31,100000 0,004922 
31,200000 0,004870 
31,300000 0,004965 
31,400000 0,005024 
31,500000 0,005277 
31,600000 0,005624 
31,700000 0,005029 
31,800000 0,000552 
31,900000 -0,008529 
32,000000 -0,018288 
32,100000 -0,024511 
32,200000 -0,027027 
32,300000 -0,025644 
32,400000 -0,020256 
32,500000 -0,008475 
32,600000 -0,000435 
32,700000 0,003694 
32,800000 0,005193 
32,900000 0,005317 
33,000000 0,005848 
33,100000 0,005855 
33,200000 0,005787 
33,300000 0,005861 
33,400000 0,005894 
33,500000 0,005998 
33,600000 0,005970 
33,700000 0,005781 
33,800000 0,005854 
33,900000 0,005698 
34,000000 0,005931 
34,100000 0,005943 
34,200000 0,005834 
34,300000 0,005843 
34,400000 0,005866 
34,500000 0,005835 
34,600000 0,006116 
34,700000 0,005954 
34,800000 0,006033 
34,900000 0,005862 
35,000000 0,005817 
35,100000 0,006103 
35,200000 0,006001 
35,300000 0,006153 
35,400000 0,005992 
35,500000 0,006414 
35,600000 0,006346 
35,700000 0,005933 
35,800000 0,005932 
35,900000 0,006690 
36,000000 0,006703 
36,100000 0,006403 
36,200000 0,006467 
36,300000 0,006215 
36,400000 0,006268 
36,500000 0,005991 
36,600000 0,006036 
36,700000 0,005759 
36,800000 0,006138 
36,900000 0,005724 
37,000000 0,005393 
37,100000 0,005220 
37,200000 0,005378 
37,300000 0,005392 
37,400000 0,005527 
37,500000 0,005567 
37,600000 0,005530 
37,700000 0,005586 
37,800000 0,005586 
37,900000 0,005648 
38,000000 0,005718 
38,100000 0,005537 
38,200000 0,005337 
38,300000 0,005245 
38,400000 0,005296 
38,500000 0,005138 
38,600000 0,005460 
38,700000 0,005550 
38,800000 0,005627 
38,900000 0,005344 
39,000000 0,004896 
39,100000 0,004769 
39,200000 0,004724 
39,300000 0,004696 
39,400000 0,004766 
39,500000 0,005105 
39,600000 0,005507 
39,700000 0,005748 
39,800000 0,005356 
39,900000 0,004018 
40,000000 0,003254 
40,100000 0,002435 
40,200000 0,002551 
40,300000 0,002680 
40,400000 0,003105 
40,500000 0,003595 
40,600000 0,004733 
40,700000 0,004859 
40,800000 0,005088 
40,900000 0,004676 
41,000000 0,003990 
41,100000 0,003346 
41,200000 0,002915 
41,300000 0,003194 
41,400000 0,003396 
41,500000 0,004068 
41,600000 0,004707 
41,700000 0,005046 
41,800000 0,005235 
41,900000 0,005073 
42,000000 0,004764 
42,100000 0,004404 
42,200000 0,004359 
42,300000 0,004435 
42,400000 0,004704 
42,500000 0,004929 
42,600000 0,005039 
42,700000 0,005274 
42,800000 0,005153 
42,900000 0,004140 
43,000000 0,003006 
43,100000 0,002434 
43,200000 0,002179 
43,300000 0,002216 
43,400000 0,002626 
43,500000 0,003124 
43,600000 0,004281 
43,700000 0,004755 
43,800000 0,004756 
43,900000 0,002754 
44,000000 0,000780 
44,100000 -0,000715 
44,200000 -0,001019 
44,300000 -0,000278 
44,400000 0,000727 
44,500000 0,002833 
44,600000 0,004125 
44,700000 0,004935 
44,800000 0,005020 
44,900000 0,005090 
45,000000 0,004863 
45,100000 0,004648 
45,200000 0,004696 
45,300000 0,004731 
45,400000 0,004718 
45,500000 0,005151 
45,600000 0,005341 
45,700000 0,005343 
45,800000 0,005189 
45,900000 0,005043 
46,000000 0,005005 
46,100000 0,005023 
46,200000 0,005036 
46,300000 0,005057 
46,400000 0,005194 
46,500000 0,005100 
46,600000 0,005179 
46,700000 0,005226 
46,800000 0,005179 
46,900000 0,005192 
47,000000 0,005135 
47,100000 0,004750 
47,200000 0,004854 
47,300000 0,004728 
47,400000 0,004986 
47,500000 0,005120 
47,600000 0,005251 
47,700000 0,005312 
47,800000 0,005153 
47,900000 0,005310 
48,000000 0,005304 
48,100000 0,005578 
48,200000 0,005259 
48,300000 0,005008 
48,400000 0,005075 
48,500000 0,005095 
48,600000 0,005194 
48,700000 0,005320 
48,800000 0,005279 
48,900000 0,005408 
49,000000 0,005421 
49,100000 0,005636 
49,200000 0,005408 
49,300000 0,005324 
49,400000 0,005556 
49,500000 0,005266 
49,600000 0,005403 
49,700000 0,005309 
49,800000 0,005273 
49,900000 0,005370 
