0,000000 -0,197812 
0,100000 -0,334348 
0,200000 -0,373500 
0,300000 -0,379761 
0,400000 -0,384090 
0,500000 -0,384557 
0,600000 -0,384401 
0,700000 -0,387206 
0,800000 -0,385125 
0,900000 -0,386227 
1,000000 -0,386558 
1,100000 -0,386935 
1,200000 -0,387704 
1,300000 -0,384822 
1,400000 -0,386532 
1,500000 -0,386445 
1,600000 -0,386679 
1,700000 -0,387771 
1,800000 -0,386370 
1,900000 -0,361146 
2,000000 -0,327558 
2,100000 -0,297723 
2,200000 -0,262976 
2,300000 -0,234426 
2,400000 -0,209306 
2,500000 -0,188928 
2,600000 -0,169718 
2,700000 -0,155014 
2,800000 -0,141967 
2,900000 -0,130510 
3,000000 -0,121093 
3,100000 -0,113730 
3,200000 -0,105029 
3,300000 -0,096967 
3,400000 -0,091253 
3,500000 -0,085065 
3,600000 -0,079783 
3,700000 -0,075503 
3,800000 -0,070402 
3,900000 -0,065313 
4,000000 -0,061535 
4,100000 -0,057031 
4,200000 -0,052445 
4,300000 -0,048380 
4,400000 -0,044354 
4,500000 -0,041530 
4,600000 -0,038965 
4,700000 -0,036698 
4,800000 -0,033806 
4,900000 -0,032329 
5,000000 -0,029662 
5,100000 -0,028847 
5,200000 -0,026716 
5,300000 -0,024829 
5,400000 -0,023897 
5,500000 -0,022862 
5,600000 -0,021884 
5,700000 -0,020286 
5,800000 -0,019760 
5,900000 -0,019008 
6,000000 -0,018008 
6,100000 -0,016999 
6,200000 -0,016165 
6,300000 -0,015042 
6,400000 -0,014641 
6,500000 -0,014432 
6,600000 -0,014518 
6,700000 -0,013663 
6,800000 -0,012205 
6,900000 -0,011121 
7,000000 -0,010876 
7,100000 -0,010396 
7,200000 -0,009920 
7,300000 -0,009462 
7,400000 -0,009287 
7,500000 -0,009018 
7,600000 -0,008580 
7,700000 -0,008275 
7,800000 -0,007892 
7,900000 -0,007438 
8,000000 -0,007065 
8,100000 -0,006851 
8,200000 -0,006347 
8,300000 -0,006376 
8,400000 -0,006154 
8,500000 -0,005738 
8,600000 -0,005543 
8,700000 -0,005513 
8,800000 -0,005365 
8,900000 -0,005214 
9,000000 -0,005056 
9,100000 -0,004919 
9,200000 -0,004572 
9,300000 -0,004999 
9,400000 -0,004702 
9,500000 -0,004516 
9,600000 -0,004651 
9,700000 -0,004627 
9,800000 -0,004562 
9,900000 -0,004521 
10,000000 -0,004237 
10,100000 -0,004529 
10,200000 -0,004224 
10,300000 -0,004490 
10,400000 -0,004466 
10,500000 -0,004319 
10,600000 -0,004365 
10,700000 -0,004414 
10,800000 -0,004728 
10,900000 -0,004537 
11,000000 -0,004908 
11,100000 -0,005324 
11,200000 -0,005177 
11,300000 -0,005220 
11,400000 -0,005527 
11,500000 -0,005687 
11,600000 -0,005671 
11,700000 -0,006111 
11,800000 -0,006388 
11,900000 -0,006733 
12,000000 -0,007186 
12,100000 -0,007798 
12,200000 -0,008133 
12,300000 -0,008431 
12,400000 -0,008803 
12,500000 -0,009326 
12,600000 -0,009709 
12,700000 -0,009918 
12,800000 -0,010539 
12,900000 -0,010592 
13,000000 -0,011588 
13,100000 -0,012424 
13,200000 -0,013201 
13,300000 -0,013911 
13,400000 -0,015270 
13,500000 -0,016608 
13,600000 -0,017617 
13,700000 -0,019116 
13,800000 -0,021218 
13,900000 -0,023000 
14,000000 -0,025272 
14,100000 -0,028055 
14,200000 -0,030918 
14,300000 -0,033678 
14,400000 -0,035806 
14,500000 -0,036550 
14,600000 -0,035057 
14,700000 -0,033039 
14,800000 -0,030693 
14,900000 -0,029784 
15,000000 -0,029791 
15,100000 -0,029915 
15,200000 -0,031056 
15,300000 -0,032226 
15,400000 -0,034251 
15,500000 -0,036771 
15,600000 -0,039359 
15,700000 -0,042311 
15,800000 -0,044087 
15,900000 -0,047781 
16,000000 -0,052824 
16,100000 -0,057468 
16,200000 -0,062719 
16,300000 -0,068903 
16,400000 -0,073799 
16,500000 -0,078965 
16,600000 -0,083094 
16,700000 -0,085766 
16,800000 -0,091842 
16,900000 -0,099668 
17,000000 -0,109232 
17,100000 -0,119573 
17,200000 -0,131507 
17,300000 -0,143045 
17,400000 -0,153983 
17,500000 -0,156881 
17,600000 -0,156478 
17,700000 -0,161245 
17,800000 -0,167605 
17,900000 -0,179433 
18,000000 -0,192803 
18,100000 -0,214318 
18,200000 -0,233861 
18,300000 -0,247515 
18,400000 -0,249358 
18,500000 -0,217160 
18,600000 -0,172625 
18,700000 -0,136263 
18,800000 -0,106010 
18,900000 -0,083721 
19,000000 -0,066670 
19,100000 -0,054711 
19,200000 -0,044676 
19,300000 -0,036287 
19,400000 -0,029441 
19,500000 -0,023905 
19,600000 -0,019499 
19,700000 -0,016145 
19,800000 -0,013667 
19,900000 -0,011877 
20,000000 -0,010493 
20,100000 -0,009305 
20,200000 -0,008472 
20,300000 -0,007803 
20,400000 -0,006831 
20,500000 -0,005570 
20,600000 -0,004502 
20,700000 -0,003526 
20,800000 -0,002666 
20,900000 -0,001862 
21,000000 -0,001306 
21,100000 -0,000428 
21,200000 -0,000154 
21,300000 0,000280 
21,400000 0,000213 
21,500000 0,000610 
21,600000 0,000758 
21,700000 0,000859 
21,800000 0,000888 
21,900000 0,000796 
22,000000 0,000598 
22,100000 0,000578 
22,200000 0,000642 
22,300000 0,000393 
22,400000 0,000236 
22,500000 0,000184 
22,600000 0,000006 
22,700000 0,000019 
22,800000 -0,000575 
22,900000 -0,000635 
23,000000 -0,000878 
23,100000 -0,001271 
23,200000 -0,001353 
23,300000 -0,001551 
23,400000 -0,002154 
23,500000 -0,002409 
23,600000 -0,002990 
23,700000 -0,003368 
23,800000 -0,003693 
23,900000 -0,004052 
24,000000 -0,004576 
24,100000 -0,004961 
24,200000 -0,005989 
24,300000 -0,006516 
24,400000 -0,007372 
24,500000 -0,007787 
24,600000 -0,008722 
24,700000 -0,009435 
24,800000 -0,010290 
24,900000 -0,011477 
25,000000 -0,012986 
25,100000 -0,014114 
25,200000 -0,014606 
25,300000 -0,015964 
25,400000 -0,017820 
25,500000 -0,019367 
25,600000 -0,021859 
25,700000 -0,023702 
25,800000 -0,026109 
25,900000 -0,028667 
26,000000 -0,031429 
26,100000 -0,034717 
26,200000 -0,037810 
26,300000 -0,041720 
26,400000 -0,045477 
26,500000 -0,049875 
26,600000 -0,055905 
26,700000 -0,061640 
26,800000 -0,068570 
26,900000 -0,076892 
27,000000 -0,085456 
27,100000 -0,095438 
27,200000 -0,107103 
27,300000 -0,119443 
27,400000 -0,133423 
27,500000 -0,151468 
27,600000 -0,177588 
27,700000 -0,208943 
27,800000 -0,240794 
27,900000 -0,273941 
28,000000 -0,307967 
28,100000 -0,338497 
28,200000 -0,355409 
28,300000 -0,354082 
28,400000 -0,324104 
28,500000 -0,271567 
28,600000 -0,203178 
28,700000 -0,153043 
28,800000 -0,121113 
28,900000 -0,097416 
29,000000 -0,081226 
29,100000 -0,068759 
29,200000 -0,059489 
29,300000 -0,051621 
29,400000 -0,045579 
29,500000 -0,039960 
29,600000 -0,035359 
29,700000 -0,032015 
29,800000 -0,029306 
29,900000 -0,028776 
30,000000 -0,028273 
30,100000 -0,028340 
30,200000 -0,028257 
30,300000 -0,027112 
30,400000 -0,025888 
30,500000 -0,023563 
30,600000 -0,021573 
30,700000 -0,019429 
30,800000 -0,018149 
30,900000 -0,018027 
31,000000 -0,018411 
31,100000 -0,019185 
31,200000 -0,020475 
31,300000 -0,022684 
31,400000 -0,024292 
31,500000 -0,027013 
31,600000 -0,029896 
31,700000 -0,035636 
31,800000 -0,041093 
31,900000 -0,046738 
32,000000 -0,051272 
32,100000 -0,056153 
32,200000 -0,058119 
32,300000 -0,057069 
32,400000 -0,050677 
32,500000 -0,041385 
32,600000 -0,031452 
32,700000 -0,022401 
32,800000 -0,015727 
32,900000 -0,011067 
33,000000 -0,008560 
33,100000 -0,005684 
33,200000 -0,003889 
33,300000 -0,002144 
33,400000 -0,000707 
33,500000 0,000534 
33,600000 0,001203 
33,700000 0,002450 
33,800000 0,003770 
33,900000 0,004783 
34,000000 0,004767 
34,100000 0,004930 
34,200000 0,004861 
34,300000 0,005115 
34,400000 0,005112 
34,500000 0,005300 
34,600000 0,005474 
34,700000 0,005621 
34,800000 0,005837 
34,900000 0,005882 
35,000000 0,006079 
35,100000 0,005860 
35,200000 0,006038 
35,300000 0,006041 
35,400000 0,005907 
35,500000 0,005922 
35,600000 0,006041 
35,700000 0,006132 
35,800000 0,005877 
35,900000 0,005669 
36,000000 0,005803 
36,100000 0,005569 
36,200000 0,005916 
36,300000 0,005615 
36,400000 0,005891 
36,500000 0,005896 
36,600000 0,005711 
36,700000 0,005865 
36,800000 0,005753 
36,900000 0,005920 
37,000000 0,005677 
37,100000 0,005753 
37,200000 0,005546 
37,300000 0,005324 
37,400000 0,005479 
37,500000 0,005469 
37,600000 0,005442 
37,700000 0,005301 
37,800000 0,005364 
37,900000 0,004837 
38,000000 0,004986 
38,100000 0,004824 
38,200000 0,004623 
38,300000 0,004636 
38,400000 0,004598 
38,500000 0,003953 
38,600000 0,003725 
38,700000 0,003455 
38,800000 0,003316 
38,900000 0,002692 
39,000000 0,001824 
39,100000 0,001270 
39,200000 0,001054 
39,300000 0,000550 
39,400000 0,000457 
39,500000 0,000249 
39,600000 -0,000196 
39,700000 -0,000630 
39,800000 -0,001033 
39,900000 -0,002043 
40,000000 -0,002680 
40,100000 -0,003509 
40,200000 -0,003591 
40,300000 -0,003356 
40,400000 -0,002896 
40,500000 -0,001983 
40,600000 -0,001707 
40,700000 -0,001118 
40,800000 -0,000717 
40,900000 -0,001055 
41,000000 -0,001296 
41,100000 -0,001856 
41,200000 -0,002011 
41,300000 -0,002087 
41,400000 -0,001556 
41,500000 -0,001093 
41,600000 -0,000264 
41,700000 0,000383 
41,800000 0,000209 
41,900000 0,000195 
42,000000 -0,000030 
42,100000 0,000143 
42,200000 -0,000305 
42,300000 -0,001124 
42,400000 -0,001574 
42,500000 -0,001779 
42,600000 -0,002438 
42,700000 -0,002887 
42,800000 -0,003590 
42,900000 -0,004015 
43,000000 -0,004713 
43,100000 -0,005423 
43,200000 -0,006126 
43,300000 -0,006732 
43,400000 -0,007188 
43,500000 -0,006822 
43,600000 -0,006296 
43,700000 -0,006394 
43,800000 -0,006879 
43,900000 -0,007787 
44,000000 -0,008547 
44,100000 -0,008522 
44,200000 -0,009088 
44,300000 -0,008555 
44,400000 -0,006813 
44,500000 -0,004640 
44,600000 -0,002758 
44,700000 -0,000541 
44,800000 0,000396 
44,900000 0,001622 
45,000000 0,002374 
45,100000 0,002675 
45,200000 0,003275 
45,300000 0,003103 
45,400000 0,004291 
45,500000 0,004372 
45,600000 0,004919 
45,700000 0,004878 
45,800000 0,005267 
45,900000 0,004675 
46,000000 0,004419 
46,100000 0,005869 
46,200000 0,005604 
46,300000 0,005482 
46,400000 0,005399 
46,500000 0,005267 
46,600000 0,005804 
46,700000 0,005715 
46,800000 0,005795 
46,900000 0,005798 
47,000000 0,005743 
47,100000 0,005761 
47,200000 0,005629 
47,300000 0,005702 
47,400000 0,005878 
47,500000 0,005983 
47,600000 0,005794 
47,700000 0,005985 
47,800000 0,006140 
47,900000 0,006087 
48,000000 0,006183 
48,100000 0,005891 
48,200000 0,006019 
48,300000 0,006218 
48,400000 0,005941 
48,500000 0,005906 
48,600000 0,006039 
48,700000 0,006119 
48,800000 0,006273 
48,900000 0,006418 
49,000000 0,006015 
49,100000 0,006013 
49,200000 0,006216 
49,300000 0,005950 
49,400000 0,005985 
49,500000 0,006024 
49,600000 0,006032 
49,700000 0,006016 
49,800000 0,006161 
49,900000 0,006021 
