0,000000 -0,118916 
0,100000 -0,051731 
0,200000 -0,029539 
0,300000 -0,021574 
0,400000 -0,017864 
0,500000 -0,016748 
0,600000 -0,015514 
0,700000 -0,014713 
0,800000 -0,014434 
0,900000 -0,015081 
1,000000 -0,014705 
1,100000 -0,014701 
1,200000 -0,014388 
1,300000 -0,014553 
1,400000 -0,014520 
1,500000 -0,014465 
1,600000 -0,014252 
1,700000 -0,014333 
1,800000 -0,014294 
1,900000 -0,008063 
2,000000 -0,004570 
2,100000 -0,003235 
2,200000 0,000182 
2,300000 0,003188 
2,400000 0,004704 
2,500000 0,005246 
2,600000 0,005022 
2,700000 0,003256 
2,800000 -0,000579 
2,900000 -0,004981 
3,000000 -0,005289 
3,100000 -0,000297 
3,200000 0,003871 
3,300000 0,005331 
3,400000 0,006022 
3,500000 0,006250 
3,600000 0,006576 
3,700000 0,006418 
3,800000 0,006760 
3,900000 0,006554 
4,000000 0,006334 
4,100000 0,006496 
4,200000 0,006650 
4,300000 0,006596 
4,400000 0,006399 
4,500000 0,006710 
4,600000 0,006652 
4,700000 0,006580 
4,800000 0,006584 
4,900000 0,006456 
5,000000 0,006534 
5,100000 0,006541 
5,200000 0,006790 
5,300000 0,006501 
5,400000 0,006592 
5,500000 0,006714 
5,600000 0,006894 
5,700000 0,006772 
5,800000 0,006830 
5,900000 0,006802 
6,000000 0,006765 
6,100000 0,006553 
6,200000 0,006785 
6,300000 0,006811 
6,400000 0,006701 
6,500000 0,006728 
6,600000 0,006534 
6,700000 0,006724 
6,800000 0,006556 
6,900000 0,006598 
7,000000 0,006518 
7,100000 0,006361 
7,200000 0,006224 
7,300000 0,006244 
7,400000 0,006429 
7,500000 0,006073 
7,600000 0,006245 
7,700000 0,006430 
7,800000 0,006269 
7,900000 0,006256 
8,000000 0,006524 
8,100000 0,006432 
8,200000 0,006392 
8,300000 0,006314 
8,400000 0,006258 
8,500000 0,006351 
8,600000 0,006406 
8,700000 0,006447 
8,800000 0,006267 
8,900000 0,006498 
9,000000 0,006550 
9,100000 0,006845 
9,200000 0,006601 
9,300000 0,006524 
9,400000 0,006429 
9,500000 0,006618 
9,600000 0,006406 
9,700000 0,006602 
9,800000 0,006630 
9,900000 0,006405 
10,000000 0,006501 
10,100000 0,006482 
10,200000 0,006670 
10,300000 0,006903 
10,400000 0,006469 
10,500000 0,006623 
10,600000 0,006593 
10,700000 0,006686 
10,800000 0,006243 
10,900000 0,006470 
11,000000 0,006575 
11,100000 0,006315 
11,200000 0,006021 
11,300000 0,006072 
11,400000 0,005468 
11,500000 0,004656 
11,600000 0,003488 
11,700000 0,002471 
11,800000 0,001725 
11,900000 0,001233 
12,000000 0,001088 
12,100000 0,001171 
12,200000 0,001189 
12,300000 0,001386 
12,400000 0,001430 
12,500000 0,001724 
12,600000 0,001976 
12,700000 0,002910 
12,800000 0,003984 
12,900000 0,004385 
13,000000 0,003750 
13,100000 0,002775 
13,200000 -0,001928 
13,300000 -0,011508 
13,400000 -0,031669 
13,500000 -0,047860 
13,600000 -0,056759 
13,700000 -0,061891 
13,800000 -0,065160 
13,900000 -0,066499 
14,000000 -0,066752 
14,100000 -0,066360 
14,200000 -0,065080 
14,300000 -0,063833 
14,400000 -0,061000 
14,500000 -0,056319 
14,600000 -0,048747 
14,700000 -0,036260 
14,800000 -0,020814 
14,900000 -0,011958 
15,000000 -0,010733 
15,100000 -0,016229 
15,200000 -0,030010 
15,300000 -0,047151 
15,400000 -0,060797 
15,500000 -0,070414 
15,600000 -0,074980 
15,700000 -0,076881 
15,800000 -0,078113 
15,900000 -0,083577 
16,000000 -0,101211 
16,100000 -0,140213 
16,200000 -0,192678 
16,300000 -0,230100 
16,400000 -0,252572 
16,500000 -0,264429 
16,600000 -0,263742 
16,700000 -0,257724 
16,800000 -0,257636 
16,900000 -0,296243 
17,000000 -0,404991 
17,100000 -0,576535 
17,200000 -0,700564 
17,300000 -0,770459 
17,400000 -0,799609 
17,500000 -0,806164 
17,600000 -0,790485 
17,700000 -0,755429 
17,800000 -0,704192 
17,900000 -0,676009 
18,000000 -0,657495 
18,100000 -0,628774 
18,200000 -0,597113 
18,300000 -0,570727 
18,400000 -0,529464 
18,500000 -0,459085 
18,600000 -0,378591 
18,700000 -0,261520 
18,800000 -0,125615 
18,900000 -0,052571 
19,000000 -0,025753 
19,100000 -0,016096 
19,200000 -0,011533 
19,300000 -0,009438 
19,400000 -0,008342 
19,500000 -0,008009 
19,600000 -0,007319 
19,700000 -0,006505 
19,800000 -0,005836 
19,900000 -0,005473 
20,000000 -0,005324 
20,100000 -0,004778 
20,200000 -0,004279 
20,300000 -0,004117 
20,400000 -0,002879 
20,500000 -0,001722 
20,600000 -0,000831 
20,700000 0,001418 
20,800000 0,004056 
20,900000 0,004795 
21,000000 0,005127 
21,100000 0,005240 
21,200000 0,005204 
21,300000 0,005358 
21,400000 0,005228 
21,500000 0,005426 
21,600000 0,005467 
21,700000 0,005533 
21,800000 0,005343 
21,900000 0,005676 
22,000000 0,005473 
22,100000 0,005737 
22,200000 0,005639 
22,300000 0,005582 
22,400000 0,005603 
22,500000 0,005668 
22,600000 0,006159 
22,700000 0,005719 
22,800000 0,005768 
22,900000 0,005917 
23,000000 0,005861 
23,100000 0,005919 
23,200000 0,005640 
23,300000 0,005776 
23,400000 0,005727 
23,500000 0,005720 
23,600000 0,005331 
23,700000 0,004839 
23,800000 0,004559 
23,900000 0,004595 
24,000000 0,004420 
24,100000 0,004381 
24,200000 0,004334 
24,300000 0,003860 
24,400000 0,003161 
24,500000 0,001148 
24,600000 -0,001794 
24,700000 -0,003248 
24,800000 -0,004317 
24,900000 -0,005114 
25,000000 -0,005565 
25,100000 -0,006130 
25,200000 -0,006684 
25,300000 -0,008456 
25,400000 -0,012064 
25,500000 -0,017346 
25,600000 -0,023149 
25,700000 -0,027282 
25,800000 -0,030760 
25,900000 -0,035361 
26,000000 -0,042792 
26,100000 -0,061662 
26,200000 -0,120913 
26,300000 -0,253172 
26,400000 -0,529717 
26,500000 -0,789021 
26,600000 -0,969702 
26,700000 -1,076844 
26,800000 -1,134198 
26,900000 -1,173611 
27,000000 -1,205215 
27,100000 -1,219622 
27,200000 -1,232296 
27,300000 -1,237821 
27,400000 -1,236928 
27,500000 -1,237752 
27,600000 -1,224482 
27,700000 -1,195445 
27,800000 -1,151774 
27,900000 -1,107358 
28,000000 -1,058139 
28,100000 -1,020954 
28,200000 -0,977901 
28,300000 -0,925948 
28,400000 -0,865898 
28,500000 -0,788619 
28,600000 -0,660497 
28,700000 -0,495184 
28,800000 -0,278435 
28,900000 -0,142177 
29,000000 -0,091044 
29,100000 -0,072841 
29,200000 -0,065252 
29,300000 -0,062779 
29,400000 -0,060637 
29,500000 -0,059352 
29,600000 -0,057901 
29,700000 -0,054909 
29,800000 -0,051966 
29,900000 -0,056073 
30,000000 -0,069454 
30,100000 -0,103471 
30,200000 -0,146017 
30,300000 -0,177886 
30,400000 -0,200027 
30,500000 -0,213775 
30,600000 -0,222301 
30,700000 -0,226023 
30,800000 -0,224699 
30,900000 -0,223493 
31,000000 -0,221526 
31,100000 -0,222231 
31,200000 -0,221876 
31,300000 -0,222683 
31,400000 -0,221007 
31,500000 -0,217902 
31,600000 -0,214978 
31,700000 -0,207128 
31,800000 -0,197184 
31,900000 -0,188219 
32,000000 -0,180052 
32,100000 -0,171297 
32,200000 -0,165139 
32,300000 -0,153757 
32,400000 -0,141313 
32,500000 -0,127407 
32,600000 -0,112882 
32,700000 -0,085728 
32,800000 -0,049301 
32,900000 -0,020916 
33,000000 -0,006963 
33,100000 -0,001160 
33,200000 0,001917 
33,300000 0,003265 
33,400000 0,003846 
33,500000 0,004373 
33,600000 0,004455 
33,700000 0,004925 
33,800000 0,004836 
33,900000 0,004911 
34,000000 0,004907 
34,100000 0,005131 
34,200000 0,005114 
34,300000 0,004940 
34,400000 0,005029 
34,500000 0,004942 
34,600000 0,004966 
34,700000 0,005259 
34,800000 0,005420 
34,900000 0,006165 
35,000000 0,005819 
35,100000 0,005754 
35,200000 0,005487 
35,300000 0,005386 
35,400000 0,005084 
35,500000 0,005239 
35,600000 0,005321 
35,700000 0,005203 
35,800000 0,005392 
35,900000 0,004785 
36,000000 0,004260 
36,100000 0,004515 
36,200000 0,004358 
36,300000 0,004486 
36,400000 0,004264 
36,500000 0,003838 
36,600000 0,003738 
36,700000 0,003104 
36,800000 0,001974 
36,900000 0,000872 
37,000000 -0,000192 
37,100000 -0,001031 
37,200000 -0,001965 
37,300000 -0,002271 
37,400000 -0,002756 
37,500000 -0,003622 
37,600000 -0,006718 
37,700000 -0,011817 
37,800000 -0,016157 
37,900000 -0,019631 
38,000000 -0,021951 
38,100000 -0,023656 
38,200000 -0,024462 
38,300000 -0,025164 
38,400000 -0,026036 
38,500000 -0,027036 
38,600000 -0,028160 
38,700000 -0,030939 
38,800000 -0,033233 
38,900000 -0,035516 
39,000000 -0,036314 
39,100000 -0,037165 
39,200000 -0,038032 
39,300000 -0,037885 
39,400000 -0,037877 
39,500000 -0,037464 
39,600000 -0,037737 
39,700000 -0,037807 
39,800000 -0,037445 
39,900000 -0,036652 
40,000000 -0,035344 
40,100000 -0,033759 
40,200000 -0,033053 
40,300000 -0,032701 
40,400000 -0,032070 
40,500000 -0,032417 
40,600000 -0,034413 
40,700000 -0,035666 
40,800000 -0,035515 
40,900000 -0,033259 
41,000000 -0,031533 
41,100000 -0,030655 
41,200000 -0,032335 
41,300000 -0,035344 
41,400000 -0,040151 
41,500000 -0,049052 
41,600000 -0,057215 
41,700000 -0,062512 
41,800000 -0,065843 
41,900000 -0,067590 
42,000000 -0,068493 
42,100000 -0,069355 
42,200000 -0,070122 
42,300000 -0,071261 
42,400000 -0,071999 
42,500000 -0,072654 
42,600000 -0,073352 
42,700000 -0,072589 
42,800000 -0,072608 
42,900000 -0,070954 
43,000000 -0,070171 
43,100000 -0,069295 
43,200000 -0,067807 
43,300000 -0,066726 
43,400000 -0,065754 
43,500000 -0,063050 
43,600000 -0,060775 
43,700000 -0,059084 
43,800000 -0,056187 
43,900000 -0,051720 
44,000000 -0,046917 
44,100000 -0,043423 
44,200000 -0,041072 
44,300000 -0,039052 
44,400000 -0,036536 
44,500000 -0,033960 
44,600000 -0,031215 
44,700000 -0,028223 
44,800000 -0,024926 
44,900000 -0,017461 
45,000000 -0,009994 
45,100000 -0,005791 
45,200000 -0,004458 
45,300000 -0,004094 
45,400000 -0,003312 
45,500000 -0,002999 
45,600000 -0,002471 
45,700000 -0,002472 
45,800000 -0,002056 
45,900000 -0,001638 
46,000000 -0,000419 
46,100000 0,000577 
46,200000 0,001100 
46,300000 0,001393 
46,400000 0,001450 
46,500000 0,001547 
46,600000 0,001746 
46,700000 0,002022 
46,800000 0,002308 
46,900000 0,002484 
47,000000 0,002761 
47,100000 0,002788 
47,200000 0,002735 
47,300000 0,002389 
47,400000 0,002088 
47,500000 0,002360 
47,600000 0,002565 
47,700000 0,002565 
47,800000 0,002377 
47,900000 0,002465 
48,000000 0,002695 
48,100000 0,003411 
48,200000 0,002676 
48,300000 0,002217 
48,400000 0,001965 
48,500000 0,001688 
48,600000 0,001356 
48,700000 0,001350 
48,800000 0,001250 
48,900000 0,001263 
49,000000 0,001099 
49,100000 0,001054 
49,200000 0,001143 
49,300000 0,001071 
49,400000 0,000955 
49,500000 0,000839 
49,600000 0,001066 
49,700000 0,001058 
49,800000 0,001022 
49,900000 0,001121 
