0,000000 -0,076517 
0,100000 -0,037562 
0,200000 -0,025279 
0,300000 -0,019682 
0,400000 -0,017714 
0,500000 -0,016411 
0,600000 -0,015708 
0,700000 -0,015380 
0,800000 -0,015378 
0,900000 -0,015201 
1,000000 -0,015308 
1,100000 -0,015138 
1,200000 -0,015100 
1,300000 -0,015213 
1,400000 -0,015364 
1,500000 -0,014999 
1,600000 -0,014948 
1,700000 -0,014995 
1,800000 -0,014849 
1,900000 -0,008349 
2,000000 -0,004466 
2,100000 -0,003316 
2,200000 0,000647 
2,300000 0,003800 
2,400000 0,004898 
2,500000 0,005370 
2,600000 0,005353 
2,700000 0,005003 
2,800000 0,002711 
2,900000 -0,002368 
3,000000 -0,002908 
3,100000 0,001892 
3,200000 0,004857 
3,300000 0,005919 
3,400000 0,006350 
3,500000 0,006337 
3,600000 0,006728 
3,700000 0,006480 
3,800000 0,006382 
3,900000 0,006278 
4,000000 0,006364 
4,100000 0,006189 
4,200000 0,006258 
4,300000 0,006026 
4,400000 0,006393 
4,500000 0,006681 
4,600000 0,006706 
4,700000 0,006843 
4,800000 0,006740 
4,900000 0,006479 
5,000000 0,006381 
5,100000 0,006523 
5,200000 0,006489 
5,300000 0,006529 
5,400000 0,006561 
5,500000 0,006424 
5,600000 0,006599 
5,700000 0,006610 
5,800000 0,006254 
5,900000 0,006570 
6,000000 0,006350 
6,100000 0,006387 
6,200000 0,006407 
6,300000 0,006684 
6,400000 0,006342 
6,500000 0,006427 
6,600000 0,006605 
6,700000 0,006460 
6,800000 0,006531 
6,900000 0,006355 
7,000000 0,006345 
7,100000 0,006298 
7,200000 0,006486 
7,300000 0,006346 
7,400000 0,006161 
7,500000 0,006199 
7,600000 0,006159 
7,700000 0,006109 
7,800000 0,006144 
7,900000 0,006360 
8,000000 0,006567 
8,100000 0,006352 
8,200000 0,005903 
8,300000 0,005759 
8,400000 0,006424 
8,500000 0,005999 
8,600000 0,006184 
8,700000 0,006207 
8,800000 0,006970 
8,900000 0,007002 
9,000000 0,007094 
9,100000 0,006764 
9,200000 0,006528 
9,300000 0,006554 
9,400000 0,006625 
9,500000 0,006118 
9,600000 0,006403 
9,700000 0,006501 
9,800000 0,006550 
9,900000 0,006407 
10,000000 0,006198 
10,100000 0,006687 
10,200000 0,006546 
10,300000 0,006581 
10,400000 0,006581 
10,500000 0,006534 
10,600000 0,006591 
10,700000 0,006674 
10,800000 0,006559 
10,900000 0,006856 
11,000000 0,006806 
11,100000 0,006913 
11,200000 0,006781 
11,300000 0,006602 
11,400000 0,006579 
11,500000 0,006661 
11,600000 0,006589 
11,700000 0,006697 
11,800000 0,006159 
11,900000 0,005423 
12,000000 0,004961 
12,100000 0,004389 
12,200000 0,004151 
12,300000 0,004057 
12,400000 0,003732 
12,500000 0,004278 
12,600000 0,004780 
12,700000 0,005387 
12,800000 0,006028 
12,900000 0,006009 
13,000000 0,006041 
13,100000 0,005972 
13,200000 0,005921 
13,300000 0,005844 
13,400000 0,005472 
13,500000 0,005013 
13,600000 0,002890 
13,700000 -0,003175 
13,800000 -0,013984 
13,900000 -0,026247 
14,000000 -0,035486 
14,100000 -0,040149 
14,200000 -0,042266 
14,300000 -0,042205 
14,400000 -0,038751 
14,500000 -0,032972 
14,600000 -0,024062 
14,700000 -0,010020 
14,800000 -0,003666 
14,900000 -0,001163 
15,000000 -0,000608 
15,100000 -0,000205 
15,200000 -0,000102 
15,300000 0,000061 
15,400000 0,000153 
15,500000 -0,001495 
15,600000 -0,005504 
15,700000 -0,013898 
15,800000 -0,025725 
15,900000 -0,035406 
16,000000 -0,040707 
16,100000 -0,043739 
16,200000 -0,043949 
16,300000 -0,043675 
16,400000 -0,042424 
16,500000 -0,045717 
16,600000 -0,054097 
16,700000 -0,078382 
16,800000 -0,107093 
16,900000 -0,125819 
17,000000 -0,137719 
17,100000 -0,142286 
17,200000 -0,142760 
17,300000 -0,140118 
17,400000 -0,141102 
17,500000 -0,164011 
17,600000 -0,214808 
17,700000 -0,303908 
17,800000 -0,382294 
17,900000 -0,431477 
18,000000 -0,445326 
18,100000 -0,448846 
18,200000 -0,438569 
18,300000 -0,413728 
18,400000 -0,378482 
18,500000 -0,308566 
18,600000 -0,188987 
18,700000 -0,083074 
18,800000 -0,031482 
18,900000 -0,012219 
19,000000 -0,004241 
19,100000 -0,000050 
19,200000 0,002299 
19,300000 0,002880 
19,400000 0,003121 
19,500000 0,002595 
19,600000 0,001108 
19,700000 0,000226 
19,800000 -0,000396 
19,900000 -0,000882 
20,000000 -0,001194 
20,100000 -0,001031 
20,200000 -0,000642 
20,300000 -0,000283 
20,400000 0,000516 
20,500000 0,001676 
20,600000 0,004012 
20,700000 0,005419 
20,800000 0,006107 
20,900000 0,006268 
21,000000 0,006288 
21,100000 0,006550 
21,200000 0,006434 
21,300000 0,006524 
21,400000 0,006513 
21,500000 0,006311 
21,600000 0,006244 
21,700000 0,006140 
21,800000 0,006119 
21,900000 0,005996 
22,000000 0,006128 
22,100000 0,006382 
22,200000 0,006462 
22,300000 0,006310 
22,400000 0,006206 
22,500000 0,006331 
22,600000 0,006289 
22,700000 0,006579 
22,800000 0,006804 
22,900000 0,006871 
23,000000 0,006643 
23,100000 0,006813 
23,200000 0,006861 
23,300000 0,006740 
23,400000 0,006694 
23,500000 0,006595 
23,600000 0,006590 
23,700000 0,006518 
23,800000 0,006350 
23,900000 0,006354 
24,000000 0,006474 
24,100000 0,006284 
24,200000 0,006221 
24,300000 0,006332 
24,400000 0,006055 
24,500000 0,005842 
24,600000 0,005596 
24,700000 0,005598 
24,800000 0,005981 
24,900000 0,006106 
25,000000 0,005804 
25,100000 0,005780 
25,200000 0,005609 
25,300000 0,005130 
25,400000 0,004419 
25,500000 0,002692 
25,600000 0,001397 
25,700000 0,000994 
25,800000 0,000751 
25,900000 0,000184 
26,000000 0,000202 
26,100000 -0,000289 
26,200000 -0,001462 
26,300000 -0,003588 
26,400000 -0,006331 
26,500000 -0,009518 
26,600000 -0,011246 
26,700000 -0,012963 
26,800000 -0,014357 
26,900000 -0,018332 
27,000000 -0,026655 
27,100000 -0,053601 
27,200000 -0,112905 
27,300000 -0,245595 
27,400000 -0,442067 
27,500000 -0,591861 
27,600000 -0,679549 
27,700000 -0,716666 
27,800000 -0,734216 
27,900000 -0,735247 
28,000000 -0,717434 
28,100000 -0,681872 
28,200000 -0,642968 
28,300000 -0,590170 
28,400000 -0,532552 
28,500000 -0,442460 
28,600000 -0,228798 
28,700000 -0,093077 
28,800000 -0,044636 
28,900000 -0,026085 
29,000000 -0,018413 
29,100000 -0,015673 
29,200000 -0,015969 
29,300000 -0,020705 
29,400000 -0,024294 
29,500000 -0,026027 
29,600000 -0,025714 
29,700000 -0,024506 
29,800000 -0,023857 
29,900000 -0,023033 
30,000000 -0,022138 
30,100000 -0,021276 
30,200000 -0,019888 
30,300000 -0,019036 
30,400000 -0,018427 
30,500000 -0,015442 
30,600000 -0,010755 
30,700000 -0,005418 
30,800000 -0,003997 
30,900000 -0,004785 
31,000000 -0,009821 
31,100000 -0,021030 
31,200000 -0,045563 
31,300000 -0,074348 
31,400000 -0,097837 
31,500000 -0,112190 
31,600000 -0,120742 
31,700000 -0,125858 
31,800000 -0,127083 
31,900000 -0,124917 
32,000000 -0,120773 
32,100000 -0,115427 
32,200000 -0,107461 
32,300000 -0,098331 
32,400000 -0,086724 
32,500000 -0,070923 
32,600000 -0,045642 
32,700000 -0,019292 
32,800000 -0,005219 
32,900000 0,001062 
33,000000 0,004190 
33,100000 0,005061 
33,200000 0,005604 
33,300000 0,005739 
33,400000 0,005765 
33,500000 0,005755 
33,600000 0,005719 
33,700000 0,005931 
33,800000 0,005780 
33,900000 0,005803 
34,000000 0,006051 
34,100000 0,006214 
34,200000 0,006131 
34,300000 0,006244 
34,400000 0,006117 
34,500000 0,006102 
34,600000 0,006429 
34,700000 0,006637 
34,800000 0,006624 
34,900000 0,006595 
35,000000 0,006438 
35,100000 0,006588 
35,200000 0,006575 
35,300000 0,006554 
35,400000 0,006415 
35,500000 0,006322 
35,600000 0,006404 
35,700000 0,006446 
35,800000 0,006322 
35,900000 0,005921 
36,000000 0,006318 
36,100000 0,006390 
36,200000 0,006164 
36,300000 0,006194 
36,400000 0,006274 
36,500000 0,006237 
36,600000 0,005875 
36,700000 0,006525 
36,800000 0,006678 
36,900000 0,006264 
37,000000 0,005670 
37,100000 0,005793 
37,200000 0,005627 
37,300000 0,005820 
37,400000 0,005801 
37,500000 0,005768 
37,600000 0,005720 
37,700000 0,005778 
37,800000 0,005670 
37,900000 0,005481 
38,000000 0,005262 
38,100000 0,004641 
38,200000 0,003950 
38,300000 0,003449 
38,400000 0,002971 
38,500000 0,002275 
38,600000 0,002139 
38,700000 0,002285 
38,800000 0,001516 
38,900000 -0,000359 
39,000000 -0,003224 
39,100000 -0,005784 
39,200000 -0,008229 
39,300000 -0,009678 
39,400000 -0,010445 
39,500000 -0,010990 
39,600000 -0,010573 
39,700000 -0,009742 
39,800000 -0,009493 
39,900000 -0,009467 
40,000000 -0,009670 
40,100000 -0,011084 
40,200000 -0,011990 
40,300000 -0,012469 
40,400000 -0,011614 
40,500000 -0,011055 
40,600000 -0,008583 
40,700000 -0,005932 
40,800000 -0,005084 
40,900000 -0,004374 
41,000000 -0,004404 
41,100000 -0,004408 
41,200000 -0,004566 
41,300000 -0,004370 
41,400000 -0,003919 
41,500000 -0,003355 
41,600000 -0,002467 
41,700000 -0,000048 
41,800000 0,001249 
41,900000 0,000547 
42,000000 -0,002119 
42,100000 -0,004549 
42,200000 -0,006656 
42,300000 -0,008350 
42,400000 -0,009111 
42,500000 -0,009360 
42,600000 -0,009610 
42,700000 -0,009703 
42,800000 -0,010714 
42,900000 -0,015033 
43,000000 -0,021687 
43,100000 -0,026280 
43,200000 -0,029386 
43,300000 -0,031669 
43,400000 -0,032866 
43,500000 -0,032687 
43,600000 -0,031815 
43,700000 -0,029172 
43,800000 -0,026174 
43,900000 -0,024625 
44,000000 -0,024037 
44,100000 -0,022881 
44,200000 -0,020984 
44,300000 -0,019833 
44,400000 -0,017148 
44,500000 -0,014168 
44,600000 -0,009494 
44,700000 -0,003803 
44,800000 0,000568 
44,900000 0,002082 
45,000000 0,002773 
45,100000 0,003309 
45,200000 0,003280 
45,300000 0,003587 
45,400000 0,003934 
45,500000 0,003696 
45,600000 0,004176 
45,700000 0,004978 
45,800000 0,005234 
45,900000 0,005119 
46,000000 0,005056 
46,100000 0,004908 
46,200000 0,004709 
46,300000 0,004557 
46,400000 0,004509 
46,500000 0,004392 
46,600000 0,004604 
46,700000 0,004832 
46,800000 0,004789 
46,900000 0,005000 
47,000000 0,004947 
47,100000 0,005254 
47,200000 0,005314 
47,300000 0,005301 
47,400000 0,005480 
47,500000 0,005564 
47,600000 0,005666 
47,700000 0,005923 
47,800000 0,006433 
47,900000 0,006564 
48,000000 0,006551 
48,100000 0,006430 
48,200000 0,006490 
48,300000 0,006433 
48,400000 0,006462 
48,500000 0,006322 
48,600000 0,006545 
48,700000 0,006488 
48,800000 0,006325 
48,900000 0,006234 
49,000000 0,006363 
49,100000 0,005850 
49,200000 0,004943 
49,300000 0,005084 
49,400000 0,005393 
49,500000 0,005310 
49,600000 0,004896 
49,700000 0,005246 
49,800000 0,005262 
49,900000 0,005192 
