0,000000 -0,010413 
0,100000 -0,013625 
0,200000 -0,014289 
0,300000 -0,014845 
0,400000 -0,015054 
0,500000 -0,015585 
0,600000 -0,015316 
0,700000 -0,015401 
0,800000 -0,015664 
0,900000 -0,015338 
1,000000 -0,015404 
1,100000 -0,015676 
1,200000 -0,015308 
1,300000 -0,015422 
1,400000 -0,015007 
1,500000 -0,015758 
1,600000 -0,016037 
1,700000 -0,015603 
1,800000 -0,015450 
1,900000 -0,008485 
2,000000 -0,003892 
2,100000 -0,002546 
2,200000 0,000776 
2,300000 0,003712 
2,400000 0,004996 
2,500000 0,005331 
2,600000 0,005710 
2,700000 0,005551 
2,800000 0,003564 
2,900000 -0,000845 
3,000000 -0,001287 
3,100000 0,002617 
3,200000 0,004985 
3,300000 0,005813 
3,400000 0,006007 
3,500000 0,005968 
3,600000 0,006312 
3,700000 0,006233 
3,800000 0,006382 
3,900000 0,006386 
4,000000 0,006496 
4,100000 0,006327 
4,200000 0,006467 
4,300000 0,006486 
4,400000 0,006329 
4,500000 0,006492 
4,600000 0,006071 
4,700000 0,005845 
4,800000 0,005967 
4,900000 0,006108 
5,000000 0,006071 
5,100000 0,006718 
5,200000 0,006432 
5,300000 0,006503 
5,400000 0,006584 
5,500000 0,006734 
5,600000 0,006643 
5,700000 0,006547 
5,800000 0,006635 
5,900000 0,006313 
6,000000 0,006198 
6,100000 0,006159 
6,200000 0,006242 
6,300000 0,006274 
6,400000 0,006521 
6,500000 0,006343 
6,600000 0,006875 
6,700000 0,006464 
6,800000 0,006663 
6,900000 0,006478 
7,000000 0,006495 
7,100000 0,006842 
7,200000 0,006677 
7,300000 0,006665 
7,400000 0,006272 
7,500000 0,006177 
7,600000 0,006367 
7,700000 0,006659 
7,800000 0,006526 
7,900000 0,006401 
8,000000 0,006215 
8,100000 0,006315 
8,200000 0,006621 
8,300000 0,006260 
8,400000 0,006496 
8,500000 0,006498 
8,600000 0,006381 
8,700000 0,006549 
8,800000 0,006760 
8,900000 0,006578 
9,000000 0,006660 
9,100000 0,006548 
9,200000 0,006762 
9,300000 0,006925 
9,400000 0,006406 
9,500000 0,006554 
9,600000 0,006899 
9,700000 0,006888 
9,800000 0,006862 
9,900000 0,006546 
10,000000 0,006724 
10,100000 0,006599 
10,200000 0,006562 
10,300000 0,006689 
10,400000 0,006701 
10,500000 0,006495 
10,600000 0,006404 
10,700000 0,006779 
10,800000 0,006516 
10,900000 0,006551 
11,000000 0,006884 
11,100000 0,006745 
11,200000 0,006767 
11,300000 0,006843 
11,400000 0,006561 
11,500000 0,006512 
11,600000 0,006521 
11,700000 0,006498 
11,800000 0,006496 
11,900000 0,006354 
12,000000 0,006327 
12,100000 0,006019 
12,200000 0,005400 
12,300000 0,004691 
12,400000 0,004728 
12,500000 0,004870 
12,600000 0,005536 
12,700000 0,006023 
12,800000 0,006322 
12,900000 0,006455 
13,000000 0,006398 
13,100000 0,006302 
13,200000 0,006169 
13,300000 0,006132 
13,400000 0,005970 
13,500000 0,005792 
13,600000 0,005868 
13,700000 0,005649 
13,800000 0,004968 
13,900000 0,002252 
14,000000 -0,004429 
14,100000 -0,014176 
14,200000 -0,022914 
14,300000 -0,027212 
14,400000 -0,027701 
14,500000 -0,022980 
14,600000 -0,011529 
14,700000 -0,001877 
14,800000 0,002973 
14,900000 0,004752 
15,000000 0,004778 
15,100000 0,003680 
15,200000 0,003226 
15,300000 0,002619 
15,400000 0,002615 
15,500000 0,003020 
15,600000 0,004162 
15,700000 0,004874 
15,800000 0,003872 
15,900000 -0,000760 
16,000000 -0,008783 
16,100000 -0,018433 
16,200000 -0,025053 
16,300000 -0,028052 
16,400000 -0,025645 
16,500000 -0,020467 
16,600000 -0,010277 
16,700000 -0,004161 
16,800000 -0,007146 
16,900000 -0,019625 
17,000000 -0,045153 
17,100000 -0,072399 
17,200000 -0,088674 
17,300000 -0,093475 
17,400000 -0,086459 
17,500000 -0,067054 
17,600000 -0,037488 
17,700000 -0,023584 
17,800000 -0,037960 
17,900000 -0,083190 
18,000000 -0,170851 
18,100000 -0,253397 
18,200000 -0,294403 
18,300000 -0,299267 
18,400000 -0,278455 
18,500000 -0,202575 
18,600000 -0,096223 
18,700000 -0,035762 
18,800000 -0,012578 
18,900000 -0,003201 
19,000000 0,001432 
19,100000 0,003360 
19,200000 0,004052 
19,300000 0,004686 
19,400000 0,005166 
19,500000 0,005131 
19,600000 0,005380 
19,700000 0,005400 
19,800000 0,005222 
19,900000 0,004305 
20,000000 0,003341 
20,100000 0,002097 
20,200000 0,001776 
20,300000 0,001808 
20,400000 0,001985 
20,500000 0,003334 
20,600000 0,004981 
20,700000 0,005813 
20,800000 0,006119 
20,900000 0,006259 
21,000000 0,006397 
21,100000 0,006161 
21,200000 0,006087 
21,300000 0,006201 
21,400000 0,006368 
21,500000 0,006341 
21,600000 0,006106 
21,700000 0,006108 
21,800000 0,006126 
21,900000 0,006059 
22,000000 0,005958 
22,100000 0,005792 
22,200000 0,006156 
22,300000 0,006018 
22,400000 0,005994 
22,500000 0,005943 
22,600000 0,006216 
22,700000 0,006344 
22,800000 0,006203 
22,900000 0,006229 
23,000000 0,006203 
23,100000 0,006228 
23,200000 0,006112 
23,300000 0,006205 
23,400000 0,006139 
23,500000 0,006076 
23,600000 0,006120 
23,700000 0,006202 
23,800000 0,006254 
23,900000 0,006058 
24,000000 0,005915 
24,100000 0,006102 
24,200000 0,006226 
24,300000 0,006136 
24,400000 0,006042 
24,500000 0,006326 
24,600000 0,006017 
24,700000 0,006053 
24,800000 0,006090 
24,900000 0,006023 
25,000000 0,005837 
25,100000 0,005825 
25,200000 0,005917 
25,300000 0,005821 
25,400000 0,005857 
25,500000 0,006006 
25,600000 0,005891 
25,700000 0,005777 
25,800000 0,005132 
25,900000 0,004429 
26,000000 0,003776 
26,100000 0,002882 
26,200000 0,002778 
26,300000 0,003037 
26,400000 0,003015 
26,500000 0,003780 
26,600000 0,004414 
26,700000 0,004077 
26,800000 0,001874 
26,900000 -0,001364 
27,000000 -0,003591 
27,100000 -0,004784 
27,200000 -0,005937 
27,300000 -0,006567 
27,400000 -0,008400 
27,500000 -0,011708 
27,600000 -0,036318 
27,700000 -0,086887 
27,800000 -0,187599 
27,900000 -0,310321 
28,000000 -0,390726 
28,100000 -0,421720 
28,200000 -0,418642 
28,300000 -0,388467 
28,400000 -0,332372 
28,500000 -0,222521 
28,600000 -0,097912 
28,700000 -0,036114 
28,800000 -0,016293 
28,900000 -0,009476 
29,000000 -0,006361 
29,100000 -0,005214 
29,200000 -0,004528 
29,300000 -0,003708 
29,400000 -0,002025 
29,500000 0,000038 
29,600000 0,001755 
29,700000 0,000942 
29,800000 -0,003574 
29,900000 -0,007053 
30,000000 -0,009390 
30,100000 -0,010191 
30,200000 -0,010192 
30,300000 -0,009185 
30,400000 -0,007393 
30,500000 -0,003429 
30,600000 0,001579 
30,700000 0,004281 
30,800000 0,004873 
30,900000 0,003990 
31,000000 0,003585 
31,100000 0,003798 
31,200000 0,003268 
31,300000 0,002942 
31,400000 0,002361 
31,500000 0,001377 
31,600000 -0,003429 
31,700000 -0,015656 
31,800000 -0,035738 
31,900000 -0,052222 
32,000000 -0,061976 
32,100000 -0,066005 
32,200000 -0,064927 
32,300000 -0,060083 
32,400000 -0,049366 
32,500000 -0,028848 
32,600000 -0,010522 
32,700000 -0,001488 
32,800000 0,002836 
32,900000 0,004799 
33,000000 0,005335 
33,100000 0,005524 
33,200000 0,005750 
33,300000 0,005775 
33,400000 0,005840 
33,500000 0,005792 
33,600000 0,005826 
33,700000 0,005897 
33,800000 0,005809 
33,900000 0,005805 
34,000000 0,005662 
34,100000 0,005735 
34,200000 0,005818 
34,300000 0,005824 
34,400000 0,005865 
34,500000 0,005891 
34,600000 0,006294 
34,700000 0,006148 
34,800000 0,006162 
34,900000 0,006314 
35,000000 0,006260 
35,100000 0,006174 
35,200000 0,005966 
35,300000 0,006138 
35,400000 0,005999 
35,500000 0,006024 
35,600000 0,006109 
35,700000 0,005971 
35,800000 0,006307 
35,900000 0,005957 
36,000000 0,005992 
36,100000 0,006010 
36,200000 0,005874 
36,300000 0,006038 
36,400000 0,006085 
36,500000 0,006161 
36,600000 0,006007 
36,700000 0,006170 
36,800000 0,006008 
36,900000 0,005922 
37,000000 0,006029 
37,100000 0,005927 
37,200000 0,005717 
37,300000 0,006034 
37,400000 0,005870 
37,500000 0,005813 
37,600000 0,005834 
37,700000 0,006043 
37,800000 0,005910 
37,900000 0,005795 
38,000000 0,005731 
38,100000 0,005680 
38,200000 0,005931 
38,300000 0,005937 
38,400000 0,006012 
38,500000 0,005698 
38,600000 0,006025 
38,700000 0,005785 
38,800000 0,005272 
38,900000 0,004967 
39,000000 0,004452 
39,100000 0,004161 
39,200000 0,004791 
39,300000 0,004644 
39,400000 0,004596 
39,500000 0,004588 
39,600000 0,004890 
39,700000 0,004220 
39,800000 0,001563 
39,900000 -0,000117 
40,000000 -0,001604 
40,100000 -0,001656 
40,200000 -0,001332 
40,300000 -0,000646 
40,400000 0,000836 
40,500000 0,003692 
40,600000 0,004901 
40,700000 0,005129 
40,800000 0,004488 
40,900000 0,003047 
41,000000 0,001924 
41,100000 0,001582 
41,200000 0,001704 
41,300000 0,001950 
41,400000 0,002517 
41,500000 0,004059 
41,600000 0,005074 
41,700000 0,005682 
41,800000 0,005607 
41,900000 0,005064 
42,000000 0,004835 
42,100000 0,004758 
42,200000 0,004814 
42,300000 0,004996 
42,400000 0,005219 
42,500000 0,005369 
42,600000 0,005221 
42,700000 0,005085 
42,800000 0,004377 
42,900000 0,001995 
43,000000 0,000178 
43,100000 -0,000453 
43,200000 -0,000485 
43,300000 -0,000490 
43,400000 -0,000042 
43,500000 0,000863 
43,600000 0,001914 
43,700000 0,000636 
43,800000 -0,003139 
43,900000 -0,005623 
44,000000 -0,008094 
44,100000 -0,009208 
44,200000 -0,009033 
44,300000 -0,006951 
44,400000 -0,004885 
44,500000 -0,000586 
44,600000 0,003714 
44,700000 0,004879 
44,800000 0,004992 
44,900000 0,005019 
45,000000 0,005206 
45,100000 0,004951 
45,200000 0,005185 
45,300000 0,005048 
45,400000 0,005346 
45,500000 0,005359 
45,600000 0,005825 
45,700000 0,006000 
45,800000 0,005740 
45,900000 0,005769 
46,000000 0,005938 
46,100000 0,005639 
46,200000 0,005533 
46,300000 0,005573 
46,400000 0,005892 
46,500000 0,005879 
46,600000 0,005985 
46,700000 0,005828 
46,800000 0,006028 
46,900000 0,005766 
47,000000 0,005493 
47,100000 0,005497 
47,200000 0,005542 
47,300000 0,005487 
47,400000 0,005731 
47,500000 0,005729 
47,600000 0,006047 
47,700000 0,006033 
47,800000 0,006158 
47,900000 0,006002 
48,000000 0,006008 
48,100000 0,005946 
48,200000 0,005948 
48,300000 0,005902 
48,400000 0,005866 
48,500000 0,005689 
48,600000 0,005993 
48,700000 0,006024 
48,800000 0,005835 
48,900000 0,006020 
49,000000 0,006284 
49,100000 0,006428 
49,200000 0,005888 
49,300000 0,006143 
49,400000 0,006060 
49,500000 0,005869 
49,600000 0,005972 
49,700000 0,006227 
49,800000 0,006250 
49,900000 0,006070 
