$SPEC_ID:
No sample description was entered.
$SPEC_REM:
DET# 3
DETDESC# FP-GAMMA2 MCB 129
AP# Maestro Version 7.01
$DATE_MEA:
12/04/2013 13:32:24
$MEAS_TIM:
3590 3600
$DATA:
0 8191
       0
       0
       0
       0
       0
       0
       0
       0
       0
       0
       0
       0
       0
       0
       0
       0
       0
       0
       0
       0
       0
       0
       0
       0
       0
       0
       0
       0
       0
       0
       0
       0
       0
       0
       0
       1
       0
       0
       0
       0
       0
       0
       0
       0
       0
       0
       0
       0
       1
       0
       1
       1
       0
       7
      11
      13
       6
      12
      17
       7
      30
     336
     977
    1251
    1336
    1225
    1230
    1242
    1259
    1209
    1194
    1160
    1166
    1147
    1118
    1157
    1132
    1145
    1086
    1135
    1077
    1043
    1110
    1099
    1108
    1078
    1096
    1066
    1037
    1047
     988
    1008
    1023
    1004
    1032
    1012
    1016
     960
    1004
     933
     942
     999
     903
     927
     932
     931
     956
     935
     897
     885
     936
     857
     919
     876
     868
     849
     895
     909
     861
     888
     892
     872
     852
     861
     845
     834
     819
     790
     823
     866
     829
     822
     809
     841
     838
     804
     809
     803
     747
     852
     783
     796
     844
     791
     753
     867
     751
     799
     745
     793
     770
     774
     723
     784
     795
     791
     747
     724
     719
     793
     740
     778
     717
     729
     745
     781
     742
     726
     727
     717
     775
     739
     733
     689
     730
     742
     716
     715
     717
     716
     741
     710
     739
     736
     707
     730
     719
     707
     668
     673
     684
     686
     697
     692
     711
     678
     632
     685
     726
     657
     686
     719
     653
     674
     681
     664
     662
     678
     675
     695
     658
     637
     725
     701
     678
     677
     674
     614
     686
     647
     657
     659
     670
     636
     689
     671
     648
     616
     658
     652
     619
     689
     667
     649
     626
     649
     596
     653
     589
     620
     656
     615
     587
     635
     613
     583
     634
     612
     622
     581
     626
     600
     615
     600
     672
     637
     665
     625
     598
     628
     577
     616
     635
     607
     596
     636
     617
     626
     597
     591
     629
     622
     620
     640
     610
     637
     571
     589
     588
     596
     610
     571
     637
     595
     611
     592
     645
     587
     580
     598
     605
     605
     616
     591
     573
     640
     598
     593
     638
     550
     628
     644
     629
     600
     570
     499
     577
     587
     595
     588
     583
     586
     586
     610
     567
     574
     606
     563
     558
     596
     621
     575
     541
     514
     566
     565
     573
     549
     527
     576
     616
     549
     583
     589
     564
     577
     551
     571
     607
     587
     571
     538
     592
     558
     585
     565
     589
     571
     588
     553
     514
     541
     572
     549
     575
     565
     593
     550
     577
     571
     546
     561
     596
     551
     534
     523
     587
     604
     618
     535
     572
     601
     579
     548
     572
     533
     593
     525
     562
     599
     575
     615
     565
     575
     560
     557
     522
     562
     557
     583
     594
     542
     559
     582
     553
     559
     564
     565
     555
     573
     584
     592
     601
     661
     650
     731
     828
     922
    1025
    1125
    1176
    1178
    1068
     986
     912
     832
     806
     910
    1120
    1262
    1367
    1488
    1621
    1622
    1490
    1307
    1070
     918
     778
     679
     636
     568
     572
     527
     545
     539
     507
     564
     503
     506
     516
     533
     562
     528
     530
     525
     552
     488
     529
     563
     528
     546
     544
     474
     500
     540
     491
     521
     518
     551
     492
     517
     537
     506
     548
     487
     544
     561
     507
     551
     573
     628
     646
     701
     806
     915
     947
    1012
     962
     933
     898
     848
     773
     664
     573
     607
     553
     591
     587
     610
     664
     673
     633
     693
     676
     611
     560
     583
     497
     528
     540
     499
     488
     483
     463
     489
     484
     493
     469
     499
     462
     489
     510
     492
     487
     513
     500
     461
     484
     515
     505
     491
     468
     460
     513
     491
     470
     496
     474
     432
     481
     505
     487
     483
     493
     542
     456
     449
     476
     458
     523
     488
     478
     511
     510
     468
     470
     496
     488
     500
     485
     469
     455
     444
     474
     475
     484
     525
     454
     471
     443
     457
     473
     485
     454
     496
     523
     505
     492
     496
     481
     471
     451
     476
     487
     481
     517
     449
     484
     449
     456
     499
     465
     460
     460
     523
     483
     487
     467
     500
     446
     495
     486
     502
     469
     432
     445
     464
     462
     504
     455
     438
     494
     509
     471
     458
     442
     476
     432
     474
     487
     465
     467
     431
     448
     480
     513
     416
     433
     503
     465
     459
     460
     463
     436
     468
     435
     457
     477
     479
     493
     453
     471
     465
     431
     470
     440
     470
     464
     435
     480
     458
     427
     472
     453
     462
     489
     414
     424
     487
     420
     453
     471
     458
     433
     440
     452
     451
     435
     466
     473
     438
     440
     448
     444
     430
     464
     490
     498
     445
     416
     483
     443
     415
     457
     427
     437
     460
     446
     439
     436
     421
     432
     437
     440
     419
     411
     441
     454
     459
     432
     454
     464
     440
     433
     446
     489
     429
     486
     427
     430
     462
     432
     441
     453
     466
     456
     428
     504
     446
     443
     433
     455
     448
     466
     449
     455
     450
     443
     462
     421
     465
     459
     426
     439
     432
     418
     469
     403
     475
     447
     435
     407
     374
     440
     425
     475
     451
     410
     400
     434
     423
     427
     420
     449
     438
     426
     429
     415
     443
     429
     447
     458
     466
     452
     406
     438
     452
     422
     428
     488
     434
     439
     437
     452
     434
     428
     418
     429
     417
     413
     452
     457
     449
     445
     402
     417
     433
     439
     399
     413
     435
     455
     385
     436
     417
     430
     417
     414
     405
     419
     436
     433
     451
     448
     446
     440
     428
     434
     433
     438
     426
     418
     435
     416
     410
     416
     410
     418
     410
     463
     428
     450
     448
     419
     402
     428
     413
     434
     386
     398
     418
     418
     401
     375
     415
     425
     416
     467
     391
     391
     414
     412
     443
     407
     429
     463
     431
     391
     456
     435
     435
     460
     421
     402
     384
     432
     397
     435
     431
     449
     443
     437
     417
     425
     425
     415
     420
     440
     383
     454
     438
     380
     418
     420
     440
     400
     385
     405
     410
     430
     421
     354
     397
     412
     430
     406
     422
     390
     408
     424
     386
     388
     396
     392
     424
     432
     393
     366
     428
     372
     383
     410
     405
     414
     403
     402
     417
     406
     410
     440
     399
     398
     411
     414
     457
     396
     390
     412
     405
     423
     357
     385
     434
     437
     403
     382
     408
     431
     410
     396
     394
     407
     431
     399
     397
     417
     409
     392
     400
     412
     380
     372
     390
     401
     427
     386
     401
     413
     360
     350
     380
     388
     404
     401
     371
     384
     396
     356
     401
     420
     393
     392
     391
     391
     356
     413
     380
     373
     401
     386
     367
     381
     377
     409
     406
     394
     395
     397
     399
     404
     396
     396
     392
     365
     407
     384
     406
     415
     362
     391
     403
     400
     383
     376
     400
     396
     407
     361
     363
     399
     389
     385
     402
     389
     376
     371
     368
     377
     372
     403
     367
     365
     370
     359
     377
     401
     355
     402
     376
     389
     385
     364
     371
     378
     375
     385
     351
     380
     424
     370
     370
     347
     401
     404
     384
     363
     428
     364
     381
     423
     416
     347
     360
     383
     353
     379
     391
     382
     346
     348
     369
     376
     376
     351
     408
     364
     368
     366
     359
     368
     390
     362
     416
     380
     389
     359
     334
     366
     372
     374
     365
     363
     362
     375
     398
     378
     374
     382
     354
     353
     367
     402
     373
     378
     410
     385
     372
     368
     365
     360
     404
     351
     369
     374
     377
     376
     381
     346
     362
     361
     383
     369
     365
     415
     387
     375
     389
     349
     369
     381
     349
     428
     370
     346
     354
     378
     353
     366
     373
     358
     336
     385
     369
     357
     328
     370
     384
     362
     334
     366
     374
     359
     341
     389
     352
     376
     379
     371
     366
     368
     377
     353
     335
     336
     376
     366
     369
     373
     363
     348
     401
     347
     335
     347
     354
     372
     381
     389
     352
     346
     354
     360
     346
     349
     352
     376
     373
     330
     354
     323
     400
     362
     366
     372
     359
     368
     366
     395
     384
     389
     405
     359
     349
     389
     385
     394
     352
     367
     369
     408
     357
     357
     386
     385
     389
     361
     444
     396
     363
     359
     385
     398
     403
     375
     340
     373
     396
     370
     423
     406
     387
     409
     379
     365
     398
     384
     408
     430
     391
     406
     401
     401
     428
     392
     366
     403
     407
     379
     408
     399
     402
     375
     430
     371
     425
     401
     373
     393
     386
     384
     417
     378
     393
     386
     358
     387
     406
     401
     385
     385
     374
     374
     390
     349
     389
     385
     404
     367
     417
     360
     398
     397
     354
     371
     345
     426
     406
     380
     410
     388
     363
     384
     381
     354
     330
     369
     378
     385
     410
     415
     351
     377
     376
     388
     373
     393
     400
     366
     400
     388
     371
     372
     361
     368
     361
     372
     350
     376
     389
     365
     386
     365
     380
     377
     366
     361
     371
     371
     355
     378
     373
     388
     329
     358
     406
     364
     378
     379
     361
     376
     405
     343
     387
     363
     348
     365
     325
     350
     358
     344
     369
     373
     384
     334
     366
     358
     365
     348
     326
     389
     419
     336
     344
     385
     372
     350
     386
     342
     390
     338
     359
     340
     361
     329
     345
     378
     390
     358
     334
     349
     356
     352
     375
     343
     320
     376
     360
     347
     332
     341
     381
     335
     319
     351
     339
     348
     347
     359
     358
     349
     327
     345
     335
     309
     329
     332
     384
     322
     334
     328
     291
     353
     330
     315
     316
     328
     330
     345
     358
     320
     343
     342
     344
     322
     365
     338
     302
     349
     355
     359
     339
     363
     332
     348
     333
     334
     344
     342
     320
     349
     328
     331
     320
     334
     316
     322
     318
     322
     340
     355
     354
     284
     317
     336
     335
     317
     333
     307
     329
     346
     392
     298
     341
     289
     331
     342
     309
     336
     309
     335
     358
     314
     299
     323
     322
     291
     333
     318
     303
     330
     303
     301
     325
     319
     337
     325
     332
     327
     304
     308
     341
     309
     297
     304
     316
     292
     332
     319
     353
     319
     285
     316
     322
     305
     306
     307
     340
     290
     299
     284
     315
     303
     345
     306
     307
     299
     301
     317
     308
     319
     339
     300
     302
     356
     309
     304
     311
     331
     332
     340
     340
     324
     326
     292
     322
     317
     331
     323
     312
     302
     303
     338
     306
     298
     314
     316
     300
     323
     303
     321
     314
     317
     294
     308
     287
     313
     308
     303
     320
     298
     273
     298
     295
     310
     275
     324
     262
     299
     323
     311
     300
     283
     331
     294
     318
     276
     318
     300
     293
     289
     308
     301
     296
     315
     309
     252
     283
     291
     258
     302
     316
     331
     300
     323
     291
     267
     316
     322
     299
     301
     293
     288
     338
     297
     320
     332
     293
     273
     315
     286
     298
     300
     282
     298
     314
     302
     274
     311
     282
     286
     275
     294
     269
     279
     255
     314
     299
     285
     314
     255
     270
     301
     290
     284
     277
     275
     317
     287
     292
     291
     301
     281
     289
     289
     293
     294
     285
     272
     277
     330
     287
     261
     265
     317
     290
     300
     283
     262
     272
     292
     281
     284
     295
     278
     312
     290
     304
     288
     318
     244
     303
     292
     275
     288
     270
     268
     297
     260
     291
     274
     284
     290
     295
     303
     285
     254
     284
     272
     283
     276
     299
     264
     266
     290
     266
     331
     312
     307
     275
     306
     274
     297
     284
     292
     288
     290
     281
     293
     261
     266
     262
     302
     304
     257
     309
     253
     284
     283
     317
     302
     281
     282
     309
     289
     294
     286
     298
     275
     270
     295
     300
     260
     279
     304
     271
     300
     275
     260
     272
     293
     228
     284
     287
     300
     289
     276
     247
     283
     318
     324
     291
     278
     305
     299
     277
     287
     255
     272
     278
     257
     267
     266
     299
     281
     273
     270
     283
     277
     301
     288
     281
     307
     286
     320
     330
     353
     340
     345
     352
     338
     332
     297
     263
     274
     291
     281
     259
     280
     290
     251
     270
     274
     253
     260
     274
     267
     272
     252
     278
     253
     253
     285
     299
     244
     309
     281
     302
     263
     270
     282
     280
     266
     262
     266
     257
     249
     270
     246
     296
     284
     267
     289
     261
     288
     275
     274
     293
     257
     283
     225
     271
     271
     255
     261
     248
     253
     270
     281
     270
     264
     240
     298
     254
     250
     261
     247
     251
     285
     280
     277
     262
     274
     286
     285
     274
     278
     265
     243
     271
     272
     251
     280
     244
     248
     249
     300
     278
     246
     243
     273
     263
     254
     269
     280
     237
     240
     291
     255
     267
     275
     242
     240
     251
     263
     245
     257
     268
     262
     291
     245
     248
     237
     266
     246
     242
     239
     252
     244
     235
     250
     234
     261
     256
     276
     251
     271
     255
     250
     263
     253
     264
     262
     248
     256
     267
     278
     227
     239
     266
     266
     225
     246
     235
     267
     246
     257
     267
     251
     262
     267
     233
     254
     271
     280
     247
     262
     255
     268
     264
     242
     255
     258
     236
     253
     231
     239
     260
     245
     268
     258
     240
     248
     276
     229
     248
     240
     225
     239
     249
     261
     275
     256
     252
     229
     273
     248
     284
     255
     275
     222
     236
     242
     259
     240
     248
     263
     213
     262
     252
     234
     230
     257
     268
     257
     249
     258
     263
     254
     256
     265
     294
     240
     240
     235
     213
     242
     241
     251
     225
     258
     234
     252
     255
     237
     238
     250
     240
     231
     224
     261
     252
     259
     268
     247
     235
     283
     247
     251
     258
     257
     215
     253
     239
     224
     297
     250
     210
     257
     268
     257
     239
     253
     224
     239
     251
     218
     263
     271
     248
     249
     249
     237
     245
     246
     251
     237
     251
     243
     240
     232
     256
     256
     227
     229
     240
     226
     263
     258
     223
     223
     235
     240
     239
     251
     247
     251
     258
     237
     255
     238
     219
     240
     254
     243
     228
     248
     225
     238
     237
     233
     246
     272
     239
     225
     260
     241
     215
     228
     249
     222
     229
     228
     256
     217
     242
     252
     225
     246
     225
     229
     240
     230
     235
     249
     236
     225
     256
     271
     238
     276
     235
     231
     239
     179
     246
     229
     224
     231
     232
     239
     197
     221
     233
     210
     239
     232
     250
     236
     235
     269
     248
     240
     218
     225
     226
     223
     208
     238
     239
     227
     229
     232
     232
     228
     241
     240
     248
     224
     227
     235
     230
     220
     263
     247
     245
     218
     191
     247
     222
     246
     252
     223
     232
     248
     229
     222
     234
     220
     214
     239
     231
     240
     254
     251
     212
     229
     240
     237
     226
     237
     218
     220
     235
     224
     217
     230
     215
     245
     223
     246
     236
     250
     229
     237
     228
     194
     212
     243
     230
     227
     220
     210
     255
     240
     226
     256
     225
     226
     214
     232
     221
     217
     226
     234
     232
     250
     200
     251
     234
     219
     221
     219
     246
     202
     225
     229
     252
     252
     226
     222
     248
     236
     237
     226
     211
     244
     236
     220
     215
     204
     210
     222
     218
     199
     196
     216
     215
     229
     231
     211
     248
     195
     236
     231
     226
     214
     209
     213
     238
     220
     232
     233
     229
     221
     223
     228
     218
     208
     236
     203
     259
     245
     208
     207
     242
     246
     239
     192
     228
     248
     234
     219
     238
     240
     207
     201
     248
     201
     196
     231
     224
     216
     216
     215
     233
     228
     244
     219
     245
     242
     225
     216
     229
     212
     219
     222
     265
     234
     214
     243
     207
     224
     220
     198
     219
     212
     198
     201
     211
     220
     219
     218
     230
     224
     203
     237
     204
     204
     215
     196
     221
     215
     216
     208
     219
     227
     238
     222
     227
     215
     226
     217
     241
     202
     210
     222
     218
     220
     194
     212
     251
     224
     212
     234
     200
     218
     234
     242
     219
     190
     196
     208
     211
     208
     230
     206
     220
     245
     228
     231
     197
     244
     231
     203
     221
     227
     206
     212
     183
     181
     211
     199
     220
     230
     193
     220
     224
     210
     207
     226
     191
     183
     220
     219
     188
     230
     179
     218
     215
     224
     217
     203
     215
     212
     224
     186
     221
     217
     221
     193
     231
     228
     235
     214
     188
     213
     227
     191
     216
     240
     200
     208
     205
     196
     262
     206
     199
     202
     190
     212
     242
     205
     193
     201
     194
     225
     234
     209
     207
     205
     204
     216
     213
     195
     217
     210
     234
     221
     190
     213
     209
     202
     210
     202
     203
     227
     214
     208
     206
     235
     204
     201
     217
     214
     221
     175
     215
     216
     252
     206
     208
     218
     216
     227
     205
     213
     208
     212
     219
     200
     192
     197
     233
     221
     203
     203
     192
     220
     217
     187
     204
     213
     203
     183
     207
     202
     206
     208
     189
     198
     200
     207
     218
     231
     203
     206
     227
     198
     204
     205
     193
     207
     225
     197
     205
     204
     190
     208
     211
     222
     223
     207
     200
     219
     183
     198
     243
     216
     219
     229
     227
     213
     198
     206
     225
     219
     190
     222
     196
     202
     207
     179
     193
     214
     230
     192
     197
     200
     239
     196
     216
     226
     198
     197
     194
     197
     201
     195
     187
     191
     226
     200
     205
     194
     187
     193
     195
     180
     195
     202
     216
     188
     185
     218
     208
     215
     208
     198
     199
     198
     212
     228
     210
     200
     215
     210
     215
     202
     216
     193
     198
     207
     220
     186
     212
     191
     196
     198
     203
     195
     189
     217
     200
     191
     185
     217
     183
     193
     196
     203
     204
     199
     232
     192
     201
     185
     220
     199
     203
     212
     212
     194
     223
     223
     191
     213
     212
     178
     194
     232
     190
     186
     220
     205
     190
     200
     189
     195
     214
     188
     188
     214
     199
     223
     206
     195
     211
     197
     194
     206
     197
     209
     201
     214
     197
     228
     206
     201
     206
     205
     177
     174
     214
     211
     185
     205
     213
     198
     216
     197
     199
     169
     169
     219
     219
     197
     189
     171
     208
     177
     208
     186
     201
     202
     205
     187
     213
     192
     197
     198
     236
     187
     185
     195
     216
     205
     179
     164
     196
     246
     174
     190
     199
     185
     205
     180
     197
     187
     205
     212
     195
     206
     187
     206
     216
     208
     195
     183
     196
     201
     176
     211
     197
     223
     205
     203
     207
     228
     204
     181
     215
     172
     206
     206
     198
     202
     192
     212
     196
     193
     201
     181
     215
     190
     197
     209
     186
     192
     179
     180
     204
     239
     204
     215
     170
     181
     190
     195
     224
     188
     172
     210
     222
     243
     197
     212
     204
     211
     171
     209
     206
     173
     199
     192
     188
     202
     188
     207
     186
     186
     188
     202
     180
     188
     198
     193
     190
     217
     191
     197
     207
     183
     204
     224
     212
     193
     195
     199
     184
     192
     191
     194
     214
     195
     207
     192
     176
     190
     175
     195
     191
     203
     164
     194
     176
     200
     158
     212
     177
     192
     214
     204
     195
     181
     189
     191
     176
     169
     199
     206
     204
     217
     197
     203
     192
     193
     205
     193
     186
     171
     195
     208
     187
     175
     179
     182
     208
     182
     213
     198
     199
     164
     173
     192
     186
     198
     203
     213
     180
     161
     213
     196
     183
     207
     200
     207
     202
     210
     196
     190
     190
     181
     189
     186
     206
     177
     186
     207
     187
     171
     216
     196
     193
     161
     198
     190
     209
     196
     198
     215
     210
     213
     215
     206
     207
     181
     225
     209
     214
     194
     230
     217
     212
     221
     212
     208
     242
     245
     199
     218
     214
     189
     219
     197
     191
     195
     194
     222
     199
     177
     178
     200
     174
     165
     217
     189
     183
     164
     162
     180
     155
     183
     179
     181
     184
     176
     194
     190
     202
     200
     150
     175
     197
     198
     168
     179
     197
     160
     172
     194
     198
     184
     173
     188
     203
     180
     193
     216
     151
     227
     179
     190
     202
     200
     188
     191
     181
     188
     181
     202
     180
     195
     196
     189
     166
     201
     214
     195
     188
     179
     172
     196
     171
     189
     162
     194
     170
     195
     155
     196
     192
     177
     195
     204
     178
     173
     197
     203
     189
     163
     193
     192
     198
     170
     187
     200
     181
     163
     168
     170
     195
     182
     211
     181
     198
     180
     166
     177
     200
     182
     188
     186
     204
     174
     191
     189
     194
     168
     182
     188
     173
     197
     183
     203
     175
     173
     178
     193
     200
     184
     184
     191
     201
     177
     181
     165
     168
     170
     199
     197
     197
     186
     179
     187
     180
     165
     206
     152
     172
     202
     198
     156
     190
     186
     195
     170
     190
     176
     174
     192
     158
     191
     156
     189
     164
     184
     169
     171
     212
     196
     178
     191
     194
     193
     180
     190
     171
     183
     186
     170
     189
     157
     161
     172
     172
     173
     177
     178
     168
     189
     184
     180
     191
     167
     184
     227
     192
     173
     192
     184
     173
     181
     197
     194
     187
     184
     186
     205
     170
     173
     211
     159
     163
     169
     177
     162
     170
     163
     197
     167
     182
     178
     196
     178
     176
     187
     185
     203
     199
     198
     183
     184
     174
     212
     165
     180
     193
     177
     199
     177
     181
     190
     182
     170
     195
     173
     177
     201
     194
     185
     185
     182
     180
     164
     175
     176
     188
     202
     164
     200
     177
     184
     197
     176
     178
     166
     173
     177
     188
     177
     168
     182
     186
     175
     191
     186
     168
     157
     176
     194
     178
     156
     180
     167
     162
     179
     177
     182
     177
     199
     165
     192
     158
     186
     187
     157
     176
     192
     154
     181
     154
     183
     178
     187
     179
     181
     187
     180
     196
     181
     162
     186
     178
     162
     173
     176
     186
     163
     184
     204
     150
     183
     191
     198
     183
     182
     157
     147
     165
     178
     179
     170
     163
     174
     157
     163
     163
     181
     181
     179
     174
     186
     194
     179
     214
     174
     194
     176
     184
     163
     175
     175
     178
     194
     158
     178
     190
     173
     177
     180
     155
     165
     156
     173
     173
     181
     182
     208
     171
     180
     196
     182
     178
     164
     180
     162
     180
     186
     179
     177
     177
     158
     161
     173
     169
     183
     152
     156
     181
     189
     177
     167
     170
     170
     183
     161
     160
     197
     179
     176
     183
     170
     186
     181
     200
     190
     174
     170
     201
     172
     163
     176
     171
     179
     186
     174
     159
     159
     177
     184
     175
     182
     212
     175
     171
     179
     170
     181
     154
     181
     165
     189
     204
     187
     179
     161
     191
     156
     203
     161
     194
     192
     174
     159
     178
     163
     179
     183
     179
     157
     165
     202
     200
     165
     152
     187
     182
     187
     160
     152
     162
     164
     180
     157
     154
     178
     181
     187
     203
     172
     177
     193
     175
     160
     175
     177
     181
     170
     157
     190
     169
     171
     163
     158
     164
     171
     170
     186
     161
     174
     174
     179
     176
     178
     173
     190
     191
     150
     172
     176
     157
     186
     164
     165
     192
     171
     172
     155
     182
     163
     180
     173
     164
     169
     172
     172
     174
     194
     184
     199
     182
     188
     156
     170
     173
     186
     192
     180
     151
     189
     190
     203
     162
     189
     185
     147
     156
     187
     165
     177
     164
     186
     178
     157
     176
     184
     168
     165
     184
     180
     163
     170
     161
     177
     152
     156
     172
     173
     169
     184
     174
     163
     159
     172
     171
     162
     174
     149
     196
     179
     166
     195
     181
     172
     200
     170
     154
     162
     190
     159
     144
     175
     158
     162
     173
     176
     168
     174
     164
     174
     179
     162
     162
     164
     206
     183
     157
     174
     174
     171
     177
     179
     173
     164
     164
     168
     164
     179
     199
     167
     181
     176
     192
     181
     168
     197
     160
     187
     196
     159
     144
     178
     177
     164
     208
     190
     161
     169
     170
     173
     192
     181
     183
     195
     173
     170
     174
     159
     185
     171
     182
     176
     187
     171
     168
     163
     189
     184
     170
     157
     173
     165
     169
     177
     171
     144
     172
     180
     161
     193
     173
     174
     152
     167
     152
     178
     172
     165
     178
     181
     186
     167
     171
     156
     172
     163
     185
     175
     162
     177
     172
     162
     174
     166
     182
     172
     165
     161
     178
     184
     179
     157
     161
     169
     174
     168
     163
     169
     199
     168
     184
     178
     174
     169
     160
     176
     184
     182
     160
     194
     160
     169
     168
     168
     168
     171
     166
     159
     166
     172
     177
     176
     155
     185
     175
     163
     172
     170
     167
     156
     190
     177
     182
     183
     180
     148
     177
     172
     174
     178
     144
     172
     177
     162
     144
     196
     171
     165
     184
     164
     158
     164
     172
     150
     157
     168
     192
     147
     159
     163
     146
     178
     156
     166
     177
     146
     164
     156
     158
     172
     198
     167
     189
     171
     159
     145
     163
     150
     180
     159
     166
     168
     159
     189
     154
     185
     160
     160
     167
     186
     195
     171
     183
     169
     174
     178
     169
     165
     161
     167
     186
     178
     151
     156
     158
     153
     185
     170
     188
     175
     182
     163
     154
     160
     172
     162
     174
     171
     179
     169
     167
     171
     164
     151
     178
     151
     156
     151
     163
     171
     163
     164
     150
     146
     180
     166
     148
     180
     153
     160
     173
     154
     164
     174
     164
     182
     173
     165
     166
     146
     174
     172
     159
     150
     148
     153
     176
     158
     151
     189
     190
     174
     178
     186
     167
     172
     167
     160
     164
     173
     153
     168
     168
     176
     178
     143
     169
     157
     153
     172
     174
     160
     140
     179
     156
     167
     174
     176
     177
     166
     148
     164
     172
     146
     170
     163
     183
     166
     166
     164
     160
     151
     169
     164
     182
     166
     166
     158
     173
     169
     150
     161
     169
     165
     183
     153
     177
     161
     167
     167
     175
     171
     157
     156
     150
     166
     169
     146
     179
     175
     160
     182
     135
     191
     174
     158
     165
     154
     166
     175
     159
     137
     180
     160
     183
     168
     173
     176
     164
     157
     173
     173
     145
     160
     166
     149
     165
     173
     167
     185
     165
     154
     133
     163
     165
     166
     176
     163
     166
     160
     149
     166
     211
     173
     149
     167
     145
     162
     163
     174
     174
     162
     156
     180
     177
     168
     149
     161
     182
     135
     173
     173
     147
     154
     179
     153
     177
     157
     154
     167
     173
     145
     147
     151
     149
     189
     160
     167
     173
     138
     154
     165
     173
     154
     161
     161
     167
     160
     153
     174
     169
     152
     167
     166
     183
     157
     178
     171
     168
     174
     171
     179
     181
     167
     164
     176
     156
     172
     156
     165
     142
     171
     144
     167
     187
     171
     157
     183
     166
     166
     155
     188
     170
     145
     159
     171
     148
     170
     158
     168
     161
     174
     148
     154
     141
     146
     193
     163
     161
     135
     161
     160
     176
     164
     169
     170
     135
     185
     171
     143
     153
     170
     169
     160
     174
     169
     159
     175
     169
     166
     140
     160
     176
     185
     167
     160
     148
     168
     164
     174
     158
     168
     156
     174
     163
     143
     178
     163
     167
     151
     161
     202
     131
     166
     142
     137
     191
     175
     161
     170
     160
     160
     149
     157
     172
     166
     173
     149
     151
     169
     151
     181
     162
     173
     179
     156
     179
     161
     144
     173
     157
     156
     167
     161
     164
     190
     159
     174
     165
     181
     147
     153
     153
     165
     157
     169
     209
     158
     178
     172
     169
     160
     173
     150
     152
     168
     166
     172
     164
     163
     166
     160
     177
     150
     160
     158
     146
     175
     187
     166
     125
     183
     148
     160
     154
     157
     164
     155
     170
     152
     181
     163
     169
     158
     173
     150
     186
     167
     150
     164
     156
     144
     152
     172
     164
     171
     147
     180
     162
     154
     162
     159
     176
     151
     151
     171
     182
     176
     163
     166
     173
     160
     143
     158
     135
     154
     160
     169
     158
     161
     148
     151
     187
     154
     150
     152
     157
     184
     165
     167
     174
     170
     157
     165
     149
     140
     164
     149
     162
     167
     159
     160
     183
     176
     139
     153
     166
     157
     150
     182
     180
     171
     170
     144
     144
     165
     163
     176
     162
     153
     158
     172
     144
     155
     183
     166
     185
     142
     160
     150
     171
     176
     167
     145
     167
     151
     139
     174
     163
     160
     142
     168
     175
     145
     173
     157
     150
     164
     175
     175
     168
     156
     151
     156
     171
     145
     154
     163
     161
     185
     161
     141
     170
     169
     153
     178
     175
     172
     168
     159
     172
     172
     139
     168
     141
     174
     171
     176
     140
     167
     147
     141
     160
     140
     178
     168
     152
     166
     168
     172
     160
     176
     176
     150
     147
     180
     145
     153
     161
     168
     188
     164
     170
     164
     174
     166
     154
     178
     159
     161
     160
     150
     163
     141
     174
     179
     176
     151
     151
     176
     161
     145
     165
     142
     153
     153
     152
     151
     168
     172
     175
     169
     158
     164
     162
     164
     164
     161
     181
     170
     152
     136
     199
     165
     176
     142
     174
     130
     164
     185
     156
     167
     158
     170
     189
     158
     170
     166
     172
     164
     161
     171
     175
     150
     168
     149
     177
     148
     155
     154
     141
     185
     163
     161
     151
     155
     159
     173
     147
     158
     151
     180
     164
     178
     167
     173
     168
     166
     146
     161
     139
     169
     170
     168
     187
     181
     175
     152
     169
     162
     167
     170
     147
     152
     179
     183
     179
     168
     190
     162
     151
     170
     158
     167
     183
     179
     185
     161
     169
     169
     158
     148
     171
     139
     146
     173
     150
     169
     160
     158
     174
     178
     155
     190
     173
     138
     164
     169
     155
     162
     187
     156
     151
     178
     156
     167
     169
     164
     177
     146
     166
     147
     154
     149
     171
     176
     169
     173
     169
     170
     177
     189
     162
     164
     152
     188
     175
     154
     168
     153
     167
     156
     148
     178
     162
     158
     179
     156
     157
     182
     162
     165
     154
     188
     164
     159
     187
     150
     161
     137
     173
     167
     145
     161
     152
     167
     175
     154
     174
     171
     155
     172
     151
     171
     161
     159
     147
     168
     172
     155
     149
     176
     163
     178
     177
     153
     166
     146
     165
     170
     149
     182
     159
     162
     148
     166
     173
     156
     161
     151
     159
     171
     147
     176
     166
     168
     162
     153
     167
     163
     177
     144
     169
     173
     186
     152
     143
     181
     166
     183
     165
     151
     152
     164
     173
     155
     172
     186
     191
     180
     155
     141
     178
     174
     171
     180
     162
     171
     152
     191
     197
     169
     164
     179
     165
     158
     180
     160
     158
     191
     151
     185
     175
     176
     167
     152
     179
     170
     146
     156
     164
     153
     179
     168
     185
     164
     176
     186
     160
     179
     159
     188
     171
     134
     158
     182
     144
     172
     177
     144
     193
     163
     176
     165
     168
     161
     161
     176
     177
     169
     157
     152
     175
     150
     168
     182
     166
     151
     176
     195
     162
     162
     161
     147
     140
     181
     148
     165
     178
     181
     155
     173
     159
     153
     171
     171
     157
     174
     172
     166
     160
     176
     177
     187
     184
     170
     161
     151
     176
     178
     163
     168
     152
     165
     176
     177
     171
     157
     177
     175
     170
     175
     176
     168
     174
     185
     154
     193
     183
     155
     179
     176
     191
     173
     171
     191
     202
     164
     183
     180
     182
     171
     188
     196
     181
     181
     164
     160
     182
     166
     158
     160
     197
     168
     177
     187
     166
     143
     151
     173
     188
     186
     175
     177
     173
     157
     175
     163
     165
     168
     181
     158
     169
     196
     156
     186
     162
     161
     160
     171
     182
     161
     155
     167
     167
     158
     171
     158
     163
     186
     169
     193
     160
     174
     189
     156
     163
     171
     174
     164
     180
     196
     178
     172
     150
     167
     171
     185
     165
     159
     174
     186
     165
     167
     151
     168
     191
     167
     165
     176
     174
     169
     159
     164
     169
     170
     166
     177
     187
     162
     162
     162
     176
     174
     174
     172
     176
     175
     179
     174
     174
     175
     170
     180
     164
     147
     150
     168
     154
     193
     164
     164
     179
     189
     149
     163
     173
     179
     144
     185
     182
     166
     174
     167
     183
     169
     175
     172
     176
     192
     164
     167
     180
     183
     189
     184
     164
     190
     182
     185
     204
     168
     161
     195
     183
     174
     142
     168
     174
     180
     193
     168
     202
     162
     189
     195
     171
     190
     177
     174
     191
     163
     184
     177
     163
     191
     181
     176
     192
     165
     191
     156
     170
     176
     177
     189
     178
     182
     167
     181
     193
     171
     185
     194
     164
     170
     164
     192
     177
     176
     153
     176
     160
     176
     201
     170
     165
     172
     172
     182
     169
     179
     186
     173
     179
     205
     176
     172
     174
     178
     185
     171
     152
     196
     174
     172
     192
     193
     175
     190
     160
     190
     181
     190
     175
     191
     189
     192
     184
     171
     183
     178
     195
     185
     195
     205
     208
     176
     183
     191
     171
     176
     178
     193
     167
     209
     175
     176
     176
     184
     191
     159
     171
     185
     182
     188
     188
     212
     184
     174
     179
     170
     204
     172
     173
     164
     176
     186
     180
     196
     199
     176
     174
     180
     174
     193
     206
     178
     180
     187
     185
     183
     163
     193
     175
     177
     184
     201
     166
     183
     208
     194
     205
     205
     199
     200
     201
     207
     189
     199
     164
     200
     189
     198
     190
     186
     185
     170
     179
     200
     185
     175
     186
     186
     217
     168
     179
     194
     187
     191
     173
     204
     204
     168
     165
     197
     199
     197
     178
     173
     205
     191
     195
     197
     186
     160
     187
     194
     196
     192
     187
     220
     194
     213
     230
     182
     200
     186
     194
     217
     198
     170
     206
     223
     188
     202
     193
     176
     202
     179
     197
     203
     227
     165
     222
     182
     169
     196
     208
     211
     190
     206
     191
     205
     213
     204
     188
     195
     193
     188
     202
     189
     217
     213
     185
     206
     204
     202
     208
     200
     197
     205
     191
     187
     176
     174
     240
     180
     220
     215
     223
     172
     212
     189
     211
     190
     196
     202
     222
     217
     210
     174
     194
     195
     182
     207
     186
     188
     208
     202
     211
     217
     199
     200
     206
     207
     190
     212
     217
     207
     215
     211
     206
     187
     206
     179
     212
     194
     208
     219
     225
     233
     232
     205
     227
     190
     207
     210
     194
     202
     229
     238
     194
     219
     217
     194
     199
     217
     208
     207
     227
     237
     197
     212
     235
     204
     217
     194
     215
     188
     199
     221
     222
     239
     184
     233
     197
     203
     228
     197
     218
     216
     191
     214
     232
     214
     209
     209
     204
     203
     241
     212
     218
     204
     214
     218
     220
     222
     209
     220
     232
     223
     208
     209
     231
     238
     227
     234
     217
     247
     236
     215
     225
     253
     225
     232
     221
     210
     212
     233
     220
     201
     227
     250
     198
     243
     240
     225
     219
     216
     226
     201
     222
     227
     243
     223
     211
     230
     246
     210
     227
     215
     228
     228
     229
     196
     225
     240
     229
     249
     196
     219
     251
     244
     217
     239
     229
     206
     253
     237
     224
     216
     228
     223
     266
     214
     208
     220
     226
     232
     237
     234
     251
     227
     234
     236
     202
     234
     226
     232
     223
     243
     242
     230
     229
     221
     224
     242
     227
     250
     241
     250
     233
     235
     234
     241
     236
     229
     251
     252
     222
     264
     260
     251
     226
     233
     268
     272
     236
     241
     221
     249
     249
     234
     238
     262
     253
     236
     282
     223
     204
     218
     254
     265
     267
     250
     231
     244
     246
     237
     239
     258
     252
     212
     249
     252
     223
     239
     227
     267
     236
     279
     259
     245
     223
     249
     229
     257
     289
     266
     248
     241
     248
     236
     257
     246
     259
     238
     235
     281
     219
     269
     276
     237
     257
     254
     215
     246
     265
     251
     245
     259
     239
     264
     262
     256
     263
     250
     265
     255
     252
     273
     258
     228
     252
     226
     264
     232
     225
     248
     262
     247
     250
     264
     276
     267
     252
     268
     271
     235
     280
     281
     198
     238
     240
     287
     257
     273
     279
     242
     285
     268
     279
     281
     271
     245
     234
     256
     252
     262
     292
     264
     227
     251
     239
     253
     267
     282
     252
     272
     270
     256
     246
     244
     272
     234
     275
     221
     266
     267
     236
     250
     238
     272
     259
     248
     252
     287
     251
     224
     255
     258
     252
     237
     264
     266
     257
     228
     252
     270
     255
     248
     267
     241
     250
     246
     258
     252
     229
     269
     256
     258
     268
     255
     247
     218
     236
     247
     233
     233
     217
     225
     239
     224
     227
     198
     218
     203
     197
     207
     229
     219
     203
     196
     210
     217
     200
     228
     177
     207
     198
     192
     193
     158
     182
     178
     177
     175
     211
     176
     183
     180
     184
     175
     204
     170
     188
     168
     165
     186
     178
     166
     169
     141
     168
     151
     172
     190
     146
     141
     145
     158
     157
     170
     162
     160
     162
     151
     157
     156
     159
     153
     146
     145
     156
     175
     126
     141
     156
     149
     154
     158
     171
     160
     158
     148
     165
     145
     159
     155
     144
     173
     141
     147
     154
     166
     143
     158
     145
     150
     152
     154
     149
     172
     152
     154
     161
     142
     142
     153
     138
     135
     177
     155
     142
     151
     131
     128
     145
     153
     124
     142
     126
     151
     144
     149
     151
     148
     148
     152
     134
     152
     117
     161
     156
     151
     145
     140
     158
     147
     138
     142
     163
     141
     141
     150
     142
     146
     139
     145
     155
     136
     160
     154
     160
     141
     114
     140
     157
     135
     140
     134
     137
     144
     139
     157
     120
     152
     151
     134
     153
     157
     147
     167
     143
     137
     139
     146
     145
     160
     157
     148
     134
     147
     132
     144
     168
     167
     155
     142
     146
     132
     135
     134
     155
     135
     130
     149
     151
     145
     148
     154
     175
     153
     138
     143
     163
     134
     148
     136
     139
     156
     143
     146
     139
     132
     145
     148
     134
     175
     132
     151
     134
     161
     160
     157
     160
     151
     143
     151
     154
     164
     145
     156
     157
     153
     142
     141
     149
     125
     129
     140
     153
     136
     138
     150
     161
     129
     145
     151
     143
     127
     136
     150
     137
     152
     145
     144
     143
     145
     137
     157
     164
     155
     148
     163
     134
     147
     127
     149
     149
     138
     143
     126
     159
     145
     142
     139
     148
     150
     138
     129
     156
     155
     140
     147
     156
     146
     113
     142
     153
     137
     139
     138
     158
     159
     135
     150
     124
     158
     149
     144
     151
     150
     156
     137
     154
     135
     142
     161
     149
     151
     156
     148
     133
     131
     142
     131
     159
     147
     152
     135
     137
     126
     147
     159
     146
     135
     155
     160
     131
     133
     163
     132
     157
     143
     165
     151
     141
     142
     135
     141
     144
     118
     128
     137
     139
     142
     148
     150
     127
     133
     123
     155
     113
     152
     132
     161
     152
     147
     147
     137
     157
     129
     143
     135
     133
     168
     152
     138
     145
     151
     143
     127
     123
     130
     139
     125
     156
     149
     163
     160
     123
     148
     138
     129
     154
     136
     128
     133
     147
     156
     134
     149
     130
     118
     134
     149
     139
     132
     136
     125
     142
     130
     119
     136
     146
     134
     128
     132
     131
     135
     148
     136
     133
     143
     123
     156
     139
     138
     146
     135
     162
     141
     140
     132
     117
     138
     130
     140
     126
     126
     156
     144
     160
     130
     142
     143
     133
     129
     139
     150
     154
     135
     137
     138
     158
     149
     155
     150
     151
     155
     121
     127
     127
     147
     147
     140
     139
     131
     143
     146
     141
     153
     139
     119
     124
     144
     142
     153
     156
     138
     139
     159
     124
     142
     128
     131
     118
     144
     156
     159
     146
     148
     132
     123
     136
     142
     129
     126
     147
     140
     128
     122
     129
     138
     135
     154
     173
     117
     142
     119
     152
     154
     128
     122
     141
     134
     130
     148
     130
     146
     134
     123
     148
     133
     139
     160
     136
     136
     148
     127
     149
     149
     131
     159
     143
     132
     160
     161
     128
     158
     125
     163
     123
     132
     148
     124
     129
     139
     155
     143
     140
     147
     141
     123
     132
     113
     132
     140
     142
     166
     145
     134
     131
     144
     137
     136
     135
     129
     151
     134
     158
     120
     151
     117
     123
     121
     173
     151
     151
     129
     140
     155
     146
     128
     144
     139
     138
     121
     137
     141
     142
     168
     141
     148
     118
     145
     128
     150
     122
     161
     139
     145
     130
     135
     136
     128
     143
     126
     149
     152
     151
     141
     153
     158
     142
     145
     134
     134
     135
     154
     154
     167
     141
     139
     146
     149
     146
     136
     130
     161
     149
     163
     138
     129
     150
     136
     149
     143
     149
     170
     126
     149
     141
     149
     159
     144
     142
     150
     150
     134
     158
     130
     136
     136
     138
     164
     149
     145
     159
     152
     148
     142
     157
     136
     136
     125
     151
     159
     169
     137
     137
     147
     159
     133
     157
     160
     144
     158
     141
     135
     145
     144
     162
     155
     171
     153
     144
     152
     136
     142
     154
     149
     146
     159
     138
     188
     160
     168
     168
     131
     145
     163
     166
     118
     148
     170
     169
     164
     142
     163
     152
     152
     155
     126
     162
     172
     158
     163
     161
     150
     146
     172
     178
     173
     138
     145
     161
     158
     147
     159
     161
     145
     141
     190
     187
     167
     173
     153
     185
     178
     141
     162
     166
     165
     149
     153
     149
     153
     185
     167
     148
     159
     159
     145
     157
     165
     158
     173
     156
     160
     146
     147
     148
     149
     162
     154
     137
     174
     140
     163
     163
     166
     171
     153
     174
     174
     162
     162
     194
     163
     172
     132
     166
     180
     148
     180
     151
     155
     162
     155
     156
     167
     167
     172
     170
     151
     168
     175
     153
     179
     169
     183
     159
     159
     150
     149
     161
     170
     167
     144
     181
     135
     143
     165
     166
     168
     164
     157
     178
     143
     169
     179
     189
     167
     148
     160
     183
     189
     166
     148
     173
     177
     169
     159
     169
     184
     165
     160
     164
     163
     161
     173
     148
     147
     170
     161
     154
     152
     174
     163
     150
     159
     175
     177
     158
     180
     156
     165
     148
     167
     159
     150
     146
     157
     157
     149
     153
     148
     157
     150
     168
     167
     146
     131
     129
     143
     144
     147
     173
     146
     146
     153
     149
     146
     125
     140
     133
     136
     140
     125
     140
     129
     114
     109
     113
     104
     138
      94
     123
     105
     127
     105
     112
     117
     113
      97
     105
     113
     126
      95
     104
      87
      94
     101
      98
      79
      83
      88
      91
      92
      98
      93
      98
      95
      73
      93
      90
      80
      89
      74
      96
      99
      84
      73
      83
      71
      79
      78
      74
      76
      80
      81
      77
      87
      74
      73
      76
      89
      69
      77
      78
      55
      94
      71
      92
      66
      89
      71
      54
      82
      76
      84
      64
      68
      74
      70
      72
      61
      86
      82
      61
      88
      70
      75
      85
      54
      86
      73
      74
      73
      82
      57
      80
      60
      61
      58
      77
      62
      67
      61
      67
      53
      64
      72
      67
      76
      63
      72
      59
      72
      71
      72
      73
      67
      75
      80
      84
      59
      45
      63
      68
      64
      70
      63
      72
      57
      49
      78
      60
      63
      65
      73
      63
      64
      63
      71
      53
      55
      59
      59
      66
      69
      54
      80
      57
      77
      59
      63
      66
      49
      49
      73
      55
      61
      67
      59
      64
      53
      72
      43
      65
      59
      65
      61
      53
      67
      52
      49
      56
      60
      67
      58
      53
      60
      71
      48
      54
      59
      56
      55
      59
      58
      51
      54
      70
      50
      51
      52
      55
      58
      58
      55
      65
      49
      47
      53
      62
      60
      63
      56
      61
      48
      56
      55
      60
      57
      54
      54
      57
      48
      65
      58
      71
      47
      57
      47
      43
      52
      56
      71
      58
      50
      60
      63
      60
      54
      51
      67
      71
      58
      44
      70
      54
      45
      52
      57
      44
      59
      52
      63
      51
      60
      60
      48
      50
      59
      71
      58
      51
      67
      71
      54
      49
      53
      46
      80
      60
      52
      52
      58
      53
      66
      53
      45
      50
      52
      60
      53
      62
      57
      61
      42
      73
      64
      65
      50
      70
      70
      71
      60
      64
      81
      66
      79
      49
      79
      73
      74
      85
     105
      92
      98
     127
     126
     153
     204
     213
     258
     322
     356
     473
     559
     674
     859
    1060
    1212
    1392
    1555
    1713
    1991
    2078
    2090
    2192
    2132
    2019
    1855
    1545
    1357
    1180
     913
     660
     523
     372
     267
     181
     121
      92
      76
      56
      42
      48
      35
      43
      35
      42
      46
      37
      47
      32
      33
      44
      37
      40
      36
      30
      39
      27
      47
      36
      34
      37
      37
      26
      47
      39
      35
      38
      49
      51
      38
      36
      30
      29
      32
      37
      37
      43
      39
      33
      35
      33
      27
      36
      36
      31
      40
      38
      33
      39
      40
      32
      36
      35
      38
      30
      44
      41
      31
      32
      30
      34
      39
      36
      34
      36
      50
      37
      33
      38
      43
      39
      30
      34
      28
      31
      39
      34
      28
      23
      31
      27
      23
      34
      33
      43
      29
      32
      31
      27
      32
      40
      29
      35
      22
      33
      31
      28
      38
      29
      33
      30
      28
      32
      29
      30
      23
      23
      40
      34
      34
      32
      27
      31
      34
      30
      34
      23
      26
      27
      33
      26
      21
      32
      30
      24
      27
      26
      22
      25
      25
      26
      25
      22
      31
      26
      36
      24
      27
      30
      27
      31
      24
      19
      22
      21
      32
      27
      31
      24
      23
      21
      27
      23
      30
      32
      20
      23
      28
      17
      25
      23
      25
      28
      23
      22
      26
      20
      21
      28
      20
      18
      21
      19
      24
      25
      21
      18
      24
      21
      19
      18
      31
      23
      19
      25
      20
      27
      17
      20
      19
      18
      17
      17
      20
      19
      21
      20
      15
      16
      26
      21
      21
      17
      17
      24
      20
      23
      23
      20
      22
      15
      16
      21
      25
      28
      14
      16
      20
      20
      31
      13
      19
      13
      17
      15
      16
      11
      22
      21
      16
      12
      19
      20
      24
       8
      15
      20
      20
      20
      16
      17
      11
      14
      15
      16
      26
      18
      20
      17
      15
      16
      17
      20
      23
      13
      22
      13
      19
      14
      10
      17
      17
      16
      13
       9
      14
      18
      22
      17
      15
      20
      10
      18
      14
      10
       7
      16
      27
      19
      13
      20
      16
      20
      15
      18
      17
      25
      12
      18
      16
      12
      12
      11
      15
      14
      15
      17
       8
      16
      15
      10
      17
      14
       8
      15
       5
      13
      24
      16
      15
      13
      10
      12
      19
       8
      18
      17
      12
      17
      11
      14
       8
      14
      17
       6
      16
      10
      12
      10
      13
      12
       9
      12
      14
      13
      14
      15
      17
      11
      17
      10
      14
      11
      15
      10
      12
      11
      16
      14
      10
      12
       7
      14
       9
       9
       6
      14
      13
      18
      16
      11
      10
      14
       5
      13
      16
      18
       3
      13
       9
       7
       6
      13
       8
      10
      10
      18
       6
      11
      11
       6
       5
      11
       8
      18
      20
       5
      11
      15
      11
      13
       9
       9
      16
       7
       6
       8
       8
       9
       6
       5
       9
      10
      14
      11
      13
      12
       7
       9
      11
      13
       9
       9
      13
      14
      10
      11
      10
       8
      10
       7
      11
       7
       8
      10
       1
       6
      10
      10
      11
      10
      11
      12
       7
       5
       8
      14
       7
       8
       7
       9
      14
      14
       9
       8
      16
       2
       9
      13
      10
      10
       8
      11
      10
       6
      13
       8
      10
      14
       6
      11
      10
       7
       8
      13
      12
       8
       9
      11
      10
       8
      10
       9
       7
       8
       9
       7
      10
      10
       6
      10
      10
       8
      11
       8
       7
       7
      12
      12
       8
      10
       5
      13
       6
      10
      11
       6
      11
       7
       7
      12
       4
      14
       8
       1
       8
       7
      11
       5
      11
       7
       9
       8
      12
      12
       7
       9
       5
       7
       5
       9
       8
      10
      11
      10
       5
      11
      11
       4
      11
       8
      11
      11
       9
      10
      12
       8
       8
       8
       8
      11
      10
       4
      10
       6
      11
       5
      14
      14
      12
      14
       6
      10
      14
       7
       9
      10
      10
       5
       4
      10
       6
       9
       6
      12
       7
       8
       9
       6
       7
      13
       4
       4
       9
       5
       5
       8
       9
       9
       6
      12
       6
       8
       5
      12
       6
      12
       9
       7
       9
      18
       7
       1
       7
       9
       7
      10
      17
       9
      11
      12
       4
       9
       9
      10
       8
       7
       5
      10
       8
      12
       9
       9
      13
      14
       2
       9
       9
      15
       7
      12
      10
       8
       7
       5
       6
       7
       1
       5
      12
       8
       8
      13
      19
       5
       9
       7
      10
      10
      12
      10
       8
      10
       4
      13
       4
       9
       8
      16
      10
       6
       5
       6
       8
       8
       7
       7
       5
       6
       7
      10
       5
       4
      15
      12
       7
       9
       6
       5
       9
       9
      10
       6
      15
       9
       6
       7
       7
       2
       6
      11
      11
       4
      11
       7
       8
       4
       2
       7
       5
      10
       7
      16
       8
      11
      12
       7
       5
      16
       6
       6
       7
       9
       5
      10
       7
      11
       8
      10
      18
       6
       7
       4
       8
      10
       7
       7
       9
       9
       4
       4
       6
       8
      11
       8
      16
      11
       9
      10
       7
       9
       8
      12
       5
       7
       8
       8
       9
      11
       8
       4
      15
       7
       6
       9
       8
       7
       2
       4
       6
       6
       7
       8
       7
       6
       8
      10
       5
      10
       9
       7
       6
       8
       9
       9
       9
      13
      13
       7
       5
       7
       9
       4
       8
      15
       8
       5
       4
       6
      10
      11
       8
       6
       9
      10
      13
      10
       5
       7
      13
      12
      10
      10
      11
      11
       2
       8
      13
      10
      11
      10
      13
       5
       8
       9
      14
       8
      11
      12
      14
      14
      15
      14
      10
      12
       7
      12
      13
      12
      11
      10
      10
      16
      19
      14
      14
       6
      11
      22
      22
       9
       9
      16
      17
      20
      23
      21
      20
      19
      24
      17
      35
      37
      21
      30
      46
      49
      53
      45
      74
      74
      99
     123
     129
     183
     185
     249
     275
     345
     515
     517
     685
     801
     904
    1100
    1226
    1341
    1514
    1588
    1711
    1702
    1710
    1652
    1514
    1344
    1123
    1000
     830
     615
     497
     335
     238
     165
     104
      62
      38
      19
      16
       3
       4
       4
       2
       1
       1
       0
       0
       0
       0
       0
       0
       2
       1
       0
       2
       3
       0
       0
       0
       2
       5
       0
       1
       1
       2
       1
       0
       0
       3
       4
       0
       0
       2
       1
       1
       0
       2
       1
       3
       0
       1
       0
       0
       0
       0
       0
       0
       2
       3
       0
       1
       0
       0
       2
       3
       1
       1
       3
       0
       1
       0
       0
       0
       1
       1
       0
       3
       1
       2
       0
       0
       2
       0
       2
       0
       0
       0
       0
       0
       1
       1
       0
       0
       1
       0
       0
       2
       1
       0
       2
       2
       1
       1
       0
       3
       1
       0
       0
       0
       1
       0
       0
       6
       1
       2
       1
       1
       0
       1
       0
       1
       1
       1
       2
       2
       0
       0
       2
       1
       0
       0
       0
       0
       0
       2
       0
       0
       1
       0
       3
       1
       0
       0
       0
       0
       0
       2
       2
       0
       2
       0
       0
       1
       1
       2
       0
       2
       1
       0
       0
       0
       1
       0
       0
       1
       1
       0
       0
       0
       0
       0
       0
       0
       0
       1
       2
       1
       0
       1
       0
       0
       2
       1
       1
       1
       1
       1
       1
       1
       1
       0
       0
       0
       0
       3
       0
       0
       1
       3
       0
       2
       1
       1
       2
       0
       1
       1
       0
       2
       1
       0
       1
       1
       0
       1
       0
       0
       0
       2
       0
       1
       1
       0
       0
       1
       1
       0
       1
       1
       2
       2
       0
       0
       1
       0
       2
       2
       0
       0
       0
       1
       1
       4
       0
       0
       0
       1
       0
       0
       1
       0
       0
       1
       1
       2
       0
       0
       0
       1
       0
       0
       1
       1
       2
       1
       1
       2
       0
       0
       1
       0
       0
       0
       0
       3
       0
       0
       1
       0
       2
       1
       0
       0
       1
       1
       0
       0
       0
       0
       2
       0
       0
       1
       1
       1
       3
       0
       1
       0
       1
       0
       0
       0
       0
       0
       0
       0
       2
       0
       0
       1
       2
       1
       0
       0
       0
       0
       3
       0
       1
       1
       1
       3
       1
       0
       0
       0
       1
       0
       0
       0
       1
       0
       1
       2
       1
       2
       1
       1
       0
       0
       1
       0
       2
       0
       1
       1
       0
       1
       1
       0
       0
       2
       2
       1
       2
       0
       0
       1
       1
       1
       0
       0
       1
       0
       2
       0
       0
       2
       2
       0
       0
       2
       2
       0
       1
       0
       1
       0
       0
       1
       1
       1
       1
       1
       1
       1
       1
       0
       0
       1
       2
       1
       0
       2
       1
       1
       1
       0
       3
       0
       1
       1
       1
       0
       1
       2
       0
       1
       2
       3
       0
       2
       1
       1
       0
       1
       0
       0
       1
       0
       1
       1
       1
       0
       3
       0
       1
       0
       1
       1
       3
       1
       1
       1
       2
       0
       3
       0
       1
       0
       0
       0
       1
       0
       0
       0
       0
       0
       0
       0
       0
       0
       0
       0
       0
       0
       0
       0
       0
       0
       0
       0
       0
       0
       0
       0
       0
       0
       0
       0
       0
       0
       0
       0
       0
       0
       0
       0
       0
       0
       0
       0
       0
       0
       0
       0
       0
       0
       0
       0
       0
       0
       0
       0
       0
       0
       0
       0
       0
       0
       0
       0
       0
       0
       0
       0
       0
       0
       0
       0
       0
       0
       0
       0
       0
       0
       0
       0
       0
       0
       0
       0
       0
       0
       0
       0
       0
       0
       0
       0
       0
       0
       0
       0
       0
       0
       0
       0
       0
       0
       0
       0
       0
       0
       0
       0
       0
       0
       0
       0
       0
       0
       0
       0
       0
       0
       0
       0
       0
       0
       0
       0
       0
       0
       0
       0
       0
       0
       0
       0
       0
       0
       0
       0
       0
       0
       0
       0
       0
       0
       0
       0
       0
       0
       0
       0
       0
       0
       0
       0
       0
       0
       0
       0
       0
       0
       0
       0
       0
       0
       0
       0
       0
       0
       0
       0
       0
       0
       0
       0
       0
       0
       0
       0
       0
       0
       0
       0
       0
       0
       0
       0
       0
       0
       0
       0
       0
       0
       0
       0
       0
       0
       0
       0
       0
       0
       0
       0
       0
       0
       0
       0
       0
       0
       0
       0
       0
       0
       0
       0
       0
       0
       0
       0
       0
       0
       0
       0
       0
       0
       0
       0
       0
       0
       0
       0
       0
       0
       0
       0
       0
       0
       0
       0
       0
       0
       0
       0
       0
       0
       0
       0
       0
       0
       0
       0
       0
       0
       0
       0
       0
       0
       0
       0
       0
       0
       0
       0
       0
       0
       0
       0
       0
       0
       0
       0
       0
       0
       0
$ROI:
0
$PRESETS:
Live Time
3600
0
$ENER_FIT:
0.000000 0.227554
$MCA_CAL:
3
0.000000E+000 2.275539E-001 0.000000E+000 keV
$SHAPE_CAL:
3
3.368824E+002 0.000000E+000 0.000000E+000
